Date,Hour,region,Demand,Net generation
2015-07-01,0,TEN,18105.0,18617.5
2015-07-01,1,TEN,18105.0,18617.5
2015-07-01,2,TEN,18105.0,18617.5
2015-07-01,3,TEN,18105.0,18617.5
2015-07-01,4,TEN,18105.0,18617.5
2015-07-01,5,TEN,18105.0,18617.5
2015-07-01,6,TEN,16136.0,16196.0
2015-07-01,7,TEN,15503.0,15496.0
2015-07-01,8,TEN,14896.0,15028.0
2015-07-01,9,TEN,14663.0,14794.0
2015-07-01,10,TEN,14820.0,14961.0
2015-07-01,11,TEN,15344.0,15489.0
2015-07-01,12,TEN,16077.0,16399.0
2015-07-01,13,TEN,16919.0,17285.0
2015-07-01,14,TEN,17683.0,18065.0
2015-07-01,15,TEN,18527.0,19170.0
2015-07-01,16,TEN,19342.0,20271.0
2015-07-01,17,TEN,19844.0,21122.0
2015-07-01,18,TEN,20237.0,21518.0
2015-07-01,19,TEN,20336.0,21706.0
2015-07-01,20,TEN,20307.0,21787.0
2015-07-01,21,TEN,20269.0,21987.0
2015-07-01,22,TEN,20198.0,22007.0
2015-07-01,23,TEN,19906.0,21708.0
2015-07-02,0,TEN,19574.0,20646.0
2015-07-02,1,TEN,19081.0,20155.0
2015-07-02,2,TEN,19362.0,20393.0
2015-07-02,3,TEN,18914.0,19836.0
2015-07-02,4,TEN,17617.0,17780.0
2015-07-02,5,TEN,16274.0,16145.0
2015-07-02,6,TEN,15330.0,15360.0
2015-07-02,7,TEN,14725.0,15156.0
2015-07-02,8,TEN,14363.0,14743.0
2015-07-02,9,TEN,14314.0,14686.0
2015-07-02,10,TEN,14530.0,14988.0
2015-07-02,11,TEN,15305.0,15784.0
2015-07-02,12,TEN,15973.0,16259.0
2015-07-02,13,TEN,16814.0,16895.0
2015-07-02,14,TEN,17524.0,17731.0
2015-07-02,15,TEN,18127.0,18472.0
2015-07-02,16,TEN,18853.0,19346.0
2015-07-02,17,TEN,19353.0,19857.0
2015-07-02,18,TEN,19792.0,20422.0
2015-07-02,19,TEN,20320.0,21155.0
2015-07-02,20,TEN,20907.0,21829.0
2015-07-02,21,TEN,21130.0,22019.0
2015-07-02,22,TEN,21280.0,22230.0
2015-07-02,23,TEN,20994.0,21671.0
2015-07-03,0,TEN,20573.0,21253.0
2015-07-03,1,TEN,19998.0,20516.0
2015-07-03,2,TEN,20117.0,20614.0
2015-07-03,3,TEN,19412.0,19616.0
2015-07-03,4,TEN,18111.0,18046.0
2015-07-03,5,TEN,16638.0,16504.0
2015-07-03,6,TEN,15564.0,15534.0
2015-07-03,7,TEN,14803.0,15173.0
2015-07-03,8,TEN,14327.0,14626.0
2015-07-03,9,TEN,14087.0,14441.0
2015-07-03,10,TEN,14042.0,14480.0
2015-07-03,11,TEN,14151.0,14559.0
2015-07-03,12,TEN,14359.0,14703.0
2015-07-03,13,TEN,15020.0,15099.0
2015-07-03,14,TEN,15860.0,15950.0
2015-07-03,15,TEN,16778.0,17227.0
2015-07-03,16,TEN,17340.0,17984.0
2015-07-03,17,TEN,17685.0,18373.0
2015-07-03,18,TEN,17919.0,18837.0
2015-07-03,19,TEN,18181.0,19063.0
2015-07-03,20,TEN,18299.0,19182.0
2015-07-03,21,TEN,18300.0,19315.0
2015-07-03,22,TEN,18334.0,18935.0
2015-07-03,23,TEN,18174.0,18735.0
2015-07-04,0,TEN,17690.0,18053.0
2015-07-04,1,TEN,17375.0,17727.0
2015-07-04,2,TEN,17511.0,17771.0
2015-07-04,3,TEN,17015.0,17120.0
2015-07-04,4,TEN,16233.0,16484.0
2015-07-04,5,TEN,15097.0,15431.0
2015-07-04,6,TEN,14227.0,14557.0
2015-07-04,7,TEN,13469.0,13911.0
2015-07-04,8,TEN,12980.0,13481.0
2015-07-04,9,TEN,12903.0,13447.0
2015-07-04,10,TEN,12802.0,13494.0
2015-07-04,11,TEN,12841.0,13785.0
2015-07-04,12,TEN,12913.0,13795.0
2015-07-04,13,TEN,13552.0,13959.0
2015-07-04,14,TEN,14545.0,14976.0
2015-07-04,15,TEN,15701.0,16119.0
2015-07-04,16,TEN,16510.0,16913.0
2015-07-04,17,TEN,17211.0,17652.0
2015-07-04,18,TEN,17771.0,18641.0
2015-07-04,19,TEN,18129.0,19133.0
2015-07-04,20,TEN,18376.0,19278.0
2015-07-04,21,TEN,18523.0,19423.0
2015-07-04,22,TEN,18461.0,19371.0
2015-07-04,23,TEN,18097.0,18851.0
2015-07-05,0,TEN,17524.0,17879.0
2015-07-05,1,TEN,16889.0,17358.0
2015-07-05,2,TEN,16588.0,16801.0
2015-07-05,3,TEN,16193.0,16024.0
2015-07-05,4,TEN,15668.0,15663.0
2015-07-05,5,TEN,14701.0,14787.0
2015-07-05,6,TEN,13746.0,13890.0
2015-07-05,7,TEN,13128.0,13454.0
2015-07-05,8,TEN,12779.0,13349.0
2015-07-05,9,TEN,12406.0,13210.0
2015-07-05,10,TEN,12261.0,13212.0
2015-07-05,11,TEN,12367.0,13473.0
2015-07-05,12,TEN,12567.0,13780.0
2015-07-05,13,TEN,13439.0,14051.0
2015-07-05,14,TEN,14608.0,15071.0
2015-07-05,15,TEN,15637.0,16199.0
2015-07-05,16,TEN,16580.0,17165.0
2015-07-05,17,TEN,17591.0,18134.0
2015-07-05,18,TEN,18568.0,19360.0
2015-07-05,19,TEN,19283.0,20033.0
2015-07-05,20,TEN,19811.0,20639.0
2015-07-05,21,TEN,20341.0,20969.0
2015-07-05,22,TEN,20672.0,21049.0
2015-07-05,23,TEN,20770.0,21170.0
2015-07-06,0,TEN,20421.0,21048.0
2015-07-06,1,TEN,19723.0,20379.0
2015-07-06,2,TEN,19403.0,19671.0
2015-07-06,3,TEN,18692.0,18635.0
2015-07-06,4,TEN,17346.0,17442.0
2015-07-06,5,TEN,15897.0,15865.0
2015-07-06,6,TEN,14850.0,14874.0
2015-07-06,7,TEN,14144.0,14282.0
2015-07-06,8,TEN,13629.0,14169.0
2015-07-06,9,TEN,13526.0,14256.0
2015-07-06,10,TEN,13805.0,14398.0
2015-07-06,11,TEN,14492.0,15162.0
2015-07-06,12,TEN,15332.0,15866.0
2015-07-06,13,TEN,16439.0,17002.0
2015-07-06,14,TEN,17444.0,18242.0
2015-07-06,15,TEN,18655.0,19595.0
2015-07-06,16,TEN,19886.0,20932.0
2015-07-06,17,TEN,21036.0,22280.0
2015-07-06,18,TEN,22090.0,23487.0
2015-07-06,19,TEN,23108.0,24180.0
2015-07-06,20,TEN,23771.0,24515.0
2015-07-06,21,TEN,24346.0,24971.0
2015-07-06,22,TEN,24647.0,25098.0
2015-07-06,23,TEN,24510.0,24988.0
2015-07-07,0,TEN,23970.0,24540.0
2015-07-07,1,TEN,23035.0,23648.0
2015-07-07,2,TEN,22688.0,23292.0
2015-07-07,3,TEN,21567.0,22123.0
2015-07-07,4,TEN,19769.0,20386.0
2015-07-07,5,TEN,17981.0,18222.0
2015-07-07,6,TEN,16778.0,17326.0
2015-07-07,7,TEN,15914.0,16777.0
2015-07-07,8,TEN,15376.0,16463.0
2015-07-07,9,TEN,15037.0,16217.0
2015-07-07,10,TEN,15288.0,16426.0
2015-07-07,11,TEN,15874.0,16940.0
2015-07-07,12,TEN,16722.0,17478.0
2015-07-07,13,TEN,17952.0,18530.0
2015-07-07,14,TEN,19452.0,20119.0
2015-07-07,15,TEN,20876.0,21608.0
2015-07-07,16,TEN,22467.0,23243.0
2015-07-07,17,TEN,23697.0,24463.0
2015-07-07,18,TEN,24737.0,25392.0
2015-07-07,19,TEN,25567.0,25968.0
2015-07-07,20,TEN,26117.0,26487.0
2015-07-07,21,TEN,26231.0,26304.0
2015-07-07,22,TEN,26138.0,26008.0
2015-07-07,23,TEN,25610.0,25297.0
2015-07-08,0,TEN,24572.0,24332.0
2015-07-08,1,TEN,23633.0,23603.0
2015-07-08,2,TEN,23224.0,23530.0
2015-07-08,3,TEN,22145.0,22360.0
2015-07-08,4,TEN,20350.0,20546.0
2015-07-08,5,TEN,18564.0,18569.0
2015-07-08,6,TEN,17252.0,17500.0
2015-07-08,7,TEN,16302.0,16624.0
2015-07-08,8,TEN,15776.0,16331.0
2015-07-08,9,TEN,15365.0,16104.0
2015-07-08,10,TEN,15373.0,15949.0
2015-07-08,11,TEN,15941.0,16427.0
2015-07-08,12,TEN,16807.0,17437.0
2015-07-08,13,TEN,18034.0,18797.0
2015-07-08,14,TEN,19357.0,20040.0
2015-07-08,15,TEN,21099.0,22007.0
2015-07-08,16,TEN,22782.0,23560.0
2015-07-08,17,TEN,24037.0,24877.0
2015-07-08,18,TEN,24917.0,25444.0
2015-07-08,19,TEN,25858.0,25882.0
2015-07-08,20,TEN,26484.0,26502.0
2015-07-08,21,TEN,26833.0,26526.0
2015-07-08,22,TEN,26874.0,26477.0
2015-07-08,23,TEN,26633.0,26248.0
2015-07-09,0,TEN,25885.0,25905.0
2015-07-09,1,TEN,24754.0,25036.0
2015-07-09,2,TEN,24337.0,24752.0
2015-07-09,3,TEN,23187.0,23571.0
2015-07-09,4,TEN,21237.0,21602.0
2015-07-09,5,TEN,19399.0,19609.0
2015-07-09,6,TEN,18030.0,18259.0
2015-07-09,7,TEN,17073.0,17489.0
2015-07-09,8,TEN,16423.0,16836.0
2015-07-09,9,TEN,16062.0,16597.0
2015-07-09,10,TEN,16233.0,17001.0
2015-07-09,11,TEN,16826.0,17604.0
2015-07-09,12,TEN,17541.0,18172.0
2015-07-09,13,TEN,19010.0,19597.0
2015-07-09,14,TEN,20597.0,21258.0
2015-07-09,15,TEN,22397.0,23344.0
2015-07-09,16,TEN,24121.0,25138.0
2015-07-09,17,TEN,25215.0,25904.0
2015-07-09,18,TEN,26095.0,26431.0
2015-07-09,19,TEN,26791.0,27323.0
2015-07-09,20,TEN,27303.0,27859.0
2015-07-09,21,TEN,27560.0,28104.0
2015-07-09,22,TEN,27626.0,28031.0
2015-07-09,23,TEN,27348.0,27933.0
2015-07-10,0,TEN,26623.0,27447.0
2015-07-10,1,TEN,25447.0,26240.0
2015-07-10,2,TEN,24837.0,25611.0
2015-07-10,3,TEN,23601.0,24379.0
2015-07-10,4,TEN,21583.0,22247.0
2015-07-10,5,TEN,19581.0,19732.0
2015-07-10,6,TEN,18139.0,18463.0
2015-07-10,7,TEN,17148.0,17527.0
2015-07-10,8,TEN,16296.0,16803.0
2015-07-10,9,TEN,15915.0,16470.0
2015-07-10,10,TEN,15970.0,16526.0
2015-07-10,11,TEN,16443.0,17124.0
2015-07-10,12,TEN,17266.0,17759.0
2015-07-10,13,TEN,18570.0,19150.0
2015-07-10,14,TEN,20382.0,21245.0
2015-07-10,15,TEN,22307.0,23257.0
2015-07-10,16,TEN,24047.0,24784.0
2015-07-10,17,TEN,25353.0,26007.0
2015-07-10,18,TEN,26392.0,26728.0
2015-07-10,19,TEN,27184.0,27375.0
2015-07-10,20,TEN,27608.0,27977.0
2015-07-10,21,TEN,27835.0,28176.0
2015-07-10,22,TEN,27874.0,28415.0
2015-07-10,23,TEN,27335.0,27909.0
2015-07-11,0,TEN,26515.0,27344.0
2015-07-11,1,TEN,25090.0,25880.0
2015-07-11,2,TEN,24549.0,25108.0
2015-07-11,3,TEN,23442.0,23757.0
2015-07-11,4,TEN,21636.0,21672.0
2015-07-11,5,TEN,19725.0,19608.0
2015-07-11,6,TEN,18295.0,18517.0
2015-07-11,7,TEN,17268.0,17472.0
2015-07-11,8,TEN,16498.0,16698.0
2015-07-11,9,TEN,15968.0,16198.0
2015-07-11,10,TEN,15711.0,15960.0
2015-07-11,11,TEN,15607.0,15891.0
2015-07-11,12,TEN,15737.0,16089.0
2015-07-11,13,TEN,17009.0,17074.0
2015-07-11,14,TEN,18908.0,19225.0
2015-07-11,15,TEN,20909.0,21343.0
2015-07-11,16,TEN,22814.0,23629.0
2015-07-11,17,TEN,24269.0,25058.0
2015-07-11,18,TEN,25295.0,26185.0
2015-07-11,19,TEN,25969.0,26634.0
2015-07-11,20,TEN,26260.0,26772.0
2015-07-11,21,TEN,26551.0,27272.0
2015-07-11,22,TEN,26435.0,27311.0
2015-07-11,23,TEN,26256.0,27103.0
2015-07-12,0,TEN,25642.0,26486.0
2015-07-12,1,TEN,24582.0,24983.0
2015-07-12,2,TEN,23970.0,24244.0
2015-07-12,3,TEN,22708.0,22773.0
2015-07-12,4,TEN,20981.0,20966.0
2015-07-12,5,TEN,19231.0,19184.0
2015-07-12,6,TEN,17845.0,18050.0
2015-07-12,7,TEN,16724.0,17104.0
2015-07-12,8,TEN,15974.0,16281.0
2015-07-12,9,TEN,15568.0,15871.0
2015-07-12,10,TEN,15330.0,15611.0
2015-07-12,11,TEN,15136.0,15456.0
2015-07-12,12,TEN,15278.0,15738.0
2015-07-12,13,TEN,16627.0,16693.0
2015-07-12,14,TEN,18647.0,19036.0
2015-07-12,15,TEN,20508.0,21375.0
2015-07-12,16,TEN,22107.0,23184.0
2015-07-12,17,TEN,23151.0,24171.0
2015-07-12,18,TEN,23889.0,24718.0
2015-07-12,19,TEN,24684.0,25589.0
2015-07-12,20,TEN,25217.0,26085.0
2015-07-12,21,TEN,25797.0,26688.0
2015-07-12,22,TEN,26089.0,27002.0
2015-07-12,23,TEN,25967.0,26877.0
2015-07-13,0,TEN,25455.0,26381.0
2015-07-13,1,TEN,24657.0,25499.0
2015-07-13,2,TEN,24110.0,24666.0
2015-07-13,3,TEN,22965.0,23267.0
2015-07-13,4,TEN,21239.0,21532.0
2015-07-13,5,TEN,19568.0,19844.0
2015-07-13,6,TEN,18279.0,18743.0
2015-07-13,7,TEN,17467.0,18112.0
2015-07-13,8,TEN,16708.0,17214.0
2015-07-13,9,TEN,16371.0,16861.0
2015-07-13,10,TEN,16576.0,17122.0
2015-07-13,11,TEN,17131.0,17660.0
2015-07-13,12,TEN,17954.0,18405.0
2015-07-13,13,TEN,19655.0,20247.0
2015-07-13,14,TEN,21380.0,22072.0
2015-07-13,15,TEN,23336.0,23919.0
2015-07-13,16,TEN,25268.0,26043.0
2015-07-13,17,TEN,26403.0,27006.0
2015-07-13,18,TEN,27553.0,27838.0
2015-07-13,19,TEN,28248.0,28656.0
2015-07-13,20,TEN,28816.0,28976.0
2015-07-13,21,TEN,29032.0,28960.0
2015-07-13,22,TEN,28934.0,28981.0
2015-07-13,23,TEN,28485.0,28500.0
2015-07-14,0,TEN,27671.0,28159.0
2015-07-14,1,TEN,26762.0,27556.0
2015-07-14,2,TEN,26212.0,26734.0
2015-07-14,3,TEN,24972.0,25442.0
2015-07-14,4,TEN,22872.0,23261.0
2015-07-14,5,TEN,21063.0,21444.0
2015-07-14,6,TEN,19698.0,19986.0
2015-07-14,7,TEN,18691.0,18997.0
2015-07-14,8,TEN,18100.0,18347.0
2015-07-14,9,TEN,17687.0,17954.0
2015-07-14,10,TEN,17835.0,18114.0
2015-07-14,11,TEN,18603.0,18807.0
2015-07-14,12,TEN,19235.0,19546.0
2015-07-14,13,TEN,20487.0,20906.0
2015-07-14,14,TEN,21576.0,22217.0
2015-07-14,15,TEN,22999.0,23529.0
2015-07-14,16,TEN,24216.0,24937.0
2015-07-14,17,TEN,25398.0,26047.0
2015-07-14,18,TEN,26558.0,27213.0
2015-07-14,19,TEN,27480.0,28108.0
2015-07-14,20,TEN,27680.0,28319.0
2015-07-14,21,TEN,27132.0,27823.0
2015-07-14,22,TEN,25778.0,26449.0
2015-07-14,23,TEN,24541.0,25327.0
2015-07-15,0,TEN,23275.0,24126.0
2015-07-15,1,TEN,22314.0,23056.0
2015-07-15,2,TEN,21887.0,22308.0
2015-07-15,3,TEN,20952.0,21448.0
2015-07-15,4,TEN,19481.0,19988.0
2015-07-15,5,TEN,17999.0,18266.0
2015-07-15,6,TEN,16822.0,17021.0
2015-07-15,7,TEN,16120.0,16288.0
2015-07-15,8,TEN,15704.0,15944.0
2015-07-15,9,TEN,15423.0,15835.0
2015-07-15,10,TEN,15429.0,15662.0
2015-07-15,11,TEN,16144.0,16341.0
2015-07-15,12,TEN,16969.0,17212.0
2015-07-15,13,TEN,18157.0,18721.0
2015-07-15,14,TEN,19408.0,20031.0
2015-07-15,15,TEN,20789.0,21357.0
2015-07-15,16,TEN,22378.0,23065.0
2015-07-15,17,TEN,23601.0,24547.0
2015-07-15,18,TEN,24693.0,25342.0
2015-07-15,19,TEN,25644.0,26232.0
2015-07-15,20,TEN,26322.0,26592.0
2015-07-15,21,TEN,26731.0,26739.0
2015-07-15,22,TEN,26829.0,26771.0
2015-07-15,23,TEN,26423.0,26236.0
2015-07-16,0,TEN,25636.0,25829.0
2015-07-16,1,TEN,24356.0,24748.0
2015-07-16,2,TEN,23856.0,24222.0
2015-07-16,3,TEN,22633.0,22906.0
2015-07-16,4,TEN,20730.0,21188.0
2015-07-16,5,TEN,18846.0,19041.0
2015-07-16,6,TEN,17421.0,17579.0
2015-07-16,7,TEN,16401.0,16829.0
2015-07-16,8,TEN,15676.0,16204.0
2015-07-16,9,TEN,15434.0,16234.0
2015-07-16,10,TEN,15614.0,16319.0
2015-07-16,11,TEN,16165.0,16802.0
2015-07-16,12,TEN,17046.0,17597.0
2015-07-16,13,TEN,18327.0,19251.0
2015-07-16,14,TEN,19804.0,20830.0
2015-07-16,15,TEN,21514.0,22602.0
2015-07-16,16,TEN,23096.0,24156.0
2015-07-16,17,TEN,24239.0,25444.0
2015-07-16,18,TEN,25273.0,26043.0
2015-07-16,19,TEN,26200.0,26771.0
2015-07-16,20,TEN,26844.0,27215.0
2015-07-16,21,TEN,27255.0,27637.0
2015-07-16,22,TEN,27303.0,27658.0
2015-07-16,23,TEN,27109.0,27525.0
2015-07-17,0,TEN,26613.0,27217.0
2015-07-17,1,TEN,25480.0,26258.0
2015-07-17,2,TEN,24928.0,25553.0
2015-07-17,3,TEN,23597.0,24079.0
2015-07-17,4,TEN,21598.0,22027.0
2015-07-17,5,TEN,19608.0,19821.0
2015-07-17,6,TEN,18223.0,18511.0
2015-07-17,7,TEN,17200.0,17525.0
2015-07-17,8,TEN,16521.0,17082.0
2015-07-17,9,TEN,16115.0,17009.0
2015-07-17,10,TEN,16296.0,17201.0
2015-07-17,11,TEN,16816.0,17627.0
2015-07-17,12,TEN,17605.0,18066.0
2015-07-17,13,TEN,18840.0,19466.0
2015-07-17,14,TEN,20556.0,21320.0
2015-07-17,15,TEN,22532.0,23370.0
2015-07-17,16,TEN,24544.0,25261.0
2015-07-17,17,TEN,25910.0,26838.0
2015-07-17,18,TEN,26979.0,27864.0
2015-07-17,19,TEN,27832.0,28656.0
2015-07-17,20,TEN,28399.0,28809.0
2015-07-17,21,TEN,28708.0,29041.0
2015-07-17,22,TEN,28741.0,29163.0
2015-07-17,23,TEN,28359.0,29000.0
2015-07-18,0,TEN,27640.0,28496.0
2015-07-18,1,TEN,26448.0,27399.0
2015-07-18,2,TEN,25871.0,26755.0
2015-07-18,3,TEN,24613.0,25238.0
2015-07-18,4,TEN,22592.0,22926.0
2015-07-18,5,TEN,20958.0,21169.0
2015-07-18,6,TEN,19346.0,19728.0
2015-07-18,7,TEN,18175.0,18669.0
2015-07-18,8,TEN,17345.0,17807.0
2015-07-18,9,TEN,16809.0,17297.0
2015-07-18,10,TEN,16512.0,17055.0
2015-07-18,11,TEN,16427.0,16849.0
2015-07-18,12,TEN,16574.0,17147.0
2015-07-18,13,TEN,17912.0,18676.0
2015-07-18,14,TEN,20082.0,20708.0
2015-07-18,15,TEN,22161.0,22708.0
2015-07-18,16,TEN,24146.0,24577.0
2015-07-18,17,TEN,25538.0,26096.0
2015-07-18,18,TEN,26284.0,26911.0
2015-07-18,19,TEN,26787.0,27332.0
2015-07-18,20,TEN,27152.0,27482.0
2015-07-18,21,TEN,27144.0,27641.0
2015-07-18,22,TEN,27264.0,27726.0
2015-07-18,23,TEN,27050.0,27359.0
2015-07-19,0,TEN,26465.0,26956.0
2015-07-19,1,TEN,25330.0,26054.0
2015-07-19,2,TEN,24817.0,25569.0
2015-07-19,3,TEN,23687.0,24289.0
2015-07-19,4,TEN,22022.0,22698.0
2015-07-19,5,TEN,20269.0,20931.0
2015-07-19,6,TEN,18850.0,19482.0
2015-07-19,7,TEN,17698.0,18564.0
2015-07-19,8,TEN,16849.0,17730.0
2015-07-19,9,TEN,16289.0,17128.0
2015-07-19,10,TEN,16133.0,16981.0
2015-07-19,11,TEN,15946.0,16694.0
2015-07-19,12,TEN,16063.0,16908.0
2015-07-19,13,TEN,17578.0,18748.0
2015-07-19,14,TEN,19829.0,20667.0
2015-07-19,15,TEN,21835.0,22498.0
2015-07-19,16,TEN,23513.0,24270.0
2015-07-19,17,TEN,24822.0,25784.0
2015-07-19,18,TEN,25727.0,26883.0
2015-07-19,19,TEN,26448.0,27576.0
2015-07-19,20,TEN,26702.0,27842.0
2015-07-19,21,TEN,26952.0,27930.0
2015-07-19,22,TEN,27309.0,28186.0
2015-07-19,23,TEN,27196.0,27654.0
2015-07-20,0,TEN,26705.0,27088.0
2015-07-20,1,TEN,25828.0,26436.0
2015-07-20,2,TEN,25342.0,26019.0
2015-07-20,3,TEN,24120.0,24703.0
2015-07-20,4,TEN,22338.0,22975.0
2015-07-20,5,TEN,20673.0,21011.0
2015-07-20,6,TEN,19304.0,19721.0
2015-07-20,7,TEN,18308.0,18821.0
2015-07-20,8,TEN,17680.0,18341.0
2015-07-20,9,TEN,17432.0,17985.0
2015-07-20,10,TEN,17579.0,18335.0
2015-07-20,11,TEN,18319.0,18863.0
2015-07-20,12,TEN,19099.0,19911.0
2015-07-20,13,TEN,20234.0,21174.0
2015-07-20,14,TEN,21591.0,22573.0
2015-07-20,15,TEN,23407.0,24331.0
2015-07-20,16,TEN,25297.0,26046.0
2015-07-20,17,TEN,26869.0,27518.0
2015-07-20,18,TEN,27921.0,28594.0
2015-07-20,19,TEN,28752.0,29381.0
2015-07-20,20,TEN,29020.0,29721.0
2015-07-20,21,TEN,28825.0,29556.0
2015-07-20,22,TEN,28155.0,28841.0
2015-07-20,23,TEN,27607.0,28318.0
2015-07-21,0,TEN,26722.0,27408.0
2015-07-21,1,TEN,25785.0,26426.0
2015-07-21,2,TEN,25413.0,25856.0
2015-07-21,3,TEN,24254.0,25128.0
2015-07-21,4,TEN,22379.0,23187.0
2015-07-21,5,TEN,20595.0,21093.0
2015-07-21,6,TEN,19310.0,19860.0
2015-07-21,7,TEN,18380.0,18948.0
2015-07-21,8,TEN,17789.0,18333.0
2015-07-21,9,TEN,17487.0,18188.0
2015-07-21,10,TEN,17602.0,18257.0
2015-07-21,11,TEN,18274.0,18830.0
2015-07-21,12,TEN,18874.0,19836.0
2015-07-21,13,TEN,20060.0,20968.0
2015-07-21,14,TEN,21292.0,22225.0
2015-07-21,15,TEN,22749.0,23585.0
2015-07-21,16,TEN,24305.0,25353.0
2015-07-21,17,TEN,25477.0,26300.0
2015-07-21,18,TEN,26466.0,27333.0
2015-07-21,19,TEN,27124.0,28109.0
2015-07-21,20,TEN,27544.0,28606.0
2015-07-21,21,TEN,27394.0,28530.0
2015-07-21,22,TEN,27001.0,28193.0
2015-07-21,23,TEN,26628.0,27723.0
2015-07-22,0,TEN,25825.0,26885.0
2015-07-22,1,TEN,24871.0,25778.0
2015-07-22,2,TEN,24503.0,25241.0
2015-07-22,3,TEN,23259.0,23922.0
2015-07-22,4,TEN,21251.0,21976.0
2015-07-22,5,TEN,19403.0,20018.0
2015-07-22,6,TEN,18023.0,18816.0
2015-07-22,7,TEN,17160.0,17995.0
2015-07-22,8,TEN,16573.0,17473.0
2015-07-22,9,TEN,16325.0,17337.0
2015-07-22,10,TEN,16431.0,17473.0
2015-07-22,11,TEN,17124.0,18054.0
2015-07-22,12,TEN,17792.0,18852.0
2015-07-22,13,TEN,18635.0,19404.0
2015-07-22,14,TEN,19777.0,20466.0
2015-07-22,15,TEN,21163.0,22064.0
2015-07-22,16,TEN,22441.0,23680.0
2015-07-22,17,TEN,23553.0,24713.0
2015-07-22,18,TEN,24477.0,25533.0
2015-07-22,19,TEN,25314.0,26263.0
2015-07-22,20,TEN,25618.0,26316.0
2015-07-22,21,TEN,25786.0,26462.0
2015-07-22,22,TEN,25764.0,26474.0
2015-07-22,23,TEN,25571.0,26541.0
2015-07-23,0,TEN,24755.0,25867.0
2015-07-23,1,TEN,23987.0,24814.0
2015-07-23,2,TEN,23706.0,24407.0
2015-07-23,3,TEN,22456.0,23104.0
2015-07-23,4,TEN,20706.0,21268.0
2015-07-23,5,TEN,19132.0,19601.0
2015-07-23,6,TEN,17556.0,18703.0
2015-07-23,7,TEN,17220.0,18530.0
2015-07-23,8,TEN,16581.0,17869.0
2015-07-23,9,TEN,16342.0,17799.0
2015-07-23,10,TEN,16552.0,18091.0
2015-07-23,11,TEN,17308.0,18644.0
2015-07-23,12,TEN,18116.0,19354.0
2015-07-23,13,TEN,18868.0,20122.0
2015-07-23,14,TEN,19704.0,20804.0
2015-07-23,15,TEN,20587.0,21980.0
2015-07-23,16,TEN,21436.0,22837.0
2015-07-23,17,TEN,21927.0,23250.0
2015-07-23,18,TEN,22437.0,23844.0
2015-07-23,19,TEN,22526.0,23930.0
2015-07-23,20,TEN,22775.0,24212.0
2015-07-23,21,TEN,23110.0,24588.0
2015-07-23,22,TEN,23226.0,24682.0
2015-07-23,23,TEN,23125.0,24553.0
2015-07-24,0,TEN,22801.0,24092.0
2015-07-24,1,TEN,22209.0,23295.0
2015-07-24,2,TEN,22296.0,23210.0
2015-07-24,3,TEN,21445.0,22383.0
2015-07-24,4,TEN,19875.0,20699.0
2015-07-24,5,TEN,18404.0,19289.0
2015-07-24,6,TEN,17259.0,18119.0
2015-07-24,7,TEN,16459.0,17493.0
2015-07-24,8,TEN,15962.0,17233.0
2015-07-24,9,TEN,15610.0,17047.0
2015-07-24,10,TEN,15926.0,17265.0
2015-07-24,11,TEN,16587.0,17661.0
2015-07-24,12,TEN,17303.0,18253.0
2015-07-24,13,TEN,18518.0,19310.0
2015-07-24,14,TEN,19729.0,20602.0
2015-07-24,15,TEN,21220.0,22264.0
2015-07-24,16,TEN,22767.0,23871.0
2015-07-24,17,TEN,23985.0,25075.0
2015-07-24,18,TEN,25021.0,25914.0
2015-07-24,19,TEN,26007.0,26767.0
2015-07-24,20,TEN,26606.0,26879.0
2015-07-24,21,TEN,27004.0,27403.0
2015-07-24,22,TEN,26984.0,27371.0
2015-07-24,23,TEN,26678.0,27214.0
2015-07-25,0,TEN,25747.0,26681.0
2015-07-25,1,TEN,24466.0,25309.0
2015-07-25,2,TEN,23909.0,24618.0
2015-07-25,3,TEN,22585.0,23287.0
2015-07-25,4,TEN,20731.0,21323.0
2015-07-25,5,TEN,18934.0,19460.0
2015-07-25,6,TEN,17570.0,18371.0
2015-07-25,7,TEN,16461.0,17346.0
2015-07-25,8,TEN,15805.0,16995.0
2015-07-25,9,TEN,15369.0,16585.0
2015-07-25,10,TEN,15184.0,16410.0
2015-07-25,11,TEN,15168.0,16405.0
2015-07-25,12,TEN,15204.0,16369.0
2015-07-25,13,TEN,16457.0,17429.0
2015-07-25,14,TEN,18244.0,19489.0
2015-07-25,15,TEN,20072.0,21103.0
2015-07-25,16,TEN,21974.0,22892.0
2015-07-25,17,TEN,23457.0,24136.0
2015-07-25,18,TEN,24600.0,25439.0
2015-07-25,19,TEN,25527.0,26740.0
2015-07-25,20,TEN,26214.0,27507.0
2015-07-25,21,TEN,26592.0,27629.0
2015-07-25,22,TEN,26657.0,27665.0
2015-07-25,23,TEN,26683.0,27555.0
2015-07-26,0,TEN,25840.0,26931.0
2015-07-26,1,TEN,24560.0,25685.0
2015-07-26,2,TEN,23801.0,24848.0
2015-07-26,3,TEN,22257.0,23291.0
2015-07-26,4,TEN,20554.0,21274.0
2015-07-26,5,TEN,18744.0,19601.0
2015-07-26,6,TEN,17422.0,18184.0
2015-07-26,7,TEN,16400.0,17422.0
2015-07-26,8,TEN,15693.0,16906.0
2015-07-26,9,TEN,15173.0,16464.0
2015-07-26,10,TEN,14911.0,16176.0
2015-07-26,11,TEN,14727.0,16064.0
2015-07-26,12,TEN,14813.0,15918.0
2015-07-26,13,TEN,16295.0,17309.0
2015-07-26,14,TEN,18264.0,19383.0
2015-07-26,15,TEN,20260.0,21428.0
2015-07-26,16,TEN,21948.0,22872.0
2015-07-26,17,TEN,23603.0,24529.0
2015-07-26,18,TEN,24811.0,25346.0
2015-07-26,19,TEN,25674.0,26322.0
2015-07-26,20,TEN,26103.0,26741.0
2015-07-26,21,TEN,26354.0,27014.0
2015-07-26,22,TEN,26383.0,27075.0
2015-07-26,23,TEN,26148.0,26763.0
2015-07-27,0,TEN,25477.0,26349.0
2015-07-27,1,TEN,24525.0,25514.0
2015-07-27,2,TEN,24204.0,25133.0
2015-07-27,3,TEN,22879.0,23778.0
2015-07-27,4,TEN,20972.0,21802.0
2015-07-27,5,TEN,19325.0,20255.0
2015-07-27,6,TEN,18120.0,18758.0
2015-07-27,7,TEN,17175.0,17713.0
2015-07-27,8,TEN,16628.0,17423.0
2015-07-27,9,TEN,16417.0,17174.0
2015-07-27,10,TEN,16511.0,17370.0
2015-07-27,11,TEN,17174.0,17746.0
2015-07-27,12,TEN,18081.0,18590.0
2015-07-27,13,TEN,19367.0,20024.0
2015-07-27,14,TEN,21078.0,21762.0
2015-07-27,15,TEN,23008.0,23593.0
2015-07-27,16,TEN,25068.0,26069.0
2015-07-27,17,TEN,26574.0,27496.0
2015-07-27,18,TEN,27459.0,27638.0
2015-07-27,19,TEN,28096.0,28091.0
2015-07-27,20,TEN,28342.0,28380.0
2015-07-27,21,TEN,28680.0,28732.0
2015-07-27,22,TEN,28820.0,28697.0
2015-07-27,23,TEN,28674.0,28547.0
2015-07-28,0,TEN,27890.0,28316.0
2015-07-28,1,TEN,26988.0,27360.0
2015-07-28,2,TEN,26570.0,27115.0
2015-07-28,3,TEN,25095.0,25472.0
2015-07-28,4,TEN,23017.0,23401.0
2015-07-28,5,TEN,21217.0,21403.0
2015-07-28,6,TEN,19794.0,20330.0
2015-07-28,7,TEN,18684.0,19295.0
2015-07-28,8,TEN,18003.0,18682.0
2015-07-28,9,TEN,17570.0,18320.0
2015-07-28,10,TEN,17620.0,18403.0
2015-07-28,11,TEN,18272.0,18912.0
2015-07-28,12,TEN,18901.0,19350.0
2015-07-28,13,TEN,20329.0,20587.0
2015-07-28,14,TEN,22230.0,22083.0
2015-07-28,15,TEN,24023.0,24011.0
2015-07-28,16,TEN,26201.0,26271.0
2015-07-28,17,TEN,27469.0,27205.0
2015-07-28,18,TEN,28107.0,27773.0
2015-07-28,19,TEN,28516.0,27812.0
2015-07-28,20,TEN,28577.0,28104.0
2015-07-28,21,TEN,28321.0,27806.0
2015-07-28,22,TEN,27589.0,27127.0
2015-07-28,23,TEN,26848.0,26348.0
2015-07-29,0,TEN,26179.0,26068.0
2015-07-29,1,TEN,25396.0,25712.0
2015-07-29,2,TEN,25172.0,25565.0
2015-07-29,3,TEN,24065.0,24827.0
2015-07-29,4,TEN,22350.0,23130.0
2015-07-29,5,TEN,20563.0,21130.0
2015-07-29,6,TEN,19466.0,19958.0
2015-07-29,7,TEN,18223.0,18620.0
2015-07-29,8,TEN,17579.0,18035.0
2015-07-29,9,TEN,17084.0,17755.0
2015-07-29,10,TEN,17305.0,17764.0
2015-07-29,11,TEN,17798.0,18302.0
2015-07-29,12,TEN,18523.0,18959.0
2015-07-29,13,TEN,19490.0,19529.0
2015-07-29,14,TEN,20886.0,21131.0
2015-07-29,15,TEN,22557.0,22422.0
2015-07-29,16,TEN,24231.0,23636.0
2015-07-29,17,TEN,25620.0,25124.0
2015-07-29,18,TEN,26824.0,26310.0
2015-07-29,19,TEN,27630.0,27061.0
2015-07-29,20,TEN,28188.0,27241.0
2015-07-29,21,TEN,28632.0,27686.0
2015-07-29,22,TEN,28897.0,27912.0
2015-07-29,23,TEN,28715.0,27763.0
2015-07-30,0,TEN,27944.0,27013.0
2015-07-30,1,TEN,26996.0,26075.0
2015-07-30,2,TEN,26572.0,25593.0
2015-07-30,3,TEN,25110.0,24835.0
2015-07-30,4,TEN,22915.0,22698.0
2015-07-30,5,TEN,21049.0,21271.0
2015-07-30,6,TEN,19755.0,20129.0
2015-07-30,7,TEN,18749.0,19190.0
2015-07-30,8,TEN,17961.0,18450.0
2015-07-30,9,TEN,17523.0,18091.0
2015-07-30,10,TEN,17585.0,18234.0
2015-07-30,11,TEN,18198.0,18770.0
2015-07-30,12,TEN,18899.0,19470.0
2015-07-30,13,TEN,19911.0,20335.0
2015-07-30,14,TEN,21136.0,21672.0
2015-07-30,15,TEN,22481.0,23408.0
2015-07-30,16,TEN,23858.0,24401.0
2015-07-30,17,TEN,24975.0,25320.0
2015-07-30,18,TEN,25912.0,26425.0
2015-07-30,19,TEN,26733.0,27127.0
2015-07-30,20,TEN,27309.0,27673.0
2015-07-30,21,TEN,27683.0,27892.0
2015-07-30,22,TEN,27525.0,27686.0
2015-07-30,23,TEN,26932.0,27016.0
2015-07-31,0,TEN,25920.0,26039.0
2015-07-31,1,TEN,24537.0,24936.0
2015-07-31,2,TEN,24018.0,24421.0
2015-07-31,3,TEN,22483.0,22762.0
2015-07-31,4,TEN,20461.0,20793.0
2015-07-31,5,TEN,18484.0,18774.0
2015-07-31,6,TEN,17098.0,17502.0
2015-07-31,7,TEN,16038.0,16542.0
2015-07-31,8,TEN,15455.0,16228.0
2015-07-31,9,TEN,14956.0,15854.0
2015-07-31,10,TEN,15063.0,15939.0
2015-07-31,11,TEN,15703.0,16390.0
2015-07-31,12,TEN,16243.0,16664.0
2015-07-31,13,TEN,17512.0,17892.0
2015-07-31,14,TEN,18968.0,19178.0
2015-07-31,15,TEN,20432.0,21000.0
2015-07-31,16,TEN,21920.0,22597.0
2015-07-31,17,TEN,23027.0,23983.0
2015-07-31,18,TEN,23921.0,24874.0
2015-07-31,19,TEN,24875.0,25655.0
2015-07-31,20,TEN,25654.0,26432.0
2015-07-31,21,TEN,26155.0,26892.0
2015-07-31,22,TEN,26248.0,27029.0
2015-07-31,23,TEN,25800.0,26532.0
2015-08-01,0,TEN,24892.0,25535.0
2015-08-01,1,TEN,23402.0,23838.0
2015-08-01,2,TEN,22607.0,23013.0
2015-08-01,3,TEN,21288.0,21634.0
2015-08-01,4,TEN,19438.0,19763.0
2015-08-01,5,TEN,17674.0,18051.0
2015-08-01,6,TEN,16285.0,16715.0
2015-08-01,7,TEN,15265.0,15768.0
2015-08-01,8,TEN,14518.0,15193.0
2015-08-01,9,TEN,14141.0,15048.0
2015-08-01,10,TEN,14128.0,15020.0
2015-08-01,11,TEN,14180.0,15156.0
2015-08-01,12,TEN,14295.0,15347.0
2015-08-01,13,TEN,15446.0,16042.0
2015-08-01,14,TEN,17146.0,17731.0
2015-08-01,15,TEN,19133.0,19980.0
2015-08-01,16,TEN,21017.0,21864.0
2015-08-01,17,TEN,22526.0,23321.0
2015-08-01,18,TEN,23663.0,24449.0
2015-08-01,19,TEN,24620.0,25376.0
2015-08-01,20,TEN,25237.0,25952.0
2015-08-01,21,TEN,25758.0,26213.0
2015-08-01,22,TEN,25970.0,26342.0
2015-08-01,23,TEN,25736.0,26021.0
2015-08-02,0,TEN,25034.0,25206.0
2015-08-02,1,TEN,23701.0,24183.0
2015-08-02,2,TEN,22896.0,23386.0
2015-08-02,3,TEN,21332.0,21793.0
2015-08-02,4,TEN,19596.0,19937.0
2015-08-02,5,TEN,17740.0,18183.0
2015-08-02,6,TEN,16421.0,17031.0
2015-08-02,7,TEN,15384.0,15786.0
2015-08-02,8,TEN,14661.0,14988.0
2015-08-02,9,TEN,14197.0,14667.0
2015-08-02,10,TEN,13856.0,14676.0
2015-08-02,11,TEN,13844.0,14662.0
2015-08-02,12,TEN,13868.0,14667.0
2015-08-02,13,TEN,14985.0,15762.0
2015-08-02,14,TEN,16860.0,17659.0
2015-08-02,15,TEN,18584.0,19491.0
2015-08-02,16,TEN,20160.0,21091.0
2015-08-02,17,TEN,21546.0,22467.0
2015-08-02,18,TEN,22884.0,23895.0
2015-08-02,19,TEN,23948.0,25001.0
2015-08-02,20,TEN,24881.0,25989.0
2015-08-02,21,TEN,25415.0,26317.0
2015-08-02,22,TEN,25709.0,26482.0
2015-08-02,23,TEN,25518.0,26083.0
2015-08-03,0,TEN,24691.0,25303.0
2015-08-03,1,TEN,23394.0,23943.0
2015-08-03,2,TEN,22909.0,23330.0
2015-08-03,3,TEN,21024.0,21758.0
2015-08-03,4,TEN,19174.0,19676.0
2015-08-03,5,TEN,17482.0,17899.0
2015-08-03,6,TEN,16250.0,16635.0
2015-08-03,7,TEN,15409.0,15949.0
2015-08-03,8,TEN,14849.0,15664.0
2015-08-03,9,TEN,14568.0,15519.0
2015-08-03,10,TEN,14924.0,15786.0
2015-08-03,11,TEN,15659.0,16494.0
2015-08-03,12,TEN,16433.0,17078.0
2015-08-03,13,TEN,17541.0,18374.0
2015-08-03,14,TEN,19034.0,20312.0
2015-08-03,15,TEN,20794.0,22101.0
2015-08-03,16,TEN,22681.0,23660.0
2015-08-03,17,TEN,24334.0,25660.0
2015-08-03,18,TEN,25823.0,26859.0
2015-08-03,19,TEN,27099.0,27630.0
2015-08-03,20,TEN,27893.0,28369.0
2015-08-03,21,TEN,28343.0,28984.0
2015-08-03,22,TEN,28326.0,28843.0
2015-08-03,23,TEN,27990.0,28470.0
2015-08-04,0,TEN,27290.0,27889.0
2015-08-04,1,TEN,26145.0,26755.0
2015-08-04,2,TEN,25674.0,26247.0
2015-08-04,3,TEN,23948.0,24596.0
2015-08-04,4,TEN,21690.0,22306.0
2015-08-04,5,TEN,19771.0,20319.0
2015-08-04,6,TEN,18273.0,18917.0
2015-08-04,7,TEN,17266.0,18077.0
2015-08-04,8,TEN,16506.0,17285.0
2015-08-04,9,TEN,16122.0,16784.0
2015-08-04,10,TEN,16167.0,16874.0
2015-08-04,11,TEN,16846.0,17497.0
2015-08-04,12,TEN,17575.0,18221.0
2015-08-04,13,TEN,18776.0,19666.0
2015-08-04,14,TEN,20349.0,21728.0
2015-08-04,15,TEN,22351.0,23771.0
2015-08-04,16,TEN,24454.0,25999.0
2015-08-04,17,TEN,26215.0,27509.0
2015-08-04,18,TEN,27522.0,28595.0
2015-08-04,19,TEN,28394.0,29143.0
2015-08-04,20,TEN,28807.0,29349.0
2015-08-04,21,TEN,29041.0,29676.0
2015-08-04,22,TEN,28956.0,29654.0
2015-08-04,23,TEN,28663.0,29329.0
2015-08-05,0,TEN,27745.0,28785.0
2015-08-05,1,TEN,26574.0,27560.0
2015-08-05,2,TEN,26127.0,26991.0
2015-08-05,3,TEN,24376.0,25261.0
2015-08-05,4,TEN,22318.0,23233.0
2015-08-05,5,TEN,20442.0,21219.0
2015-08-05,6,TEN,19003.0,19763.0
2015-08-05,7,TEN,18038.0,18829.0
2015-08-05,8,TEN,17393.0,17987.0
2015-08-05,9,TEN,16936.0,17662.0
2015-08-05,10,TEN,17030.0,17720.0
2015-08-05,11,TEN,17826.0,18561.0
2015-08-05,12,TEN,18443.0,19123.0
2015-08-05,13,TEN,19199.0,20037.0
2015-08-05,14,TEN,20434.0,21480.0
2015-08-05,15,TEN,21916.0,23056.0
2015-08-05,16,TEN,23618.0,24725.0
2015-08-05,17,TEN,24912.0,25551.0
2015-08-05,18,TEN,25796.0,26308.0
2015-08-05,19,TEN,26386.0,27038.0
2015-08-05,20,TEN,26462.0,26799.0
2015-08-05,21,TEN,26030.0,26365.0
2015-08-05,22,TEN,25152.0,25954.0
2015-08-05,23,TEN,23945.0,24426.0
2015-08-06,0,TEN,23015.0,23738.0
2015-08-06,1,TEN,22296.0,23218.0
2015-08-06,2,TEN,21882.0,22910.0
2015-08-06,3,TEN,20709.0,21673.0
2015-08-06,4,TEN,19085.0,19875.0
2015-08-06,5,TEN,17596.0,18319.0
2015-08-06,6,TEN,16495.0,17080.0
2015-08-06,7,TEN,15747.0,16406.0
2015-08-06,8,TEN,15328.0,15923.0
2015-08-06,9,TEN,15222.0,15869.0
2015-08-06,10,TEN,15488.0,16198.0
2015-08-06,11,TEN,16464.0,17172.0
2015-08-06,12,TEN,17391.0,18183.0
2015-08-06,13,TEN,18026.0,19123.0
2015-08-06,14,TEN,18602.0,20108.0
2015-08-06,15,TEN,19357.0,21202.0
2015-08-06,16,TEN,19698.0,21701.0
2015-08-06,17,TEN,20043.0,22182.0
2015-08-06,18,TEN,20293.0,22354.0
2015-08-06,19,TEN,20506.0,22485.0
2015-08-06,20,TEN,20930.0,22698.0
2015-08-06,21,TEN,21218.0,22805.0
2015-08-06,22,TEN,21644.0,23114.0
2015-08-06,23,TEN,21733.0,23054.0
2015-08-07,0,TEN,21585.0,22833.0
2015-08-07,1,TEN,21327.0,22427.0
2015-08-07,2,TEN,21440.0,22260.0
2015-08-07,3,TEN,20426.0,21348.0
2015-08-07,4,TEN,18912.0,19668.0
2015-08-07,5,TEN,17358.0,18120.0
2015-08-07,6,TEN,16284.0,17140.0
2015-08-07,7,TEN,15633.0,16550.0
2015-08-07,8,TEN,15237.0,16086.0
2015-08-07,9,TEN,15070.0,15926.0
2015-08-07,10,TEN,15337.0,16111.0
2015-08-07,11,TEN,16246.0,16943.0
2015-08-07,12,TEN,17082.0,18013.0
2015-08-07,13,TEN,17749.0,18512.0
2015-08-07,14,TEN,18607.0,19617.0
2015-08-07,15,TEN,19270.0,20440.0
2015-08-07,16,TEN,19904.0,21267.0
2015-08-07,17,TEN,20482.0,22091.0
2015-08-07,18,TEN,20983.0,22515.0
2015-08-07,19,TEN,21803.0,23185.0
2015-08-07,20,TEN,22604.0,24102.0
2015-08-07,21,TEN,23263.0,24683.0
2015-08-07,22,TEN,23554.0,25040.0
2015-08-07,23,TEN,23594.0,24939.0
2015-08-08,0,TEN,22837.0,24333.0
2015-08-08,1,TEN,21898.0,23550.0
2015-08-08,2,TEN,21654.0,23094.0
2015-08-08,3,TEN,20512.0,21715.0
2015-08-08,4,TEN,19051.0,19964.0
2015-08-08,5,TEN,17378.0,18169.0
2015-08-08,6,TEN,16155.0,16928.0
2015-08-08,7,TEN,15318.0,16148.0
2015-08-08,8,TEN,14778.0,15597.0
2015-08-08,9,TEN,14438.0,15245.0
2015-08-08,10,TEN,14322.0,15039.0
2015-08-08,11,TEN,14440.0,15169.0
2015-08-08,12,TEN,14540.0,15239.0
2015-08-08,13,TEN,15536.0,16455.0
2015-08-08,14,TEN,17124.0,18001.0
2015-08-08,15,TEN,18910.0,19878.0
2015-08-08,16,TEN,20483.0,21404.0
2015-08-08,17,TEN,21994.0,22755.0
2015-08-08,18,TEN,23167.0,24321.0
2015-08-08,19,TEN,24175.0,25090.0
2015-08-08,20,TEN,24804.0,25800.0
2015-08-08,21,TEN,25238.0,25865.0
2015-08-08,22,TEN,25392.0,25920.0
2015-08-08,23,TEN,25022.0,25348.0
2015-08-09,0,TEN,24190.0,24763.0
2015-08-09,1,TEN,22968.0,23732.0
2015-08-09,2,TEN,22408.0,22983.0
2015-08-09,3,TEN,21022.0,21548.0
2015-08-09,4,TEN,19262.0,19809.0
2015-08-09,5,TEN,17696.0,18222.0
2015-08-09,6,TEN,16398.0,16752.0
2015-08-09,7,TEN,15460.0,15881.0
2015-08-09,8,TEN,14800.0,15460.0
2015-08-09,9,TEN,14391.0,15147.0
2015-08-09,10,TEN,14193.0,14990.0
2015-08-09,11,TEN,14242.0,14965.0
2015-08-09,12,TEN,14121.0,14964.0
2015-08-09,13,TEN,15439.0,16329.0
2015-08-09,14,TEN,17391.0,18124.0
2015-08-09,15,TEN,19265.0,19844.0
2015-08-09,16,TEN,21095.0,21566.0
2015-08-09,17,TEN,22800.0,23466.0
2015-08-09,18,TEN,24238.0,25010.0
2015-08-09,19,TEN,25261.0,25762.0
2015-08-09,20,TEN,26076.0,26576.0
2015-08-09,21,TEN,26619.0,26685.0
2015-08-09,22,TEN,26709.0,26485.0
2015-08-09,23,TEN,26632.0,26278.0
2015-08-10,0,TEN,26040.0,25718.0
2015-08-10,1,TEN,25180.0,25540.0
2015-08-10,2,TEN,24703.0,25058.0
2015-08-10,3,TEN,23067.0,23521.0
2015-08-10,4,TEN,21120.0,21687.0
2015-08-10,5,TEN,19159.0,19760.0
2015-08-10,6,TEN,17765.0,18165.0
2015-08-10,7,TEN,16987.0,17500.0
2015-08-10,8,TEN,16359.0,17039.0
2015-08-10,9,TEN,16082.0,16852.0
2015-08-10,10,TEN,16396.0,17149.0
2015-08-10,11,TEN,17413.0,18085.0
2015-08-10,12,TEN,18455.0,18873.0
2015-08-10,13,TEN,19244.0,19871.0
2015-08-10,14,TEN,20028.0,20935.0
2015-08-10,15,TEN,21068.0,21999.0
2015-08-10,16,TEN,22179.0,23102.0
2015-08-10,17,TEN,23308.0,24119.0
2015-08-10,18,TEN,24401.0,25062.0
2015-08-10,19,TEN,25030.0,25796.0
2015-08-10,20,TEN,25466.0,26085.0
2015-08-10,21,TEN,25637.0,26222.0
2015-08-10,22,TEN,25617.0,26099.0
2015-08-10,23,TEN,25327.0,25961.0
2015-08-11,0,TEN,24708.0,25298.0
2015-08-11,1,TEN,23955.0,24873.0
2015-08-11,2,TEN,23691.0,24520.0
2015-08-11,3,TEN,22296.0,22862.0
2015-08-11,4,TEN,20236.0,20590.0
2015-08-11,5,TEN,18631.0,18956.0
2015-08-11,6,TEN,17427.0,17771.0
2015-08-11,7,TEN,16656.0,16956.0
2015-08-11,8,TEN,16118.0,16452.0
2015-08-11,9,TEN,15936.0,16324.0
2015-08-11,10,TEN,16230.0,16644.0
2015-08-11,11,TEN,17233.0,17708.0
2015-08-11,12,TEN,18123.0,18667.0
2015-08-11,13,TEN,18992.0,19787.0
2015-08-11,14,TEN,20101.0,21156.0
2015-08-11,15,TEN,21495.0,22634.0
2015-08-11,16,TEN,23137.0,24258.0
2015-08-11,17,TEN,24361.0,25299.0
2015-08-11,18,TEN,25309.0,25746.0
2015-08-11,19,TEN,26126.0,26783.0
2015-08-11,20,TEN,26510.0,26991.0
2015-08-11,21,TEN,26812.0,27445.0
2015-08-11,22,TEN,26861.0,27569.0
2015-08-11,23,TEN,26519.0,27252.0
2015-08-12,0,TEN,25748.0,26378.0
2015-08-12,1,TEN,24511.0,25301.0
2015-08-12,2,TEN,24005.0,24634.0
2015-08-12,3,TEN,22332.0,22755.0
2015-08-12,4,TEN,20158.0,20568.0
2015-08-12,5,TEN,18250.0,18600.0
2015-08-12,6,TEN,16956.0,17256.0
2015-08-12,7,TEN,16084.0,16355.0
2015-08-12,8,TEN,15590.0,15924.0
2015-08-12,9,TEN,15119.0,15421.0
2015-08-12,10,TEN,15331.0,15628.0
2015-08-12,11,TEN,16098.0,16461.0
2015-08-12,12,TEN,16906.0,17223.0
2015-08-12,13,TEN,17703.0,18217.0
2015-08-12,14,TEN,18896.0,19631.0
2015-08-12,15,TEN,20132.0,21011.0
2015-08-12,16,TEN,21516.0,22390.0
2015-08-12,17,TEN,22564.0,23478.0
2015-08-12,18,TEN,23530.0,24342.0
2015-08-12,19,TEN,24198.0,25004.0
2015-08-12,20,TEN,24680.0,25384.0
2015-08-12,21,TEN,25149.0,25923.0
2015-08-12,22,TEN,25354.0,26171.0
2015-08-12,23,TEN,24962.0,25830.0
2015-08-13,0,TEN,23873.0,24686.0
2015-08-13,1,TEN,22494.0,23145.0
2015-08-13,2,TEN,22122.0,22569.0
2015-08-13,3,TEN,20521.0,21093.0
2015-08-13,4,TEN,18563.0,19101.0
2015-08-13,5,TEN,16815.0,17152.0
2015-08-13,6,TEN,15682.0,15963.0
2015-08-13,7,TEN,14911.0,15243.0
2015-08-13,8,TEN,14456.0,14943.0
2015-08-13,9,TEN,14141.0,14735.0
2015-08-13,10,TEN,14388.0,14978.0
2015-08-13,11,TEN,15341.0,15802.0
2015-08-13,12,TEN,16044.0,16427.0
2015-08-13,13,TEN,16718.0,17260.0
2015-08-13,14,TEN,17788.0,18440.0
2015-08-13,15,TEN,18968.0,19836.0
2015-08-13,16,TEN,20285.0,21322.0
2015-08-13,17,TEN,21245.0,22485.0
2015-08-13,18,TEN,22295.0,23507.0
2015-08-13,19,TEN,23231.0,24287.0
2015-08-13,20,TEN,24025.0,24690.0
2015-08-13,21,TEN,24547.0,25103.0
2015-08-13,22,TEN,24738.0,25291.0
2015-08-13,23,TEN,24424.0,25168.0
2015-08-14,0,TEN,23633.0,24424.0
2015-08-14,1,TEN,22488.0,23282.0
2015-08-14,2,TEN,22165.0,22827.0
2015-08-14,3,TEN,20824.0,21545.0
2015-08-14,4,TEN,18602.0,19173.0
2015-08-14,5,TEN,16865.0,17385.0
2015-08-14,6,TEN,15637.0,16484.0
2015-08-14,7,TEN,14834.0,15610.0
2015-08-14,8,TEN,14318.0,14972.0
2015-08-14,9,TEN,14111.0,15114.0
2015-08-14,10,TEN,14344.0,15350.0
2015-08-14,11,TEN,15269.0,16110.0
2015-08-14,12,TEN,16226.0,17037.0
2015-08-14,13,TEN,16926.0,17499.0
2015-08-14,14,TEN,17861.0,18839.0
2015-08-14,15,TEN,18938.0,20162.0
2015-08-14,16,TEN,20164.0,21483.0
2015-08-14,17,TEN,21281.0,22806.0
2015-08-14,18,TEN,22228.0,23789.0
2015-08-14,19,TEN,22974.0,24442.0
2015-08-14,20,TEN,23437.0,24839.0
2015-08-14,21,TEN,23453.0,24817.0
2015-08-14,22,TEN,23085.0,24547.0
2015-08-14,23,TEN,22552.0,23964.0
2015-08-15,0,TEN,21666.0,23396.0
2015-08-15,1,TEN,21129.0,22823.0
2015-08-15,2,TEN,20947.0,22135.0
2015-08-15,3,TEN,19871.0,20889.0
2015-08-15,4,TEN,18449.0,19356.0
2015-08-15,5,TEN,17119.0,17883.0
2015-08-15,6,TEN,16008.0,16670.0
2015-08-15,7,TEN,15145.0,16045.0
2015-08-15,8,TEN,14677.0,15622.0
2015-08-15,9,TEN,14294.0,15302.0
2015-08-15,10,TEN,14237.0,15264.0
2015-08-15,11,TEN,14538.0,15534.0
2015-08-15,12,TEN,14796.0,15713.0
2015-08-15,13,TEN,15550.0,16324.0
2015-08-15,14,TEN,16819.0,17385.0
2015-08-15,15,TEN,18249.0,18960.0
2015-08-15,16,TEN,19594.0,20691.0
2015-08-15,17,TEN,20819.0,21881.0
2015-08-15,18,TEN,21578.0,23008.0
2015-08-15,19,TEN,21924.0,23359.0
2015-08-15,20,TEN,21908.0,23374.0
2015-08-15,21,TEN,22023.0,23748.0
2015-08-15,22,TEN,21740.0,23260.0
2015-08-15,23,TEN,21504.0,22881.0
2015-08-16,0,TEN,20890.0,21963.0
2015-08-16,1,TEN,20312.0,21223.0
2015-08-16,2,TEN,19961.0,20772.0
2015-08-16,3,TEN,18712.0,19370.0
2015-08-16,4,TEN,17374.0,17879.0
2015-08-16,5,TEN,15937.0,16384.0
2015-08-16,6,TEN,15018.0,15536.0
2015-08-16,7,TEN,14289.0,15044.0
2015-08-16,8,TEN,13803.0,14839.0
2015-08-16,9,TEN,13579.0,14625.0
2015-08-16,10,TEN,13463.0,14391.0
2015-08-16,11,TEN,13498.0,14442.0
2015-08-16,12,TEN,13754.0,14573.0
2015-08-16,13,TEN,14694.0,15590.0
2015-08-16,14,TEN,16310.0,17130.0
2015-08-16,15,TEN,17661.0,18791.0
2015-08-16,16,TEN,18907.0,19936.0
2015-08-16,17,TEN,20175.0,21381.0
2015-08-16,18,TEN,21335.0,22625.0
2015-08-16,19,TEN,22107.0,23502.0
2015-08-16,20,TEN,22879.0,24004.0
2015-08-16,21,TEN,23337.0,24518.0
2015-08-16,22,TEN,23257.0,24407.0
2015-08-16,23,TEN,22760.0,23731.0
2015-08-17,0,TEN,21944.0,22877.0
2015-08-17,1,TEN,21481.0,22419.0
2015-08-17,2,TEN,21208.0,22023.0
2015-08-17,3,TEN,19868.0,20679.0
2015-08-17,4,TEN,18198.0,18945.0
2015-08-17,5,TEN,16778.0,17512.0
2015-08-17,6,TEN,15752.0,16484.0
2015-08-17,7,TEN,15037.0,15887.0
2015-08-17,8,TEN,14666.0,15765.0
2015-08-17,9,TEN,14539.0,15677.0
2015-08-17,10,TEN,14925.0,15968.0
2015-08-17,11,TEN,16230.0,17257.0
2015-08-17,12,TEN,17366.0,18548.0
2015-08-17,13,TEN,17862.0,18798.0
2015-08-17,14,TEN,18586.0,20009.0
2015-08-17,15,TEN,19337.0,20973.0
2015-08-17,16,TEN,20028.0,21655.0
2015-08-17,17,TEN,20544.0,22106.0
2015-08-17,18,TEN,21022.0,22597.0
2015-08-17,19,TEN,21434.0,22971.0
2015-08-17,20,TEN,21584.0,23047.0
2015-08-17,21,TEN,21698.0,23236.0
2015-08-17,22,TEN,21914.0,23452.0
2015-08-17,23,TEN,21885.0,23387.0
2015-08-18,0,TEN,21549.0,23040.0
2015-08-18,1,TEN,21280.0,22597.0
2015-08-18,2,TEN,21246.0,22279.0
2015-08-18,3,TEN,20033.0,20987.0
2015-08-18,4,TEN,18409.0,19170.0
2015-08-18,5,TEN,17030.0,17787.0
2015-08-18,6,TEN,16063.0,16791.0
2015-08-18,7,TEN,15380.0,16001.0
2015-08-18,8,TEN,15137.0,15711.0
2015-08-18,9,TEN,15029.0,15588.0
2015-08-18,10,TEN,15404.0,15964.0
2015-08-18,11,TEN,16528.0,17331.0
2015-08-18,12,TEN,17684.0,18573.0
2015-08-18,13,TEN,18207.0,19525.0
2015-08-18,14,TEN,18897.0,20480.0
2015-08-18,15,TEN,19601.0,21579.0
2015-08-18,16,TEN,20457.0,22364.0
2015-08-18,17,TEN,21323.0,23134.0
2015-08-18,18,TEN,22303.0,23970.0
2015-08-18,19,TEN,23157.0,24794.0
2015-08-18,20,TEN,23876.0,25227.0
2015-08-18,21,TEN,24481.0,25525.0
2015-08-18,22,TEN,24743.0,25614.0
2015-08-18,23,TEN,24380.0,25426.0
2015-08-19,0,TEN,23824.0,24768.0
2015-08-19,1,TEN,23254.0,24344.0
2015-08-19,2,TEN,22889.0,23856.0
2015-08-19,3,TEN,21410.0,22285.0
2015-08-19,4,TEN,19565.0,20354.0
2015-08-19,5,TEN,17993.0,18894.0
2015-08-19,6,TEN,16868.0,17425.0
2015-08-19,7,TEN,16150.0,16619.0
2015-08-19,8,TEN,15716.0,16280.0
2015-08-19,9,TEN,15545.0,16017.0
2015-08-19,10,TEN,15887.0,16375.0
2015-08-19,11,TEN,17119.0,17715.0
2015-08-19,12,TEN,18283.0,18978.0
2015-08-19,13,TEN,18796.0,19351.0
2015-08-19,14,TEN,19402.0,20230.0
2015-08-19,15,TEN,20268.0,21243.0
2015-08-19,16,TEN,21340.0,22437.0
2015-08-19,17,TEN,22275.0,23287.0
2015-08-19,18,TEN,22955.0,24058.0
2015-08-19,19,TEN,23507.0,24541.0
2015-08-19,20,TEN,23825.0,24729.0
2015-08-19,21,TEN,23647.0,24526.0
2015-08-19,22,TEN,23217.0,24010.0
2015-08-19,23,TEN,22565.0,23531.0
2015-08-20,0,TEN,21978.0,23029.0
2015-08-20,1,TEN,21601.0,22599.0
2015-08-20,2,TEN,21181.0,21692.0
2015-08-20,3,TEN,19948.0,20566.0
2015-08-20,4,TEN,18467.0,19175.0
2015-08-20,5,TEN,17073.0,17756.0
2015-08-20,6,TEN,16082.0,16843.0
2015-08-20,7,TEN,15429.0,16181.0
2015-08-20,8,TEN,15035.0,15792.0
2015-08-20,9,TEN,14850.0,15604.0
2015-08-20,10,TEN,15093.0,15805.0
2015-08-20,11,TEN,16191.0,17139.0
2015-08-20,12,TEN,17235.0,18493.0
2015-08-20,13,TEN,17525.0,18793.0
2015-08-20,14,TEN,18193.0,19905.0
2015-08-20,15,TEN,18764.0,20761.0
2015-08-20,16,TEN,19612.0,21766.0
2015-08-20,17,TEN,20023.0,22196.0
2015-08-20,18,TEN,20486.0,22627.0
2015-08-20,19,TEN,21199.0,23321.0
2015-08-20,20,TEN,21604.0,23615.0
2015-08-20,21,TEN,22055.0,23906.0
2015-08-20,22,TEN,22274.0,24016.0
2015-08-20,23,TEN,21987.0,23668.0
2015-08-21,0,TEN,21380.0,23184.0
2015-08-21,1,TEN,20941.0,22549.0
2015-08-21,2,TEN,20757.0,22204.0
2015-08-21,3,TEN,19327.0,20620.0
2015-08-21,4,TEN,17637.0,18504.0
2015-08-21,5,TEN,16215.0,16687.0
2015-08-21,6,TEN,15202.0,15507.0
2015-08-21,7,TEN,14447.0,14887.0
2015-08-21,8,TEN,14004.0,14412.0
2015-08-21,9,TEN,13850.0,14296.0
2015-08-21,10,TEN,14197.0,14650.0
2015-08-21,11,TEN,15180.0,15573.0
2015-08-21,12,TEN,16132.0,16810.0
2015-08-21,13,TEN,16768.0,17328.0
2015-08-21,14,TEN,17553.0,18342.0
2015-08-21,15,TEN,18499.0,19560.0
2015-08-21,16,TEN,19403.0,20577.0
2015-08-21,17,TEN,20082.0,21319.0
2015-08-21,18,TEN,20921.0,22174.0
2015-08-21,19,TEN,21727.0,23098.0
2015-08-21,20,TEN,22237.0,23512.0
2015-08-21,21,TEN,22627.0,23703.0
2015-08-21,22,TEN,22662.0,23693.0
2015-08-21,23,TEN,22158.0,23150.0
2015-08-22,0,TEN,21463.0,22703.0
2015-08-22,1,TEN,20507.0,21686.0
2015-08-22,2,TEN,20123.0,21197.0
2015-08-22,3,TEN,18979.0,19852.0
2015-08-22,4,TEN,17580.0,18294.0
2015-08-22,5,TEN,16166.0,16524.0
2015-08-22,6,TEN,14991.0,15269.0
2015-08-22,7,TEN,14192.0,14466.0
2015-08-22,8,TEN,13704.0,13920.0
2015-08-22,9,TEN,13481.0,13711.0
2015-08-22,10,TEN,13558.0,13837.0
2015-08-22,11,TEN,13810.0,14023.0
2015-08-22,12,TEN,13889.0,14378.0
2015-08-22,13,TEN,14662.0,15296.0
2015-08-22,14,TEN,15917.0,16898.0
2015-08-22,15,TEN,17197.0,18023.0
2015-08-22,16,TEN,18514.0,19435.0
2015-08-22,17,TEN,19513.0,20532.0
2015-08-22,18,TEN,20542.0,21516.0
2015-08-22,19,TEN,21254.0,22553.0
2015-08-22,20,TEN,21825.0,23038.0
2015-08-22,21,TEN,22375.0,23291.0
2015-08-22,22,TEN,22443.0,23167.0
2015-08-22,23,TEN,22161.0,22685.0
2015-08-23,0,TEN,21412.0,21993.0
2015-08-23,1,TEN,20898.0,21748.0
2015-08-23,2,TEN,20403.0,21265.0
2015-08-23,3,TEN,19288.0,19896.0
2015-08-23,4,TEN,18031.0,18329.0
2015-08-23,5,TEN,16644.0,16892.0
2015-08-23,6,TEN,15584.0,15801.0
2015-08-23,7,TEN,14828.0,15274.0
2015-08-23,8,TEN,14339.0,14762.0
2015-08-23,9,TEN,14094.0,14552.0
2015-08-23,10,TEN,13957.0,14384.0
2015-08-23,11,TEN,14102.0,14538.0
2015-08-23,12,TEN,14330.0,14765.0
2015-08-23,13,TEN,15107.0,15356.0
2015-08-23,14,TEN,16415.0,16962.0
2015-08-23,15,TEN,17545.0,18234.0
2015-08-23,16,TEN,18346.0,19367.0
2015-08-23,17,TEN,19164.0,20325.0
2015-08-23,18,TEN,20283.0,21364.0
2015-08-23,19,TEN,21363.0,22640.0
2015-08-23,20,TEN,22388.0,23630.0
2015-08-23,21,TEN,22973.0,24131.0
2015-08-23,22,TEN,23584.0,24371.0
2015-08-23,23,TEN,23709.0,24087.0
2015-08-24,0,TEN,23170.0,23634.0
2015-08-24,1,TEN,22514.0,22942.0
2015-08-24,2,TEN,21884.0,22304.0
2015-08-24,3,TEN,20289.0,20675.0
2015-08-24,4,TEN,18584.0,18801.0
2015-08-24,5,TEN,17044.0,17276.0
2015-08-24,6,TEN,15943.0,16407.0
2015-08-24,7,TEN,15211.0,15790.0
2015-08-24,8,TEN,14736.0,15188.0
2015-08-24,9,TEN,14545.0,15214.0
2015-08-24,10,TEN,14830.0,15398.0
2015-08-24,11,TEN,15950.0,16509.0
2015-08-24,12,TEN,16995.0,17670.0
2015-08-24,13,TEN,17504.0,18382.0
2015-08-24,14,TEN,18312.0,19365.0
2015-08-24,15,TEN,19342.0,20517.0
2015-08-24,16,TEN,20428.0,22089.0
2015-08-24,17,TEN,21491.0,23277.0
2015-08-24,18,TEN,22489.0,23789.0
2015-08-24,19,TEN,23089.0,23999.0
2015-08-24,20,TEN,23646.0,24466.0
2015-08-24,21,TEN,23993.0,24667.0
2015-08-24,22,TEN,23963.0,24658.0
2015-08-24,23,TEN,23472.0,24452.0
2015-08-25,0,TEN,22344.0,23676.0
2015-08-25,1,TEN,21466.0,22752.0
2015-08-25,2,TEN,20890.0,22033.0
2015-08-25,3,TEN,19116.0,20331.0
2015-08-25,4,TEN,17001.0,18057.0
2015-08-25,5,TEN,15535.0,16269.0
2015-08-25,6,TEN,14510.0,15201.0
2015-08-25,7,TEN,13797.0,14503.0
2015-08-25,8,TEN,13340.0,14176.0
2015-08-25,9,TEN,13207.0,14110.0
2015-08-25,10,TEN,13498.0,14768.0
2015-08-25,11,TEN,14612.0,15511.0
2015-08-25,12,TEN,15509.0,16376.0
2015-08-25,13,TEN,16012.0,16847.0
2015-08-25,14,TEN,16663.0,17750.0
2015-08-25,15,TEN,17364.0,18654.0
2015-08-25,16,TEN,18144.0,19722.0
2015-08-25,17,TEN,18803.0,20634.0
2015-08-25,18,TEN,19360.0,21252.0
2015-08-25,19,TEN,20128.0,22027.0
2015-08-25,20,TEN,20725.0,22504.0
2015-08-25,21,TEN,21402.0,23243.0
2015-08-25,22,TEN,21727.0,23295.0
2015-08-25,23,TEN,21429.0,23047.0
2015-08-26,0,TEN,20592.0,22247.0
2015-08-26,1,TEN,19941.0,21418.0
2015-08-26,2,TEN,19480.0,20626.0
2015-08-26,3,TEN,18113.0,19206.0
2015-08-26,4,TEN,16391.0,17462.0
2015-08-26,5,TEN,14946.0,15737.0
2015-08-26,6,TEN,13906.0,14560.0
2015-08-26,7,TEN,13269.0,13918.0
2015-08-26,8,TEN,12926.0,13692.0
2015-08-26,9,TEN,12847.0,13723.0
2015-08-26,10,TEN,13214.0,13971.0
2015-08-26,11,TEN,14377.0,15176.0
2015-08-26,12,TEN,15293.0,16211.0
2015-08-26,13,TEN,15681.0,16679.0
2015-08-26,14,TEN,16208.0,17347.0
2015-08-26,15,TEN,16945.0,18198.0
2015-08-26,16,TEN,17761.0,18925.0
2015-08-26,17,TEN,18469.0,19964.0
2015-08-26,18,TEN,19108.0,20615.0
2015-08-26,19,TEN,19794.0,21271.0
2015-08-26,20,TEN,20543.0,21980.0
2015-08-26,21,TEN,21195.0,22443.0
2015-08-26,22,TEN,21581.0,22552.0
2015-08-26,23,TEN,21359.0,22328.0
2015-08-27,0,TEN,20637.0,21791.0
2015-08-27,1,TEN,19823.0,21129.0
2015-08-27,2,TEN,19475.0,20350.0
2015-08-27,3,TEN,18196.0,19094.0
2015-08-27,4,TEN,16373.0,17024.0
2015-08-27,5,TEN,14956.0,15397.0
2015-08-27,6,TEN,14009.0,14350.0
2015-08-27,7,TEN,13422.0,13716.0
2015-08-27,8,TEN,12969.0,13382.0
2015-08-27,9,TEN,12797.0,13236.0
2015-08-27,10,TEN,13193.0,13926.0
2015-08-27,11,TEN,14158.0,14881.0
2015-08-27,12,TEN,15050.0,16160.0
2015-08-27,13,TEN,15445.0,16589.0
2015-08-27,14,TEN,16075.0,17356.0
2015-08-27,15,TEN,16881.0,18151.0
2015-08-27,16,TEN,17715.0,19094.0
2015-08-27,17,TEN,18456.0,19838.0
2015-08-27,18,TEN,19318.0,20863.0
2015-08-27,19,TEN,20238.0,21856.0
2015-08-27,20,TEN,20997.0,22619.0
2015-08-27,21,TEN,21728.0,23325.0
2015-08-27,22,TEN,22070.0,23617.0
2015-08-27,23,TEN,21919.0,23453.0
2015-08-28,0,TEN,21102.0,22805.0
2015-08-28,1,TEN,20648.0,22328.0
2015-08-28,2,TEN,20145.0,21274.0
2015-08-28,3,TEN,18575.0,19415.0
2015-08-28,4,TEN,16895.0,17670.0
2015-08-28,5,TEN,15371.0,16104.0
2015-08-28,6,TEN,14281.0,15021.0
2015-08-28,7,TEN,13711.0,14424.0
2015-08-28,8,TEN,13193.0,14125.0
2015-08-28,9,TEN,13257.0,14269.0
2015-08-28,10,TEN,13435.0,14796.0
2015-08-28,11,TEN,14513.0,15591.0
2015-08-28,12,TEN,15579.0,16378.0
2015-08-28,13,TEN,16149.0,16959.0
2015-08-28,14,TEN,16941.0,17918.0
2015-08-28,15,TEN,17930.0,18946.0
2015-08-28,16,TEN,19109.0,20230.0
2015-08-28,17,TEN,20315.0,21503.0
2015-08-28,18,TEN,21552.0,22762.0
2015-08-28,19,TEN,22646.0,23685.0
2015-08-28,20,TEN,23414.0,24320.0
2015-08-28,21,TEN,23791.0,24562.0
2015-08-28,22,TEN,24136.0,24768.0
2015-08-28,23,TEN,23730.0,24451.0
2015-08-29,0,TEN,22647.0,23962.0
2015-08-29,1,TEN,21625.0,22944.0
2015-08-29,2,TEN,20989.0,22169.0
2015-08-29,3,TEN,19533.0,20452.0
2015-08-29,4,TEN,18089.0,18899.0
2015-08-29,5,TEN,16693.0,17575.0
2015-08-29,6,TEN,15584.0,16360.0
2015-08-29,7,TEN,14758.0,15274.0
2015-08-29,8,TEN,14255.0,14693.0
2015-08-29,9,TEN,13922.0,14372.0
2015-08-29,10,TEN,13855.0,14263.0
2015-08-29,11,TEN,14009.0,14438.0
2015-08-29,12,TEN,14261.0,14813.0
2015-08-29,13,TEN,15073.0,15889.0
2015-08-29,14,TEN,16411.0,17394.0
2015-08-29,15,TEN,18077.0,19204.0
2015-08-29,16,TEN,19567.0,20591.0
2015-08-29,17,TEN,20947.0,22091.0
2015-08-29,18,TEN,21939.0,23019.0
2015-08-29,19,TEN,22699.0,23666.0
2015-08-29,20,TEN,23019.0,23651.0
2015-08-29,21,TEN,22869.0,23560.0
2015-08-29,22,TEN,22657.0,23480.0
2015-08-29,23,TEN,22122.0,23208.0
2015-08-30,0,TEN,21198.0,22171.0
2015-08-30,1,TEN,20747.0,21743.0
2015-08-30,2,TEN,20234.0,21020.0
2015-08-30,3,TEN,19028.0,19792.0
2015-08-30,4,TEN,17659.0,18458.0
2015-08-30,5,TEN,16332.0,17095.0
2015-08-30,6,TEN,15193.0,15630.0
2015-08-30,7,TEN,14516.0,14872.0
2015-08-30,8,TEN,13962.0,14372.0
2015-08-30,9,TEN,13765.0,14136.0
2015-08-30,10,TEN,13640.0,13924.0
2015-08-30,11,TEN,13658.0,14003.0
2015-08-30,12,TEN,13884.0,14273.0
2015-08-30,13,TEN,14688.0,15378.0
2015-08-30,14,TEN,15775.0,16672.0
2015-08-30,15,TEN,16745.0,17923.0
2015-08-30,16,TEN,17595.0,18802.0
2015-08-30,17,TEN,18315.0,19472.0
2015-08-30,18,TEN,19109.0,20373.0
2015-08-30,19,TEN,19979.0,21372.0
2015-08-30,20,TEN,20480.0,21914.0
2015-08-30,21,TEN,20706.0,22108.0
2015-08-30,22,TEN,20778.0,22087.0
2015-08-30,23,TEN,20607.0,21887.0
2015-08-31,0,TEN,20116.0,21219.0
2015-08-31,1,TEN,20125.0,21166.0
2015-08-31,2,TEN,19668.0,20624.0
2015-08-31,3,TEN,18429.0,19262.0
2015-08-31,4,TEN,16936.0,17743.0
2015-08-31,5,TEN,15701.0,16502.0
2015-08-31,6,TEN,14732.0,15394.0
2015-08-31,7,TEN,14122.0,14588.0
2015-08-31,8,TEN,13676.0,14250.0
2015-08-31,9,TEN,13659.0,14363.0
2015-08-31,10,TEN,14130.0,15168.0
2015-08-31,11,TEN,15390.0,16329.0
2015-08-31,12,TEN,16338.0,17309.0
2015-08-31,13,TEN,16818.0,17924.0
2015-08-31,14,TEN,17707.0,18864.0
2015-08-31,15,TEN,18951.0,20355.0
2015-08-31,16,TEN,20069.0,21124.0
2015-08-31,17,TEN,21280.0,22299.0
2015-08-31,18,TEN,22300.0,23571.0
2015-08-31,19,TEN,23327.0,24598.0
2015-08-31,20,TEN,23991.0,25082.0
2015-08-31,21,TEN,24690.0,25470.0
2015-08-31,22,TEN,24944.0,25479.0
2015-08-31,23,TEN,24743.0,25519.0
2015-09-01,0,TEN,23864.0,24978.0
2015-09-01,1,TEN,23186.0,24438.0
2015-09-01,2,TEN,22408.0,23448.0
2015-09-01,3,TEN,20714.0,21481.0
2015-09-01,4,TEN,18740.0,19496.0
2015-09-01,5,TEN,17151.0,17879.0
2015-09-01,6,TEN,15942.0,16700.0
2015-09-01,7,TEN,15158.0,16051.0
2015-09-01,8,TEN,14696.0,15717.0
2015-09-01,9,TEN,14493.0,15740.0
2015-09-01,10,TEN,14794.0,16028.0
2015-09-01,11,TEN,15809.0,16931.0
2015-09-01,12,TEN,16977.0,17896.0
2015-09-01,13,TEN,17646.0,18561.0
2015-09-01,14,TEN,18541.0,19672.0
2015-09-01,15,TEN,19897.0,21252.0
2015-09-01,16,TEN,21612.0,22960.0
2015-09-01,17,TEN,22847.0,24189.0
2015-09-01,18,TEN,24007.0,25356.0
2015-09-01,19,TEN,24956.0,26248.0
2015-09-01,20,TEN,25608.0,26914.0
2015-09-01,21,TEN,25943.0,27288.0
2015-09-01,22,TEN,25852.0,27296.0
2015-09-01,23,TEN,25358.0,26736.0
2015-09-02,0,TEN,24427.0,25836.0
2015-09-02,1,TEN,24051.0,25408.0
2015-09-02,2,TEN,23361.0,24594.0
2015-09-02,3,TEN,21621.0,22525.0
2015-09-02,4,TEN,19647.0,20472.0
2015-09-02,5,TEN,17906.0,18689.0
2015-09-02,6,TEN,16614.0,17406.0
2015-09-02,7,TEN,15735.0,16790.0
2015-09-02,8,TEN,15326.0,16650.0
2015-09-02,9,TEN,15103.0,16516.0
2015-09-02,10,TEN,15447.0,16812.0
2015-09-02,11,TEN,16561.0,17679.0
2015-09-02,12,TEN,17742.0,18622.0
2015-09-02,13,TEN,18180.0,19175.0
2015-09-02,14,TEN,19034.0,20297.0
2015-09-02,15,TEN,20319.0,21617.0
2015-09-02,16,TEN,21963.0,23506.0
2015-09-02,17,TEN,23469.0,25045.0
2015-09-02,18,TEN,24708.0,25827.0
2015-09-02,19,TEN,25643.0,26554.0
2015-09-02,20,TEN,26076.0,26842.0
2015-09-02,21,TEN,26104.0,26703.0
2015-09-02,22,TEN,26015.0,26550.0
2015-09-02,23,TEN,25479.0,26267.0
2015-09-03,0,TEN,24634.0,25573.0
2015-09-03,1,TEN,24189.0,25277.0
2015-09-03,2,TEN,23538.0,24482.0
2015-09-03,3,TEN,21915.0,22931.0
2015-09-03,4,TEN,19905.0,20732.0
2015-09-03,5,TEN,18279.0,19095.0
2015-09-03,6,TEN,17071.0,17868.0
2015-09-03,7,TEN,16270.0,17137.0
2015-09-03,8,TEN,15664.0,16864.0
2015-09-03,9,TEN,15444.0,16693.0
2015-09-03,10,TEN,15765.0,16939.0
2015-09-03,11,TEN,16792.0,17725.0
2015-09-03,12,TEN,17892.0,18844.0
2015-09-03,13,TEN,18392.0,19433.0
2015-09-03,14,TEN,19465.0,20500.0
2015-09-03,15,TEN,20994.0,22251.0
2015-09-03,16,TEN,22689.0,23800.0
2015-09-03,17,TEN,24205.0,25314.0
2015-09-03,18,TEN,25372.0,26493.0
2015-09-03,19,TEN,26248.0,27094.0
2015-09-03,20,TEN,26808.0,27420.0
2015-09-03,21,TEN,27078.0,27519.0
2015-09-03,22,TEN,27015.0,27237.0
2015-09-03,23,TEN,26496.0,27019.0
2015-09-04,0,TEN,25549.0,26362.0
2015-09-04,1,TEN,24958.0,25876.0
2015-09-04,2,TEN,24074.0,24794.0
2015-09-04,3,TEN,22264.0,22839.0
2015-09-04,4,TEN,20195.0,20956.0
2015-09-04,5,TEN,18524.0,19274.0
2015-09-04,6,TEN,17160.0,17904.0
2015-09-04,7,TEN,16384.0,17317.0
2015-09-04,8,TEN,15734.0,16957.0
2015-09-04,9,TEN,15442.0,16637.0
2015-09-04,10,TEN,15662.0,16892.0
2015-09-04,11,TEN,16586.0,17633.0
2015-09-04,12,TEN,17576.0,18484.0
2015-09-04,13,TEN,18158.0,19216.0
2015-09-04,14,TEN,19362.0,20667.0
2015-09-04,15,TEN,20845.0,22084.0
2015-09-04,16,TEN,22797.0,23823.0
2015-09-04,17,TEN,24349.0,25630.0
2015-09-04,18,TEN,25656.0,26999.0
2015-09-04,19,TEN,26594.0,27853.0
2015-09-04,20,TEN,27005.0,28246.0
2015-09-04,21,TEN,27144.0,28388.0
2015-09-04,22,TEN,26906.0,28198.0
2015-09-04,23,TEN,26074.0,27452.0
2015-09-05,0,TEN,24810.0,26101.0
2015-09-05,1,TEN,23894.0,25094.0
2015-09-05,2,TEN,22938.0,24029.0
2015-09-05,3,TEN,21502.0,22458.0
2015-09-05,4,TEN,19748.0,20481.0
2015-09-05,5,TEN,18195.0,18835.0
2015-09-05,6,TEN,16817.0,17286.0
2015-09-05,7,TEN,15735.0,16103.0
2015-09-05,8,TEN,15162.0,15274.0
2015-09-05,9,TEN,14684.0,14720.0
2015-09-05,10,TEN,14400.0,14871.0
2015-09-05,11,TEN,14486.0,14906.0
2015-09-05,12,TEN,14585.0,15240.0
2015-09-05,13,TEN,15376.0,16091.0
2015-09-05,14,TEN,17121.0,18066.0
2015-09-05,15,TEN,19036.0,20175.0
2015-09-05,16,TEN,20936.0,21980.0
2015-09-05,17,TEN,22708.0,23689.0
2015-09-05,18,TEN,24044.0,24558.0
2015-09-05,19,TEN,24963.0,25494.0
2015-09-05,20,TEN,25478.0,26051.0
2015-09-05,21,TEN,25495.0,26015.0
2015-09-05,22,TEN,25346.0,25921.0
2015-09-05,23,TEN,24657.0,25301.0
2015-09-06,0,TEN,23513.0,24049.0
2015-09-06,1,TEN,22839.0,23314.0
2015-09-06,2,TEN,21778.0,22673.0
2015-09-06,3,TEN,20266.0,20928.0
2015-09-06,4,TEN,18647.0,19184.0
2015-09-06,5,TEN,17136.0,17596.0
2015-09-06,6,TEN,15892.0,16021.0
2015-09-06,7,TEN,15083.0,15114.0
2015-09-06,8,TEN,14500.0,14463.0
2015-09-06,9,TEN,14012.0,14052.0
2015-09-06,10,TEN,13870.0,13929.0
2015-09-06,11,TEN,13848.0,13972.0
2015-09-06,12,TEN,14000.0,14171.0
2015-09-06,13,TEN,14894.0,15428.0
2015-09-06,14,TEN,16584.0,17439.0
2015-09-06,15,TEN,18230.0,19418.0
2015-09-06,16,TEN,19669.0,20862.0
2015-09-06,17,TEN,21154.0,22293.0
2015-09-06,18,TEN,22403.0,23718.0
2015-09-06,19,TEN,23368.0,24591.0
2015-09-06,20,TEN,23941.0,24955.0
2015-09-06,21,TEN,24298.0,25400.0
2015-09-06,22,TEN,24342.0,25374.0
2015-09-06,23,TEN,23747.0,24829.0
2015-09-07,0,TEN,22549.0,23564.0
2015-09-07,1,TEN,21849.0,22924.0
2015-09-07,2,TEN,20893.0,21903.0
2015-09-07,3,TEN,19470.0,20080.0
2015-09-07,4,TEN,18046.0,18519.0
2015-09-07,5,TEN,16639.0,17196.0
2015-09-07,6,TEN,15496.0,15967.0
2015-09-07,7,TEN,14632.0,14839.0
2015-09-07,8,TEN,14110.0,14173.0
2015-09-07,9,TEN,13680.0,13779.0
2015-09-07,10,TEN,13637.0,13781.0
2015-09-07,11,TEN,13717.0,13864.0
2015-09-07,12,TEN,13668.0,13891.0
2015-09-07,13,TEN,14301.0,14946.0
2015-09-07,14,TEN,15938.0,16774.0
2015-09-07,15,TEN,17840.0,19272.0
2015-09-07,16,TEN,19837.0,21321.0
2015-09-07,17,TEN,21449.0,22951.0
2015-09-07,18,TEN,22659.0,24143.0
2015-09-07,19,TEN,23554.0,25037.0
2015-09-07,20,TEN,24081.0,25410.0
2015-09-07,21,TEN,24479.0,25794.0
2015-09-07,22,TEN,24603.0,25775.0
2015-09-07,23,TEN,24207.0,25453.0
2015-09-08,0,TEN,23312.0,24551.0
2015-09-08,1,TEN,22857.0,24058.0
2015-09-08,2,TEN,21875.0,22823.0
2015-09-08,3,TEN,20107.0,20787.0
2015-09-08,4,TEN,18269.0,18909.0
2015-09-08,5,TEN,16666.0,17264.0
2015-09-08,6,TEN,15575.0,16273.0
2015-09-08,7,TEN,14810.0,15406.0
2015-09-08,8,TEN,14252.0,14872.0
2015-09-08,9,TEN,14193.0,14867.0
2015-09-08,10,TEN,14439.0,15152.0
2015-09-08,11,TEN,15630.0,16204.0
2015-09-08,12,TEN,16828.0,17358.0
2015-09-08,13,TEN,17524.0,18137.0
2015-09-08,14,TEN,18713.0,19480.0
2015-09-08,15,TEN,20168.0,21159.0
2015-09-08,16,TEN,21791.0,22762.0
2015-09-08,17,TEN,23096.0,24384.0
2015-09-08,18,TEN,24151.0,25316.0
2015-09-08,19,TEN,25092.0,26306.0
2015-09-08,20,TEN,25443.0,26512.0
2015-09-08,21,TEN,25690.0,26577.0
2015-09-08,22,TEN,25815.0,26826.0
2015-09-08,23,TEN,25481.0,26463.0
2015-09-09,0,TEN,24789.0,26092.0
2015-09-09,1,TEN,24439.0,25571.0
2015-09-09,2,TEN,23525.0,24424.0
2015-09-09,3,TEN,21760.0,22675.0
2015-09-09,4,TEN,19701.0,20635.0
2015-09-09,5,TEN,18045.0,18869.0
2015-09-09,6,TEN,16837.0,17689.0
2015-09-09,7,TEN,16195.0,16988.0
2015-09-09,8,TEN,15759.0,16631.0
2015-09-09,9,TEN,15529.0,16447.0
2015-09-09,10,TEN,15629.0,16633.0
2015-09-09,11,TEN,16714.0,17578.0
2015-09-09,12,TEN,17909.0,18891.0
2015-09-09,13,TEN,18183.0,19163.0
2015-09-09,14,TEN,18929.0,19840.0
2015-09-09,15,TEN,20099.0,21090.0
2015-09-09,16,TEN,21278.0,22400.0
2015-09-09,17,TEN,22168.0,23106.0
2015-09-09,18,TEN,22896.0,23982.0
2015-09-09,19,TEN,23209.0,24413.0
2015-09-09,20,TEN,23221.0,24409.0
2015-09-09,21,TEN,23073.0,24334.0
2015-09-09,22,TEN,22647.0,23984.0
2015-09-09,23,TEN,21986.0,23228.0
2015-09-10,0,TEN,21382.0,22944.0
2015-09-10,1,TEN,21294.0,22843.0
2015-09-10,2,TEN,20684.0,21991.0
2015-09-10,3,TEN,19340.0,20628.0
2015-09-10,4,TEN,17798.0,19003.0
2015-09-10,5,TEN,16410.0,17388.0
2015-09-10,6,TEN,15603.0,16391.0
2015-09-10,7,TEN,14994.0,15714.0
2015-09-10,8,TEN,14662.0,15313.0
2015-09-10,9,TEN,14538.0,15209.0
2015-09-10,10,TEN,14878.0,15548.0
2015-09-10,11,TEN,16018.0,16754.0
2015-09-10,12,TEN,17300.0,18050.0
2015-09-10,13,TEN,17568.0,18540.0
2015-09-10,14,TEN,18050.0,19063.0
2015-09-10,15,TEN,18572.0,19859.0
2015-09-10,16,TEN,19207.0,20828.0
2015-09-10,17,TEN,19739.0,21648.0
2015-09-10,18,TEN,20564.0,22451.0
2015-09-10,19,TEN,21467.0,23208.0
2015-09-10,20,TEN,22303.0,24069.0
2015-09-10,21,TEN,22953.0,24351.0
2015-09-10,22,TEN,23226.0,24601.0
2015-09-10,23,TEN,22898.0,24216.0
2015-09-11,0,TEN,22164.0,23542.0
2015-09-11,1,TEN,21886.0,23120.0
2015-09-11,2,TEN,21199.0,22226.0
2015-09-11,3,TEN,19723.0,20335.0
2015-09-11,4,TEN,18048.0,18617.0
2015-09-11,5,TEN,16485.0,17201.0
2015-09-11,6,TEN,15509.0,16189.0
2015-09-11,7,TEN,14749.0,15571.0
2015-09-11,8,TEN,14298.0,14921.0
2015-09-11,9,TEN,14178.0,15098.0
2015-09-11,10,TEN,14453.0,15299.0
2015-09-11,11,TEN,15585.0,16281.0
2015-09-11,12,TEN,16670.0,17428.0
2015-09-11,13,TEN,17035.0,17842.0
2015-09-11,14,TEN,17850.0,18820.0
2015-09-11,15,TEN,19011.0,19954.0
2015-09-11,16,TEN,20174.0,21286.0
2015-09-11,17,TEN,21029.0,22351.0
2015-09-11,18,TEN,21778.0,22920.0
2015-09-11,19,TEN,22191.0,23135.0
2015-09-11,20,TEN,22012.0,23135.0
2015-09-11,21,TEN,21659.0,22802.0
2015-09-11,22,TEN,21172.0,22409.0
2015-09-11,23,TEN,20269.0,21513.0
2015-09-12,0,TEN,19425.0,20644.0
2015-09-12,1,TEN,19066.0,20270.0
2015-09-12,2,TEN,18544.0,19571.0
2015-09-12,3,TEN,17658.0,18311.0
2015-09-12,4,TEN,16478.0,16877.0
2015-09-12,5,TEN,15222.0,15477.0
2015-09-12,6,TEN,14215.0,14326.0
2015-09-12,7,TEN,13514.0,13606.0
2015-09-12,8,TEN,13184.0,13073.0
2015-09-12,9,TEN,12924.0,12864.0
2015-09-12,10,TEN,12884.0,12902.0
2015-09-12,11,TEN,13129.0,13097.0
2015-09-12,12,TEN,13379.0,13615.0
2015-09-12,13,TEN,13854.0,14455.0
2015-09-12,14,TEN,14756.0,15451.0
2015-09-12,15,TEN,15463.0,16035.0
2015-09-12,16,TEN,15934.0,16411.0
2015-09-12,17,TEN,16208.0,16802.0
2015-09-12,18,TEN,16459.0,17094.0
2015-09-12,19,TEN,16729.0,17473.0
2015-09-12,20,TEN,17044.0,17660.0
2015-09-12,21,TEN,17135.0,17770.0
2015-09-12,22,TEN,17027.0,17801.0
2015-09-12,23,TEN,16629.0,17411.0
2015-09-13,0,TEN,15994.0,16787.0
2015-09-13,1,TEN,16176.0,16711.0
2015-09-13,2,TEN,15721.0,16246.0
2015-09-13,3,TEN,14919.0,15256.0
2015-09-13,4,TEN,13985.0,14215.0
2015-09-13,5,TEN,12995.0,13041.0
2015-09-13,6,TEN,12246.0,12369.0
2015-09-13,7,TEN,11789.0,11818.0
2015-09-13,8,TEN,11468.0,11486.0
2015-09-13,9,TEN,11398.0,11475.0
2015-09-13,10,TEN,11375.0,11443.0
2015-09-13,11,TEN,11577.0,11683.0
2015-09-13,12,TEN,11860.0,11976.0
2015-09-13,13,TEN,12471.0,12587.0
2015-09-13,14,TEN,13326.0,13562.0
2015-09-13,15,TEN,13636.0,14070.0
2015-09-13,16,TEN,13879.0,14463.0
2015-09-13,17,TEN,14141.0,14663.0
2015-09-13,18,TEN,14539.0,14956.0
2015-09-13,19,TEN,14844.0,15454.0
2015-09-13,20,TEN,15131.0,15958.0
2015-09-13,21,TEN,15545.0,16251.0
2015-09-13,22,TEN,15912.0,16615.0
2015-09-13,23,TEN,16046.0,16763.0
2015-09-14,0,TEN,15794.0,16454.0
2015-09-14,1,TEN,16297.0,16655.0
2015-09-14,2,TEN,15863.0,16325.0
2015-09-14,3,TEN,14808.0,15085.0
2015-09-14,4,TEN,13664.0,13690.0
2015-09-14,5,TEN,12694.0,12640.0
2015-09-14,6,TEN,12080.0,12019.0
2015-09-14,7,TEN,11883.0,11776.0
2015-09-14,8,TEN,11628.0,11582.0
2015-09-14,9,TEN,11748.0,11531.0
2015-09-14,10,TEN,12282.0,12207.0
2015-09-14,11,TEN,13584.0,13714.0
2015-09-14,12,TEN,14768.0,15187.0
2015-09-14,13,TEN,15010.0,15393.0
2015-09-14,14,TEN,15372.0,15841.0
2015-09-14,15,TEN,15685.0,16187.0
2015-09-14,16,TEN,16143.0,16970.0
2015-09-14,17,TEN,16341.0,16951.0
2015-09-14,18,TEN,16657.0,17292.0
2015-09-14,19,TEN,17084.0,17880.0
2015-09-14,20,TEN,17566.0,18382.0
2015-09-14,21,TEN,18174.0,18985.0
2015-09-14,22,TEN,18554.0,19417.0
2015-09-14,23,TEN,18428.0,19311.0
2015-09-15,0,TEN,18112.0,18904.0
2015-09-15,1,TEN,18140.0,18752.0
2015-09-15,2,TEN,17582.0,18056.0
2015-09-15,3,TEN,16477.0,16763.0
2015-09-15,4,TEN,15011.0,15194.0
2015-09-15,5,TEN,13634.0,13784.0
2015-09-15,6,TEN,13029.0,13115.0
2015-09-15,7,TEN,12483.0,13024.0
2015-09-15,8,TEN,12304.0,12351.0
2015-09-15,9,TEN,12298.0,12448.0
2015-09-15,10,TEN,12804.0,13177.0
2015-09-15,11,TEN,13979.0,14436.0
2015-09-15,12,TEN,15072.0,15763.0
2015-09-15,13,TEN,15333.0,16258.0
2015-09-15,14,TEN,15668.0,16532.0
2015-09-15,15,TEN,16123.0,17060.0
2015-09-15,16,TEN,16678.0,17563.0
2015-09-15,17,TEN,17123.0,17831.0
2015-09-15,18,TEN,17731.0,18421.0
2015-09-15,19,TEN,18451.0,19130.0
2015-09-15,20,TEN,19060.0,19588.0
2015-09-15,21,TEN,19729.0,20052.0
2015-09-15,22,TEN,20130.0,20402.0
2015-09-15,23,TEN,19917.0,20541.0
2015-09-16,0,TEN,19322.0,20237.0
2015-09-16,1,TEN,19327.0,20348.0
2015-09-16,2,TEN,18717.0,19522.0
2015-09-16,3,TEN,17437.0,17988.0
2015-09-16,4,TEN,15807.0,16374.0
2015-09-16,5,TEN,14344.0,14739.0
2015-09-16,6,TEN,13472.0,13831.0
2015-09-16,7,TEN,12996.0,13210.0
2015-09-16,8,TEN,12669.0,12959.0
2015-09-16,9,TEN,12615.0,12976.0
2015-09-16,10,TEN,13030.0,13624.0
2015-09-16,11,TEN,14163.0,14776.0
2015-09-16,12,TEN,15378.0,16192.0
2015-09-16,13,TEN,15426.0,16279.0
2015-09-16,14,TEN,15960.0,16741.0
2015-09-16,15,TEN,16684.0,17316.0
2015-09-16,16,TEN,17447.0,18064.0
2015-09-16,17,TEN,17898.0,18486.0
2015-09-16,18,TEN,18650.0,19278.0
2015-09-16,19,TEN,19467.0,20162.0
2015-09-16,20,TEN,20195.0,21135.0
2015-09-16,21,TEN,20917.0,21631.0
2015-09-16,22,TEN,21122.0,21713.0
2015-09-16,23,TEN,20959.0,21815.0
2015-09-17,0,TEN,20252.0,21230.0
2015-09-17,1,TEN,19966.0,20757.0
2015-09-17,2,TEN,19281.0,20183.0
2015-09-17,3,TEN,17858.0,18681.0
2015-09-17,4,TEN,16234.0,16835.0
2015-09-17,5,TEN,14841.0,15406.0
2015-09-17,6,TEN,13829.0,14370.0
2015-09-17,7,TEN,13277.0,13779.0
2015-09-17,8,TEN,12870.0,13128.0
2015-09-17,9,TEN,12916.0,13304.0
2015-09-17,10,TEN,13203.0,13743.0
2015-09-17,11,TEN,14452.0,15232.0
2015-09-17,12,TEN,15493.0,16149.0
2015-09-17,13,TEN,15826.0,16682.0
2015-09-17,14,TEN,16392.0,17285.0
2015-09-17,15,TEN,16970.0,17966.0
2015-09-17,16,TEN,17896.0,18388.0
2015-09-17,17,TEN,18653.0,19176.0
2015-09-17,18,TEN,19524.0,20312.0
2015-09-17,19,TEN,20510.0,21154.0
2015-09-17,20,TEN,21282.0,21965.0
2015-09-17,21,TEN,21900.0,22427.0
2015-09-17,22,TEN,22202.0,22747.0
2015-09-17,23,TEN,21866.0,22375.0
2015-09-18,0,TEN,20896.0,21597.0
2015-09-18,1,TEN,20743.0,21389.0
2015-09-18,2,TEN,19930.0,20776.0
2015-09-18,3,TEN,18356.0,19390.0
2015-09-18,4,TEN,16959.0,17477.0
2015-09-18,5,TEN,15194.0,15677.0
2015-09-18,6,TEN,14166.0,14625.0
2015-09-18,7,TEN,13854.0,13958.0
2015-09-18,8,TEN,12966.0,13470.0
2015-09-18,9,TEN,13070.0,13459.0
2015-09-18,10,TEN,13377.0,13824.0
2015-09-18,11,TEN,14439.0,15172.0
2015-09-18,12,TEN,15651.0,16432.0
2015-09-18,13,TEN,15872.0,16673.0
2015-09-18,14,TEN,16619.0,17234.0
2015-09-18,15,TEN,17539.0,17947.0
2015-09-18,16,TEN,18690.0,18893.0
2015-09-18,17,TEN,19583.0,19870.0
2015-09-18,18,TEN,20880.0,21003.0
2015-09-18,19,TEN,21692.0,22059.0
2015-09-18,20,TEN,22317.0,22623.0
2015-09-18,21,TEN,22925.0,23397.0
2015-09-18,22,TEN,23151.0,23600.0
2015-09-18,23,TEN,22602.0,22934.0
2015-09-19,0,TEN,21285.0,21713.0
2015-09-19,1,TEN,20594.0,21029.0
2015-09-19,2,TEN,19609.0,20219.0
2015-09-19,3,TEN,18237.0,19324.0
2015-09-19,4,TEN,17101.0,17682.0
2015-09-19,5,TEN,15458.0,15984.0
2015-09-19,6,TEN,14257.0,14519.0
2015-09-19,7,TEN,13700.0,14050.0
2015-09-19,8,TEN,13186.0,13562.0
2015-09-19,9,TEN,12884.0,13187.0
2015-09-19,10,TEN,12805.0,13143.0
2015-09-19,11,TEN,13128.0,13437.0
2015-09-19,12,TEN,13453.0,13853.0
2015-09-19,13,TEN,13996.0,14551.0
2015-09-19,14,TEN,15296.0,15936.0
2015-09-19,15,TEN,16541.0,17184.0
2015-09-19,16,TEN,17746.0,18289.0
2015-09-19,17,TEN,18970.0,19414.0
2015-09-19,18,TEN,20108.0,20684.0
2015-09-19,19,TEN,21117.0,21603.0
2015-09-19,20,TEN,21854.0,22288.0
2015-09-19,21,TEN,22169.0,22719.0
2015-09-19,22,TEN,21978.0,22401.0
2015-09-19,23,TEN,21373.0,21882.0
2015-09-20,0,TEN,20508.0,20990.0
2015-09-20,1,TEN,20179.0,20531.0
2015-09-20,2,TEN,19183.0,19505.0
2015-09-20,3,TEN,17980.0,18343.0
2015-09-20,4,TEN,16770.0,16981.0
2015-09-20,5,TEN,15314.0,15655.0
2015-09-20,6,TEN,14372.0,14684.0
2015-09-20,7,TEN,13688.0,13954.0
2015-09-20,8,TEN,13113.0,13301.0
2015-09-20,9,TEN,12801.0,12767.0
2015-09-20,10,TEN,12542.0,12581.0
2015-09-20,11,TEN,12658.0,12968.0
2015-09-20,12,TEN,12888.0,13301.0
2015-09-20,13,TEN,13535.0,14044.0
2015-09-20,14,TEN,14656.0,15393.0
2015-09-20,15,TEN,15566.0,16334.0
2015-09-20,16,TEN,16432.0,17267.0
2015-09-20,17,TEN,17335.0,18272.0
2015-09-20,18,TEN,18276.0,19415.0
2015-09-20,19,TEN,19056.0,20189.0
2015-09-20,20,TEN,19483.0,20432.0
2015-09-20,21,TEN,19833.0,20756.0
2015-09-20,22,TEN,20001.0,20947.0
2015-09-20,23,TEN,19476.0,20655.0
2015-09-21,0,TEN,19002.0,20255.0
2015-09-21,1,TEN,19120.0,20055.0
2015-09-21,2,TEN,18167.0,19148.0
2015-09-21,3,TEN,16849.0,17614.0
2015-09-21,4,TEN,15379.0,16056.0
2015-09-21,5,TEN,14168.0,14886.0
2015-09-21,6,TEN,13452.0,13790.0
2015-09-21,7,TEN,12908.0,13263.0
2015-09-21,8,TEN,12666.0,12985.0
2015-09-21,9,TEN,12638.0,12998.0
2015-09-21,10,TEN,13198.0,13777.0
2015-09-21,11,TEN,14391.0,14963.0
2015-09-21,12,TEN,15706.0,16373.0
2015-09-21,13,TEN,15946.0,16569.0
2015-09-21,14,TEN,16231.0,17024.0
2015-09-21,15,TEN,16618.0,17421.0
2015-09-21,16,TEN,17240.0,17998.0
2015-09-21,17,TEN,17735.0,18690.0
2015-09-21,18,TEN,18199.0,19063.0
2015-09-21,19,TEN,18809.0,19804.0
2015-09-21,20,TEN,19241.0,20044.0
2015-09-21,21,TEN,19710.0,20518.0
2015-09-21,22,TEN,19844.0,20711.0
2015-09-21,23,TEN,19548.0,20432.0
2015-09-22,0,TEN,19109.0,19989.0
2015-09-22,1,TEN,19188.0,19889.0
2015-09-22,2,TEN,18505.0,19268.0
2015-09-22,3,TEN,17151.0,17596.0
2015-09-22,4,TEN,15528.0,15759.0
2015-09-22,5,TEN,14311.0,14344.0
2015-09-22,6,TEN,13422.0,13777.0
2015-09-22,7,TEN,12865.0,13542.0
2015-09-22,8,TEN,12556.0,13461.0
2015-09-22,9,TEN,12562.0,13481.0
2015-09-22,10,TEN,12940.0,13681.0
2015-09-22,11,TEN,14142.0,14444.0
2015-09-22,12,TEN,15335.0,15715.0
2015-09-22,13,TEN,15490.0,16069.0
2015-09-22,14,TEN,15921.0,16881.0
2015-09-22,15,TEN,16586.0,17408.0
2015-09-22,16,TEN,17239.0,18090.0
2015-09-22,17,TEN,17902.0,18736.0
2015-09-22,18,TEN,18668.0,19329.0
2015-09-22,19,TEN,19240.0,20222.0
2015-09-22,20,TEN,20246.0,21071.0
2015-09-22,21,TEN,20868.0,21680.0
2015-09-22,22,TEN,21220.0,21809.0
2015-09-22,23,TEN,20928.0,21485.0
2015-09-23,0,TEN,20214.0,20840.0
2015-09-23,1,TEN,20032.0,20564.0
2015-09-23,2,TEN,19270.0,19969.0
2015-09-23,3,TEN,17696.0,18125.0
2015-09-23,4,TEN,16099.0,16353.0
2015-09-23,5,TEN,14757.0,15002.0
2015-09-23,6,TEN,13943.0,14330.0
2015-09-23,7,TEN,13282.0,13655.0
2015-09-23,8,TEN,12932.0,13311.0
2015-09-23,9,TEN,12830.0,13317.0
2015-09-23,10,TEN,13184.0,13634.0
2015-09-23,11,TEN,14207.0,14785.0
2015-09-23,12,TEN,15334.0,16038.0
2015-09-23,13,TEN,15637.0,16591.0
2015-09-23,14,TEN,16131.0,17209.0
2015-09-23,15,TEN,16936.0,17996.0
2015-09-23,16,TEN,17875.0,18926.0
2015-09-23,17,TEN,18742.0,19768.0
2015-09-23,18,TEN,19699.0,20641.0
2015-09-23,19,TEN,20718.0,21718.0
2015-09-23,20,TEN,21414.0,22357.0
2015-09-23,21,TEN,22042.0,22329.0
2015-09-23,22,TEN,22318.0,22367.0
2015-09-23,23,TEN,21950.0,22283.0
2015-09-24,0,TEN,21175.0,21822.0
2015-09-24,1,TEN,20770.0,21663.0
2015-09-24,2,TEN,19765.0,20724.0
2015-09-24,3,TEN,18280.0,19259.0
2015-09-24,4,TEN,16567.0,17086.0
2015-09-24,5,TEN,15196.0,15694.0
2015-09-24,6,TEN,14326.0,14807.0
2015-09-24,7,TEN,13560.0,13718.0
2015-09-24,8,TEN,13254.0,13359.0
2015-09-24,9,TEN,13030.0,13211.0
2015-09-24,10,TEN,13311.0,13853.0
2015-09-24,11,TEN,14540.0,15132.0
2015-09-24,12,TEN,15722.0,16505.0
2015-09-24,13,TEN,15877.0,16701.0
2015-09-24,14,TEN,16465.0,17320.0
2015-09-24,15,TEN,17313.0,18221.0
2015-09-24,16,TEN,18351.0,19523.0
2015-09-24,17,TEN,19283.0,20380.0
2015-09-24,18,TEN,20111.0,21219.0
2015-09-24,19,TEN,21074.0,22093.0
2015-09-24,20,TEN,21725.0,22624.0
2015-09-24,21,TEN,22118.0,22937.0
2015-09-24,22,TEN,22011.0,22865.0
2015-09-24,23,TEN,21445.0,22341.0
2015-09-25,0,TEN,20862.0,21871.0
2015-09-25,1,TEN,20743.0,21747.0
2015-09-25,2,TEN,19798.0,20819.0
2015-09-25,3,TEN,18350.0,19118.0
2015-09-25,4,TEN,16743.0,17377.0
2015-09-25,5,TEN,15300.0,15827.0
2015-09-25,6,TEN,14322.0,14784.0
2015-09-25,7,TEN,13639.0,13880.0
2015-09-25,8,TEN,13316.0,13440.0
2015-09-25,9,TEN,13190.0,13350.0
2015-09-25,10,TEN,13651.0,13976.0
2015-09-25,11,TEN,14644.0,14863.0
2015-09-25,12,TEN,16010.0,16455.0
2015-09-25,13,TEN,16178.0,16945.0
2015-09-25,14,TEN,16438.0,17339.0
2015-09-25,15,TEN,16949.0,17924.0
2015-09-25,16,TEN,17471.0,18409.0
2015-09-25,17,TEN,17815.0,18907.0
2015-09-25,18,TEN,18047.0,19030.0
2015-09-25,19,TEN,18188.0,19204.0
2015-09-25,20,TEN,18290.0,19341.0
2015-09-25,21,TEN,18217.0,19235.0
2015-09-25,22,TEN,18043.0,19059.0
2015-09-25,23,TEN,17756.0,18726.0
2015-09-26,0,TEN,17619.0,18515.0
2015-09-26,1,TEN,17580.0,18405.0
2015-09-26,2,TEN,17077.0,17826.0
2015-09-26,3,TEN,16395.0,16773.0
2015-09-26,4,TEN,15509.0,15901.0
2015-09-26,5,TEN,14415.0,14710.0
2015-09-26,6,TEN,13618.0,14025.0
2015-09-26,7,TEN,13022.0,13458.0
2015-09-26,8,TEN,12684.0,13102.0
2015-09-26,9,TEN,12491.0,12932.0
2015-09-26,10,TEN,12521.0,12993.0
2015-09-26,11,TEN,12872.0,13113.0
2015-09-26,12,TEN,13403.0,13887.0
2015-09-26,13,TEN,13912.0,14619.0
2015-09-26,14,TEN,14742.0,15529.0
2015-09-26,15,TEN,15527.0,16244.0
2015-09-26,16,TEN,16059.0,16841.0
2015-09-26,17,TEN,16393.0,17351.0
2015-09-26,18,TEN,16687.0,17690.0
2015-09-26,19,TEN,16914.0,17892.0
2015-09-26,20,TEN,17050.0,18145.0
2015-09-26,21,TEN,17076.0,18134.0
2015-09-26,22,TEN,17065.0,18164.0
2015-09-26,23,TEN,16841.0,17975.0
2015-09-27,0,TEN,17010.0,18010.0
2015-09-27,1,TEN,17322.0,18173.0
2015-09-27,2,TEN,16901.0,17545.0
2015-09-27,3,TEN,16049.0,16537.0
2015-09-27,4,TEN,15128.0,15553.0
2015-09-27,5,TEN,14128.0,14590.0
2015-09-27,6,TEN,13314.0,13634.0
2015-09-27,7,TEN,12740.0,13079.0
2015-09-27,8,TEN,12315.0,12598.0
2015-09-27,9,TEN,12331.0,12322.0
2015-09-27,10,TEN,12362.0,12311.0
2015-09-27,11,TEN,12466.0,12631.0
2015-09-27,12,TEN,12921.0,13226.0
2015-09-27,13,TEN,13482.0,13897.0
2015-09-27,14,TEN,14562.0,15278.0
2015-09-27,15,TEN,15359.0,16102.0
2015-09-27,16,TEN,15912.0,16699.0
2015-09-27,17,TEN,16620.0,17440.0
2015-09-27,18,TEN,17385.0,18249.0
2015-09-27,19,TEN,17904.0,18776.0
2015-09-27,20,TEN,18279.0,19097.0
2015-09-27,21,TEN,18477.0,19400.0
2015-09-27,22,TEN,18848.0,19849.0
2015-09-27,23,TEN,18732.0,19763.0
2015-09-28,0,TEN,18749.0,19780.0
2015-09-28,1,TEN,19125.0,19846.0
2015-09-28,2,TEN,18399.0,18923.0
2015-09-28,3,TEN,17159.0,17568.0
2015-09-28,4,TEN,15899.0,16243.0
2015-09-28,5,TEN,14786.0,15113.0
2015-09-28,6,TEN,13986.0,14392.0
2015-09-28,7,TEN,13476.0,13862.0
2015-09-28,8,TEN,13311.0,13636.0
2015-09-28,9,TEN,13234.0,13566.0
2015-09-28,10,TEN,13735.0,14100.0
2015-09-28,11,TEN,14981.0,15382.0
2015-09-28,12,TEN,16447.0,17099.0
2015-09-28,13,TEN,16898.0,17665.0
2015-09-28,14,TEN,17242.0,18157.0
2015-09-28,15,TEN,17873.0,18646.0
2015-09-28,16,TEN,18440.0,19289.0
2015-09-28,17,TEN,18855.0,19788.0
2015-09-28,18,TEN,19212.0,20363.0
2015-09-28,19,TEN,19519.0,20639.0
2015-09-28,20,TEN,19657.0,20752.0
2015-09-28,21,TEN,19601.0,20706.0
2015-09-28,22,TEN,19605.0,20928.0
2015-09-28,23,TEN,19585.0,20945.0
2015-09-29,0,TEN,19953.0,21243.0
2015-09-29,1,TEN,20158.0,21311.0
2015-09-29,2,TEN,19629.0,20489.0
2015-09-29,3,TEN,18544.0,19082.0
2015-09-29,4,TEN,17185.0,17568.0
2015-09-29,5,TEN,15894.0,16202.0
2015-09-29,6,TEN,15083.0,15626.0
2015-09-29,7,TEN,14548.0,15213.0
2015-09-29,8,TEN,14184.0,14853.0
2015-09-29,9,TEN,14053.0,14694.0
2015-09-29,10,TEN,14538.0,15242.0
2015-09-29,11,TEN,15863.0,16723.0
2015-09-29,12,TEN,17298.0,18050.0
2015-09-29,13,TEN,17558.0,18087.0
2015-09-29,14,TEN,17828.0,18486.0
2015-09-29,15,TEN,18150.0,18820.0
2015-09-29,16,TEN,18538.0,19551.0
2015-09-29,17,TEN,19162.0,20133.0
2015-09-29,18,TEN,19148.0,20358.0
2015-09-29,19,TEN,19355.0,20709.0
2015-09-29,20,TEN,19664.0,20999.0
2015-09-29,21,TEN,19921.0,21224.0
2015-09-29,22,TEN,20079.0,21417.0
2015-09-29,23,TEN,19851.0,21177.0
2015-09-30,0,TEN,19836.0,21174.0
2015-09-30,1,TEN,19921.0,21188.0
2015-09-30,2,TEN,19170.0,20441.0
2015-09-30,3,TEN,18185.0,19187.0
2015-09-30,4,TEN,16804.0,17689.0
2015-09-30,5,TEN,15483.0,15907.0
2015-09-30,6,TEN,14627.0,15196.0
2015-09-30,7,TEN,14189.0,14861.0
2015-09-30,8,TEN,13769.0,14567.0
2015-09-30,9,TEN,13750.0,14658.0
2015-09-30,10,TEN,14207.0,15206.0
2015-09-30,11,TEN,15343.0,16403.0
2015-09-30,12,TEN,16744.0,17682.0
2015-09-30,13,TEN,16951.0,18064.0
2015-09-30,14,TEN,17145.0,18491.0
2015-09-30,15,TEN,17480.0,18925.0
2015-09-30,16,TEN,17855.0,19342.0
2015-09-30,17,TEN,17934.0,19506.0
2015-09-30,18,TEN,18076.0,19648.0
2015-09-30,19,TEN,18343.0,19903.0
2015-09-30,20,TEN,18289.0,19931.0
2015-09-30,21,TEN,18212.0,19852.0
2015-09-30,22,TEN,18091.0,19951.0
2015-09-30,23,TEN,17834.0,19745.0
2015-10-01,0,TEN,18125.0,19808.0
2015-10-01,1,TEN,18189.0,19752.0
2015-10-01,2,TEN,17569.0,19061.0
2015-10-01,3,TEN,16680.0,17633.0
2015-10-01,4,TEN,15380.0,16059.0
2015-10-01,5,TEN,14109.0,14700.0
2015-10-01,6,TEN,13481.0,14301.0
2015-10-01,7,TEN,12976.0,13798.0
2015-10-01,8,TEN,12714.0,13596.0
2015-10-01,9,TEN,12734.0,13654.0
2015-10-01,10,TEN,13112.0,14037.0
2015-10-01,11,TEN,14283.0,15443.0
2015-10-01,12,TEN,15598.0,17016.0
2015-10-01,13,TEN,15696.0,17262.0
2015-10-01,14,TEN,15919.0,17633.0
2015-10-01,15,TEN,16101.0,17610.0
2015-10-01,16,TEN,16242.0,17927.0
2015-10-01,17,TEN,16363.0,18355.0
2015-10-01,18,TEN,16306.0,18285.0
2015-10-01,19,TEN,16235.0,18284.0
2015-10-01,20,TEN,16193.0,18093.0
2015-10-01,21,TEN,16191.0,18049.0
2015-10-01,22,TEN,16225.0,18119.0
2015-10-01,23,TEN,16199.0,17928.0
2015-10-02,0,TEN,16499.0,18161.0
2015-10-02,1,TEN,16971.0,18615.0
2015-10-02,2,TEN,16547.0,18208.0
2015-10-02,3,TEN,15650.0,16506.0
2015-10-02,4,TEN,14528.0,15290.0
2015-10-02,5,TEN,13499.0,14211.0
2015-10-02,6,TEN,12692.0,13382.0
2015-10-02,7,TEN,12318.0,12627.0
2015-10-02,8,TEN,12130.0,12580.0
2015-10-02,9,TEN,12087.0,12943.0
2015-10-02,10,TEN,12551.0,13376.0
2015-10-02,11,TEN,13788.0,14818.0
2015-10-02,12,TEN,15219.0,16438.0
2015-10-02,13,TEN,15350.0,16607.0
2015-10-02,14,TEN,15480.0,16703.0
2015-10-02,15,TEN,15570.0,16781.0
2015-10-02,16,TEN,15694.0,16923.0
2015-10-02,17,TEN,15712.0,17275.0
2015-10-02,18,TEN,15410.0,16888.0
2015-10-02,19,TEN,15247.0,16704.0
2015-10-02,20,TEN,15109.0,16648.0
2015-10-02,21,TEN,14963.0,16597.0
2015-10-02,22,TEN,14884.0,16564.0
2015-10-02,23,TEN,14940.0,16558.0
2015-10-03,0,TEN,15333.0,16545.0
2015-10-03,1,TEN,15619.0,16627.0
2015-10-03,2,TEN,15374.0,16295.0
2015-10-03,3,TEN,14794.0,15456.0
2015-10-03,4,TEN,13892.0,14207.0
2015-10-03,5,TEN,13061.0,13334.0
2015-10-03,6,TEN,12396.0,12529.0
2015-10-03,7,TEN,11988.0,12056.0
2015-10-03,8,TEN,11788.0,11909.0
2015-10-03,9,TEN,11725.0,11923.0
2015-10-03,10,TEN,11812.0,12018.0
2015-10-03,11,TEN,12197.0,12490.0
2015-10-03,12,TEN,12813.0,12921.0
2015-10-03,13,TEN,13251.0,13645.0
2015-10-03,14,TEN,13907.0,14405.0
2015-10-03,15,TEN,14528.0,15100.0
2015-10-03,16,TEN,14808.0,15552.0
2015-10-03,17,TEN,14736.0,15488.0
2015-10-03,18,TEN,14643.0,15428.0
2015-10-03,19,TEN,14516.0,15343.0
2015-10-03,20,TEN,14480.0,15261.0
2015-10-03,21,TEN,14343.0,15150.0
2015-10-03,22,TEN,14500.0,15262.0
2015-10-03,23,TEN,14644.0,15363.0
2015-10-04,0,TEN,15161.0,15823.0
2015-10-04,1,TEN,15253.0,16009.0
2015-10-04,2,TEN,15007.0,15633.0
2015-10-04,3,TEN,14355.0,14560.0
2015-10-04,4,TEN,13601.0,13749.0
2015-10-04,5,TEN,12769.0,12851.0
2015-10-04,6,TEN,12217.0,12267.0
2015-10-04,7,TEN,11798.0,12004.0
2015-10-04,8,TEN,11628.0,11915.0
2015-10-04,9,TEN,11506.0,11783.0
2015-10-04,10,TEN,11633.0,11969.0
2015-10-04,11,TEN,11874.0,12248.0
2015-10-04,12,TEN,12344.0,12754.0
2015-10-04,13,TEN,12958.0,13268.0
2015-10-04,14,TEN,13720.0,14194.0
2015-10-04,15,TEN,14047.0,14274.0
2015-10-04,16,TEN,14074.0,14473.0
2015-10-04,17,TEN,14147.0,14454.0
2015-10-04,18,TEN,14253.0,14588.0
2015-10-04,19,TEN,14192.0,14795.0
2015-10-04,20,TEN,14413.0,15034.0
2015-10-04,21,TEN,14621.0,15272.0
2015-10-04,22,TEN,14910.0,15531.0
2015-10-04,23,TEN,15074.0,15726.0
2015-10-05,0,TEN,15641.0,16110.0
2015-10-05,1,TEN,16302.0,16778.0
2015-10-05,2,TEN,15881.0,16475.0
2015-10-05,3,TEN,14908.0,15346.0
2015-10-05,4,TEN,13816.0,14072.0
2015-10-05,5,TEN,12802.0,12966.0
2015-10-05,6,TEN,12229.0,12423.0
2015-10-05,7,TEN,11850.0,12100.0
2015-10-05,8,TEN,11702.0,12061.0
2015-10-05,9,TEN,11782.0,12182.0
2015-10-05,10,TEN,12264.0,12717.0
2015-10-05,11,TEN,13391.0,13849.0
2015-10-05,12,TEN,14614.0,14872.0
2015-10-05,13,TEN,15003.0,15465.0
2015-10-05,14,TEN,15562.0,15939.0
2015-10-05,15,TEN,16027.0,16455.0
2015-10-05,16,TEN,16493.0,16879.0
2015-10-05,17,TEN,17121.0,17433.0
2015-10-05,18,TEN,17696.0,18094.0
2015-10-05,19,TEN,18194.0,18594.0
2015-10-05,20,TEN,18704.0,18794.0
2015-10-05,21,TEN,19135.0,18945.0
2015-10-05,22,TEN,19394.0,19235.0
2015-10-05,23,TEN,19199.0,19228.0
2015-10-06,0,TEN,19156.0,19203.0
2015-10-06,1,TEN,19399.0,19372.0
2015-10-06,2,TEN,18681.0,19055.0
2015-10-06,3,TEN,17468.0,17818.0
2015-10-06,4,TEN,15949.0,16149.0
2015-10-06,5,TEN,14518.0,14736.0
2015-10-06,6,TEN,13704.0,13846.0
2015-10-06,7,TEN,13204.0,13435.0
2015-10-06,8,TEN,12844.0,13090.0
2015-10-06,9,TEN,12781.0,13042.0
2015-10-06,10,TEN,13169.0,13442.0
2015-10-06,11,TEN,14355.0,14505.0
2015-10-06,12,TEN,15483.0,15240.0
2015-10-06,13,TEN,15691.0,15602.0
2015-10-06,14,TEN,16186.0,16145.0
2015-10-06,15,TEN,16853.0,16807.0
2015-10-06,16,TEN,17594.0,17451.0
2015-10-06,17,TEN,18361.0,18020.0
2015-10-06,18,TEN,19219.0,18848.0
2015-10-06,19,TEN,19766.0,19335.0
2015-10-06,20,TEN,20326.0,19620.0
2015-10-06,21,TEN,20809.0,20092.0
2015-10-06,22,TEN,20818.0,20286.0
2015-10-06,23,TEN,20368.0,19742.0
2015-10-07,0,TEN,19997.0,19556.0
2015-10-07,1,TEN,19989.0,19498.0
2015-10-07,2,TEN,19025.0,18699.0
2015-10-07,3,TEN,17811.0,17578.0
2015-10-07,4,TEN,16269.0,16411.0
2015-10-07,5,TEN,14789.0,14978.0
2015-10-07,6,TEN,13901.0,14008.0
2015-10-07,7,TEN,13233.0,13445.0
2015-10-07,8,TEN,12885.0,13097.0
2015-10-07,9,TEN,12800.0,13085.0
2015-10-07,10,TEN,13009.0,13327.0
2015-10-07,11,TEN,14262.0,14507.0
2015-10-07,12,TEN,15366.0,15550.0
2015-10-07,13,TEN,15540.0,15695.0
2015-10-07,14,TEN,15968.0,15945.0
2015-10-07,15,TEN,16633.0,16463.0
2015-10-07,16,TEN,17412.0,17266.0
2015-10-07,17,TEN,18279.0,18150.0
2015-10-07,18,TEN,19218.0,19086.0
2015-10-07,19,TEN,19966.0,19575.0
2015-10-07,20,TEN,20531.0,19856.0
2015-10-07,21,TEN,20848.0,20406.0
2015-10-07,22,TEN,21073.0,20382.0
2015-10-07,23,TEN,20593.0,19972.0
2015-10-08,0,TEN,20148.0,19890.0
2015-10-08,1,TEN,19762.0,19410.0
2015-10-08,2,TEN,18903.0,18844.0
2015-10-08,3,TEN,17736.0,17634.0
2015-10-08,4,TEN,16152.0,16072.0
2015-10-08,5,TEN,14778.0,15053.0
2015-10-08,6,TEN,13809.0,14080.0
2015-10-08,7,TEN,13310.0,13647.0
2015-10-08,8,TEN,12995.0,13352.0
2015-10-08,9,TEN,12763.0,13155.0
2015-10-08,10,TEN,13176.0,13556.0
2015-10-08,11,TEN,14475.0,14814.0
2015-10-08,12,TEN,15564.0,15720.0
2015-10-08,13,TEN,15704.0,15974.0
2015-10-08,14,TEN,16242.0,16456.0
2015-10-08,15,TEN,16959.0,17141.0
2015-10-08,16,TEN,17849.0,18341.0
2015-10-08,17,TEN,18617.0,19065.0
2015-10-08,18,TEN,19410.0,19703.0
2015-10-08,19,TEN,19973.0,20078.0
2015-10-08,20,TEN,20977.0,20766.0
2015-10-08,21,TEN,20596.0,20472.0
2015-10-08,22,TEN,20565.0,20196.0
2015-10-08,23,TEN,20073.0,20213.0
2015-10-09,0,TEN,20017.0,20049.0
2015-10-09,1,TEN,19948.0,19829.0
2015-10-09,2,TEN,19184.0,19556.0
2015-10-09,3,TEN,18012.0,18426.0
2015-10-09,4,TEN,16530.0,16559.0
2015-10-09,5,TEN,15209.0,15359.0
2015-10-09,6,TEN,14275.0,14414.0
2015-10-09,7,TEN,13799.0,14012.0
2015-10-09,8,TEN,13353.0,13636.0
2015-10-09,9,TEN,13194.0,13500.0
2015-10-09,10,TEN,13493.0,13842.0
2015-10-09,11,TEN,14534.0,15021.0
2015-10-09,12,TEN,15788.0,16273.0
2015-10-09,13,TEN,16026.0,16561.0
2015-10-09,14,TEN,16638.0,17073.0
2015-10-09,15,TEN,17243.0,17773.0
2015-10-09,16,TEN,18036.0,18398.0
2015-10-09,17,TEN,18790.0,19361.0
2015-10-09,18,TEN,19392.0,19916.0
2015-10-09,19,TEN,19679.0,20068.0
2015-10-09,20,TEN,19603.0,20026.0
2015-10-09,21,TEN,19311.0,19786.0
2015-10-09,22,TEN,18715.0,19256.0
2015-10-09,23,TEN,18075.0,18486.0
2015-10-10,0,TEN,17882.0,18345.0
2015-10-10,1,TEN,17618.0,17988.0
2015-10-10,2,TEN,17040.0,17447.0
2015-10-10,3,TEN,16204.0,16569.0
2015-10-10,4,TEN,15235.0,15500.0
2015-10-10,5,TEN,13968.0,14264.0
2015-10-10,6,TEN,13262.0,13155.0
2015-10-10,7,TEN,12730.0,12967.0
2015-10-10,8,TEN,12419.0,12693.0
2015-10-10,9,TEN,12264.0,12623.0
2015-10-10,10,TEN,12215.0,12595.0
2015-10-10,11,TEN,12492.0,12782.0
2015-10-10,12,TEN,13089.0,13333.0
2015-10-10,13,TEN,13488.0,13745.0
2015-10-10,14,TEN,14224.0,14460.0
2015-10-10,15,TEN,14732.0,14953.0
2015-10-10,16,TEN,14969.0,15321.0
2015-10-10,17,TEN,15075.0,15784.0
2015-10-10,18,TEN,14996.0,15754.0
2015-10-10,19,TEN,14952.0,15710.0
2015-10-10,20,TEN,15026.0,15739.0
2015-10-10,21,TEN,15167.0,15861.0
2015-10-10,22,TEN,15235.0,15996.0
2015-10-10,23,TEN,15143.0,15879.0
2015-10-11,0,TEN,15420.0,16128.0
2015-10-11,1,TEN,15579.0,16238.0
2015-10-11,2,TEN,15034.0,15509.0
2015-10-11,3,TEN,14469.0,14866.0
2015-10-11,4,TEN,13502.0,13686.0
2015-10-11,5,TEN,12713.0,12846.0
2015-10-11,6,TEN,12135.0,12283.0
2015-10-11,7,TEN,11739.0,11798.0
2015-10-11,8,TEN,11489.0,11595.0
2015-10-11,9,TEN,11345.0,11428.0
2015-10-11,10,TEN,11502.0,11473.0
2015-10-11,11,TEN,11802.0,11786.0
2015-10-11,12,TEN,12279.0,12479.0
2015-10-11,13,TEN,12800.0,12990.0
2015-10-11,14,TEN,13569.0,13891.0
2015-10-11,15,TEN,13937.0,14358.0
2015-10-11,16,TEN,13991.0,14430.0
2015-10-11,17,TEN,14126.0,14619.0
2015-10-11,18,TEN,14392.0,14854.0
2015-10-11,19,TEN,14678.0,15089.0
2015-10-11,20,TEN,14954.0,15331.0
2015-10-11,21,TEN,15286.0,15668.0
2015-10-11,22,TEN,15676.0,16060.0
2015-10-11,23,TEN,15662.0,16061.0
2015-10-12,0,TEN,16019.0,16372.0
2015-10-12,1,TEN,16159.0,16652.0
2015-10-12,2,TEN,15595.0,15863.0
2015-10-12,3,TEN,14645.0,15106.0
2015-10-12,4,TEN,13694.0,13911.0
2015-10-12,5,TEN,12910.0,13001.0
2015-10-12,6,TEN,12201.0,12418.0
2015-10-12,7,TEN,11986.0,12198.0
2015-10-12,8,TEN,11785.0,12021.0
2015-10-12,9,TEN,11773.0,12083.0
2015-10-12,10,TEN,12294.0,12562.0
2015-10-12,11,TEN,13470.0,13666.0
2015-10-12,12,TEN,14783.0,15125.0
2015-10-12,13,TEN,15149.0,15625.0
2015-10-12,14,TEN,15473.0,16007.0
2015-10-12,15,TEN,15865.0,16358.0
2015-10-12,16,TEN,16166.0,16692.0
2015-10-12,17,TEN,16428.0,16955.0
2015-10-12,18,TEN,16704.0,17168.0
2015-10-12,19,TEN,17213.0,17595.0
2015-10-12,20,TEN,17602.0,18559.0
2015-10-12,21,TEN,17995.0,18586.0
2015-10-12,22,TEN,18230.0,18710.0
2015-10-12,23,TEN,18002.0,18515.0
2015-10-13,0,TEN,18433.0,18774.0
2015-10-13,1,TEN,18603.0,18900.0
2015-10-13,2,TEN,17825.0,18248.0
2015-10-13,3,TEN,16760.0,17116.0
2015-10-13,4,TEN,15437.0,15754.0
2015-10-13,5,TEN,14289.0,14461.0
2015-10-13,6,TEN,13457.0,13580.0
2015-10-13,7,TEN,12892.0,13063.0
2015-10-13,8,TEN,12536.0,12694.0
2015-10-13,9,TEN,12551.0,12699.0
2015-10-13,10,TEN,12893.0,13053.0
2015-10-13,11,TEN,13905.0,14130.0
2015-10-13,12,TEN,15134.0,15637.0
2015-10-13,13,TEN,15288.0,15806.0
2015-10-13,14,TEN,15543.0,16055.0
2015-10-13,15,TEN,16046.0,16628.0
2015-10-13,16,TEN,16542.0,17190.0
2015-10-13,17,TEN,16841.0,17502.0
2015-10-13,18,TEN,17134.0,17682.0
2015-10-13,19,TEN,17259.0,17796.0
2015-10-13,20,TEN,17438.0,17901.0
2015-10-13,21,TEN,17615.0,17998.0
2015-10-13,22,TEN,17615.0,17994.0
2015-10-13,23,TEN,17236.0,18131.0
2015-10-14,0,TEN,17379.0,18277.0
2015-10-14,1,TEN,17586.0,18304.0
2015-10-14,2,TEN,16815.0,17243.0
2015-10-14,3,TEN,15789.0,16197.0
2015-10-14,4,TEN,14492.0,14745.0
2015-10-14,5,TEN,13449.0,13572.0
2015-10-14,6,TEN,12808.0,12981.0
2015-10-14,7,TEN,12385.0,12605.0
2015-10-14,8,TEN,12262.0,12466.0
2015-10-14,9,TEN,12358.0,12576.0
2015-10-14,10,TEN,12797.0,12898.0
2015-10-14,11,TEN,14115.0,14159.0
2015-10-14,12,TEN,15405.0,15763.0
2015-10-14,13,TEN,15547.0,15980.0
2015-10-14,14,TEN,15714.0,16124.0
2015-10-14,15,TEN,15847.0,16350.0
2015-10-14,16,TEN,16054.0,16569.0
2015-10-14,17,TEN,16231.0,16734.0
2015-10-14,18,TEN,16268.0,16801.0
2015-10-14,19,TEN,16414.0,16928.0
2015-10-14,20,TEN,16688.0,17188.0
2015-10-14,21,TEN,17034.0,17415.0
2015-10-14,22,TEN,17314.0,17671.0
2015-10-14,23,TEN,17091.0,17606.0
2015-10-15,0,TEN,17230.0,17601.0
2015-10-15,1,TEN,17409.0,17697.0
2015-10-15,2,TEN,16839.0,17249.0
2015-10-15,3,TEN,15868.0,16224.0
2015-10-15,4,TEN,14564.0,14760.0
2015-10-15,5,TEN,13600.0,13716.0
2015-10-15,6,TEN,12985.0,13206.0
2015-10-15,7,TEN,12592.0,12854.0
2015-10-15,8,TEN,12425.0,12702.0
2015-10-15,9,TEN,12478.0,12766.0
2015-10-15,10,TEN,12988.0,13196.0
2015-10-15,11,TEN,14166.0,14391.0
2015-10-15,12,TEN,15490.0,15951.0
2015-10-15,13,TEN,15618.0,16092.0
2015-10-15,14,TEN,15636.0,16185.0
2015-10-15,15,TEN,15849.0,16344.0
2015-10-15,16,TEN,16180.0,16628.0
2015-10-15,17,TEN,16324.0,16831.0
2015-10-15,18,TEN,16543.0,17096.0
2015-10-15,19,TEN,16742.0,17309.0
2015-10-15,20,TEN,17275.0,17695.0
2015-10-15,21,TEN,17758.0,18273.0
2015-10-15,22,TEN,17941.0,18330.0
2015-10-15,23,TEN,17693.0,18071.0
2015-10-16,0,TEN,17772.0,17875.0
2015-10-16,1,TEN,17921.0,18095.0
2015-10-16,2,TEN,17298.0,17442.0
2015-10-16,3,TEN,16296.0,16322.0
2015-10-16,4,TEN,15063.0,15398.0
2015-10-16,5,TEN,13903.0,14112.0
2015-10-16,6,TEN,13238.0,13467.0
2015-10-16,7,TEN,12772.0,13013.0
2015-10-16,8,TEN,12518.0,12722.0
2015-10-16,9,TEN,12453.0,12718.0
2015-10-16,10,TEN,12902.0,13165.0
2015-10-16,11,TEN,13979.0,14253.0
2015-10-16,12,TEN,15213.0,15667.0
2015-10-16,13,TEN,15433.0,16080.0
2015-10-16,14,TEN,15603.0,16329.0
2015-10-16,15,TEN,15843.0,16535.0
2015-10-16,16,TEN,16018.0,16683.0
2015-10-16,17,TEN,16014.0,16682.0
2015-10-16,18,TEN,16000.0,16630.0
2015-10-16,19,TEN,15844.0,16496.0
2015-10-16,20,TEN,15852.0,16470.0
2015-10-16,21,TEN,15835.0,16474.0
2015-10-16,22,TEN,15723.0,16387.0
2015-10-16,23,TEN,15493.0,16181.0
2015-10-17,0,TEN,15683.0,16277.0
2015-10-17,1,TEN,15872.0,16323.0
2015-10-17,2,TEN,15628.0,16081.0
2015-10-17,3,TEN,15051.0,15551.0
2015-10-17,4,TEN,14255.0,14512.0
2015-10-17,5,TEN,13472.0,13662.0
2015-10-17,6,TEN,12934.0,13043.0
2015-10-17,7,TEN,12603.0,12710.0
2015-10-17,8,TEN,12530.0,12648.0
2015-10-17,9,TEN,12449.0,12641.0
2015-10-17,10,TEN,12719.0,12888.0
2015-10-17,11,TEN,13180.0,13442.0
2015-10-17,12,TEN,14043.0,14260.0
2015-10-17,13,TEN,14749.0,15024.0
2015-10-17,14,TEN,15226.0,15541.0
2015-10-17,15,TEN,15200.0,15457.0
2015-10-17,16,TEN,14973.0,15238.0
2015-10-17,17,TEN,14814.0,15166.0
2015-10-17,18,TEN,14248.0,14509.0
2015-10-17,19,TEN,14113.0,14392.0
2015-10-17,20,TEN,13999.0,14254.0
2015-10-17,21,TEN,13965.0,14251.0
2015-10-17,22,TEN,14118.0,14282.0
2015-10-17,23,TEN,14232.0,14450.0
2015-10-18,0,TEN,15080.0,15129.0
2015-10-18,1,TEN,15370.0,15662.0
2015-10-18,2,TEN,15157.0,15173.0
2015-10-18,3,TEN,14672.0,14793.0
2015-10-18,4,TEN,14069.0,14242.0
2015-10-18,5,TEN,13451.0,13796.0
2015-10-18,6,TEN,13053.0,13509.0
2015-10-18,7,TEN,12928.0,13416.0
2015-10-18,8,TEN,12872.0,13359.0
2015-10-18,9,TEN,12951.0,13350.0
2015-10-18,10,TEN,13246.0,13622.0
2015-10-18,11,TEN,13805.0,14172.0
2015-10-18,12,TEN,14504.0,15043.0
2015-10-18,13,TEN,15421.0,15496.0
2015-10-18,14,TEN,15868.0,15889.0
2015-10-18,15,TEN,15442.0,15282.0
2015-10-18,16,TEN,14867.0,14910.0
2015-10-18,17,TEN,14536.0,15001.0
2015-10-18,18,TEN,14272.0,14626.0
2015-10-18,19,TEN,14116.0,14456.0
2015-10-18,20,TEN,13972.0,14322.0
2015-10-18,21,TEN,13993.0,14365.0
2015-10-18,22,TEN,14239.0,14603.0
2015-10-18,23,TEN,14675.0,15207.0
2015-10-19,0,TEN,15828.0,16205.0
2015-10-19,1,TEN,16309.0,16638.0
2015-10-19,2,TEN,15988.0,16279.0
2015-10-19,3,TEN,15307.0,15589.0
2015-10-19,4,TEN,14545.0,14783.0
2015-10-19,5,TEN,13885.0,14091.0
2015-10-19,6,TEN,13698.0,13759.0
2015-10-19,7,TEN,13637.0,13724.0
2015-10-19,8,TEN,13780.0,13837.0
2015-10-19,9,TEN,14133.0,14258.0
2015-10-19,10,TEN,15005.0,14970.0
2015-10-19,11,TEN,16657.0,16605.0
2015-10-19,12,TEN,18425.0,18283.0
2015-10-19,13,TEN,18519.0,18538.0
2015-10-19,14,TEN,18015.0,18145.0
2015-10-19,15,TEN,17315.0,17680.0
2015-10-19,16,TEN,16966.0,17537.0
2015-10-19,17,TEN,16256.0,17046.0
2015-10-19,18,TEN,16002.0,16790.0
2015-10-19,19,TEN,15562.0,16124.0
2015-10-19,20,TEN,15385.0,15978.0
2015-10-19,21,TEN,15342.0,15885.0
2015-10-19,22,TEN,15458.0,16070.0
2015-10-19,23,TEN,15627.0,16242.0
2015-10-20,0,TEN,16501.0,17128.0
2015-10-20,1,TEN,16954.0,17327.0
2015-10-20,2,TEN,16555.0,16926.0
2015-10-20,3,TEN,15842.0,16157.0
2015-10-20,4,TEN,14732.0,14795.0
2015-10-20,5,TEN,13990.0,14060.0
2015-10-20,6,TEN,13478.0,13772.0
2015-10-20,7,TEN,13399.0,13776.0
2015-10-20,8,TEN,13379.0,13816.0
2015-10-20,9,TEN,13563.0,13910.0
2015-10-20,10,TEN,14331.0,14569.0
2015-10-20,11,TEN,15973.0,16395.0
2015-10-20,12,TEN,17555.0,17927.0
2015-10-20,13,TEN,17595.0,18057.0
2015-10-20,14,TEN,17055.0,17492.0
2015-10-20,15,TEN,16547.0,16962.0
2015-10-20,16,TEN,16184.0,16640.0
2015-10-20,17,TEN,15900.0,16669.0
2015-10-20,18,TEN,15749.0,16525.0
2015-10-20,19,TEN,15472.0,16242.0
2015-10-20,20,TEN,15415.0,16121.0
2015-10-20,21,TEN,15537.0,16277.0
2015-10-20,22,TEN,15701.0,16496.0
2015-10-20,23,TEN,15705.0,16593.0
2015-10-21,0,TEN,16529.0,17129.0
2015-10-21,1,TEN,16855.0,17303.0
2015-10-21,2,TEN,16355.0,16789.0
2015-10-21,3,TEN,15585.0,15952.0
2015-10-21,4,TEN,14338.0,14656.0
2015-10-21,5,TEN,13509.0,13620.0
2015-10-21,6,TEN,13051.0,13238.0
2015-10-21,7,TEN,12861.0,13129.0
2015-10-21,8,TEN,12748.0,13045.0
2015-10-21,9,TEN,13007.0,13313.0
2015-10-21,10,TEN,13656.0,13855.0
2015-10-21,11,TEN,15141.0,15292.0
2015-10-21,12,TEN,16680.0,16692.0
2015-10-21,13,TEN,16604.0,16804.0
2015-10-21,14,TEN,16310.0,16519.0
2015-10-21,15,TEN,16146.0,16512.0
2015-10-21,16,TEN,15949.0,16291.0
2015-10-21,17,TEN,15915.0,16427.0
2015-10-21,18,TEN,16200.0,16781.0
2015-10-21,19,TEN,15953.0,16576.0
2015-10-21,20,TEN,16084.0,16454.0
2015-10-21,21,TEN,16372.0,17001.0
2015-10-21,22,TEN,16426.0,17048.0
2015-10-21,23,TEN,16474.0,16867.0
2015-10-22,0,TEN,17028.0,17393.0
2015-10-22,1,TEN,17182.0,17480.0
2015-10-22,2,TEN,16693.0,17016.0
2015-10-22,3,TEN,15735.0,15983.0
2015-10-22,4,TEN,14615.0,14847.0
2015-10-22,5,TEN,13607.0,13718.0
2015-10-22,6,TEN,12913.0,13273.0
2015-10-22,7,TEN,12655.0,13279.0
2015-10-22,8,TEN,12534.0,13152.0
2015-10-22,9,TEN,12652.0,13427.0
2015-10-22,10,TEN,13354.0,13939.0
2015-10-22,11,TEN,14586.0,14930.0
2015-10-22,12,TEN,16052.0,16276.0
2015-10-22,13,TEN,16087.0,16402.0
2015-10-22,14,TEN,15945.0,16164.0
2015-10-22,15,TEN,15821.0,16020.0
2015-10-22,16,TEN,15998.0,16350.0
2015-10-22,17,TEN,16101.0,16576.0
2015-10-22,18,TEN,16245.0,16910.0
2015-10-22,19,TEN,16475.0,17025.0
2015-10-22,20,TEN,16605.0,17320.0
2015-10-22,21,TEN,16896.0,17274.0
2015-10-22,22,TEN,17053.0,17654.0
2015-10-22,23,TEN,16884.0,17508.0
2015-10-23,0,TEN,17403.0,17991.0
2015-10-23,1,TEN,17537.0,18038.0
2015-10-23,2,TEN,17018.0,17293.0
2015-10-23,3,TEN,15935.0,16165.0
2015-10-23,4,TEN,14641.0,14781.0
2015-10-23,5,TEN,13501.0,13596.0
2015-10-23,6,TEN,12868.0,13378.0
2015-10-23,7,TEN,12480.0,13266.0
2015-10-23,8,TEN,12383.0,13278.0
2015-10-23,9,TEN,12496.0,13389.0
2015-10-23,10,TEN,13060.0,13793.0
2015-10-23,11,TEN,14371.0,14918.0
2015-10-23,12,TEN,15869.0,16288.0
2015-10-23,13,TEN,16095.0,16553.0
2015-10-23,14,TEN,16043.0,16666.0
2015-10-23,15,TEN,16050.0,16704.0
2015-10-23,16,TEN,16131.0,16649.0
2015-10-23,17,TEN,16325.0,16706.0
2015-10-23,18,TEN,16370.0,16818.0
2015-10-23,19,TEN,16527.0,16921.0
2015-10-23,20,TEN,16628.0,17211.0
2015-10-23,21,TEN,16711.0,17299.0
2015-10-23,22,TEN,16689.0,17275.0
2015-10-23,23,TEN,16358.0,16872.0
2015-10-24,0,TEN,16820.0,17275.0
2015-10-24,1,TEN,16729.0,17005.0
2015-10-24,2,TEN,16307.0,16642.0
2015-10-24,3,TEN,15766.0,16039.0
2015-10-24,4,TEN,14749.0,14994.0
2015-10-24,5,TEN,13741.0,13692.0
2015-10-24,6,TEN,13191.0,13530.0
2015-10-24,7,TEN,12651.0,13317.0
2015-10-24,8,TEN,12366.0,13229.0
2015-10-24,9,TEN,12209.0,13083.0
2015-10-24,10,TEN,12378.0,13260.0
2015-10-24,11,TEN,12731.0,13431.0
2015-10-24,12,TEN,13372.0,13827.0
2015-10-24,13,TEN,13905.0,14388.0
2015-10-24,14,TEN,14627.0,15021.0
2015-10-24,15,TEN,15143.0,15534.0
2015-10-24,16,TEN,15565.0,15930.0
2015-10-24,17,TEN,15591.0,15960.0
2015-10-24,18,TEN,15622.0,16082.0
2015-10-24,19,TEN,15580.0,15979.0
2015-10-24,20,TEN,15524.0,15944.0
2015-10-24,21,TEN,15514.0,15965.0
2015-10-24,22,TEN,15536.0,16007.0
2015-10-24,23,TEN,15593.0,16031.0
2015-10-25,0,TEN,16317.0,16568.0
2015-10-25,1,TEN,16049.0,16493.0
2015-10-25,2,TEN,15645.0,15974.0
2015-10-25,3,TEN,14969.0,15162.0
2015-10-25,4,TEN,14174.0,14248.0
2015-10-25,5,TEN,13108.0,13236.0
2015-10-25,6,TEN,12391.0,12756.0
2015-10-25,7,TEN,12017.0,12670.0
2015-10-25,8,TEN,11764.0,12622.0
2015-10-25,9,TEN,11602.0,12507.0
2015-10-25,10,TEN,11629.0,12531.0
2015-10-25,11,TEN,11900.0,12686.0
2015-10-25,12,TEN,12378.0,13085.0
2015-10-25,13,TEN,12982.0,13677.0
2015-10-25,14,TEN,13732.0,14322.0
2015-10-25,15,TEN,14050.0,14707.0
2015-10-25,16,TEN,14149.0,14621.0
2015-10-25,17,TEN,14212.0,14684.0
2015-10-25,18,TEN,14326.0,14784.0
2015-10-25,19,TEN,14346.0,14614.0
2015-10-25,20,TEN,14426.0,14629.0
2015-10-25,21,TEN,14465.0,14772.0
2015-10-25,22,TEN,14711.0,15033.0
2015-10-25,23,TEN,14965.0,15481.0
2015-10-26,0,TEN,15801.0,16194.0
2015-10-26,1,TEN,15737.0,16152.0
2015-10-26,2,TEN,15388.0,15712.0
2015-10-26,3,TEN,14564.0,14780.0
2015-10-26,4,TEN,13555.0,13648.0
2015-10-26,5,TEN,12701.0,12974.0
2015-10-26,6,TEN,12116.0,12698.0
2015-10-26,7,TEN,11924.0,12778.0
2015-10-26,8,TEN,11791.0,12652.0
2015-10-26,9,TEN,11942.0,13075.0
2015-10-26,10,TEN,12525.0,13344.0
2015-10-26,11,TEN,13843.0,14694.0
2015-10-26,12,TEN,15433.0,15783.0
2015-10-26,13,TEN,15820.0,16111.0
2015-10-26,14,TEN,15884.0,16177.0
2015-10-26,15,TEN,16070.0,16462.0
2015-10-26,16,TEN,16165.0,16448.0
2015-10-26,17,TEN,16221.0,16516.0
2015-10-26,18,TEN,16044.0,16533.0
2015-10-26,19,TEN,15825.0,16350.0
2015-10-26,20,TEN,15661.0,16327.0
2015-10-26,21,TEN,15654.0,16372.0
2015-10-26,22,TEN,15814.0,16590.0
2015-10-26,23,TEN,16263.0,16809.0
2015-10-27,0,TEN,16954.0,17450.0
2015-10-27,1,TEN,16963.0,17159.0
2015-10-27,2,TEN,16500.0,16801.0
2015-10-27,3,TEN,15686.0,15816.0
2015-10-27,4,TEN,14537.0,14798.0
2015-10-27,5,TEN,13574.0,13733.0
2015-10-27,6,TEN,13062.0,13555.0
2015-10-27,7,TEN,12703.0,13537.0
2015-10-27,8,TEN,12519.0,13408.0
2015-10-27,9,TEN,12556.0,13363.0
2015-10-27,10,TEN,13122.0,13737.0
2015-10-27,11,TEN,14492.0,15192.0
2015-10-27,12,TEN,15865.0,16593.0
2015-10-27,13,TEN,16227.0,16934.0
2015-10-27,14,TEN,16282.0,16849.0
2015-10-27,15,TEN,16628.0,17508.0
2015-10-27,16,TEN,16668.0,17719.0
2015-10-27,17,TEN,16445.0,17357.0
2015-10-27,18,TEN,16514.0,17465.0
2015-10-27,19,TEN,15971.0,17068.0
2015-10-27,20,TEN,15751.0,16800.0
2015-10-27,21,TEN,15859.0,16911.0
2015-10-27,22,TEN,16052.0,17218.0
2015-10-27,23,TEN,16537.0,17875.0
2015-10-28,0,TEN,17225.0,18275.0
2015-10-28,1,TEN,17161.0,17989.0
2015-10-28,2,TEN,16569.0,17516.0
2015-10-28,3,TEN,15715.0,16566.0
2015-10-28,4,TEN,14630.0,15433.0
2015-10-28,5,TEN,13652.0,14493.0
2015-10-28,6,TEN,13130.0,13697.0
2015-10-28,7,TEN,12839.0,13347.0
2015-10-28,8,TEN,12627.0,13249.0
2015-10-28,9,TEN,12680.0,13275.0
2015-10-28,10,TEN,13160.0,13797.0
2015-10-28,11,TEN,14375.0,15380.0
2015-10-28,12,TEN,15869.0,16692.0
2015-10-28,13,TEN,16145.0,17078.0
2015-10-28,14,TEN,16166.0,17247.0
2015-10-28,15,TEN,16215.0,17658.0
2015-10-28,16,TEN,16283.0,17474.0
2015-10-28,17,TEN,16154.0,17487.0
2015-10-28,18,TEN,16029.0,17474.0
2015-10-28,19,TEN,15784.0,17264.0
2015-10-28,20,TEN,15776.0,16985.0
2015-10-28,21,TEN,15844.0,17148.0
2015-10-28,22,TEN,15903.0,16988.0
2015-10-28,23,TEN,15973.0,17283.0
2015-10-29,0,TEN,16635.0,17839.0
2015-10-29,1,TEN,16757.0,17840.0
2015-10-29,2,TEN,16413.0,17319.0
2015-10-29,3,TEN,15661.0,16434.0
2015-10-29,4,TEN,14466.0,15299.0
2015-10-29,5,TEN,13535.0,14294.0
2015-10-29,6,TEN,12807.0,14294.0
2015-10-29,7,TEN,12409.0,13347.0
2015-10-29,8,TEN,12231.0,13249.0
2015-10-29,9,TEN,12198.0,13275.0
2015-10-29,10,TEN,12750.0,13797.0
2015-10-29,11,TEN,14035.0,15380.0
2015-10-29,12,TEN,15556.0,16692.0
2015-10-29,13,TEN,15756.0,17078.0
2015-10-29,14,TEN,15851.0,17247.0
2015-10-29,15,TEN,15939.0,17658.0
2015-10-29,16,TEN,16026.0,17474.0
2015-10-29,17,TEN,15941.0,17487.0
2015-10-29,18,TEN,15848.0,17474.0
2015-10-29,19,TEN,15854.0,17264.0
2015-10-29,20,TEN,15791.0,16985.0
2015-10-29,21,TEN,15840.0,17148.0
2015-10-29,22,TEN,15945.0,16988.0
2015-10-29,23,TEN,15970.0,17283.0
2015-10-30,0,TEN,16645.0,17839.0
2015-10-30,1,TEN,16754.0,17840.0
2015-10-30,2,TEN,16414.0,17319.0
2015-10-30,3,TEN,15697.0,16434.0
2015-10-30,4,TEN,14645.0,15299.0
2015-10-30,5,TEN,13669.0,14294.0
2015-10-30,6,TEN,12918.0,13522.0
2015-10-30,7,TEN,12656.0,13323.0
2015-10-30,8,TEN,12673.0,13356.0
2015-10-30,9,TEN,12790.0,13574.0
2015-10-30,10,TEN,13395.0,14231.0
2015-10-30,11,TEN,14919.0,15838.0
2015-10-30,12,TEN,16627.0,17360.0
2015-10-30,13,TEN,16721.0,17473.0
2015-10-30,14,TEN,16431.0,17374.0
2015-10-30,15,TEN,16054.0,17165.0
2015-10-30,16,TEN,15516.0,16757.0
2015-10-30,17,TEN,15301.0,16378.0
2015-10-30,18,TEN,14985.0,16134.0
2015-10-30,19,TEN,14655.0,15904.0
2015-10-30,20,TEN,14541.0,15708.0
2015-10-30,21,TEN,14377.0,15867.0
2015-10-30,22,TEN,14361.0,15851.0
2015-10-30,23,TEN,14505.0,15835.0
2015-10-31,0,TEN,15278.0,16465.0
2015-10-31,1,TEN,15392.0,16385.0
2015-10-31,2,TEN,15201.0,16101.0
2015-10-31,3,TEN,14722.0,15468.0
2015-10-31,4,TEN,14095.0,14793.0
2015-10-31,5,TEN,13242.0,14158.0
2015-10-31,6,TEN,12934.0,13861.0
2015-10-31,7,TEN,12559.0,13846.0
2015-10-31,8,TEN,12328.0,13603.0
2015-10-31,9,TEN,12232.0,13556.0
2015-10-31,10,TEN,12434.0,13679.0
2015-10-31,11,TEN,12901.0,14070.0
2015-10-31,12,TEN,13365.0,14518.0
2015-10-31,13,TEN,13954.0,15011.0
2015-10-31,14,TEN,14647.0,15720.0
2015-10-31,15,TEN,15010.0,16495.0
2015-10-31,16,TEN,15067.0,16617.0
2015-10-31,17,TEN,14904.0,16266.0
2015-10-31,18,TEN,14741.0,16065.0
2015-10-31,19,TEN,14575.0,15844.0
2015-10-31,20,TEN,14484.0,15771.0
2015-10-31,21,TEN,14411.0,15761.0
2015-10-31,22,TEN,14426.0,15794.0
2015-10-31,23,TEN,14543.0,15863.0
2015-11-01,0,TEN,14886.0,16143.0
2015-11-01,1,TEN,14648.0,15817.0
2015-11-01,2,TEN,14494.0,15400.0
2015-11-01,3,TEN,13963.0,14780.0
2015-11-01,4,TEN,13231.0,14140.0
2015-11-01,5,TEN,12406.0,13708.0
2015-11-01,6,TEN,11862.0,13390.0
2015-11-01,7,TEN,11501.0,13215.0
2015-11-01,8,TEN,11276.0,13095.0
2015-11-01,9,TEN,11224.0,13092.0
2015-11-01,10,TEN,11154.0,13042.0
2015-11-01,11,TEN,11366.0,13013.0
2015-11-01,12,TEN,11618.0,13182.0
2015-11-01,13,TEN,12152.0,13367.0
2015-11-01,14,TEN,13138.0,13930.0
2015-11-01,15,TEN,13881.0,14715.0
2015-11-01,16,TEN,13980.0,15337.0
2015-11-01,17,TEN,13784.0,15385.0
2015-11-01,18,TEN,14033.0,15468.0
2015-11-01,19,TEN,14009.0,15486.0
2015-11-01,20,TEN,14028.0,15506.0
2015-11-01,21,TEN,13988.0,15483.0
2015-11-01,22,TEN,14165.0,15645.0
2015-11-01,23,TEN,14923.0,16174.0
2015-11-02,0,TEN,15835.0,16959.0
2015-11-02,1,TEN,15816.0,16937.0
2015-11-02,2,TEN,15458.0,16651.0
2015-11-02,3,TEN,14794.0,15911.0
2015-11-02,4,TEN,14079.0,14934.0
2015-11-02,5,TEN,13185.0,14144.0
2015-11-02,6,TEN,1243.0,1376.0
2015-11-02,7,TEN,11940.0,13606.0
2015-11-02,8,TEN,11730.0,13647.0
2015-11-02,9,TEN,11652.0,13586.0
2015-11-02,10,TEN,11584.0,13626.0
2015-11-02,11,TEN,12005.0,13636.0
2015-11-02,12,TEN,13386.0,14443.0
2015-11-02,13,TEN,14731.0,15705.0
2015-11-02,14,TEN,15055.0,16210.0
2015-11-02,15,TEN,15261.0,16560.0
2015-11-02,16,TEN,15452.0,17022.0
2015-11-02,17,TEN,15786.0,17401.0
2015-11-02,18,TEN,16011.0,17811.0
2015-11-02,19,TEN,16052.0,17805.0
2015-11-02,20,TEN,16041.0,17751.0
2015-11-02,21,TEN,16295.0,18005.0
2015-11-02,22,TEN,16380.0,18172.0
2015-11-02,23,TEN,16755.0,18400.0
2015-11-03,0,TEN,17730.0,18951.0
2015-11-03,1,TEN,17767.0,18857.0
2015-11-03,2,TEN,17221.0,18298.0
2015-11-03,3,TEN,16637.0,17716.0
2015-11-03,4,TEN,15663.0,16698.0
2015-11-03,5,TEN,14566.0,15325.0
2015-11-03,6,TEN,13757.0,14434.0
2015-11-03,7,TEN,12744.0,14071.0
2015-11-03,8,TEN,12609.0,13806.0
2015-11-03,9,TEN,12495.0,13825.0
2015-11-03,10,TEN,12267.0,13758.0
2015-11-03,11,TEN,12604.0,13919.0
2015-11-03,12,TEN,13961.0,15147.0
2015-11-03,13,TEN,15133.0,16149.0
2015-11-03,14,TEN,15372.0,16450.0
2015-11-03,15,TEN,15638.0,16778.0
2015-11-03,16,TEN,15762.0,17029.0
2015-11-03,17,TEN,16231.0,17286.0
2015-11-03,18,TEN,16464.0,17433.0
2015-11-03,19,TEN,16777.0,17643.0
2015-11-03,20,TEN,16845.0,17891.0
2015-11-03,21,TEN,16858.0,17873.0
2015-11-03,22,TEN,16784.0,17820.0
2015-11-03,23,TEN,17109.0,18007.0
2015-11-04,0,TEN,18188.0,18972.0
2015-11-04,1,TEN,18152.0,18935.0
2015-11-04,2,TEN,17721.0,18486.0
2015-11-04,3,TEN,17076.0,17965.0
2015-11-04,4,TEN,15911.0,16785.0
2015-11-04,5,TEN,14763.0,15457.0
2015-11-04,6,TEN,13627.0,14245.0
2015-11-04,7,TEN,12987.0,13990.0
2015-11-04,8,TEN,12584.0,13894.0
2015-11-04,9,TEN,12340.0,13671.0
2015-11-04,10,TEN,12137.0,13604.0
2015-11-04,11,TEN,12482.0,13863.0
2015-11-04,12,TEN,13779.0,14853.0
2015-11-04,13,TEN,15119.0,15812.0
2015-11-04,14,TEN,15352.0,16042.0
2015-11-04,15,TEN,15632.0,16304.0
2015-11-04,16,TEN,15968.0,16701.0
2015-11-04,17,TEN,16381.0,17397.0
2015-11-04,18,TEN,16825.0,17910.0
2015-11-04,19,TEN,16673.0,18046.0
2015-11-04,20,TEN,17249.0,18245.0
2015-11-04,21,TEN,16699.0,18271.0
2015-11-04,22,TEN,16881.0,18041.0
2015-11-04,23,TEN,17400.0,18219.0
2015-11-05,0,TEN,17954.0,19240.0
2015-11-05,1,TEN,18199.0,19285.0
2015-11-05,2,TEN,17754.0,18885.0
2015-11-05,3,TEN,17172.0,18174.0
2015-11-05,4,TEN,15859.0,16429.0
2015-11-05,5,TEN,14692.0,15183.0
2015-11-05,6,TEN,13679.0,14533.0
2015-11-05,7,TEN,13037.0,14147.0
2015-11-05,8,TEN,12679.0,13819.0
2015-11-05,9,TEN,12450.0,13531.0
2015-11-05,10,TEN,12336.0,13474.0
2015-11-05,11,TEN,12674.0,13926.0
2015-11-05,12,TEN,14032.0,15017.0
2015-11-05,13,TEN,15374.0,16012.0
2015-11-05,14,TEN,15716.0,16434.0
2015-11-05,15,TEN,16028.0,16775.0
2015-11-05,16,TEN,16388.0,17217.0
2015-11-05,17,TEN,16920.0,17620.0
2015-11-05,18,TEN,17322.0,17930.0
2015-11-05,19,TEN,17686.0,18371.0
2015-11-05,20,TEN,17818.0,18579.0
2015-11-05,21,TEN,17971.0,18668.0
2015-11-05,22,TEN,17957.0,18625.0
2015-11-05,23,TEN,18111.0,18780.0
2015-11-06,0,TEN,18957.0,19458.0
2015-11-06,1,TEN,18882.0,19498.0
2015-11-06,2,TEN,18451.0,19140.0
2015-11-06,3,TEN,17781.0,18526.0
2015-11-06,4,TEN,16847.0,17366.0
2015-11-06,5,TEN,15546.0,16080.0
2015-11-06,6,TEN,14398.0,14920.0
2015-11-06,7,TEN,13630.0,14290.0
2015-11-06,8,TEN,13326.0,14361.0
2015-11-06,9,TEN,12940.0,14127.0
2015-11-06,10,TEN,12811.0,14076.0
2015-11-06,11,TEN,13029.0,14231.0
2015-11-06,12,TEN,14224.0,15144.0
2015-11-06,13,TEN,15406.0,16080.0
2015-11-06,14,TEN,15731.0,16530.0
2015-11-06,15,TEN,16120.0,16928.0
2015-11-06,16,TEN,16303.0,17097.0
2015-11-06,17,TEN,16729.0,17184.0
2015-11-06,18,TEN,16924.0,17505.0
2015-11-06,19,TEN,16986.0,17407.0
2015-11-06,20,TEN,17013.0,17427.0
2015-11-06,21,TEN,16856.0,17283.0
2015-11-06,22,TEN,16711.0,17159.0
2015-11-06,23,TEN,17043.0,17316.0
2015-11-07,0,TEN,17592.0,17912.0
2015-11-07,1,TEN,17256.0,17652.0
2015-11-07,2,TEN,16772.0,17193.0
2015-11-07,3,TEN,16209.0,16760.0
2015-11-07,4,TEN,15478.0,15944.0
2015-11-07,5,TEN,14539.0,15058.0
2015-11-07,6,TEN,13528.0,14011.0
2015-11-07,7,TEN,12786.0,13447.0
2015-11-07,8,TEN,12355.0,13024.0
2015-11-07,9,TEN,12058.0,12726.0
2015-11-07,10,TEN,11941.0,12615.0
2015-11-07,11,TEN,12065.0,12750.0
2015-11-07,12,TEN,12475.0,12980.0
2015-11-07,13,TEN,13000.0,13476.0
2015-11-07,14,TEN,13588.0,14164.0
2015-11-07,15,TEN,14441.0,14993.0
2015-11-07,16,TEN,14987.0,15550.0
2015-11-07,17,TEN,15150.0,15623.0
2015-11-07,18,TEN,15082.0,15323.0
2015-11-07,19,TEN,14792.0,15199.0
2015-11-07,20,TEN,14664.0,15269.0
2015-11-07,21,TEN,14610.0,15233.0
2015-11-07,22,TEN,14693.0,15339.0
2015-11-07,23,TEN,15246.0,15719.0
2015-11-08,0,TEN,15969.0,16600.0
2015-11-08,1,TEN,15738.0,16087.0
2015-11-08,2,TEN,15515.0,15940.0
2015-11-08,3,TEN,15093.0,15573.0
2015-11-08,4,TEN,14612.0,15055.0
2015-11-08,5,TEN,13908.0,14413.0
2015-11-08,6,TEN,13213.0,13683.0
2015-11-08,7,TEN,12688.0,13210.0
2015-11-08,8,TEN,12469.0,12953.0
2015-11-08,9,TEN,12384.0,12833.0
2015-11-08,10,TEN,12325.0,12795.0
2015-11-08,11,TEN,12491.0,13004.0
2015-11-08,12,TEN,12935.0,13590.0
2015-11-08,13,TEN,13456.0,14097.0
2015-11-08,14,TEN,14267.0,14704.0
2015-11-08,15,TEN,14761.0,15290.0
2015-11-08,16,TEN,14680.0,15176.0
2015-11-08,17,TEN,14328.0,14892.0
2015-11-08,18,TEN,14175.0,14802.0
2015-11-08,19,TEN,14152.0,14655.0
2015-11-08,20,TEN,14074.0,14600.0
2015-11-08,21,TEN,14000.0,14570.0
2015-11-08,22,TEN,14188.0,14797.0
2015-11-08,23,TEN,14945.0,15106.0
2015-11-09,0,TEN,16079.0,16236.0
2015-11-09,1,TEN,16260.0,16570.0
2015-11-09,2,TEN,16043.0,16459.0
2015-11-09,3,TEN,15548.0,15956.0
2015-11-09,4,TEN,14830.0,15244.0
2015-11-09,5,TEN,13899.0,14271.0
2015-11-09,6,TEN,13295.0,13638.0
2015-11-09,7,TEN,12835.0,13331.0
2015-11-09,8,TEN,12508.0,13028.0
2015-11-09,9,TEN,12503.0,13072.0
2015-11-09,10,TEN,12709.0,13342.0
2015-11-09,11,TEN,13087.0,13701.0
2015-11-09,12,TEN,14587.0,15123.0
2015-11-09,13,TEN,16025.0,16307.0
2015-11-09,14,TEN,16188.0,16577.0
2015-11-09,15,TEN,16340.0,16822.0
2015-11-09,16,TEN,16404.0,16870.0
2015-11-09,17,TEN,16556.0,16977.0
2015-11-09,18,TEN,16597.0,16923.0
2015-11-09,19,TEN,16568.0,16817.0
2015-11-09,20,TEN,16482.0,16844.0
2015-11-09,21,TEN,16289.0,16761.0
2015-11-09,22,TEN,16417.0,16753.0
2015-11-09,23,TEN,17014.0,16966.0
2015-11-10,0,TEN,17861.0,17553.0
2015-11-10,1,TEN,17782.0,17480.0
2015-11-10,2,TEN,17434.0,17214.0
2015-11-10,3,TEN,16756.0,16824.0
2015-11-10,4,TEN,15873.0,16246.0
2015-11-10,5,TEN,14730.0,15281.0
2015-11-10,6,TEN,13785.0,14439.0
2015-11-10,7,TEN,13099.0,13697.0
2015-11-10,8,TEN,12933.0,13509.0
2015-11-10,9,TEN,12838.0,13419.0
2015-11-10,10,TEN,12995.0,13542.0
2015-11-10,11,TEN,13398.0,14079.0
2015-11-10,12,TEN,14821.0,15434.0
2015-11-10,13,TEN,16129.0,16639.0
2015-11-10,14,TEN,16151.0,16736.0
2015-11-10,15,TEN,15988.0,16602.0
2015-11-10,16,TEN,15932.0,16692.0
2015-11-10,17,TEN,15983.0,16841.0
2015-11-10,18,TEN,15974.0,16806.0
2015-11-10,19,TEN,15901.0,16560.0
2015-11-10,20,TEN,15939.0,16444.0
2015-11-10,21,TEN,15851.0,16393.0
2015-11-10,22,TEN,15860.0,16464.0
2015-11-10,23,TEN,16177.0,16770.0
2015-11-11,0,TEN,17309.0,17622.0
2015-11-11,1,TEN,17392.0,17666.0
2015-11-11,2,TEN,17199.0,17531.0
2015-11-11,3,TEN,16625.0,17144.0
2015-11-11,4,TEN,16018.0,16617.0
2015-11-11,5,TEN,15130.0,15788.0
2015-11-11,6,TEN,14433.0,14817.0
2015-11-11,7,TEN,14074.0,14559.0
2015-11-11,8,TEN,13913.0,14392.0
2015-11-11,9,TEN,13935.0,14430.0
2015-11-11,10,TEN,14105.0,14616.0
2015-11-11,11,TEN,14536.0,15201.0
2015-11-11,12,TEN,15990.0,16487.0
2015-11-11,13,TEN,17078.0,17808.0
2015-11-11,14,TEN,16969.0,17834.0
2015-11-11,15,TEN,16378.0,17391.0
2015-11-11,16,TEN,16053.0,17011.0
2015-11-11,17,TEN,16020.0,17005.0
2015-11-11,18,TEN,16024.0,17062.0
2015-11-11,19,TEN,16060.0,17077.0
2015-11-11,20,TEN,16073.0,17042.0
2015-11-11,21,TEN,16183.0,17137.0
2015-11-11,22,TEN,16203.0,17162.0
2015-11-11,23,TEN,16658.0,17367.0
2015-11-12,0,TEN,17642.0,18205.0
2015-11-12,1,TEN,17598.0,18279.0
2015-11-12,2,TEN,17161.0,17630.0
2015-11-12,3,TEN,16669.0,17267.0
2015-11-12,4,TEN,15782.0,16473.0
2015-11-12,5,TEN,14689.0,15251.0
2015-11-12,6,TEN,13808.0,14367.0
2015-11-12,7,TEN,13278.0,13864.0
2015-11-12,8,TEN,12921.0,13522.0
2015-11-12,9,TEN,12721.0,13412.0
2015-11-12,10,TEN,12577.0,13490.0
2015-11-12,11,TEN,12937.0,13894.0
2015-11-12,12,TEN,14161.0,15045.0
2015-11-12,13,TEN,15394.0,16037.0
2015-11-12,14,TEN,15591.0,16280.0
2015-11-12,15,TEN,15691.0,16618.0
2015-11-12,16,TEN,15680.0,16695.0
2015-11-12,17,TEN,15964.0,16989.0
2015-11-12,18,TEN,16065.0,17061.0
2015-11-12,19,TEN,16005.0,16987.0
2015-11-12,20,TEN,15967.0,16968.0
2015-11-12,21,TEN,15910.0,16880.0
2015-11-12,22,TEN,15835.0,16842.0
2015-11-12,23,TEN,16167.0,16952.0
2015-11-13,0,TEN,17365.0,17939.0
2015-11-13,1,TEN,17373.0,17937.0
2015-11-13,2,TEN,17249.0,17822.0
2015-11-13,3,TEN,16687.0,17183.0
2015-11-13,4,TEN,15969.0,16484.0
2015-11-13,5,TEN,14948.0,15222.0
2015-11-13,6,TEN,14229.0,14436.0
2015-11-13,7,TEN,13946.0,14138.0
2015-11-13,8,TEN,13680.0,13945.0
2015-11-13,9,TEN,13803.0,14055.0
2015-11-13,10,TEN,13910.0,14202.0
2015-11-13,11,TEN,14495.0,15151.0
2015-11-13,12,TEN,16199.0,16874.0
2015-11-13,13,TEN,17689.0,18256.0
2015-11-13,14,TEN,17579.0,18164.0
2015-11-13,15,TEN,16983.0,17538.0
2015-11-13,16,TEN,16628.0,17154.0
2015-11-13,17,TEN,16459.0,16919.0
2015-11-13,18,TEN,16162.0,16889.0
2015-11-13,19,TEN,15734.0,16486.0
2015-11-13,20,TEN,15665.0,16382.0
2015-11-13,21,TEN,15635.0,16359.0
2015-11-13,22,TEN,15820.0,16541.0
2015-11-13,23,TEN,16421.0,16933.0
2015-11-14,0,TEN,17711.0,18284.0
2015-11-14,1,TEN,17707.0,18254.0
2015-11-14,2,TEN,17634.0,18203.0
2015-11-14,3,TEN,17523.0,17999.0
2015-11-14,4,TEN,17163.0,17768.0
2015-11-14,5,TEN,16540.0,17119.0
2015-11-14,6,TEN,15958.0,16524.0
2015-11-14,7,TEN,15542.0,16202.0
2015-11-14,8,TEN,15562.0,16185.0
2015-11-14,9,TEN,15692.0,16274.0
2015-11-14,10,TEN,15982.0,16550.0
2015-11-14,11,TEN,16312.0,16785.0
2015-11-14,12,TEN,17120.0,17490.0
2015-11-14,13,TEN,17733.0,18050.0
2015-11-14,14,TEN,18158.0,18467.0
2015-11-14,15,TEN,17726.0,17860.0
2015-11-14,16,TEN,17082.0,17407.0
2015-11-14,17,TEN,16263.0,16868.0
2015-11-14,18,TEN,15507.0,16050.0
2015-11-14,19,TEN,15224.0,15708.0
2015-11-14,20,TEN,14936.0,15432.0
2015-11-14,21,TEN,14744.0,15355.0
2015-11-14,22,TEN,14693.0,15370.0
2015-11-14,23,TEN,15545.0,16130.0
2015-11-15,0,TEN,16604.0,17216.0
2015-11-15,1,TEN,16886.0,17455.0
2015-11-15,2,TEN,16712.0,17262.0
2015-11-15,3,TEN,16506.0,17095.0
2015-11-15,4,TEN,16221.0,16756.0
2015-11-15,5,TEN,15770.0,16351.0
2015-11-15,6,TEN,15378.0,15850.0
2015-11-15,7,TEN,15199.0,15642.0
2015-11-15,8,TEN,15150.0,15617.0
2015-11-15,9,TEN,15230.0,15720.0
2015-11-15,10,TEN,15378.0,15892.0
2015-11-15,11,TEN,15640.0,16137.0
2015-11-15,12,TEN,16064.0,16625.0
2015-11-15,13,TEN,16623.0,17228.0
2015-11-15,14,TEN,17147.0,17626.0
2015-11-15,15,TEN,17194.0,17678.0
2015-11-15,16,TEN,16502.0,16988.0
2015-11-15,17,TEN,15815.0,16154.0
2015-11-15,18,TEN,15277.0,15720.0
2015-11-15,19,TEN,14945.0,15351.0
2015-11-15,20,TEN,14651.0,15052.0
2015-11-15,21,TEN,14551.0,14953.0
2015-11-15,22,TEN,14629.0,15100.0
2015-11-15,23,TEN,15756.0,16168.0
2015-11-16,0,TEN,17120.0,17395.0
2015-11-16,1,TEN,17261.0,17546.0
2015-11-16,2,TEN,17278.0,17539.0
2015-11-16,3,TEN,17045.0,17303.0
2015-11-16,4,TEN,16495.0,16724.0
2015-11-16,5,TEN,15674.0,15933.0
2015-11-16,6,TEN,15155.0,15470.0
2015-11-16,7,TEN,14835.0,15132.0
2015-11-16,8,TEN,14749.0,14993.0
2015-11-16,9,TEN,14800.0,15085.0
2015-11-16,10,TEN,14817.0,15379.0
2015-11-16,11,TEN,15484.0,16051.0
2015-11-16,12,TEN,17119.0,17650.0
2015-11-16,13,TEN,18391.0,18618.0
2015-11-16,14,TEN,18279.0,18496.0
2015-11-16,15,TEN,17922.0,18450.0
2015-11-16,16,TEN,17455.0,17883.0
2015-11-16,17,TEN,17255.0,17637.0
2015-11-16,18,TEN,17048.0,17506.0
2015-11-16,19,TEN,16803.0,17345.0
2015-11-16,20,TEN,16531.0,17084.0
2015-11-16,21,TEN,16446.0,16937.0
2015-11-16,22,TEN,16689.0,17161.0
2015-11-16,23,TEN,17463.0,17717.0
2015-11-17,0,TEN,18360.0,18421.0
2015-11-17,1,TEN,18279.0,18216.0
2015-11-17,2,TEN,17950.0,18014.0
2015-11-17,3,TEN,17183.0,17695.0
2015-11-17,4,TEN,16236.0,16758.0
2015-11-17,5,TEN,15000.0,15668.0
2015-11-17,6,TEN,14148.0,14710.0
2015-11-17,7,TEN,13671.0,14233.0
2015-11-17,8,TEN,13428.0,14030.0
2015-11-17,9,TEN,13329.0,13956.0
2015-11-17,10,TEN,13279.0,13900.0
2015-11-17,11,TEN,13734.0,14395.0
2015-11-17,12,TEN,15165.0,15868.0
2015-11-17,13,TEN,16470.0,16925.0
2015-11-17,14,TEN,16507.0,17081.0
2015-11-17,15,TEN,16431.0,16962.0
2015-11-17,16,TEN,16280.0,16862.0
2015-11-17,17,TEN,16317.0,16926.0
2015-11-17,18,TEN,16291.0,16973.0
2015-11-17,19,TEN,16330.0,16997.0
2015-11-17,20,TEN,16235.0,16868.0
2015-11-17,21,TEN,16147.0,16795.0
2015-11-17,22,TEN,16281.0,16941.0
2015-11-17,23,TEN,16974.0,17441.0
2015-11-18,0,TEN,17710.0,18190.0
2015-11-18,1,TEN,17629.0,17906.0
2015-11-18,2,TEN,17258.0,17718.0
2015-11-18,3,TEN,16646.0,17229.0
2015-11-18,4,TEN,15796.0,16394.0
2015-11-18,5,TEN,14690.0,15232.0
2015-11-18,6,TEN,13660.0,14142.0
2015-11-18,7,TEN,13139.0,13514.0
2015-11-18,8,TEN,12896.0,13522.0
2015-11-18,9,TEN,12695.0,13402.0
2015-11-18,10,TEN,12597.0,13456.0
2015-11-18,11,TEN,12871.0,13529.0
2015-11-18,12,TEN,14087.0,14708.0
2015-11-18,13,TEN,15598.0,16190.0
2015-11-18,14,TEN,15905.0,16591.0
2015-11-18,15,TEN,16101.0,16773.0
2015-11-18,16,TEN,16246.0,16907.0
2015-11-18,17,TEN,16494.0,17135.0
2015-11-18,18,TEN,16643.0,17294.0
2015-11-18,19,TEN,16597.0,17254.0
2015-11-18,20,TEN,16602.0,17274.0
2015-11-18,21,TEN,16543.0,17189.0
2015-11-18,22,TEN,16638.0,17116.0
2015-11-18,23,TEN,17086.0,17316.0
2015-11-19,0,TEN,17946.0,17896.0
2015-11-19,1,TEN,17964.0,18137.0
2015-11-19,2,TEN,17580.0,17858.0
2015-11-19,3,TEN,17049.0,17674.0
2015-11-19,4,TEN,16134.0,16562.0
2015-11-19,5,TEN,15170.0,15579.0
2015-11-19,6,TEN,14213.0,14571.0
2015-11-19,7,TEN,13590.0,13909.0
2015-11-19,8,TEN,13320.0,13744.0
2015-11-19,9,TEN,13195.0,13586.0
2015-11-19,10,TEN,13180.0,13646.0
2015-11-19,11,TEN,13771.0,14175.0
2015-11-19,12,TEN,15364.0,15776.0
2015-11-19,13,TEN,16769.0,17037.0
2015-11-19,14,TEN,16797.0,17120.0
2015-11-19,15,TEN,16502.0,16969.0
2015-11-19,16,TEN,16261.0,16954.0
2015-11-19,17,TEN,16109.0,16809.0
2015-11-19,18,TEN,15989.0,16823.0
2015-11-19,19,TEN,15943.0,16631.0
2015-11-19,20,TEN,15959.0,16634.0
2015-11-19,21,TEN,15823.0,16487.0
2015-11-19,22,TEN,15848.0,16463.0
2015-11-19,23,TEN,16265.0,16641.0
2015-11-20,0,TEN,17411.0,17610.0
2015-11-20,1,TEN,17613.0,17833.0
2015-11-20,2,TEN,17445.0,17606.0
2015-11-20,3,TEN,17161.0,17728.0
2015-11-20,4,TEN,16564.0,17203.0
2015-11-20,5,TEN,15691.0,16269.0
2015-11-20,6,TEN,14918.0,15510.0
2015-11-20,7,TEN,14595.0,15233.0
2015-11-20,8,TEN,14382.0,15046.0
2015-11-20,9,TEN,14465.0,15188.0
2015-11-20,10,TEN,14830.0,15480.0
2015-11-20,11,TEN,15463.0,15842.0
2015-11-20,12,TEN,17232.0,17658.0
2015-11-20,13,TEN,18673.0,18470.0
2015-11-20,14,TEN,18498.0,18079.0
2015-11-20,15,TEN,17789.0,17579.0
2015-11-20,16,TEN,17254.0,17358.0
2015-11-20,17,TEN,17028.0,17252.0
2015-11-20,18,TEN,16556.0,17140.0
2015-11-20,19,TEN,16297.0,16840.0
2015-11-20,20,TEN,16011.0,16605.0
2015-11-20,21,TEN,15796.0,16454.0
2015-11-20,22,TEN,15831.0,16473.0
2015-11-20,23,TEN,16658.0,17211.0
2015-11-21,0,TEN,17804.0,18386.0
2015-11-21,1,TEN,17951.0,18375.0
2015-11-21,2,TEN,17899.0,18495.0
2015-11-21,3,TEN,17737.0,18303.0
2015-11-21,4,TEN,17387.0,17917.0
2015-11-21,5,TEN,16718.0,17180.0
2015-11-21,6,TEN,16215.0,16570.0
2015-11-21,7,TEN,15734.0,16052.0
2015-11-21,8,TEN,15555.0,15836.0
2015-11-21,9,TEN,15627.0,15940.0
2015-11-21,10,TEN,15710.0,16067.0
2015-11-21,11,TEN,16001.0,16356.0
2015-11-21,12,TEN,16573.0,17001.0
2015-11-21,13,TEN,17080.0,17425.0
2015-11-21,14,TEN,17331.0,17714.0
2015-11-21,15,TEN,17235.0,17560.0
2015-11-21,16,TEN,16797.0,17042.0
2015-11-21,17,TEN,16502.0,16680.0
2015-11-21,18,TEN,16044.0,16258.0
2015-11-21,19,TEN,15746.0,16075.0
2015-11-21,20,TEN,15596.0,16129.0
2015-11-21,21,TEN,15694.0,16332.0
2015-11-21,22,TEN,15941.0,16562.0
2015-11-21,23,TEN,16711.0,17243.0
2015-11-22,0,TEN,17684.0,18235.0
2015-11-22,1,TEN,17775.0,18375.0
2015-11-22,2,TEN,17698.0,18183.0
2015-11-22,3,TEN,17572.0,17957.0
2015-11-22,4,TEN,17088.0,17412.0
2015-11-22,5,TEN,16648.0,17036.0
2015-11-22,6,TEN,16243.0,16507.0
2015-11-22,7,TEN,15929.0,16062.0
2015-11-22,8,TEN,15910.0,16037.0
2015-11-22,9,TEN,15930.0,16131.0
2015-11-22,10,TEN,16154.0,16328.0
2015-11-22,11,TEN,16682.0,16886.0
2015-11-22,12,TEN,17344.0,17540.0
2015-11-22,13,TEN,18056.0,18380.0
2015-11-22,14,TEN,18839.0,19117.0
2015-11-22,15,TEN,19012.0,19271.0
2015-11-22,16,TEN,18532.0,18359.0
2015-11-22,17,TEN,17909.0,18150.0
2015-11-22,18,TEN,17379.0,17686.0
2015-11-22,19,TEN,16976.0,17321.0
2015-11-22,20,TEN,16682.0,17039.0
2015-11-22,21,TEN,16568.0,16903.0
2015-11-22,22,TEN,16877.0,17164.0
2015-11-22,23,TEN,18142.0,18561.0
2015-11-23,0,TEN,19767.0,20286.0
2015-11-23,1,TEN,20223.0,20474.0
2015-11-23,2,TEN,20511.0,20742.0
2015-11-23,3,TEN,20344.0,21058.0
2015-11-23,4,TEN,19896.0,20694.0
2015-11-23,5,TEN,19426.0,19955.0
2015-11-23,6,TEN,18989.0,19639.0
2015-11-23,7,TEN,18904.0,19658.0
2015-11-23,8,TEN,19063.0,19824.0
2015-11-23,9,TEN,19305.0,19932.0
2015-11-23,10,TEN,19631.0,20148.0
2015-11-23,11,TEN,20389.0,20675.0
2015-11-23,12,TEN,21997.0,21952.0
2015-11-23,13,TEN,23474.0,23542.0
2015-11-23,14,TEN,23194.0,23274.0
2015-11-23,15,TEN,22122.0,22867.0
2015-11-23,16,TEN,20605.0,21275.0
2015-11-23,17,TEN,19767.0,20352.0
2015-11-23,18,TEN,18959.0,19585.0
2015-11-23,19,TEN,18350.0,19022.0
2015-11-23,20,TEN,17836.0,18613.0
2015-11-23,21,TEN,17557.0,18219.0
2015-11-23,22,TEN,17582.0,18209.0
2015-11-23,23,TEN,18648.0,19278.0
2015-11-24,0,TEN,20190.0,20792.0
2015-11-24,1,TEN,20617.0,21292.0
2015-11-24,2,TEN,20685.0,21313.0
2015-11-24,3,TEN,20576.0,21162.0
2015-11-24,4,TEN,20154.0,20790.0
2015-11-24,5,TEN,19396.0,20028.0
2015-11-24,6,TEN,18698.0,19328.0
2015-11-24,7,TEN,18484.0,19034.0
2015-11-24,8,TEN,18411.0,18851.0
2015-11-24,9,TEN,18517.0,19020.0
2015-11-24,10,TEN,18795.0,19356.0
2015-11-24,11,TEN,19507.0,20006.0
2015-11-24,12,TEN,21086.0,21269.0
2015-11-24,13,TEN,22217.0,22016.0
2015-11-24,14,TEN,21946.0,21539.0
2015-11-24,15,TEN,20806.0,20786.0
2015-11-24,16,TEN,19512.0,19743.0
2015-11-24,17,TEN,18673.0,19255.0
2015-11-24,18,TEN,17888.0,18498.0
2015-11-24,19,TEN,17441.0,18012.0
2015-11-24,20,TEN,17091.0,17636.0
2015-11-24,21,TEN,16858.0,17471.0
2015-11-24,22,TEN,16907.0,17572.0
2015-11-24,23,TEN,17824.0,18369.0
2015-11-25,0,TEN,19150.0,19751.0
2015-11-25,1,TEN,19428.0,20048.0
2015-11-25,2,TEN,19316.0,19834.0
2015-11-25,3,TEN,19141.0,19722.0
2015-11-25,4,TEN,18551.0,19300.0
2015-11-25,5,TEN,17701.0,18241.0
2015-11-25,6,TEN,17064.0,17439.0
2015-11-25,7,TEN,16615.0,16916.0
2015-11-25,8,TEN,16487.0,16838.0
2015-11-25,9,TEN,16298.0,16586.0
2015-11-25,10,TEN,16358.0,16944.0
2015-11-25,11,TEN,16698.0,17330.0
2015-11-25,12,TEN,17791.0,18394.0
2015-11-25,13,TEN,18749.0,19248.0
2015-11-25,14,TEN,19046.0,19612.0
2015-11-25,15,TEN,18638.0,19314.0
2015-11-25,16,TEN,18011.0,18701.0
2015-11-25,17,TEN,17576.0,18234.0
2015-11-25,18,TEN,17075.0,17666.0
2015-11-25,19,TEN,16683.0,17311.0
2015-11-25,20,TEN,16299.0,16992.0
2015-11-25,21,TEN,15955.0,16619.0
2015-11-25,22,TEN,15910.0,16601.0
2015-11-25,23,TEN,16527.0,17229.0
2015-11-26,0,TEN,17531.0,18160.0
2015-11-26,1,TEN,17459.0,18039.0
2015-11-26,2,TEN,17181.0,17805.0
2015-11-26,3,TEN,16886.0,17546.0
2015-11-26,4,TEN,16460.0,17155.0
2015-11-26,5,TEN,15453.0,15956.0
2015-11-26,6,TEN,14471.0,14739.0
2015-11-26,7,TEN,13820.0,14072.0
2015-11-26,8,TEN,13464.0,13799.0
2015-11-26,9,TEN,13221.0,13511.0
2015-11-26,10,TEN,13252.0,13578.0
2015-11-26,11,TEN,13507.0,13826.0
2015-11-26,12,TEN,14033.0,14596.0
2015-11-26,13,TEN,14546.0,15259.0
2015-11-26,14,TEN,15088.0,15914.0
2015-11-26,15,TEN,15536.0,16316.0
2015-11-26,16,TEN,15698.0,16469.0
2015-11-26,17,TEN,15620.0,16385.0
2015-11-26,18,TEN,14979.0,15673.0
2015-11-26,19,TEN,14082.0,14727.0
2015-11-26,20,TEN,13367.0,13875.0
2015-11-26,21,TEN,12929.0,13492.0
2015-11-26,22,TEN,12666.0,13224.0
2015-11-26,23,TEN,12829.0,13566.0
2015-11-27,0,TEN,13518.0,14217.0
2015-11-27,1,TEN,13478.0,14168.0
2015-11-27,2,TEN,13409.0,14068.0
2015-11-27,3,TEN,13277.0,13646.0
2015-11-27,4,TEN,12996.0,13291.0
2015-11-27,5,TEN,12521.0,12784.0
2015-11-27,6,TEN,11976.0,12230.0
2015-11-27,7,TEN,11580.0,11848.0
2015-11-27,8,TEN,11428.0,11693.0
2015-11-27,9,TEN,11366.0,11626.0
2015-11-27,10,TEN,11432.0,11670.0
2015-11-27,11,TEN,11682.0,11863.0
2015-11-27,12,TEN,12245.0,12535.0
2015-11-27,13,TEN,12775.0,13363.0
2015-11-27,14,TEN,13147.0,13819.0
2015-11-27,15,TEN,13555.0,14219.0
2015-11-27,16,TEN,13750.0,14362.0
2015-11-27,17,TEN,13824.0,14377.0
2015-11-27,18,TEN,13703.0,14230.0
2015-11-27,19,TEN,13556.0,14045.0
2015-11-27,20,TEN,13440.0,13950.0
2015-11-27,21,TEN,13384.0,13980.0
2015-11-27,22,TEN,13461.0,14061.0
2015-11-27,23,TEN,14229.0,14881.0
2015-11-28,0,TEN,14898.0,15719.0
2015-11-28,1,TEN,14781.0,15620.0
2015-11-28,2,TEN,14564.0,15392.0
2015-11-28,3,TEN,14278.0,14991.0
2015-11-28,4,TEN,13748.0,14374.0
2015-11-28,5,TEN,13067.0,13724.0
2015-11-28,6,TEN,12261.0,12977.0
2015-11-28,7,TEN,11661.0,12119.0
2015-11-28,8,TEN,11368.0,11805.0
2015-11-28,9,TEN,11239.0,11656.0
2015-11-28,10,TEN,11309.0,11724.0
2015-11-28,11,TEN,11440.0,11742.0
2015-11-28,12,TEN,11872.0,12387.0
2015-11-28,13,TEN,12340.0,13073.0
2015-11-28,14,TEN,12916.0,13682.0
2015-11-28,15,TEN,13675.0,14392.0
2015-11-28,16,TEN,14212.0,14990.0
2015-11-28,17,TEN,14421.0,15109.0
2015-11-28,18,TEN,14413.0,15045.0
2015-11-28,19,TEN,14268.0,14898.0
2015-11-28,20,TEN,14176.0,14840.0
2015-11-28,21,TEN,14082.0,14936.0
2015-11-28,22,TEN,14138.0,14896.0
2015-11-28,23,TEN,14758.0,15526.0
2015-11-29,0,TEN,15273.0,15990.0
2015-11-29,1,TEN,15066.0,15802.0
2015-11-29,2,TEN,15058.0,15793.0
2015-11-29,3,TEN,14715.0,15376.0
2015-11-29,4,TEN,14177.0,14797.0
2015-11-29,5,TEN,13438.0,13834.0
2015-11-29,6,TEN,12768.0,13102.0
2015-11-29,7,TEN,12058.0,12400.0
2015-11-29,8,TEN,11749.0,11996.0
2015-11-29,9,TEN,11554.0,12028.0
2015-11-29,10,TEN,11467.0,11980.0
2015-11-29,11,TEN,11577.0,12034.0
2015-11-29,12,TEN,12082.0,12719.0
2015-11-29,13,TEN,12548.0,13181.0
2015-11-29,14,TEN,13182.0,13919.0
2015-11-29,15,TEN,13969.0,14766.0
2015-11-29,16,TEN,14352.0,15067.0
2015-11-29,17,TEN,14487.0,15192.0
2015-11-29,18,TEN,14612.0,15482.0
2015-11-29,19,TEN,14797.0,15608.0
2015-11-29,20,TEN,14895.0,15778.0
2015-11-29,21,TEN,14885.0,15810.0
2015-11-29,22,TEN,15238.0,16025.0
2015-11-29,23,TEN,16014.0,16730.0
2015-11-30,0,TEN,16619.0,17366.0
2015-11-30,1,TEN,16586.0,17319.0
2015-11-30,2,TEN,16483.0,17215.0
2015-11-30,3,TEN,15845.0,16431.0
2015-11-30,4,TEN,15243.0,15736.0
2015-11-30,5,TEN,14216.0,14681.0
2015-11-30,6,TEN,13397.0,13797.0
2015-11-30,7,TEN,12916.0,13333.0
2015-11-30,8,TEN,12591.0,13169.0
2015-11-30,9,TEN,12578.0,13315.0
2015-11-30,10,TEN,12491.0,13026.0
2015-11-30,11,TEN,12941.0,13429.0
2015-11-30,12,TEN,14354.0,14757.0
2015-11-30,13,TEN,15865.0,16363.0
2015-11-30,14,TEN,16047.0,16623.0
2015-11-30,15,TEN,16223.0,16829.0
2015-11-30,16,TEN,16354.0,16928.0
2015-11-30,17,TEN,16555.0,17036.0
2015-11-30,18,TEN,16698.0,17176.0
2015-11-30,19,TEN,16717.0,17200.0
2015-11-30,20,TEN,16742.0,17285.0
2015-11-30,21,TEN,16666.0,17267.0
2015-11-30,22,TEN,16878.0,17414.0
2015-11-30,23,TEN,17643.0,17946.0
2015-12-01,0,TEN,18339.0,18807.0
2015-12-01,1,TEN,18193.0,18538.0
2015-12-01,2,TEN,17932.0,18325.0
2015-12-01,3,TEN,17292.0,17807.0
2015-12-01,4,TEN,16445.0,16956.0
2015-12-01,5,TEN,15113.0,15628.0
2015-12-01,6,TEN,14116.0,14773.0
2015-12-01,7,TEN,13489.0,14587.0
2015-12-01,8,TEN,13115.0,14489.0
2015-12-01,9,TEN,12889.0,14360.0
2015-12-01,10,TEN,12772.0,14234.0
2015-12-01,11,TEN,13161.0,14511.0
2015-12-01,12,TEN,14366.0,15330.0
2015-12-01,13,TEN,15910.0,16860.0
2015-12-01,14,TEN,16133.0,17064.0
2015-12-01,15,TEN,16136.0,17113.0
2015-12-01,16,TEN,16332.0,17159.0
2015-12-01,17,TEN,16682.0,17653.0
2015-12-01,18,TEN,16721.0,17710.0
2015-12-01,19,TEN,16876.0,17894.0
2015-12-01,20,TEN,16785.0,17644.0
2015-12-01,21,TEN,16854.0,17826.0
2015-12-01,22,TEN,17177.0,18153.0
2015-12-01,23,TEN,18055.0,18954.0
2015-12-02,0,TEN,18467.0,19510.0
2015-12-02,1,TEN,18449.0,19394.0
2015-12-02,2,TEN,18148.0,19024.0
2015-12-02,3,TEN,17741.0,18498.0
2015-12-02,4,TEN,16923.0,17603.0
2015-12-02,5,TEN,15749.0,16440.0
2015-12-02,6,TEN,14783.0,15464.0
2015-12-02,7,TEN,14100.0,14845.0
2015-12-02,8,TEN,13954.0,14647.0
2015-12-02,9,TEN,13765.0,14549.0
2015-12-02,10,TEN,13651.0,14556.0
2015-12-02,11,TEN,14133.0,14951.0
2015-12-02,12,TEN,15615.0,16466.0
2015-12-02,13,TEN,17057.0,17947.0
2015-12-02,14,TEN,17250.0,18165.0
2015-12-02,15,TEN,17190.0,18181.0
2015-12-02,16,TEN,17153.0,18124.0
2015-12-02,17,TEN,17142.0,18078.0
2015-12-02,18,TEN,17051.0,18144.0
2015-12-02,19,TEN,16927.0,17800.0
2015-12-02,20,TEN,16875.0,17768.0
2015-12-02,21,TEN,16673.0,17655.0
2015-12-02,22,TEN,17097.0,17908.0
2015-12-02,23,TEN,18129.0,18982.0
2015-12-03,0,TEN,19304.0,20219.0
2015-12-03,1,TEN,19758.0,20545.0
2015-12-03,2,TEN,19649.0,20558.0
2015-12-03,3,TEN,19460.0,20360.0
2015-12-03,4,TEN,18644.0,19580.0
2015-12-03,5,TEN,17742.0,18491.0
2015-12-03,6,TEN,16793.0,17913.0
2015-12-03,7,TEN,16527.0,17704.0
2015-12-03,8,TEN,16406.0,17578.0
2015-12-03,9,TEN,16637.0,17707.0
2015-12-03,10,TEN,17061.0,18256.0
2015-12-03,11,TEN,17784.0,19076.0
2015-12-03,12,TEN,19508.0,20127.0
2015-12-03,13,TEN,21099.0,21492.0
2015-12-03,14,TEN,20923.0,21345.0
2015-12-03,15,TEN,20060.0,20727.0
2015-12-03,16,TEN,19188.0,20155.0
2015-12-03,17,TEN,18737.0,19748.0
2015-12-03,18,TEN,18165.0,19129.0
2015-12-03,19,TEN,17787.0,18796.0
2015-12-03,20,TEN,17295.0,18410.0
2015-12-03,21,TEN,17079.0,18099.0
2015-12-03,22,TEN,17508.0,18466.0
2015-12-03,23,TEN,18736.0,19674.0
2015-12-04,0,TEN,20372.0,21375.0
2015-12-04,1,TEN,20866.0,21854.0
2015-12-04,2,TEN,21068.0,22046.0
2015-12-04,3,TEN,20899.0,21833.0
2015-12-04,4,TEN,20657.0,21618.0
2015-12-04,5,TEN,19784.0,20678.0
2015-12-04,6,TEN,19138.0,20075.0
2015-12-04,7,TEN,18710.0,19497.0
2015-12-04,8,TEN,18669.0,19328.0
2015-12-04,9,TEN,18876.0,19504.0
2015-12-04,10,TEN,19133.0,19728.0
2015-12-04,11,TEN,19938.0,20431.0
2015-12-04,12,TEN,21550.0,22180.0
2015-12-04,13,TEN,22826.0,23019.0
2015-12-04,14,TEN,22448.0,22820.0
2015-12-04,15,TEN,21179.0,21857.0
2015-12-04,16,TEN,19716.0,20794.0
2015-12-04,17,TEN,18739.0,19651.0
2015-12-04,18,TEN,17981.0,18837.0
2015-12-04,19,TEN,17379.0,18410.0
2015-12-04,20,TEN,16944.0,17972.0
2015-12-04,21,TEN,16727.0,17910.0
2015-12-04,22,TEN,16715.0,18014.0
2015-12-04,23,TEN,17705.0,18846.0
2015-12-05,0,TEN,19068.0,20111.0
2015-12-05,1,TEN,19408.0,20458.0
2015-12-05,2,TEN,19605.0,20556.0
2015-12-05,3,TEN,19634.0,20526.0
2015-12-05,4,TEN,19454.0,20431.0
2015-12-05,5,TEN,18854.0,19685.0
2015-12-05,6,TEN,18346.0,19323.0
2015-12-05,7,TEN,17920.0,19073.0
2015-12-05,8,TEN,17936.0,19109.0
2015-12-05,9,TEN,18053.0,19193.0
2015-12-05,10,TEN,18487.0,19575.0
2015-12-05,11,TEN,19091.0,20207.0
2015-12-05,12,TEN,19750.0,20860.0
2015-12-05,13,TEN,20632.0,21693.0
2015-12-05,14,TEN,20885.0,21896.0
2015-12-05,15,TEN,20071.0,21188.0
2015-12-05,16,TEN,18882.0,19855.0
2015-12-05,17,TEN,17770.0,18755.0
2015-12-05,18,TEN,16845.0,17953.0
2015-12-05,19,TEN,16012.0,16910.0
2015-12-05,20,TEN,15552.0,16588.0
2015-12-05,21,TEN,15241.0,16354.0
2015-12-05,22,TEN,15183.0,16255.0
2015-12-05,23,TEN,16198.0,17125.0
2015-12-06,0,TEN,17504.0,18445.0
2015-12-06,1,TEN,17798.0,18713.0
2015-12-06,2,TEN,18111.0,18952.0
2015-12-06,3,TEN,18260.0,19125.0
2015-12-06,4,TEN,18023.0,18834.0
2015-12-06,5,TEN,17514.0,18280.0
2015-12-06,6,TEN,16975.0,17738.0
2015-12-06,7,TEN,16624.0,17436.0
2015-12-06,8,TEN,16608.0,17450.0
2015-12-06,9,TEN,16793.0,17613.0
2015-12-06,10,TEN,17028.0,17853.0
2015-12-06,11,TEN,17410.0,18222.0
2015-12-06,12,TEN,17913.0,18777.0
2015-12-06,13,TEN,18596.0,19413.0
2015-12-06,14,TEN,19020.0,19856.0
2015-12-06,15,TEN,18796.0,19642.0
2015-12-06,16,TEN,17614.0,18521.0
2015-12-06,17,TEN,16700.0,17494.0
2015-12-06,18,TEN,15798.0,16782.0
2015-12-06,19,TEN,15367.0,16200.0
2015-12-06,20,TEN,15181.0,16007.0
2015-12-06,21,TEN,15071.0,15906.0
2015-12-06,22,TEN,15162.0,16020.0
2015-12-06,23,TEN,16139.0,16970.0
2015-12-07,0,TEN,17499.0,18411.0
2015-12-07,1,TEN,17714.0,18545.0
2015-12-07,2,TEN,17819.0,18651.0
2015-12-07,3,TEN,17503.0,18303.0
2015-12-07,4,TEN,16847.0,17578.0
2015-12-07,5,TEN,15864.0,16626.0
2015-12-07,6,TEN,15173.0,16009.0
2015-12-07,7,TEN,14767.0,15658.0
2015-12-07,8,TEN,14761.0,15683.0
2015-12-07,9,TEN,14901.0,15817.0
2015-12-07,10,TEN,15034.0,16203.0
2015-12-07,11,TEN,15621.0,16801.0
2015-12-07,12,TEN,17332.0,18570.0
2015-12-07,13,TEN,18874.0,20078.0
2015-12-07,14,TEN,18784.0,19868.0
2015-12-07,15,TEN,18090.0,19179.0
2015-12-07,16,TEN,17446.0,18470.0
2015-12-07,17,TEN,17125.0,18115.0
2015-12-07,18,TEN,16965.0,17867.0
2015-12-07,19,TEN,16793.0,17732.0
2015-12-07,20,TEN,16578.0,17552.0
2015-12-07,21,TEN,16298.0,17315.0
2015-12-07,22,TEN,16354.0,17595.0
2015-12-07,23,TEN,17243.0,18273.0
2015-12-08,0,TEN,18917.0,19942.0
2015-12-08,1,TEN,19143.0,20115.0
2015-12-08,2,TEN,19168.0,20159.0
2015-12-08,3,TEN,18978.0,19913.0
2015-12-08,4,TEN,18348.0,19256.0
2015-12-08,5,TEN,17460.0,18346.0
2015-12-08,6,TEN,16657.0,17532.0
2015-12-08,7,TEN,16472.0,17247.0
2015-12-08,8,TEN,16574.0,17316.0
2015-12-08,9,TEN,16727.0,17510.0
2015-12-08,10,TEN,17072.0,17899.0
2015-12-08,11,TEN,17781.0,18772.0
2015-12-08,12,TEN,19470.0,20595.0
2015-12-08,13,TEN,21115.0,22156.0
2015-12-08,14,TEN,20800.0,21666.0
2015-12-08,15,TEN,19602.0,20566.0
2015-12-08,16,TEN,18356.0,19364.0
2015-12-08,17,TEN,17645.0,18595.0
2015-12-08,18,TEN,17114.0,18066.0
2015-12-08,19,TEN,16767.0,17779.0
2015-12-08,20,TEN,16446.0,17442.0
2015-12-08,21,TEN,16294.0,17376.0
2015-12-08,22,TEN,16298.0,17318.0
2015-12-08,23,TEN,17367.0,18378.0
2015-12-09,0,TEN,18769.0,19863.0
2015-12-09,1,TEN,19083.0,20156.0
2015-12-09,2,TEN,19099.0,20136.0
2015-12-09,3,TEN,18950.0,20017.0
2015-12-09,4,TEN,18234.0,19188.0
2015-12-09,5,TEN,17176.0,18071.0
2015-12-09,6,TEN,16371.0,17111.0
2015-12-09,7,TEN,16089.0,16814.0
2015-12-09,8,TEN,15896.0,16641.0
2015-12-09,9,TEN,15965.0,16741.0
2015-12-09,10,TEN,16075.0,16860.0
2015-12-09,11,TEN,16544.0,17415.0
2015-12-09,12,TEN,17935.0,18864.0
2015-12-09,13,TEN,19303.0,20341.0
2015-12-09,14,TEN,19019.0,20066.0
2015-12-09,15,TEN,18350.0,19422.0
2015-12-09,16,TEN,17849.0,18919.0
2015-12-09,17,TEN,17627.0,18627.0
2015-12-09,18,TEN,17299.0,18343.0
2015-12-09,19,TEN,17022.0,18069.0
2015-12-09,20,TEN,16968.0,18018.0
2015-12-09,21,TEN,16812.0,17836.0
2015-12-09,22,TEN,16903.0,17968.0
2015-12-09,23,TEN,17825.0,18882.0
2015-12-10,0,TEN,18811.0,19926.0
2015-12-10,1,TEN,18913.0,20027.0
2015-12-10,2,TEN,18613.0,19637.0
2015-12-10,3,TEN,18230.0,19279.0
2015-12-10,4,TEN,17409.0,18465.0
2015-12-10,5,TEN,16291.0,17209.0
2015-12-10,6,TEN,15356.0,16200.0
2015-12-10,7,TEN,14881.0,15850.0
2015-12-10,8,TEN,14737.0,15646.0
2015-12-10,9,TEN,14670.0,15499.0
2015-12-10,10,TEN,14681.0,15617.0
2015-12-10,11,TEN,15068.0,16286.0
2015-12-10,12,TEN,16509.0,17886.0
2015-12-10,13,TEN,17984.0,19280.0
2015-12-10,14,TEN,17835.0,19165.0
2015-12-10,15,TEN,17611.0,18934.0
2015-12-10,16,TEN,17222.0,18332.0
2015-12-10,17,TEN,17191.0,18218.0
2015-12-10,18,TEN,16923.0,17998.0
2015-12-10,19,TEN,16815.0,17904.0
2015-12-10,20,TEN,16537.0,17625.0
2015-12-10,21,TEN,16328.0,17443.0
2015-12-10,22,TEN,16514.0,17639.0
2015-12-10,23,TEN,17252.0,18440.0
2015-12-11,0,TEN,18331.0,19506.0
2015-12-11,1,TEN,18351.0,19574.0
2015-12-11,2,TEN,18181.0,19396.0
2015-12-11,3,TEN,17735.0,18826.0
2015-12-11,4,TEN,16856.0,17908.0
2015-12-11,5,TEN,15679.0,16715.0
2015-12-11,6,TEN,14631.0,15576.0
2015-12-11,7,TEN,13985.0,14686.0
2015-12-11,8,TEN,13706.0,14365.0
2015-12-11,9,TEN,13492.0,14141.0
2015-12-11,10,TEN,13476.0,14363.0
2015-12-11,11,TEN,14001.0,14571.0
2015-12-11,12,TEN,14556.0,15807.0
2015-12-11,13,TEN,16257.0,17085.0
2015-12-11,14,TEN,16322.0,17224.0
2015-12-11,15,TEN,16296.0,17171.0
2015-12-11,16,TEN,16254.0,17183.0
2015-12-11,17,TEN,16252.0,17130.0
2015-12-11,18,TEN,16274.0,17093.0
2015-12-11,19,TEN,16095.0,16982.0
2015-12-11,20,TEN,16021.0,16889.0
2015-12-11,21,TEN,15868.0,16783.0
2015-12-11,22,TEN,15900.0,16853.0
2015-12-11,23,TEN,16581.0,17477.0
2015-12-12,0,TEN,17398.0,18300.0
2015-12-12,1,TEN,17244.0,18202.0
2015-12-12,2,TEN,16905.0,17799.0
2015-12-12,3,TEN,16357.0,17292.0
2015-12-12,4,TEN,15809.0,16778.0
2015-12-12,5,TEN,15021.0,15855.0
2015-12-12,6,TEN,13970.0,14817.0
2015-12-12,7,TEN,13112.0,13928.0
2015-12-12,8,TEN,12669.0,13272.0
2015-12-12,9,TEN,12356.0,13015.0
2015-12-12,10,TEN,12307.0,12887.0
2015-12-12,11,TEN,12452.0,13228.0
2015-12-12,12,TEN,12971.0,13845.0
2015-12-12,13,TEN,13601.0,14479.0
2015-12-12,14,TEN,14100.0,15063.0
2015-12-12,15,TEN,14662.0,15599.0
2015-12-12,16,TEN,15166.0,16057.0
2015-12-12,17,TEN,15359.0,16222.0
2015-12-12,18,TEN,15241.0,16135.0
2015-12-12,19,TEN,15148.0,16003.0
2015-12-12,20,TEN,14978.0,15866.0
2015-12-12,21,TEN,14856.0,15777.0
2015-12-12,22,TEN,14929.0,15832.0
2015-12-12,23,TEN,15561.0,16478.0
2015-12-13,0,TEN,16239.0,17217.0
2015-12-13,1,TEN,16023.0,16864.0
2015-12-13,2,TEN,15740.0,16544.0
2015-12-13,3,TEN,15529.0,16345.0
2015-12-13,4,TEN,14955.0,15752.0
2015-12-13,5,TEN,14129.0,14946.0
2015-12-13,6,TEN,13289.0,13959.0
2015-12-13,7,TEN,12655.0,13262.0
2015-12-13,8,TEN,12236.0,12699.0
2015-12-13,9,TEN,12035.0,12535.0
2015-12-13,10,TEN,11975.0,12497.0
2015-12-13,11,TEN,12157.0,12647.0
2015-12-13,12,TEN,12526.0,13086.0
2015-12-13,13,TEN,13137.0,13654.0
2015-12-13,14,TEN,13769.0,14669.0
2015-12-13,15,TEN,14417.0,15270.0
2015-12-13,16,TEN,14639.0,15518.0
2015-12-13,17,TEN,14549.0,15449.0
2015-12-13,18,TEN,14367.0,15252.0
2015-12-13,19,TEN,14374.0,15187.0
2015-12-13,20,TEN,14520.0,15099.0
2015-12-13,21,TEN,14443.0,15119.0
2015-12-13,22,TEN,14506.0,15138.0
2015-12-13,23,TEN,15453.0,16161.0
2015-12-14,0,TEN,16485.0,17289.0
2015-12-14,1,TEN,16479.0,17331.0
2015-12-14,2,TEN,16277.0,17177.0
2015-12-14,3,TEN,15866.0,16529.0
2015-12-14,4,TEN,15051.0,15646.0
2015-12-14,5,TEN,14150.0,14727.0
2015-12-14,6,TEN,13200.0,13660.0
2015-12-14,7,TEN,12680.0,12972.0
2015-12-14,8,TEN,12428.0,12780.0
2015-12-14,9,TEN,12182.0,12637.0
2015-12-14,10,TEN,12201.0,12732.0
2015-12-14,11,TEN,12636.0,13423.0
2015-12-14,12,TEN,14022.0,14753.0
2015-12-14,13,TEN,15631.0,16593.0
2015-12-14,14,TEN,15836.0,16963.0
2015-12-14,15,TEN,15812.0,17029.0
2015-12-14,16,TEN,16069.0,16967.0
2015-12-14,17,TEN,16315.0,17177.0
2015-12-14,18,TEN,16420.0,17264.0
2015-12-14,19,TEN,16410.0,17393.0
2015-12-14,20,TEN,16246.0,17282.0
2015-12-14,21,TEN,16167.0,17082.0
2015-12-14,22,TEN,16138.0,17117.0
2015-12-14,23,TEN,16943.0,17875.0
2015-12-15,0,TEN,18145.0,18912.0
2015-12-15,1,TEN,18238.0,19001.0
2015-12-15,2,TEN,18062.0,18693.0
2015-12-15,3,TEN,17637.0,18570.0
2015-12-15,4,TEN,16795.0,17602.0
2015-12-15,5,TEN,15641.0,16430.0
2015-12-15,6,TEN,14625.0,15186.0
2015-12-15,7,TEN,14098.0,14674.0
2015-12-15,8,TEN,13964.0,14665.0
2015-12-15,9,TEN,13808.0,14584.0
2015-12-15,10,TEN,14006.0,14684.0
2015-12-15,11,TEN,14599.0,15335.0
2015-12-15,12,TEN,16133.0,16702.0
2015-12-15,13,TEN,17771.0,18551.0
2015-12-15,14,TEN,17775.0,18618.0
2015-12-15,15,TEN,17154.0,18110.0
2015-12-15,16,TEN,16600.0,17671.0
2015-12-15,17,TEN,16457.0,17309.0
2015-12-15,18,TEN,16216.0,17086.0
2015-12-15,19,TEN,16077.0,16975.0
2015-12-15,20,TEN,16055.0,16998.0
2015-12-15,21,TEN,15983.0,16963.0
2015-12-15,22,TEN,16038.0,16949.0
2015-12-15,23,TEN,16523.0,17485.0
2015-12-16,0,TEN,17639.0,18583.0
2015-12-16,1,TEN,17782.0,18708.0
2015-12-16,2,TEN,17722.0,18606.0
2015-12-16,3,TEN,17597.0,18529.0
2015-12-16,4,TEN,16951.0,17736.0
2015-12-16,5,TEN,15916.0,16337.0
2015-12-16,6,TEN,15018.0,15474.0
2015-12-16,7,TEN,14613.0,15130.0
2015-12-16,8,TEN,14407.0,14986.0
2015-12-16,9,TEN,14477.0,15030.0
2015-12-16,10,TEN,14689.0,15320.0
2015-12-16,11,TEN,15402.0,15958.0
2015-12-16,12,TEN,16750.0,17230.0
2015-12-16,13,TEN,18296.0,18764.0
2015-12-16,14,TEN,18002.0,18385.0
2015-12-16,15,TEN,17270.0,17741.0
2015-12-16,16,TEN,16677.0,17291.0
2015-12-16,17,TEN,16477.0,16932.0
2015-12-16,18,TEN,16124.0,16557.0
2015-12-16,19,TEN,16060.0,16553.0
2015-12-16,20,TEN,16037.0,16563.0
2015-12-16,21,TEN,15988.0,16514.0
2015-12-16,22,TEN,16135.0,16670.0
2015-12-16,23,TEN,16795.0,17136.0
2015-12-17,0,TEN,18043.0,18459.0
2015-12-17,1,TEN,17919.0,18463.0
2015-12-17,2,TEN,17883.0,18503.0
2015-12-17,3,TEN,17245.0,17862.0
2015-12-17,4,TEN,16326.0,16886.0
2015-12-17,5,TEN,15317.0,15830.0
2015-12-17,6,TEN,14307.0,14791.0
2015-12-17,7,TEN,13677.0,14371.0
2015-12-17,8,TEN,13403.0,14402.0
2015-12-17,9,TEN,13423.0,14409.0
2015-12-17,10,TEN,13409.0,14331.0
2015-12-17,11,TEN,13826.0,14566.0
2015-12-17,12,TEN,15341.0,15748.0
2015-12-17,13,TEN,16956.0,17402.0
2015-12-17,14,TEN,17230.0,17601.0
2015-12-17,15,TEN,17083.0,17505.0
2015-12-17,16,TEN,17080.0,17533.0
2015-12-17,17,TEN,16970.0,17405.0
2015-12-17,18,TEN,16786.0,17268.0
2015-12-17,19,TEN,16579.0,17046.0
2015-12-17,20,TEN,16333.0,16845.0
2015-12-17,21,TEN,16252.0,16811.0
2015-12-17,22,TEN,16346.0,16811.0
2015-12-17,23,TEN,17300.0,17656.0
2015-12-18,0,TEN,18906.0,19195.0
2015-12-18,1,TEN,19227.0,19257.0
2015-12-18,2,TEN,19353.0,19605.0
2015-12-18,3,TEN,19216.0,19474.0
2015-12-18,4,TEN,18772.0,18963.0
2015-12-18,5,TEN,17959.0,18266.0
2015-12-18,6,TEN,17260.0,17368.0
2015-12-18,7,TEN,16958.0,17346.0
2015-12-18,8,TEN,16847.0,17361.0
2015-12-18,9,TEN,16870.0,17399.0
2015-12-18,10,TEN,17147.0,17688.0
2015-12-18,11,TEN,17703.0,18283.0
2015-12-18,12,TEN,19385.0,19821.0
2015-12-18,13,TEN,21028.0,21595.0
2015-12-18,14,TEN,21207.0,21685.0
2015-12-18,15,TEN,20906.0,21517.0
2015-12-18,16,TEN,20808.0,21455.0
2015-12-18,17,TEN,20719.0,21148.0
2015-12-18,18,TEN,20569.0,21024.0
2015-12-18,19,TEN,20288.0,20980.0
2015-12-18,20,TEN,19894.0,20497.0
2015-12-18,21,TEN,19627.0,20195.0
2015-12-18,22,TEN,19692.0,20148.0
2015-12-18,23,TEN,20711.0,21246.0
2015-12-19,0,TEN,22037.0,22516.0
2015-12-19,1,TEN,22244.0,22889.0
2015-12-19,2,TEN,22289.0,23006.0
2015-12-19,3,TEN,22357.0,22991.0
2015-12-19,4,TEN,21954.0,22601.0
2015-12-19,5,TEN,21316.0,21916.0
2015-12-19,6,TEN,20680.0,21214.0
2015-12-19,7,TEN,20352.0,21007.0
2015-12-19,8,TEN,20149.0,20907.0
2015-12-19,9,TEN,20065.0,20810.0
2015-12-19,10,TEN,20247.0,20982.0
2015-12-19,11,TEN,20626.0,21390.0
2015-12-19,12,TEN,21210.0,21876.0
2015-12-19,13,TEN,21865.0,22549.0
2015-12-19,14,TEN,22132.0,22824.0
2015-12-19,15,TEN,21577.0,22266.0
2015-12-19,16,TEN,20339.0,21151.0
2015-12-19,17,TEN,19209.0,19973.0
2015-12-19,18,TEN,18098.0,18837.0
2015-12-19,19,TEN,17144.0,17842.0
2015-12-19,20,TEN,16650.0,17301.0
2015-12-19,21,TEN,16306.0,17112.0
2015-12-19,22,TEN,16427.0,17191.0
2015-12-19,23,TEN,17535.0,18241.0
2015-12-20,0,TEN,19006.0,19763.0
2015-12-20,1,TEN,19409.0,20163.0
2015-12-20,2,TEN,19684.0,20357.0
2015-12-20,3,TEN,19729.0,20445.0
2015-12-20,4,TEN,19706.0,20345.0
2015-12-20,5,TEN,19223.0,19981.0
2015-12-20,6,TEN,18641.0,19383.0
2015-12-20,7,TEN,18484.0,19225.0
2015-12-20,8,TEN,18407.0,19164.0
2015-12-20,9,TEN,18477.0,19220.0
2015-12-20,10,TEN,18618.0,19420.0
2015-12-20,11,TEN,19052.0,19664.0
2015-12-20,12,TEN,19713.0,20462.0
2015-12-20,13,TEN,20499.0,21037.0
2015-12-20,14,TEN,20892.0,21563.0
2015-12-20,15,TEN,20558.0,21281.0
2015-12-20,16,TEN,19336.0,20185.0
2015-12-20,17,TEN,18143.0,18829.0
2015-12-20,18,TEN,17265.0,18043.0
2015-12-20,19,TEN,16766.0,17792.0
2015-12-20,20,TEN,16519.0,17626.0
2015-12-20,21,TEN,16384.0,17519.0
2015-12-20,22,TEN,16647.0,17752.0
2015-12-20,23,TEN,17840.0,18885.0
2015-12-21,0,TEN,18842.0,19881.0
2015-12-21,1,TEN,18919.0,20011.0
2015-12-21,2,TEN,18891.0,19922.0
2015-12-21,3,TEN,18564.0,19648.0
2015-12-21,4,TEN,18018.0,19054.0
2015-12-21,5,TEN,17119.0,18216.0
2015-12-21,6,TEN,16336.0,17339.0
2015-12-21,7,TEN,15748.0,16897.0
2015-12-21,8,TEN,15439.0,16451.0
2015-12-21,9,TEN,15270.0,16290.0
2015-12-21,10,TEN,15281.0,16460.0
2015-12-21,11,TEN,15586.0,16863.0
2015-12-21,12,TEN,16684.0,17780.0
2015-12-21,13,TEN,17731.0,18741.0
2015-12-21,14,TEN,18151.0,19060.0
2015-12-21,15,TEN,18322.0,19288.0
2015-12-21,16,TEN,18403.0,19393.0
2015-12-21,17,TEN,18421.0,19336.0
2015-12-21,18,TEN,18169.0,19157.0
2015-12-21,19,TEN,17939.0,19003.0
2015-12-21,20,TEN,17607.0,18610.0
2015-12-21,21,TEN,17542.0,18562.0
2015-12-21,22,TEN,17581.0,18547.0
2015-12-21,23,TEN,18344.0,19348.0
2015-12-22,0,TEN,18885.0,19977.0
2015-12-22,1,TEN,18625.0,19723.0
2015-12-22,2,TEN,18194.0,19141.0
2015-12-22,3,TEN,17734.0,18772.0
2015-12-22,4,TEN,16778.0,17799.0
2015-12-22,5,TEN,15740.0,16802.0
2015-12-22,6,TEN,14619.0,15674.0
2015-12-22,7,TEN,13914.0,14818.0
2015-12-22,8,TEN,13496.0,14178.0
2015-12-22,9,TEN,13285.0,13999.0
2015-12-22,10,TEN,13200.0,14075.0
2015-12-22,11,TEN,13395.0,14369.0
2015-12-22,12,TEN,14350.0,15239.0
2015-12-22,13,TEN,15478.0,16368.0
2015-12-22,14,TEN,15948.0,16788.0
2015-12-22,15,TEN,16254.0,16923.0
2015-12-22,16,TEN,16409.0,17111.0
2015-12-22,17,TEN,16596.0,17461.0
2015-12-22,18,TEN,16413.0,17287.0
2015-12-22,19,TEN,16289.0,17165.0
2015-12-22,20,TEN,16162.0,17046.0
2015-12-22,21,TEN,16140.0,16979.0
2015-12-22,22,TEN,15808.0,16832.0
2015-12-22,23,TEN,16575.0,17498.0
2015-12-23,0,TEN,17435.0,18306.0
2015-12-23,1,TEN,17518.0,18395.0
2015-12-23,2,TEN,17297.0,18168.0
2015-12-23,3,TEN,17006.0,17795.0
2015-12-23,4,TEN,16196.0,17190.0
2015-12-23,5,TEN,15177.0,15999.0
2015-12-23,6,TEN,14071.0,14770.0
2015-12-23,7,TEN,13391.0,14028.0
2015-12-23,8,TEN,12888.0,13394.0
2015-12-23,9,TEN,12497.0,13100.0
2015-12-23,10,TEN,12286.0,12882.0
2015-12-23,11,TEN,12566.0,13302.0
2015-12-23,12,TEN,13334.0,14171.0
2015-12-23,13,TEN,14402.0,15173.0
2015-12-23,14,TEN,14990.0,15616.0
2015-12-23,15,TEN,15441.0,16035.0
2015-12-23,16,TEN,15781.0,16361.0
2015-12-23,17,TEN,16180.0,16709.0
2015-12-23,18,TEN,16177.0,16790.0
2015-12-23,19,TEN,16138.0,16713.0
2015-12-23,20,TEN,15910.0,16518.0
2015-12-23,21,TEN,15782.0,16420.0
2015-12-23,22,TEN,15663.0,16448.0
2015-12-23,23,TEN,16088.0,16954.0
2015-12-24,0,TEN,16876.0,17742.0
2015-12-24,1,TEN,16685.0,17455.0
2015-12-24,2,TEN,16358.0,17214.0
2015-12-24,3,TEN,16074.0,17032.0
2015-12-24,4,TEN,15331.0,16224.0
2015-12-24,5,TEN,14336.0,15128.0
2015-12-24,6,TEN,13175.0,13905.0
2015-12-24,7,TEN,12358.0,12886.0
2015-12-24,8,TEN,11690.0,12233.0
2015-12-24,9,TEN,11177.0,11740.0
2015-12-24,10,TEN,11011.0,11620.0
2015-12-24,11,TEN,10964.0,11622.0
2015-12-24,12,TEN,11374.0,11900.0
2015-12-24,13,TEN,12086.0,12807.0
2015-12-24,14,TEN,12671.0,13474.0
2015-12-24,15,TEN,13443.0,14275.0
2015-12-24,16,TEN,14012.0,14846.0
2015-12-24,17,TEN,14411.0,15215.0
2015-12-24,18,TEN,14553.0,15384.0
2015-12-24,19,TEN,14503.0,15314.0
2015-12-24,20,TEN,14495.0,15338.0
2015-12-24,21,TEN,14466.0,15335.0
2015-12-24,22,TEN,14500.0,15354.0
2015-12-24,23,TEN,14693.0,15536.0
2015-12-25,0,TEN,15228.0,16070.0
2015-12-25,1,TEN,14850.0,15658.0
2015-12-25,2,TEN,14566.0,15379.0
2015-12-25,3,TEN,14360.0,15177.0
2015-12-25,4,TEN,13927.0,14737.0
2015-12-25,5,TEN,13185.0,13688.0
2015-12-25,6,TEN,12412.0,12822.0
2015-12-25,7,TEN,11637.0,12116.0
2015-12-25,8,TEN,11132.0,11854.0
2015-12-25,9,TEN,10782.0,11695.0
2015-12-25,10,TEN,10593.0,11519.0
2015-12-25,11,TEN,10659.0,11589.0
2015-12-25,12,TEN,11078.0,11966.0
2015-12-25,13,TEN,11624.0,12646.0
2015-12-25,14,TEN,12424.0,13061.0
2015-12-25,15,TEN,13230.0,13957.0
2015-12-25,16,TEN,13932.0,14634.0
2015-12-25,17,TEN,14333.0,15039.0
2015-12-25,18,TEN,14318.0,15085.0
2015-12-25,19,TEN,14007.0,14419.0
2015-12-25,20,TEN,13597.0,13927.0
2015-12-25,21,TEN,13342.0,13656.0
2015-12-25,22,TEN,13248.0,13574.0
2015-12-25,23,TEN,13595.0,13676.0
2015-12-26,0,TEN,13930.0,13990.0
2015-12-26,1,TEN,13818.0,14007.0
2015-12-26,2,TEN,13669.0,14143.0
2015-12-26,3,TEN,13425.0,14239.0
2015-12-26,4,TEN,13025.0,13682.0
2015-12-26,5,TEN,12400.0,12746.0
2015-12-26,6,TEN,11615.0,11933.0
2015-12-26,7,TEN,11022.0,11343.0
2015-12-26,8,TEN,10664.0,10998.0
2015-12-26,9,TEN,10450.0,10798.0
2015-12-26,10,TEN,10475.0,10800.0
2015-12-26,11,TEN,10643.0,10969.0
2015-12-26,12,TEN,10973.0,11404.0
2015-12-26,13,TEN,11488.0,12073.0
2015-12-26,14,TEN,11879.0,12651.0
2015-12-26,15,TEN,12725.0,13506.0
2015-12-26,16,TEN,13473.0,14193.0
2015-12-26,17,TEN,13979.0,14661.0
2015-12-26,18,TEN,14214.0,14898.0
2015-12-26,19,TEN,14115.0,14822.0
2015-12-26,20,TEN,14137.0,14859.0
2015-12-26,21,TEN,14089.0,14857.0
2015-12-26,22,TEN,14073.0,14843.0
2015-12-26,23,TEN,14665.0,15221.0
2015-12-27,0,TEN,15555.0,16274.0
2015-12-27,1,TEN,15400.0,16128.0
2015-12-27,2,TEN,15175.0,15923.0
2015-12-27,3,TEN,14819.0,15538.0
2015-12-27,4,TEN,14338.0,14991.0
2015-12-27,5,TEN,13634.0,13931.0
2015-12-27,6,TEN,12723.0,13103.0
2015-12-27,7,TEN,11941.0,12222.0
2015-12-27,8,TEN,11388.0,11677.0
2015-12-27,9,TEN,11159.0,11445.0
2015-12-27,10,TEN,11036.0,11409.0
2015-12-27,11,TEN,11077.0,11384.0
2015-12-27,12,TEN,11307.0,11783.0
2015-12-27,13,TEN,11738.0,12218.0
2015-12-27,14,TEN,12219.0,12811.0
2015-12-27,15,TEN,13113.0,13772.0
2015-12-27,16,TEN,13706.0,14568.0
2015-12-27,17,TEN,14045.0,14946.0
2015-12-27,18,TEN,14186.0,15223.0
2015-12-27,19,TEN,14399.0,15319.0
2015-12-27,20,TEN,14392.0,15308.0
2015-12-27,21,TEN,14141.0,15147.0
2015-12-27,22,TEN,14204.0,15141.0
2015-12-27,23,TEN,14792.0,15635.0
2015-12-28,0,TEN,15754.0,16588.0
2015-12-28,1,TEN,15654.0,16473.0
2015-12-28,2,TEN,15356.0,16177.0
2015-12-28,3,TEN,14972.0,15829.0
2015-12-28,4,TEN,14282.0,15089.0
2015-12-28,5,TEN,13497.0,14084.0
2015-12-28,6,TEN,12517.0,13063.0
2015-12-28,7,TEN,12050.0,12630.0
2015-12-28,8,TEN,11653.0,12308.0
2015-12-28,9,TEN,11511.0,12122.0
2015-12-28,10,TEN,11397.0,12075.0
2015-12-28,11,TEN,11597.0,12260.0
2015-12-28,12,TEN,12363.0,13086.0
2015-12-28,13,TEN,13468.0,14284.0
2015-12-28,14,TEN,14021.0,14900.0
2015-12-28,15,TEN,14569.0,15407.0
2015-12-28,16,TEN,15041.0,15773.0
2015-12-28,17,TEN,15567.0,16320.0
2015-12-28,18,TEN,15646.0,16475.0
2015-12-28,19,TEN,15702.0,16465.0
2015-12-28,20,TEN,15656.0,16479.0
2015-12-28,21,TEN,15452.0,16344.0
2015-12-28,22,TEN,15426.0,16303.0
2015-12-28,23,TEN,15865.0,16844.0
2015-12-29,0,TEN,16706.0,17469.0
2015-12-29,1,TEN,16599.0,17429.0
2015-12-29,2,TEN,16323.0,17156.0
2015-12-29,3,TEN,15838.0,16722.0
2015-12-29,4,TEN,15072.0,15911.0
2015-12-29,5,TEN,14091.0,14693.0
2015-12-29,6,TEN,13187.0,13618.0
2015-12-29,7,TEN,12565.0,13164.0
2015-12-29,8,TEN,12314.0,12996.0
2015-12-29,9,TEN,12125.0,12781.0
2015-12-29,10,TEN,12108.0,12770.0
2015-12-29,11,TEN,12358.0,13240.0
2015-12-29,12,TEN,13263.0,14013.0
2015-12-29,13,TEN,14361.0,15085.0
2015-12-29,14,TEN,15000.0,15824.0
2015-12-29,15,TEN,15411.0,16223.0
2015-12-29,16,TEN,15789.0,16486.0
2015-12-29,17,TEN,16056.0,16798.0
2015-12-29,18,TEN,16037.0,16787.0
2015-12-29,19,TEN,15994.0,16773.0
2015-12-29,20,TEN,15860.0,16653.0
2015-12-29,21,TEN,15669.0,16432.0
2015-12-29,22,TEN,15650.0,16394.0
2015-12-29,23,TEN,16294.0,17197.0
2015-12-30,0,TEN,17457.0,17841.0
2015-12-30,1,TEN,17474.0,17848.0
2015-12-30,2,TEN,17262.0,17419.0
2015-12-30,3,TEN,16889.0,17513.0
2015-12-30,4,TEN,16190.0,17027.0
2015-12-30,5,TEN,15322.0,15923.0
2015-12-30,6,TEN,14231.0,14911.0
2015-12-30,7,TEN,13798.0,14487.0
2015-12-30,8,TEN,13446.0,14182.0
2015-12-30,9,TEN,13279.0,13989.0
2015-12-30,10,TEN,13178.0,13932.0
2015-12-30,11,TEN,13406.0,14169.0
2015-12-30,12,TEN,14223.0,15205.0
2015-12-30,13,TEN,15250.0,15935.0
2015-12-30,14,TEN,15678.0,16515.0
2015-12-30,15,TEN,15946.0,16870.0
2015-12-30,16,TEN,16215.0,17000.0
2015-12-30,17,TEN,16305.0,17108.0
2015-12-30,18,TEN,16243.0,16985.0
2015-12-30,19,TEN,16221.0,16981.0
2015-12-30,20,TEN,16245.0,16994.0
2015-12-30,21,TEN,16091.0,16886.0
2015-12-30,22,TEN,16120.0,16950.0
2015-12-30,23,TEN,16740.0,17597.0
2015-12-31,0,TEN,17569.0,18238.0
2015-12-31,1,TEN,17425.0,18243.0
2015-12-31,2,TEN,17275.0,18083.0
2015-12-31,3,TEN,17040.0,17871.0
2015-12-31,4,TEN,16362.0,16995.0
2015-12-31,5,TEN,15424.0,16095.0
2015-12-31,6,TEN,14530.0,15106.0
2015-12-31,7,TEN,14037.0,14601.0
2015-12-31,8,TEN,13735.0,14387.0
2015-12-31,9,TEN,13653.0,14333.0
2015-12-31,10,TEN,13575.0,14211.0
2015-12-31,11,TEN,13805.0,14505.0
2015-12-31,12,TEN,14643.0,15317.0
2015-12-31,13,TEN,15624.0,16421.0
2015-12-31,14,TEN,16110.0,16898.0
2015-12-31,15,TEN,16540.0,17343.0
2015-12-31,16,TEN,16843.0,17635.0
2015-12-31,17,TEN,16987.0,17720.0
2015-12-31,18,TEN,16822.0,17646.0
2015-12-31,19,TEN,16659.0,17460.0
2015-12-31,20,TEN,16464.0,17276.0
2015-12-31,21,TEN,16452.0,17289.0
2015-12-31,22,TEN,16662.0,17526.0
2015-12-31,23,TEN,17585.0,18398.0
2016-01-01,0,TEN,18742.0,19564.0
2016-01-01,1,TEN,18555.0,19340.0
2016-01-01,2,TEN,18180.0,18962.0
2016-01-01,3,TEN,17744.0,18549.0
2016-01-01,4,TEN,17306.0,17969.0
2016-01-01,5,TEN,16731.0,17455.0
2016-01-01,6,TEN,16298.0,16997.0
2016-01-01,7,TEN,15975.0,16842.0
2016-01-01,8,TEN,15660.0,16583.0
2016-01-01,9,TEN,15533.0,16419.0
2016-01-01,10,TEN,15703.0,16636.0
2016-01-01,11,TEN,16046.0,17006.0
2016-01-01,12,TEN,16465.0,17627.0
2016-01-01,13,TEN,16794.0,17941.0
2016-01-01,14,TEN,17157.0,18168.0
2016-01-01,15,TEN,17701.0,18773.0
2016-01-01,16,TEN,18025.0,19010.0
2016-01-01,17,TEN,18108.0,19079.0
2016-01-01,18,TEN,17896.0,18840.0
2016-01-01,19,TEN,17506.0,18539.0
2016-01-01,20,TEN,16902.0,17971.0
2016-01-01,21,TEN,16518.0,17601.0
2016-01-01,22,TEN,16674.0,17574.0
2016-01-01,23,TEN,17584.0,18359.0
2016-01-02,0,TEN,18872.0,19648.0
2016-01-02,1,TEN,19125.0,19840.0
2016-01-02,2,TEN,19176.0,19926.0
2016-01-02,3,TEN,19095.0,19882.0
2016-01-02,4,TEN,18878.0,19640.0
2016-01-02,5,TEN,18473.0,19162.0
2016-01-02,6,TEN,18063.0,18799.0
2016-01-02,7,TEN,17809.0,18693.0
2016-01-02,8,TEN,17827.0,18557.0
2016-01-02,9,TEN,17989.0,18679.0
2016-01-02,10,TEN,18127.0,18842.0
2016-01-02,11,TEN,18477.0,18904.0
2016-01-02,12,TEN,19310.0,19868.0
2016-01-02,13,TEN,20098.0,20528.0
2016-01-02,14,TEN,20370.0,20516.0
2016-01-02,15,TEN,20165.0,20268.0
2016-01-02,16,TEN,19343.0,19814.0
2016-01-02,17,TEN,18264.0,19028.0
2016-01-02,18,TEN,17401.0,18447.0
2016-01-02,19,TEN,16608.0,17618.0
2016-01-02,20,TEN,15984.0,17046.0
2016-01-02,21,TEN,15628.0,16804.0
2016-01-02,22,TEN,15663.0,16789.0
2016-01-02,23,TEN,16715.0,17898.0
2016-01-03,0,TEN,18362.0,19473.0
2016-01-03,1,TEN,18947.0,20077.0
2016-01-03,2,TEN,19154.0,20260.0
2016-01-03,3,TEN,19285.0,20454.0
2016-01-03,4,TEN,19041.0,20191.0
2016-01-03,5,TEN,18708.0,19727.0
2016-01-03,6,TEN,18326.0,19297.0
2016-01-03,7,TEN,18004.0,19047.0
2016-01-03,8,TEN,17908.0,18926.0
2016-01-03,9,TEN,18091.0,19038.0
2016-01-03,10,TEN,18236.0,19145.0
2016-01-03,11,TEN,18557.0,19498.0
2016-01-03,12,TEN,19168.0,20248.0
2016-01-03,13,TEN,19906.0,20784.0
2016-01-03,14,TEN,20366.0,21167.0
2016-01-03,15,TEN,20234.0,21090.0
2016-01-03,16,TEN,19063.0,20247.0
2016-01-03,17,TEN,17739.0,18946.0
2016-01-03,18,TEN,16877.0,18050.0
2016-01-03,19,TEN,16267.0,17399.0
2016-01-03,20,TEN,15823.0,16991.0
2016-01-03,21,TEN,15551.0,16493.0
2016-01-03,22,TEN,15699.0,16761.0
2016-01-03,23,TEN,16686.0,17922.0
2016-01-04,0,TEN,18290.0,19483.0
2016-01-04,1,TEN,18997.0,20140.0
2016-01-04,2,TEN,19267.0,20402.0
2016-01-04,3,TEN,19087.0,20268.0
2016-01-04,4,TEN,18786.0,19966.0
2016-01-04,5,TEN,18192.0,19125.0
2016-01-04,6,TEN,17715.0,18676.0
2016-01-04,7,TEN,17590.0,18515.0
2016-01-04,8,TEN,17610.0,18565.0
2016-01-04,9,TEN,17825.0,18757.0
2016-01-04,10,TEN,17947.0,18714.0
2016-01-04,11,TEN,18653.0,19403.0
2016-01-04,12,TEN,20095.0,20903.0
2016-01-04,13,TEN,21551.0,22458.0
2016-01-04,14,TEN,21990.0,22938.0
2016-01-04,15,TEN,22007.0,22944.0
2016-01-04,16,TEN,21968.0,22866.0
2016-01-04,17,TEN,21910.0,22783.0
2016-01-04,18,TEN,21667.0,22387.0
2016-01-04,19,TEN,21294.0,22060.0
2016-01-04,20,TEN,20857.0,21652.0
2016-01-04,21,TEN,20478.0,21317.0
2016-01-04,22,TEN,20464.0,21324.0
2016-01-04,23,TEN,21489.0,22194.0
2016-01-05,0,TEN,23229.0,23928.0
2016-01-05,1,TEN,23745.0,24453.0
2016-01-05,2,TEN,23797.0,24396.0
2016-01-05,3,TEN,23486.0,24168.0
2016-01-05,4,TEN,22752.0,23224.0
2016-01-05,5,TEN,21838.0,22747.0
2016-01-05,6,TEN,21072.0,21984.0
2016-01-05,7,TEN,20950.0,21575.0
2016-01-05,8,TEN,20993.0,21457.0
2016-01-05,9,TEN,21084.0,21763.0
2016-01-05,10,TEN,21375.0,21602.0
2016-01-05,11,TEN,22126.0,22742.0
2016-01-05,12,TEN,23571.0,24145.0
2016-01-05,13,TEN,25195.0,25520.0
2016-01-05,14,TEN,25070.0,25272.0
2016-01-05,15,TEN,23825.0,24537.0
2016-01-05,16,TEN,22490.0,23299.0
2016-01-05,17,TEN,21399.0,22076.0
2016-01-05,18,TEN,20613.0,21339.0
2016-01-05,19,TEN,19801.0,20561.0
2016-01-05,20,TEN,19114.0,19863.0
2016-01-05,21,TEN,18784.0,19536.0
2016-01-05,22,TEN,18798.0,19473.0
2016-01-05,23,TEN,19949.0,20574.0
2016-01-06,0,TEN,21961.0,22596.0
2016-01-06,1,TEN,22690.0,23176.0
2016-01-06,2,TEN,22876.0,23374.0
2016-01-06,3,TEN,22723.0,23594.0
2016-01-06,4,TEN,22249.0,22934.0
2016-01-06,5,TEN,21338.0,21750.0
2016-01-06,6,TEN,20815.0,21582.0
2016-01-06,7,TEN,20606.0,21274.0
2016-01-06,8,TEN,20748.0,21426.0
2016-01-06,9,TEN,20814.0,21517.0
2016-01-06,10,TEN,21174.0,21839.0
2016-01-06,11,TEN,21907.0,22643.0
2016-01-06,12,TEN,23488.0,24093.0
2016-01-06,13,TEN,25130.0,25725.0
2016-01-06,14,TEN,24763.0,25430.0
2016-01-06,15,TEN,23673.0,24430.0
2016-01-06,16,TEN,22306.0,23486.0
2016-01-06,17,TEN,21153.0,22354.0
2016-01-06,18,TEN,20170.0,21396.0
2016-01-06,19,TEN,19355.0,20603.0
2016-01-06,20,TEN,18672.0,19917.0
2016-01-06,21,TEN,18397.0,19602.0
2016-01-06,22,TEN,18493.0,19591.0
2016-01-06,23,TEN,19589.0,20711.0
2016-01-07,0,TEN,21313.0,22470.0
2016-01-07,1,TEN,21915.0,23129.0
2016-01-07,2,TEN,21994.0,23204.0
2016-01-07,3,TEN,21704.0,22928.0
2016-01-07,4,TEN,21234.0,22356.0
2016-01-07,5,TEN,20212.0,21217.0
2016-01-07,6,TEN,19561.0,20694.0
2016-01-07,7,TEN,19337.0,20298.0
2016-01-07,8,TEN,19334.0,20174.0
2016-01-07,9,TEN,19401.0,20111.0
2016-01-07,10,TEN,19565.0,20087.0
2016-01-07,11,TEN,20168.0,21145.0
2016-01-07,12,TEN,21488.0,22433.0
2016-01-07,13,TEN,22917.0,23607.0
2016-01-07,14,TEN,22580.0,23227.0
2016-01-07,15,TEN,21669.0,22476.0
2016-01-07,16,TEN,20530.0,21552.0
2016-01-07,17,TEN,19754.0,20719.0
2016-01-07,18,TEN,18963.0,19945.0
2016-01-07,19,TEN,18166.0,19311.0
2016-01-07,20,TEN,17692.0,18841.0
2016-01-07,21,TEN,17479.0,18610.0
2016-01-07,22,TEN,17637.0,18778.0
2016-01-07,23,TEN,18382.0,19472.0
2016-01-08,0,TEN,19460.0,20621.0
2016-01-08,1,TEN,19543.0,20688.0
2016-01-08,2,TEN,19272.0,20487.0
2016-01-08,3,TEN,18905.0,20095.0
2016-01-08,4,TEN,17938.0,19040.0
2016-01-08,5,TEN,16781.0,17776.0
2016-01-08,6,TEN,15802.0,16758.0
2016-01-08,7,TEN,15326.0,16283.0
2016-01-08,8,TEN,14961.0,15851.0
2016-01-08,9,TEN,14780.0,15719.0
2016-01-08,10,TEN,14885.0,15781.0
2016-01-08,11,TEN,15190.0,16142.0
2016-01-08,12,TEN,16520.0,17633.0
2016-01-08,13,TEN,18048.0,19202.0
2016-01-08,14,TEN,18001.0,19174.0
2016-01-08,15,TEN,17783.0,18943.0
2016-01-08,16,TEN,17765.0,18821.0
2016-01-08,17,TEN,17784.0,18871.0
2016-01-08,18,TEN,17456.0,18341.0
2016-01-08,19,TEN,17182.0,17946.0
2016-01-08,20,TEN,16917.0,17971.0
2016-01-08,21,TEN,16553.0,17639.0
2016-01-08,22,TEN,16522.0,17661.0
2016-01-08,23,TEN,16920.0,18286.0
2016-01-09,0,TEN,17884.0,19080.0
2016-01-09,1,TEN,17832.0,19024.0
2016-01-09,2,TEN,17555.0,18701.0
2016-01-09,3,TEN,17174.0,18031.0
2016-01-09,4,TEN,16653.0,17293.0
2016-01-09,5,TEN,15987.0,16855.0
2016-01-09,6,TEN,15217.0,16112.0
2016-01-09,7,TEN,14728.0,15441.0
2016-01-09,8,TEN,14460.0,15103.0
2016-01-09,9,TEN,14353.0,15019.0
2016-01-09,10,TEN,14305.0,15023.0
2016-01-09,11,TEN,14662.0,15283.0
2016-01-09,12,TEN,15094.0,15726.0
2016-01-09,13,TEN,15721.0,16401.0
2016-01-09,14,TEN,16316.0,17054.0
2016-01-09,15,TEN,16851.0,17753.0
2016-01-09,16,TEN,17148.0,18117.0
2016-01-09,17,TEN,17176.0,18155.0
2016-01-09,18,TEN,16973.0,17923.0
2016-01-09,19,TEN,16734.0,17711.0
2016-01-09,20,TEN,16377.0,17595.0
2016-01-09,21,TEN,16311.0,17325.0
2016-01-09,22,TEN,16345.0,17336.0
2016-01-09,23,TEN,17003.0,17975.0
2016-01-10,0,TEN,17727.0,18419.0
2016-01-10,1,TEN,17689.0,18390.0
2016-01-10,2,TEN,17461.0,18236.0
2016-01-10,3,TEN,17054.0,17687.0
2016-01-10,4,TEN,16637.0,17249.0
2016-01-10,5,TEN,16040.0,16600.0
2016-01-10,6,TEN,15511.0,16261.0
2016-01-10,7,TEN,15201.0,15637.0
2016-01-10,8,TEN,15282.0,15695.0
2016-01-10,9,TEN,15477.0,15869.0
2016-01-10,10,TEN,15807.0,16169.0
2016-01-10,11,TEN,16303.0,16785.0
2016-01-10,12,TEN,17151.0,17730.0
2016-01-10,13,TEN,18193.0,18972.0
2016-01-10,14,TEN,19272.0,19917.0
2016-01-10,15,TEN,20451.0,21258.0
2016-01-10,16,TEN,20890.0,21953.0
2016-01-10,17,TEN,20883.0,21889.0
2016-01-10,18,TEN,20934.0,22108.0
2016-01-10,19,TEN,20936.0,22114.0
2016-01-10,20,TEN,20775.0,21980.0
2016-01-10,21,TEN,20455.0,21591.0
2016-01-10,22,TEN,20493.0,21488.0
2016-01-10,23,TEN,21284.0,22336.0
2016-01-11,0,TEN,23068.0,24097.0
2016-01-11,1,TEN,23756.0,24805.0
2016-01-11,2,TEN,23869.0,24809.0
2016-01-11,3,TEN,23855.0,24881.0
2016-01-11,4,TEN,23602.0,24701.0
2016-01-11,5,TEN,22856.0,24019.0
2016-01-11,6,TEN,22665.0,23664.0
2016-01-11,7,TEN,22743.0,23768.0
2016-01-11,8,TEN,23037.0,24110.0
2016-01-11,9,TEN,23518.0,24582.0
2016-01-11,10,TEN,24047.0,25170.0
2016-01-11,11,TEN,24907.0,25760.0
2016-01-11,12,TEN,26648.0,27477.0
2016-01-11,13,TEN,28213.0,28692.0
2016-01-11,14,TEN,28132.0,28612.0
2016-01-11,15,TEN,26977.0,27821.0
2016-01-11,16,TEN,25329.0,26163.0
2016-01-11,17,TEN,24085.0,25339.0
2016-01-11,18,TEN,22849.0,24160.0
2016-01-11,19,TEN,21817.0,23337.0
2016-01-11,20,TEN,21080.0,22560.0
2016-01-11,21,TEN,20471.0,22081.0
2016-01-11,22,TEN,20794.0,22303.0
2016-01-11,23,TEN,21809.0,23348.0
2016-01-12,0,TEN,23774.0,25204.0
2016-01-12,1,TEN,24344.0,25835.0
2016-01-12,2,TEN,24284.0,25791.0
2016-01-12,3,TEN,23734.0,25211.0
2016-01-12,4,TEN,23025.0,24360.0
2016-01-12,5,TEN,21847.0,23134.0
2016-01-12,6,TEN,21137.0,22476.0
2016-01-12,7,TEN,20493.0,21632.0
2016-01-12,8,TEN,20176.0,21426.0
2016-01-12,9,TEN,20014.0,21294.0
2016-01-12,10,TEN,19948.0,21196.0
2016-01-12,11,TEN,20569.0,21819.0
2016-01-12,12,TEN,21935.0,23199.0
2016-01-12,13,TEN,23305.0,24694.0
2016-01-12,14,TEN,23020.0,24410.0
2016-01-12,15,TEN,22217.0,23458.0
2016-01-12,16,TEN,21322.0,22508.0
2016-01-12,17,TEN,20649.0,21840.0
2016-01-12,18,TEN,19986.0,21345.0
2016-01-12,19,TEN,19546.0,20895.0
2016-01-12,20,TEN,19333.0,20609.0
2016-01-12,21,TEN,18993.0,20173.0
2016-01-12,22,TEN,18984.0,20227.0
2016-01-12,23,TEN,19869.0,21228.0
2016-01-13,0,TEN,21541.0,22884.0
2016-01-13,1,TEN,22221.0,23616.0
2016-01-13,2,TEN,22423.0,23568.0
2016-01-13,3,TEN,22268.0,23385.0
2016-01-13,4,TEN,21742.0,22791.0
2016-01-13,5,TEN,21049.0,22178.0
2016-01-13,6,TEN,20481.0,21641.0
2016-01-13,7,TEN,20561.0,21674.0
2016-01-13,8,TEN,20781.0,21906.0
2016-01-13,9,TEN,21192.0,22317.0
2016-01-13,10,TEN,21581.0,22679.0
2016-01-13,11,TEN,22469.0,23714.0
2016-01-13,12,TEN,24289.0,25348.0
2016-01-13,13,TEN,25981.0,26622.0
2016-01-13,14,TEN,25539.0,26006.0
2016-01-13,15,TEN,24346.0,25193.0
2016-01-13,16,TEN,22683.0,23896.0
2016-01-13,17,TEN,21708.0,22907.0
2016-01-13,18,TEN,20639.0,21755.0
2016-01-13,19,TEN,19818.0,20974.0
2016-01-13,20,TEN,19271.0,20425.0
2016-01-13,21,TEN,18781.0,20054.0
2016-01-13,22,TEN,18938.0,20066.0
2016-01-13,23,TEN,19846.0,21019.0
2016-01-14,0,TEN,21585.0,22753.0
2016-01-14,1,TEN,22206.0,23402.0
2016-01-14,2,TEN,22171.0,23308.0
2016-01-14,3,TEN,21984.0,23145.0
2016-01-14,4,TEN,21163.0,22256.0
2016-01-14,5,TEN,20147.0,21200.0
2016-01-14,6,TEN,19463.0,20608.0
2016-01-14,7,TEN,19350.0,20569.0
2016-01-14,8,TEN,19167.0,20365.0
2016-01-14,9,TEN,19296.0,20484.0
2016-01-14,10,TEN,19546.0,20747.0
2016-01-14,11,TEN,20245.0,21517.0
2016-01-14,12,TEN,21837.0,23084.0
2016-01-14,13,TEN,23378.0,24245.0
2016-01-14,14,TEN,22937.0,23878.0
2016-01-14,15,TEN,21499.0,22691.0
2016-01-14,16,TEN,20074.0,21219.0
2016-01-14,17,TEN,18988.0,20193.0
2016-01-14,18,TEN,18109.0,19276.0
2016-01-14,19,TEN,17487.0,18565.0
2016-01-14,20,TEN,16987.0,18113.0
2016-01-14,21,TEN,16660.0,17840.0
2016-01-14,22,TEN,16702.0,17796.0
2016-01-14,23,TEN,17391.0,18554.0
2016-01-15,0,TEN,18885.0,20009.0
2016-01-15,1,TEN,19453.0,20671.0
2016-01-15,2,TEN,19473.0,20668.0
2016-01-15,3,TEN,19263.0,20315.0
2016-01-15,4,TEN,18478.0,19365.0
2016-01-15,5,TEN,17633.0,18602.0
2016-01-15,6,TEN,16735.0,17765.0
2016-01-15,7,TEN,16215.0,17201.0
2016-01-15,8,TEN,15794.0,16780.0
2016-01-15,9,TEN,15843.0,16800.0
2016-01-15,10,TEN,16055.0,17005.0
2016-01-15,11,TEN,16626.0,17589.0
2016-01-15,12,TEN,18096.0,19078.0
2016-01-15,13,TEN,19488.0,20376.0
2016-01-15,14,TEN,19714.0,20650.0
2016-01-15,15,TEN,19721.0,20571.0
2016-01-15,16,TEN,19733.0,20682.0
2016-01-15,17,TEN,19687.0,20658.0
2016-01-15,18,TEN,19342.0,20295.0
2016-01-15,19,TEN,19133.0,20069.0
2016-01-15,20,TEN,18775.0,19728.0
2016-01-15,21,TEN,18413.0,19319.0
2016-01-15,22,TEN,18398.0,19353.0
2016-01-15,23,TEN,18641.0,19656.0
2016-01-16,0,TEN,19302.0,20375.0
2016-01-16,1,TEN,19241.0,20236.0
2016-01-16,2,TEN,18897.0,19872.0
2016-01-16,3,TEN,18484.0,19415.0
2016-01-16,4,TEN,17852.0,18808.0
2016-01-16,5,TEN,17096.0,17863.0
2016-01-16,6,TEN,16357.0,17193.0
2016-01-16,7,TEN,15845.0,16681.0
2016-01-16,8,TEN,15578.0,16352.0
2016-01-16,9,TEN,15515.0,16275.0
2016-01-16,10,TEN,15717.0,16486.0
2016-01-16,11,TEN,16159.0,16861.0
2016-01-16,12,TEN,16929.0,17900.0
2016-01-16,13,TEN,17779.0,18998.0
2016-01-16,14,TEN,18568.0,19868.0
2016-01-16,15,TEN,19257.0,20418.0
2016-01-16,16,TEN,19443.0,20633.0
2016-01-16,17,TEN,19332.0,20476.0
2016-01-16,18,TEN,19041.0,20242.0
2016-01-16,19,TEN,18626.0,19854.0
2016-01-16,20,TEN,18332.0,19530.0
2016-01-16,21,TEN,18200.0,19439.0
2016-01-16,22,TEN,18384.0,19522.0
2016-01-16,23,TEN,19037.0,20225.0
2016-01-17,0,TEN,20167.0,21380.0
2016-01-17,1,TEN,20317.0,21447.0
2016-01-17,2,TEN,20173.0,21266.0
2016-01-17,3,TEN,19943.0,21088.0
2016-01-17,4,TEN,19512.0,20620.0
2016-01-17,5,TEN,18818.0,19789.0
2016-01-17,6,TEN,18128.0,19138.0
2016-01-17,7,TEN,17728.0,18972.0
2016-01-17,8,TEN,17641.0,18766.0
2016-01-17,9,TEN,17682.0,18844.0
2016-01-17,10,TEN,17718.0,18890.0
2016-01-17,11,TEN,17980.0,19212.0
2016-01-17,12,TEN,18610.0,19804.0
2016-01-17,13,TEN,19409.0,20638.0
2016-01-17,14,TEN,20249.0,21461.0
2016-01-17,15,TEN,20782.0,22000.0
2016-01-17,16,TEN,20484.0,21658.0
2016-01-17,17,TEN,19801.0,21121.0
2016-01-17,18,TEN,19291.0,20457.0
2016-01-17,19,TEN,18745.0,20028.0
2016-01-17,20,TEN,18290.0,19598.0
2016-01-17,21,TEN,18030.0,19328.0
2016-01-17,22,TEN,18296.0,19638.0
2016-01-17,23,TEN,19236.0,20637.0
2016-01-18,0,TEN,20939.0,22243.0
2016-01-18,1,TEN,21465.0,22610.0
2016-01-18,2,TEN,21721.0,22927.0
2016-01-18,3,TEN,21663.0,22761.0
2016-01-18,4,TEN,21386.0,22494.0
2016-01-18,5,TEN,20967.0,22066.0
2016-01-18,6,TEN,20677.0,21773.0
2016-01-18,7,TEN,20874.0,21850.0
2016-01-18,8,TEN,21110.0,22114.0
2016-01-18,9,TEN,21407.0,22477.0
2016-01-18,10,TEN,22093.0,23110.0
2016-01-18,11,TEN,22973.0,24021.0
2016-01-18,12,TEN,24436.0,25563.0
2016-01-18,13,TEN,25872.0,27076.0
2016-01-18,14,TEN,26546.0,27639.0
2016-01-18,15,TEN,26539.0,27543.0
2016-01-18,16,TEN,26065.0,27121.0
2016-01-18,17,TEN,25411.0,26512.0
2016-01-18,18,TEN,24698.0,25785.0
2016-01-18,19,TEN,23890.0,24980.0
2016-01-18,20,TEN,23224.0,24302.0
2016-01-18,21,TEN,22880.0,23898.0
2016-01-18,22,TEN,22970.0,24048.0
2016-01-18,23,TEN,24124.0,25336.0
2016-01-19,0,TEN,26123.0,26816.0
2016-01-19,1,TEN,26976.0,27329.0
2016-01-19,2,TEN,27295.0,28206.0
2016-01-19,3,TEN,27209.0,28224.0
2016-01-19,4,TEN,26651.0,27633.0
2016-01-19,5,TEN,25975.0,27033.0
2016-01-19,6,TEN,25396.0,26314.0
2016-01-19,7,TEN,25421.0,26104.0
2016-01-19,8,TEN,25548.0,26306.0
2016-01-19,9,TEN,25866.0,26404.0
2016-01-19,10,TEN,26318.0,26887.0
2016-01-19,11,TEN,26955.0,27627.0
2016-01-19,12,TEN,28322.0,28852.0
2016-01-19,13,TEN,29823.0,30135.0
2016-01-19,14,TEN,29478.0,29723.0
2016-01-19,15,TEN,28385.0,28847.0
2016-01-19,16,TEN,27447.0,28187.0
2016-01-19,17,TEN,26330.0,27061.0
2016-01-19,18,TEN,25159.0,25777.0
2016-01-19,19,TEN,24261.0,24959.0
2016-01-19,20,TEN,23656.0,24236.0
2016-01-19,21,TEN,23288.0,23964.0
2016-01-19,22,TEN,23381.0,24212.0
2016-01-19,23,TEN,24310.0,25199.0
2016-01-20,0,TEN,25712.0,26528.0
2016-01-20,1,TEN,26029.0,26705.0
2016-01-20,2,TEN,25936.0,26560.0
2016-01-20,3,TEN,25459.0,26415.0
2016-01-20,4,TEN,24710.0,25658.0
2016-01-20,5,TEN,23600.0,24497.0
2016-01-20,6,TEN,22759.0,23363.0
2016-01-20,7,TEN,22058.0,22843.0
2016-01-20,8,TEN,21776.0,22557.0
2016-01-20,9,TEN,21453.0,22384.0
2016-01-20,10,TEN,21418.0,22248.0
2016-01-20,11,TEN,21789.0,22702.0
2016-01-20,12,TEN,22730.0,23653.0
2016-01-20,13,TEN,23908.0,24833.0
2016-01-20,14,TEN,24233.0,25048.0
2016-01-20,15,TEN,24321.0,25127.0
2016-01-20,16,TEN,24451.0,25295.0
2016-01-20,17,TEN,24549.0,25262.0
2016-01-20,18,TEN,24385.0,25486.0
2016-01-20,19,TEN,24081.0,24734.0
2016-01-20,20,TEN,23789.0,24358.0
2016-01-20,21,TEN,23406.0,24288.0
2016-01-20,22,TEN,23428.0,24470.0
2016-01-20,23,TEN,24020.0,25212.0
2016-01-21,0,TEN,24840.0,25890.0
2016-01-21,1,TEN,24709.0,25623.0
2016-01-21,2,TEN,24119.0,25107.0
2016-01-21,3,TEN,23468.0,24626.0
2016-01-21,4,TEN,22625.0,23669.0
2016-01-21,5,TEN,21515.0,22607.0
2016-01-21,6,TEN,20684.0,21832.0
2016-01-21,7,TEN,20254.0,21326.0
2016-01-21,8,TEN,19997.0,21103.0
2016-01-21,9,TEN,19957.0,21036.0
2016-01-21,10,TEN,19998.0,21080.0
2016-01-21,11,TEN,20422.0,21616.0
2016-01-21,12,TEN,21624.0,22683.0
2016-01-21,13,TEN,23023.0,24255.0
2016-01-21,14,TEN,23261.0,24301.0
2016-01-21,15,TEN,23011.0,23885.0
2016-01-21,16,TEN,22777.0,23519.0
2016-01-21,17,TEN,22672.0,23424.0
2016-01-21,18,TEN,22280.0,23018.0
2016-01-21,19,TEN,21916.0,22834.0
2016-01-21,20,TEN,21806.0,22566.0
2016-01-21,21,TEN,21744.0,22715.0
2016-01-21,22,TEN,21976.0,22985.0
2016-01-21,23,TEN,22656.0,23694.0
2016-01-22,0,TEN,23521.0,24582.0
2016-01-22,1,TEN,23652.0,24515.0
2016-01-22,2,TEN,23318.0,24145.0
2016-01-22,3,TEN,22764.0,23827.0
2016-01-22,4,TEN,21918.0,22806.0
2016-01-22,5,TEN,20960.0,21832.0
2016-01-22,6,TEN,20125.0,21010.0
2016-01-22,7,TEN,19730.0,20572.0
2016-01-22,8,TEN,19520.0,20504.0
2016-01-22,9,TEN,19514.0,20200.0
2016-01-22,10,TEN,19659.0,20432.0
2016-01-22,11,TEN,19927.0,20721.0
2016-01-22,12,TEN,20968.0,21910.0
2016-01-22,13,TEN,22015.0,22844.0
2016-01-22,14,TEN,22422.0,23185.0
2016-01-22,15,TEN,22597.0,23400.0
2016-01-22,16,TEN,23053.0,24024.0
2016-01-22,17,TEN,23207.0,24195.0
2016-01-22,18,TEN,23239.0,24348.0
2016-01-22,19,TEN,23183.0,24349.0
2016-01-22,20,TEN,23289.0,24463.0
2016-01-22,21,TEN,23274.0,24504.0
2016-01-22,22,TEN,23426.0,24659.0
2016-01-22,23,TEN,23872.0,25083.0
2016-01-23,0,TEN,24921.0,26104.0
2016-01-23,1,TEN,24962.0,25918.0
2016-01-23,2,TEN,24617.0,25625.0
2016-01-23,3,TEN,24188.0,25214.0
2016-01-23,4,TEN,23444.0,24408.0
2016-01-23,5,TEN,22798.0,23731.0
2016-01-23,6,TEN,22215.0,23060.0
2016-01-23,7,TEN,21900.0,23088.0
2016-01-23,8,TEN,21836.0,23091.0
2016-01-23,9,TEN,21737.0,23063.0
2016-01-23,10,TEN,21869.0,23135.0
2016-01-23,11,TEN,22220.0,23498.0
2016-01-23,12,TEN,22568.0,23853.0
2016-01-23,13,TEN,23234.0,24492.0
2016-01-23,14,TEN,23741.0,24963.0
2016-01-23,15,TEN,24308.0,25550.0
2016-01-23,16,TEN,24448.0,25658.0
2016-01-23,17,TEN,24183.0,25321.0
2016-01-23,18,TEN,23689.0,24824.0
2016-01-23,19,TEN,23265.0,24673.0
2016-01-23,20,TEN,22743.0,24262.0
2016-01-23,21,TEN,22379.0,24139.0
2016-01-23,22,TEN,22384.0,24156.0
2016-01-23,23,TEN,22798.0,24243.0
2016-01-24,0,TEN,24176.0,25247.0
2016-01-24,1,TEN,24532.0,25660.0
2016-01-24,2,TEN,24509.0,25690.0
2016-01-24,3,TEN,24357.0,25538.0
2016-01-24,4,TEN,24026.0,25238.0
2016-01-24,5,TEN,23633.0,24858.0
2016-01-24,6,TEN,23340.0,24582.0
2016-01-24,7,TEN,23294.0,24635.0
2016-01-24,8,TEN,23345.0,24732.0
2016-01-24,9,TEN,23657.0,24993.0
2016-01-24,10,TEN,24081.0,25384.0
2016-01-24,11,TEN,24526.0,25723.0
2016-01-24,12,TEN,25191.0,26408.0
2016-01-24,13,TEN,25944.0,27077.0
2016-01-24,14,TEN,26218.0,27320.0
2016-01-24,15,TEN,25522.0,26664.0
2016-01-24,16,TEN,24054.0,25183.0
2016-01-24,17,TEN,22452.0,23404.0
2016-01-24,18,TEN,21156.0,22074.0
2016-01-24,19,TEN,20000.0,20960.0
2016-01-24,20,TEN,19267.0,20196.0
2016-01-24,21,TEN,18577.0,19621.0
2016-01-24,22,TEN,18453.0,19529.0
2016-01-24,23,TEN,19332.0,20306.0
2016-01-25,0,TEN,21175.0,22155.0
2016-01-25,1,TEN,22155.0,23158.0
2016-01-25,2,TEN,22417.0,23361.0
2016-01-25,3,TEN,22222.0,23195.0
2016-01-25,4,TEN,21633.0,22645.0
2016-01-25,5,TEN,20982.0,21981.0
2016-01-25,6,TEN,20469.0,21531.0
2016-01-25,7,TEN,20253.0,21006.0
2016-01-25,8,TEN,20138.0,20861.0
2016-01-25,9,TEN,20211.0,20871.0
2016-01-25,10,TEN,20516.0,21172.0
2016-01-25,11,TEN,21220.0,22133.0
2016-01-25,12,TEN,22686.0,23854.0
2016-01-25,13,TEN,24064.0,25033.0
2016-01-25,14,TEN,23987.0,25042.0
2016-01-25,15,TEN,23091.0,24080.0
2016-01-25,16,TEN,21967.0,22961.0
2016-01-25,17,TEN,20886.0,21600.0
2016-01-25,18,TEN,20156.0,20876.0
2016-01-25,19,TEN,19432.0,20103.0
2016-01-25,20,TEN,18923.0,19608.0
2016-01-25,21,TEN,18462.0,19281.0
2016-01-25,22,TEN,18369.0,19172.0
2016-01-25,23,TEN,18898.0,19698.0
2016-01-26,0,TEN,20253.0,21159.0
2016-01-26,1,TEN,20605.0,21400.0
2016-01-26,2,TEN,20341.0,21113.0
2016-01-26,3,TEN,19809.0,20583.0
2016-01-26,4,TEN,18850.0,19553.0
2016-01-26,5,TEN,17677.0,18451.0
2016-01-26,6,TEN,16631.0,17415.0
2016-01-26,7,TEN,16059.0,17012.0
2016-01-26,8,TEN,15785.0,16682.0
2016-01-26,9,TEN,15606.0,16695.0
2016-01-26,10,TEN,15586.0,16852.0
2016-01-26,11,TEN,16241.0,17528.0
2016-01-26,12,TEN,17575.0,19003.0
2016-01-26,13,TEN,19097.0,20504.0
2016-01-26,14,TEN,19477.0,20736.0
2016-01-26,15,TEN,19471.0,20790.0
2016-01-26,16,TEN,19687.0,20811.0
2016-01-26,17,TEN,19831.0,20978.0
2016-01-26,18,TEN,19879.0,20983.0
2016-01-26,19,TEN,19908.0,20984.0
2016-01-26,20,TEN,19802.0,20939.0
2016-01-26,21,TEN,19709.0,20810.0
2016-01-26,22,TEN,19890.0,21012.0
2016-01-26,23,TEN,20448.0,21631.0
2016-01-27,0,TEN,21467.0,22660.0
2016-01-27,1,TEN,21781.0,22921.0
2016-01-27,2,TEN,21669.0,22785.0
2016-01-27,3,TEN,21379.0,22441.0
2016-01-27,4,TEN,20596.0,21548.0
2016-01-27,5,TEN,19573.0,20538.0
2016-01-27,6,TEN,18717.0,19696.0
2016-01-27,7,TEN,18437.0,19463.0
2016-01-27,8,TEN,18358.0,19381.0
2016-01-27,9,TEN,18467.0,19450.0
2016-01-27,10,TEN,18616.0,19681.0
2016-01-27,11,TEN,19321.0,20378.0
2016-01-27,12,TEN,20894.0,21868.0
2016-01-27,13,TEN,22640.0,23747.0
2016-01-27,14,TEN,22706.0,23831.0
2016-01-27,15,TEN,22400.0,23520.0
2016-01-27,16,TEN,22033.0,23087.0
2016-01-27,17,TEN,21479.0,22549.0
2016-01-27,18,TEN,20682.0,21719.0
2016-01-27,19,TEN,19905.0,20958.0
2016-01-27,20,TEN,19234.0,20271.0
2016-01-27,21,TEN,18827.0,19976.0
2016-01-27,22,TEN,18798.0,19949.0
2016-01-27,23,TEN,19477.0,20634.0
2016-01-28,0,TEN,21423.0,22506.0
2016-01-28,1,TEN,22401.0,23490.0
2016-01-28,2,TEN,22677.0,23691.0
2016-01-28,3,TEN,22700.0,23749.0
2016-01-28,4,TEN,22201.0,23137.0
2016-01-28,5,TEN,21558.0,22512.0
2016-01-28,6,TEN,21014.0,22038.0
2016-01-28,7,TEN,20822.0,21630.0
2016-01-28,8,TEN,20850.0,21633.0
2016-01-28,9,TEN,21134.0,21967.0
2016-01-28,10,TEN,21396.0,22250.0
2016-01-28,11,TEN,22167.0,23136.0
2016-01-28,12,TEN,23878.0,24882.0
2016-01-28,13,TEN,25534.0,25808.0
2016-01-28,14,TEN,25401.0,25793.0
2016-01-28,15,TEN,24393.0,25115.0
2016-01-28,16,TEN,23144.0,24250.0
2016-01-28,17,TEN,22023.0,23076.0
2016-01-28,18,TEN,20776.0,21817.0
2016-01-28,19,TEN,19753.0,20800.0
2016-01-28,20,TEN,18865.0,19933.0
2016-01-28,21,TEN,18183.0,19296.0
2016-01-28,22,TEN,18134.0,19166.0
2016-01-28,23,TEN,18609.0,19689.0
2016-01-29,0,TEN,20019.0,21029.0
2016-01-29,1,TEN,21059.0,22073.0
2016-01-29,2,TEN,21299.0,22322.0
2016-01-29,3,TEN,21157.0,22245.0
2016-01-29,4,TEN,20548.0,21569.0
2016-01-29,5,TEN,19609.0,20411.0
2016-01-29,6,TEN,18768.0,19564.0
2016-01-29,7,TEN,18452.0,19413.0
2016-01-29,8,TEN,18402.0,19327.0
2016-01-29,9,TEN,18431.0,19395.0
2016-01-29,10,TEN,18514.0,19474.0
2016-01-29,11,TEN,19403.0,20323.0
2016-01-29,12,TEN,21127.0,22235.0
2016-01-29,13,TEN,22906.0,23912.0
2016-01-29,14,TEN,22738.0,23807.0
2016-01-29,15,TEN,21452.0,22417.0
2016-01-29,16,TEN,20328.0,21316.0
2016-01-29,17,TEN,19419.0,20365.0
2016-01-29,18,TEN,18700.0,19714.0
2016-01-29,19,TEN,18071.0,19118.0
2016-01-29,20,TEN,17523.0,18584.0
2016-01-29,21,TEN,17144.0,18265.0
2016-01-29,22,TEN,17014.0,18070.0
2016-01-29,23,TEN,17352.0,18379.0
2016-01-30,0,TEN,18769.0,19743.0
2016-01-30,1,TEN,19608.0,20587.0
2016-01-30,2,TEN,19867.0,20847.0
2016-01-30,3,TEN,19835.0,20828.0
2016-01-30,4,TEN,19572.0,20507.0
2016-01-30,5,TEN,19166.0,20074.0
2016-01-30,6,TEN,434.0,527.0
2016-01-30,7,TEN,18407.0,19303.0
2016-01-30,8,TEN,18290.0,19147.0
2016-01-30,9,TEN,17580.0,19147.0
2016-01-30,10,TEN,18448.0,19441.0
2016-01-30,11,TEN,18876.0,19890.0
2016-01-30,12,TEN,19509.0,20563.0
2016-01-30,13,TEN,20146.0,21236.0
2016-01-30,14,TEN,20405.0,21343.0
2016-01-30,15,TEN,19803.0,20809.0
2016-01-30,16,TEN,18748.0,19697.0
2016-01-30,17,TEN,17640.0,18644.0
2016-01-30,18,TEN,16758.0,17640.0
2016-01-30,19,TEN,16009.0,16950.0
2016-01-30,20,TEN,15380.0,16352.0
2016-01-30,21,TEN,15123.0,16093.0
2016-01-30,22,TEN,14920.0,15865.0
2016-01-30,23,TEN,15240.0,16223.0
2016-01-31,0,TEN,16311.0,17283.0
2016-01-31,1,TEN,16819.0,17890.0
2016-01-31,2,TEN,16750.0,17814.0
2016-01-31,3,TEN,16478.0,17583.0
2016-01-31,4,TEN,16008.0,17134.0
2016-01-31,5,TEN,15317.0,16324.0
2016-01-31,6,TEN,14608.0,15506.0
2016-01-31,7,TEN,14164.0,15009.0
2016-01-31,8,TEN,13893.0,14727.0
2016-01-31,9,TEN,13870.0,14650.0
2016-01-31,10,TEN,13811.0,14646.0
2016-01-31,11,TEN,14037.0,15000.0
2016-01-31,12,TEN,14340.0,15275.0
2016-01-31,13,TEN,14976.0,15996.0
2016-01-31,14,TEN,15452.0,16492.0
2016-01-31,15,TEN,15882.0,16866.0
2016-01-31,16,TEN,15750.0,16772.0
2016-01-31,17,TEN,15370.0,16401.0
2016-01-31,18,TEN,15058.0,16080.0
2016-01-31,19,TEN,14893.0,15863.0
2016-01-31,20,TEN,14582.0,15616.0
2016-01-31,21,TEN,14457.0,15436.0
2016-01-31,22,TEN,14388.0,15431.0
2016-01-31,23,TEN,14809.0,15842.0
2016-02-01,0,TEN,15864.0,16824.0
2016-02-01,1,TEN,16481.0,17475.0
2016-02-01,2,TEN,16406.0,17422.0
2016-02-01,3,TEN,16060.0,17044.0
2016-02-01,4,TEN,15272.0,16198.0
2016-02-01,5,TEN,14356.0,15098.0
2016-02-01,6,TEN,13542.0,14394.0
2016-02-01,7,TEN,12992.0,13623.0
2016-02-01,8,TEN,12737.0,13263.0
2016-02-01,9,TEN,12699.0,13236.0
2016-02-01,10,TEN,12692.0,13262.0
2016-02-01,11,TEN,13239.0,13771.0
2016-02-01,12,TEN,14779.0,15557.0
2016-02-01,13,TEN,16432.0,17052.0
2016-02-01,14,TEN,16624.0,17393.0
2016-02-01,15,TEN,16518.0,17339.0
2016-02-01,16,TEN,16575.0,17304.0
2016-02-01,17,TEN,17024.0,17732.0
2016-02-01,18,TEN,17022.0,17509.0
2016-02-01,19,TEN,16953.0,17275.0
2016-02-01,20,TEN,16759.0,16925.0
2016-02-01,21,TEN,16583.0,17043.0
2016-02-01,22,TEN,16515.0,17168.0
2016-02-01,23,TEN,16822.0,17594.0
2016-02-02,0,TEN,17928.0,18698.0
2016-02-02,1,TEN,18306.0,18990.0
2016-02-02,2,TEN,18221.0,18788.0
2016-02-02,3,TEN,17851.0,18553.0
2016-02-02,4,TEN,17064.0,17701.0
2016-02-02,5,TEN,15892.0,16456.0
2016-02-02,6,TEN,15042.0,15564.0
2016-02-02,7,TEN,14512.0,15040.0
2016-02-02,8,TEN,14262.0,14707.0
2016-02-02,9,TEN,14106.0,14708.0
2016-02-02,10,TEN,14060.0,14618.0
2016-02-02,11,TEN,14529.0,15033.0
2016-02-02,12,TEN,15897.0,16612.0
2016-02-02,13,TEN,17240.0,18029.0
2016-02-02,14,TEN,17148.0,17969.0
2016-02-02,15,TEN,16773.0,17799.0
2016-02-02,16,TEN,16642.0,17410.0
2016-02-02,17,TEN,16623.0,17304.0
2016-02-02,18,TEN,16433.0,17136.0
2016-02-02,19,TEN,16420.0,17062.0
2016-02-02,20,TEN,16375.0,17001.0
2016-02-02,21,TEN,16125.0,16782.0
2016-02-02,22,TEN,16227.0,16856.0
2016-02-02,23,TEN,16590.0,17291.0
2016-02-03,0,TEN,17605.0,18257.0
2016-02-03,1,TEN,17815.0,18444.0
2016-02-03,2,TEN,17485.0,18246.0
2016-02-03,3,TEN,16689.0,17393.0
2016-02-03,4,TEN,15856.0,16410.0
2016-02-03,5,TEN,14717.0,15257.0
2016-02-03,6,TEN,13816.0,14294.0
2016-02-03,7,TEN,13240.0,13773.0
2016-02-03,8,TEN,12936.0,13568.0
2016-02-03,9,TEN,12758.0,13645.0
2016-02-03,10,TEN,12797.0,13854.0
2016-02-03,11,TEN,13253.0,14132.0
2016-02-03,12,TEN,14745.0,15367.0
2016-02-03,13,TEN,16413.0,17067.0
2016-02-03,14,TEN,16615.0,17304.0
2016-02-03,15,TEN,16705.0,17474.0
2016-02-03,16,TEN,16614.0,17300.0
2016-02-03,17,TEN,16439.0,16843.0
2016-02-03,18,TEN,16404.0,16838.0
2016-02-03,19,TEN,16147.0,16657.0
2016-02-03,20,TEN,16057.0,16624.0
2016-02-03,21,TEN,15946.0,16496.0
2016-02-03,22,TEN,16199.0,16777.0
2016-02-03,23,TEN,16742.0,17333.0
2016-02-04,0,TEN,17999.0,18628.0
2016-02-04,1,TEN,18817.0,19471.0
2016-02-04,2,TEN,18903.0,19474.0
2016-02-04,3,TEN,18724.0,19325.0
2016-02-04,4,TEN,18192.0,18753.0
2016-02-04,5,TEN,17289.0,17850.0
2016-02-04,6,TEN,16648.0,17173.0
2016-02-04,7,TEN,16284.0,16732.0
2016-02-04,8,TEN,16343.0,16665.0
2016-02-04,9,TEN,16477.0,16874.0
2016-02-04,10,TEN,16795.0,17251.0
2016-02-04,11,TEN,17584.0,18173.0
2016-02-04,12,TEN,19554.0,20308.0
2016-02-04,13,TEN,21406.0,21829.0
2016-02-04,14,TEN,21298.0,21476.0
2016-02-04,15,TEN,20709.0,20828.0
2016-02-04,16,TEN,20084.0,20185.0
2016-02-04,17,TEN,19727.0,20038.0
2016-02-04,18,TEN,19145.0,19458.0
2016-02-04,19,TEN,18692.0,18993.0
2016-02-04,20,TEN,18311.0,18665.0
2016-02-04,21,TEN,18006.0,18405.0
2016-02-04,22,TEN,18035.0,18448.0
2016-02-04,23,TEN,18730.0,19096.0
2016-02-05,0,TEN,20414.0,20694.0
2016-02-05,1,TEN,21627.0,21738.0
2016-02-05,2,TEN,21910.0,22074.0
2016-02-05,3,TEN,21770.0,21686.0
2016-02-05,4,TEN,21229.0,21049.0
2016-02-05,5,TEN,20426.0,20673.0
2016-02-05,6,TEN,19748.0,20098.0
2016-02-05,7,TEN,19594.0,20038.0
2016-02-05,8,TEN,19731.0,20134.0
2016-02-05,9,TEN,19866.0,20235.0
2016-02-05,10,TEN,20315.0,20495.0
2016-02-05,11,TEN,21182.0,21214.0
2016-02-05,12,TEN,23057.0,23195.0
2016-02-05,13,TEN,24603.0,24066.0
2016-02-05,14,TEN,24217.0,23499.0
2016-02-05,15,TEN,22680.0,22558.0
2016-02-05,16,TEN,21427.0,21649.0
2016-02-05,17,TEN,20277.0,20732.0
2016-02-05,18,TEN,19254.0,20012.0
2016-02-05,19,TEN,18488.0,19215.0
2016-02-05,20,TEN,17941.0,18657.0
2016-02-05,21,TEN,17439.0,18276.0
2016-02-05,22,TEN,17357.0,18082.0
2016-02-05,23,TEN,17907.0,18616.0
2016-02-06,0,TEN,19416.0,20135.0
2016-02-06,1,TEN,20304.0,21024.0
2016-02-06,2,TEN,20471.0,21176.0
2016-02-06,3,TEN,20680.0,21405.0
2016-02-06,4,TEN,20284.0,20963.0
2016-02-06,5,TEN,19744.0,20334.0
2016-02-06,6,TEN,19180.0,19730.0
2016-02-06,7,TEN,19078.0,19615.0
2016-02-06,8,TEN,19096.0,19652.0
2016-02-06,9,TEN,19264.0,19844.0
2016-02-06,10,TEN,19454.0,20150.0
2016-02-06,11,TEN,19914.0,20661.0
2016-02-06,12,TEN,20608.0,21370.0
2016-02-06,13,TEN,21434.0,21672.0
2016-02-06,14,TEN,21791.0,21962.0
2016-02-06,15,TEN,21391.0,21973.0
2016-02-06,16,TEN,20307.0,21002.0
2016-02-06,17,TEN,19130.0,19784.0
2016-02-06,18,TEN,18151.0,18796.0
2016-02-06,19,TEN,17443.0,18098.0
2016-02-06,20,TEN,16919.0,17680.0
2016-02-06,21,TEN,16625.0,17372.0
2016-02-06,22,TEN,16738.0,17476.0
2016-02-06,23,TEN,17129.0,17870.0
2016-02-07,0,TEN,18346.0,19055.0
2016-02-07,1,TEN,19250.0,19893.0
2016-02-07,2,TEN,19374.0,20090.0
2016-02-07,3,TEN,19426.0,20084.0
2016-02-07,4,TEN,19285.0,19908.0
2016-02-07,5,TEN,18737.0,19456.0
2016-02-07,6,TEN,18426.0,19029.0
2016-02-07,7,TEN,18418.0,18927.0
2016-02-07,8,TEN,18539.0,19120.0
2016-02-07,9,TEN,18832.0,18997.0
2016-02-07,10,TEN,19180.0,19491.0
2016-02-07,11,TEN,19583.0,19917.0
2016-02-07,12,TEN,20381.0,20733.0
2016-02-07,13,TEN,21139.0,21677.0
2016-02-07,14,TEN,21660.0,22310.0
2016-02-07,15,TEN,20842.0,21732.0
2016-02-07,16,TEN,19207.0,20058.0
2016-02-07,17,TEN,17722.0,18597.0
2016-02-07,18,TEN,16798.0,17566.0
2016-02-07,19,TEN,16371.0,17136.0
2016-02-07,20,TEN,16027.0,16811.0
2016-02-07,21,TEN,15752.0,16575.0
2016-02-07,22,TEN,15945.0,16744.0
2016-02-07,23,TEN,16486.0,17268.0
2016-02-08,0,TEN,17498.0,18253.0
2016-02-08,1,TEN,17960.0,18773.0
2016-02-08,2,TEN,18191.0,18898.0
2016-02-08,3,TEN,18200.0,18967.0
2016-02-08,4,TEN,17969.0,18704.0
2016-02-08,5,TEN,17682.0,18328.0
2016-02-08,6,TEN,16889.0,17417.0
2016-02-08,7,TEN,16587.0,17259.0
2016-02-08,8,TEN,16531.0,17183.0
2016-02-08,9,TEN,16574.0,17186.0
2016-02-08,10,TEN,16717.0,17348.0
2016-02-08,11,TEN,17494.0,18322.0
2016-02-08,12,TEN,19241.0,20077.0
2016-02-08,13,TEN,20807.0,21613.0
2016-02-08,14,TEN,20764.0,21453.0
2016-02-08,15,TEN,20155.0,20893.0
2016-02-08,16,TEN,20015.0,20789.0
2016-02-08,17,TEN,19713.0,20419.0
2016-02-08,18,TEN,19705.0,20375.0
2016-02-08,19,TEN,19801.0,20428.0
2016-02-08,20,TEN,19742.0,20490.0
2016-02-08,21,TEN,20076.0,20774.0
2016-02-08,22,TEN,20712.0,21308.0
2016-02-08,23,TEN,21534.0,22277.0
2016-02-09,0,TEN,22826.0,23585.0
2016-02-09,1,TEN,23369.0,23800.0
2016-02-09,2,TEN,23314.0,23762.0
2016-02-09,3,TEN,22788.0,23344.0
2016-02-09,4,TEN,22150.0,22883.0
2016-02-09,5,TEN,21157.0,21848.0
2016-02-09,6,TEN,20391.0,21016.0
2016-02-09,7,TEN,20105.0,20766.0
2016-02-09,8,TEN,20160.0,20427.0
2016-02-09,9,TEN,20179.0,20128.0
2016-02-09,10,TEN,20373.0,20261.0
2016-02-09,11,TEN,21012.0,21292.0
2016-02-09,12,TEN,22469.0,22758.0
2016-02-09,13,TEN,24035.0,24444.0
2016-02-09,14,TEN,24295.0,24696.0
2016-02-09,15,TEN,24436.0,25056.0
2016-02-09,16,TEN,24606.0,25286.0
2016-02-09,17,TEN,24454.0,25210.0
2016-02-09,18,TEN,24273.0,24990.0
2016-02-09,19,TEN,24281.0,24857.0
2016-02-09,20,TEN,24122.0,24632.0
2016-02-09,21,TEN,24039.0,24536.0
2016-02-09,22,TEN,24204.0,24500.0
2016-02-09,23,TEN,24880.0,24891.0
2016-02-10,0,TEN,26013.0,25712.0
2016-02-10,1,TEN,26772.0,25988.0
2016-02-10,2,TEN,26662.0,25819.0
2016-02-10,3,TEN,26150.0,25743.0
2016-02-10,4,TEN,25431.0,25283.0
2016-02-10,5,TEN,24316.0,24531.0
2016-02-10,6,TEN,23661.0,24216.0
2016-02-10,7,TEN,23391.0,23946.0
2016-02-10,8,TEN,23400.0,23953.0
2016-02-10,9,TEN,23520.0,23988.0
2016-02-10,10,TEN,23727.0,24012.0
2016-02-10,11,TEN,24224.0,24288.0
2016-02-10,12,TEN,25087.0,25252.0
2016-02-10,13,TEN,26337.0,26121.0
2016-02-10,14,TEN,26355.0,26228.0
2016-02-10,15,TEN,25669.0,25911.0
2016-02-10,16,TEN,25365.0,25742.0
2016-02-10,17,TEN,24951.0,25641.0
2016-02-10,18,TEN,24200.0,24887.0
2016-02-10,19,TEN,23371.0,24115.0
2016-02-10,20,TEN,22876.0,23626.0
2016-02-10,21,TEN,22607.0,23414.0
2016-02-10,22,TEN,22929.0,23493.0
2016-02-10,23,TEN,23700.0,23914.0
2016-02-11,0,TEN,24895.0,24426.0
2016-02-11,1,TEN,25616.0,25537.0
2016-02-11,2,TEN,25483.0,25524.0
2016-02-11,3,TEN,25176.0,25507.0
2016-02-11,4,TEN,24378.0,25226.0
2016-02-11,5,TEN,23393.0,24253.0
2016-02-11,6,TEN,22564.0,23315.0
2016-02-11,7,TEN,22204.0,22807.0
2016-02-11,8,TEN,22025.0,22695.0
2016-02-11,9,TEN,21909.0,22590.0
2016-02-11,10,TEN,21883.0,22690.0
2016-02-11,11,TEN,22532.0,23110.0
2016-02-11,12,TEN,23978.0,24607.0
2016-02-11,13,TEN,25272.0,25782.0
2016-02-11,14,TEN,25041.0,25389.0
2016-02-11,15,TEN,24022.0,24447.0
2016-02-11,16,TEN,22847.0,23654.0
2016-02-11,17,TEN,21714.0,22081.0
2016-02-11,18,TEN,20673.0,21103.0
2016-02-11,19,TEN,19858.0,20232.0
2016-02-11,20,TEN,19170.0,19567.0
2016-02-11,21,TEN,18718.0,19122.0
2016-02-11,22,TEN,18599.0,19066.0
2016-02-11,23,TEN,19091.0,19544.0
2016-02-12,0,TEN,20582.0,20879.0
2016-02-12,1,TEN,21979.0,22453.0
2016-02-12,2,TEN,22208.0,22571.0
2016-02-12,3,TEN,22088.0,22565.0
2016-02-12,4,TEN,21473.0,22154.0
2016-02-12,5,TEN,20542.0,21383.0
2016-02-12,6,TEN,19668.0,20524.0
2016-02-12,7,TEN,19246.0,20188.0
2016-02-12,8,TEN,19037.0,19867.0
2016-02-12,9,TEN,19039.0,19872.0
2016-02-12,10,TEN,19046.0,19732.0
2016-02-12,11,TEN,19556.0,20173.0
2016-02-12,12,TEN,21025.0,21639.0
2016-02-12,13,TEN,22483.0,22999.0
2016-02-12,14,TEN,22739.0,23415.0
2016-02-12,15,TEN,22510.0,23234.0
2016-02-12,16,TEN,22014.0,22648.0
2016-02-12,17,TEN,21419.0,22017.0
2016-02-12,18,TEN,20835.0,21351.0
2016-02-12,19,TEN,20305.0,20757.0
2016-02-12,20,TEN,19769.0,20234.0
2016-02-12,21,TEN,19557.0,20062.0
2016-02-12,22,TEN,19465.0,19889.0
2016-02-12,23,TEN,19910.0,20234.0
2016-02-13,0,TEN,20989.0,21401.0
2016-02-13,1,TEN,21764.0,22030.0
2016-02-13,2,TEN,21708.0,21954.0
2016-02-13,3,TEN,21452.0,21732.0
2016-02-13,4,TEN,21102.0,21631.0
2016-02-13,5,TEN,20645.0,21155.0
2016-02-13,6,TEN,20148.0,20716.0
2016-02-13,7,TEN,20000.0,20598.0
2016-02-13,8,TEN,20084.0,20683.0
2016-02-13,9,TEN,20401.0,20935.0
2016-02-13,10,TEN,20830.0,21430.0
2016-02-13,11,TEN,21559.0,22229.0
2016-02-13,12,TEN,22461.0,23205.0
2016-02-13,13,TEN,23330.0,24181.0
2016-02-13,14,TEN,23891.0,24363.0
2016-02-13,15,TEN,24093.0,24703.0
2016-02-13,16,TEN,23618.0,24358.0
2016-02-13,17,TEN,22717.0,23645.0
2016-02-13,18,TEN,21703.0,22557.0
2016-02-13,19,TEN,20840.0,21779.0
2016-02-13,20,TEN,19883.0,20673.0
2016-02-13,21,TEN,19394.0,20220.0
2016-02-13,22,TEN,19450.0,20146.0
2016-02-13,23,TEN,20116.0,20794.0
2016-02-14,0,TEN,21736.0,22444.0
2016-02-14,1,TEN,22792.0,23368.0
2016-02-14,2,TEN,23151.0,23670.0
2016-02-14,3,TEN,23266.0,24011.0
2016-02-14,4,TEN,23027.0,23787.0
2016-02-14,5,TEN,22520.0,23243.0
2016-02-14,6,TEN,21973.0,22661.0
2016-02-14,7,TEN,21669.0,22411.0
2016-02-14,8,TEN,21468.0,22188.0
2016-02-14,9,TEN,21364.0,21987.0
2016-02-14,10,TEN,21181.0,21856.0
2016-02-14,11,TEN,21244.0,21994.0
2016-02-14,12,TEN,21631.0,22242.0
2016-02-14,13,TEN,22385.0,22894.0
2016-02-14,14,TEN,22995.0,23623.0
2016-02-14,15,TEN,23528.0,24216.0
2016-02-14,16,TEN,23294.0,24006.0
2016-02-14,17,TEN,22906.0,23539.0
2016-02-14,18,TEN,22439.0,23124.0
2016-02-14,19,TEN,22085.0,22718.0
2016-02-14,20,TEN,21625.0,22253.0
2016-02-14,21,TEN,21458.0,22190.0
2016-02-14,22,TEN,21468.0,22084.0
2016-02-14,23,TEN,21810.0,22494.0
2016-02-15,0,TEN,22483.0,23184.0
2016-02-15,1,TEN,22525.0,23187.0
2016-02-15,2,TEN,22135.0,22859.0
2016-02-15,3,TEN,21575.0,22266.0
2016-02-15,4,TEN,20786.0,21543.0
2016-02-15,5,TEN,19982.0,20683.0
2016-02-15,6,TEN,19193.0,19897.0
2016-02-15,7,TEN,18731.0,19412.0
2016-02-15,8,TEN,18498.0,19119.0
2016-02-15,9,TEN,18448.0,19056.0
2016-02-15,10,TEN,18440.0,19059.0
2016-02-15,11,TEN,18939.0,19588.0
2016-02-15,12,TEN,19789.0,20526.0
2016-02-15,13,TEN,20865.0,21642.0
2016-02-15,14,TEN,21478.0,22276.0
2016-02-15,15,TEN,21796.0,22634.0
2016-02-15,16,TEN,22000.0,22765.0
2016-02-15,17,TEN,22127.0,22870.0
2016-02-15,18,TEN,22013.0,22713.0
2016-02-15,19,TEN,21970.0,22423.0
2016-02-15,20,TEN,21568.0,21959.0
2016-02-15,21,TEN,21313.0,21387.0
2016-02-15,22,TEN,21272.0,21394.0
2016-02-15,23,TEN,21511.0,21552.0
2016-02-16,0,TEN,22169.0,22172.0
2016-02-16,1,TEN,22364.0,22439.0
2016-02-16,2,TEN,22033.0,22118.0
2016-02-16,3,TEN,21148.0,21352.0
2016-02-16,4,TEN,20217.0,20744.0
2016-02-16,5,TEN,19106.0,19698.0
2016-02-16,6,TEN,18161.0,18801.0
2016-02-16,7,TEN,17649.0,18234.0
2016-02-16,8,TEN,17399.0,17984.0
2016-02-16,9,TEN,17417.0,17986.0
2016-02-16,10,TEN,17437.0,18082.0
2016-02-16,11,TEN,18124.0,18824.0
2016-02-16,12,TEN,19666.0,20417.0
2016-02-16,13,TEN,21198.0,21906.0
2016-02-16,14,TEN,21256.0,21924.0
2016-02-16,15,TEN,20705.0,21331.0
2016-02-16,16,TEN,20326.0,20965.0
2016-02-16,17,TEN,20020.0,20576.0
2016-02-16,18,TEN,19840.0,20355.0
2016-02-16,19,TEN,19670.0,20360.0
2016-02-16,20,TEN,19545.0,20215.0
2016-02-16,21,TEN,19455.0,19968.0
2016-02-16,22,TEN,19623.0,20236.0
2016-02-16,23,TEN,19990.0,20688.0
2016-02-17,0,TEN,20756.0,21543.0
2016-02-17,1,TEN,21299.0,22053.0
2016-02-17,2,TEN,21169.0,21851.0
2016-02-17,3,TEN,20882.0,21569.0
2016-02-17,4,TEN,20082.0,20675.0
2016-02-17,5,TEN,18993.0,19522.0
2016-02-17,6,TEN,18149.0,18682.0
2016-02-17,7,TEN,17808.0,18201.0
2016-02-17,8,TEN,17620.0,17779.0
2016-02-17,9,TEN,17629.0,17705.0
2016-02-17,10,TEN,17656.0,17749.0
2016-02-17,11,TEN,18403.0,18474.0
2016-02-17,12,TEN,19885.0,20302.0
2016-02-17,13,TEN,21349.0,21598.0
2016-02-17,14,TEN,21369.0,21850.0
2016-02-17,15,TEN,21104.0,21767.0
2016-02-17,16,TEN,20856.0,21512.0
2016-02-17,17,TEN,20636.0,21260.0
2016-02-17,18,TEN,20244.0,20918.0
2016-02-17,19,TEN,19998.0,20623.0
2016-02-17,20,TEN,19690.0,20346.0
2016-02-17,21,TEN,19324.0,20030.0
2016-02-17,22,TEN,19300.0,20021.0
2016-02-17,23,TEN,19682.0,20346.0
2016-02-18,0,TEN,20746.0,21194.0
2016-02-18,1,TEN,21654.0,21964.0
2016-02-18,2,TEN,21714.0,22034.0
2016-02-18,3,TEN,21578.0,22007.0
2016-02-18,4,TEN,21063.0,21304.0
2016-02-18,5,TEN,20117.0,20425.0
2016-02-18,6,TEN,19318.0,19745.0
2016-02-18,7,TEN,19186.0,19598.0
2016-02-18,8,TEN,19215.0,19480.0
2016-02-18,9,TEN,19466.0,19711.0
2016-02-18,10,TEN,19759.0,20109.0
2016-02-18,11,TEN,20550.0,20799.0
2016-02-18,12,TEN,22087.0,22581.0
2016-02-18,13,TEN,23666.0,23755.0
2016-02-18,14,TEN,23056.0,23148.0
2016-02-18,15,TEN,21420.0,21696.0
2016-02-18,16,TEN,19922.0,20690.0
2016-02-18,17,TEN,18897.0,19612.0
2016-02-18,18,TEN,18183.0,18930.0
2016-02-18,19,TEN,17456.0,18186.0
2016-02-18,20,TEN,16923.0,17638.0
2016-02-18,21,TEN,16489.0,17322.0
2016-02-18,22,TEN,16369.0,17142.0
2016-02-18,23,TEN,16681.0,17384.0
2016-02-19,0,TEN,17731.0,18455.0
2016-02-19,1,TEN,18876.0,19659.0
2016-02-19,2,TEN,19141.0,19867.0
2016-02-19,3,TEN,18974.0,19602.0
2016-02-19,4,TEN,18361.0,18979.0
2016-02-19,5,TEN,17468.0,17985.0
2016-02-19,6,TEN,16666.0,17221.0
2016-02-19,7,TEN,16316.0,16778.0
2016-02-19,8,TEN,16122.0,16550.0
2016-02-19,9,TEN,16087.0,16480.0
2016-02-19,10,TEN,16260.0,16655.0
2016-02-19,11,TEN,16873.0,17381.0
2016-02-19,12,TEN,18212.0,18815.0
2016-02-19,13,TEN,19501.0,20205.0
2016-02-19,14,TEN,19096.0,19933.0
2016-02-19,15,TEN,18291.0,18966.0
2016-02-19,16,TEN,17507.0,18229.0
2016-02-19,17,TEN,17054.0,17698.0
2016-02-19,18,TEN,16690.0,17203.0
2016-02-19,19,TEN,16271.0,16839.0
2016-02-19,20,TEN,15901.0,16516.0
2016-02-19,21,TEN,15591.0,16344.0
2016-02-19,22,TEN,15428.0,16325.0
2016-02-19,23,TEN,15575.0,16334.0
2016-02-20,0,TEN,16353.0,17219.0
2016-02-20,1,TEN,16963.0,17857.0
2016-02-20,2,TEN,16797.0,17524.0
2016-02-20,3,TEN,16481.0,16973.0
2016-02-20,4,TEN,15876.0,16395.0
2016-02-20,5,TEN,15012.0,15446.0
2016-02-20,6,TEN,14220.0,14684.0
2016-02-20,7,TEN,13642.0,13943.0
2016-02-20,8,TEN,13237.0,13591.0
2016-02-20,9,TEN,13078.0,13467.0
2016-02-20,10,TEN,12964.0,13363.0
2016-02-20,11,TEN,13070.0,13424.0
2016-02-20,12,TEN,13451.0,13919.0
2016-02-20,13,TEN,14090.0,14809.0
2016-02-20,14,TEN,14713.0,15358.0
2016-02-20,15,TEN,15430.0,16006.0
2016-02-20,16,TEN,15758.0,16280.0
2016-02-20,17,TEN,15781.0,16345.0
2016-02-20,18,TEN,15582.0,16156.0
2016-02-20,19,TEN,15323.0,15947.0
2016-02-20,20,TEN,14906.0,15481.0
2016-02-20,21,TEN,14800.0,15372.0
2016-02-20,22,TEN,14583.0,15340.0
2016-02-20,23,TEN,14969.0,15638.0
2016-02-21,0,TEN,15675.0,16344.0
2016-02-21,1,TEN,15942.0,16566.0
2016-02-21,2,TEN,15677.0,16359.0
2016-02-21,3,TEN,15296.0,15779.0
2016-02-21,4,TEN,14731.0,15167.0
2016-02-21,5,TEN,14041.0,14317.0
2016-02-21,6,TEN,13323.0,13584.0
2016-02-21,7,TEN,12752.0,13088.0
2016-02-21,8,TEN,12416.0,12772.0
2016-02-21,9,TEN,12192.0,12582.0
2016-02-21,10,TEN,12150.0,12502.0
2016-02-21,11,TEN,12314.0,12574.0
2016-02-21,12,TEN,12528.0,12857.0
2016-02-21,13,TEN,13122.0,13481.0
2016-02-21,14,TEN,13826.0,14448.0
2016-02-21,15,TEN,14641.0,15247.0
2016-02-21,16,TEN,14869.0,15378.0
2016-02-21,17,TEN,14828.0,15452.0
2016-02-21,18,TEN,14885.0,15464.0
2016-02-21,19,TEN,14950.0,15497.0
2016-02-21,20,TEN,14888.0,15454.0
2016-02-21,21,TEN,14786.0,15343.0
2016-02-21,22,TEN,14756.0,15420.0
2016-02-21,23,TEN,15120.0,15721.0
2016-02-22,0,TEN,15933.0,16470.0
2016-02-22,1,TEN,16506.0,17060.0
2016-02-22,2,TEN,16362.0,16955.0
2016-02-22,3,TEN,15798.0,16298.0
2016-02-22,4,TEN,15127.0,15612.0
2016-02-22,5,TEN,14174.0,14696.0
2016-02-22,6,TEN,13494.0,13722.0
2016-02-22,7,TEN,12903.0,13284.0
2016-02-22,8,TEN,12620.0,12984.0
2016-02-22,9,TEN,12541.0,12851.0
2016-02-22,10,TEN,12708.0,13069.0
2016-02-22,11,TEN,13346.0,13721.0
2016-02-22,12,TEN,14957.0,15458.0
2016-02-22,13,TEN,16587.0,17106.0
2016-02-22,14,TEN,16800.0,17346.0
2016-02-22,15,TEN,16747.0,17275.0
2016-02-22,16,TEN,16661.0,17158.0
2016-02-22,17,TEN,16775.0,17226.0
2016-02-22,18,TEN,16718.0,17088.0
2016-02-22,19,TEN,16677.0,16976.0
2016-02-22,20,TEN,16629.0,16964.0
2016-02-22,21,TEN,16574.0,16936.0
2016-02-22,22,TEN,16720.0,17181.0
2016-02-22,23,TEN,17175.0,17806.0
2016-02-23,0,TEN,18136.0,18825.0
2016-02-23,1,TEN,18714.0,19327.0
2016-02-23,2,TEN,18518.0,19090.0
2016-02-23,3,TEN,17880.0,18381.0
2016-02-23,4,TEN,16958.0,17551.0
2016-02-23,5,TEN,15877.0,16484.0
2016-02-23,6,TEN,15002.0,15385.0
2016-02-23,7,TEN,14574.0,15055.0
2016-02-23,8,TEN,14284.0,14781.0
2016-02-23,9,TEN,14209.0,14614.0
2016-02-23,10,TEN,14250.0,14733.0
2016-02-23,11,TEN,14848.0,15243.0
2016-02-23,12,TEN,16370.0,16727.0
2016-02-23,13,TEN,17794.0,18220.0
2016-02-23,14,TEN,17749.0,18109.0
2016-02-23,15,TEN,17544.0,17998.0
2016-02-23,16,TEN,17269.0,17822.0
2016-02-23,17,TEN,17197.0,17584.0
2016-02-23,18,TEN,17039.0,17454.0
2016-02-23,19,TEN,16796.0,17240.0
2016-02-23,20,TEN,16789.0,17242.0
2016-02-23,21,TEN,16586.0,17073.0
2016-02-23,22,TEN,16909.0,17583.0
2016-02-23,23,TEN,17376.0,18177.0
2016-02-24,0,TEN,18249.0,19019.0
2016-02-24,1,TEN,18728.0,19429.0
2016-02-24,2,TEN,18419.0,19150.0
2016-02-24,3,TEN,17882.0,18645.0
2016-02-24,4,TEN,16832.0,17669.0
2016-02-24,5,TEN,15715.0,16380.0
2016-02-24,6,TEN,14821.0,15374.0
2016-02-24,7,TEN,14272.0,14788.0
2016-02-24,8,TEN,13960.0,14708.0
2016-02-24,9,TEN,13830.0,14637.0
2016-02-24,10,TEN,13722.0,14576.0
2016-02-24,11,TEN,14269.0,14858.0
2016-02-24,12,TEN,15545.0,16184.0
2016-02-24,13,TEN,16961.0,17631.0
2016-02-24,14,TEN,17187.0,17805.0
2016-02-24,15,TEN,17314.0,17991.0
2016-02-24,16,TEN,17618.0,18324.0
2016-02-24,17,TEN,17982.0,18570.0
2016-02-24,18,TEN,18272.0,18875.0
2016-02-24,19,TEN,18621.0,19358.0
2016-02-24,20,TEN,18798.0,19434.0
2016-02-24,21,TEN,18959.0,19793.0
2016-02-24,22,TEN,19526.0,20344.0
2016-02-24,23,TEN,20207.0,20950.0
2016-02-25,0,TEN,21220.0,21600.0
2016-02-25,1,TEN,21842.0,22026.0
2016-02-25,2,TEN,21648.0,21852.0
2016-02-25,3,TEN,21370.0,21806.0
2016-02-25,4,TEN,20384.0,21048.0
2016-02-25,5,TEN,19239.0,19788.0
2016-02-25,6,TEN,18324.0,18846.0
2016-02-25,7,TEN,17792.0,18519.0
2016-02-25,8,TEN,17587.0,18160.0
2016-02-25,9,TEN,17551.0,18079.0
2016-02-25,10,TEN,17562.0,18077.0
2016-02-25,11,TEN,18277.0,18733.0
2016-02-25,12,TEN,19715.0,20110.0
2016-02-25,13,TEN,21178.0,21924.0
2016-02-25,14,TEN,21164.0,21908.0
2016-02-25,15,TEN,20789.0,21616.0
2016-02-25,16,TEN,20455.0,21288.0
2016-02-25,17,TEN,20092.0,20717.0
2016-02-25,18,TEN,20022.0,20855.0
2016-02-25,19,TEN,19826.0,20526.0
2016-02-25,20,TEN,19661.0,20272.0
2016-02-25,21,TEN,19600.0,20161.0
2016-02-25,22,TEN,19838.0,20460.0
2016-02-25,23,TEN,20374.0,20909.0
2016-02-26,0,TEN,21222.0,21907.0
2016-02-26,1,TEN,22021.0,22719.0
2016-02-26,2,TEN,21939.0,22665.0
2016-02-26,3,TEN,21291.0,21999.0
2016-02-26,4,TEN,20525.0,21143.0
2016-02-26,5,TEN,19631.0,20160.0
2016-02-26,6,TEN,18844.0,19543.0
2016-02-26,7,TEN,18470.0,19347.0
2016-02-26,8,TEN,18360.0,19161.0
2016-02-26,9,TEN,18353.0,19140.0
2016-02-26,10,TEN,18454.0,19174.0
2016-02-26,11,TEN,19166.0,19816.0
2016-02-26,12,TEN,20623.0,21214.0
2016-02-26,13,TEN,22073.0,22336.0
2016-02-26,14,TEN,21701.0,21900.0
2016-02-26,15,TEN,20900.0,21604.0
2016-02-26,16,TEN,20189.0,20982.0
2016-02-26,17,TEN,19762.0,20551.0
2016-02-26,18,TEN,19153.0,19917.0
2016-02-26,19,TEN,18433.0,19362.0
2016-02-26,20,TEN,17900.0,18753.0
2016-02-26,21,TEN,17372.0,18301.0
2016-02-26,22,TEN,17097.0,17775.0
2016-02-26,23,TEN,17310.0,18074.0
2016-02-27,0,TEN,18299.0,18963.0
2016-02-27,1,TEN,19657.0,20307.0
2016-02-27,2,TEN,19901.0,20669.0
2016-02-27,3,TEN,20046.0,20794.0
2016-02-27,4,TEN,19729.0,20330.0
2016-02-27,5,TEN,19087.0,19587.0
2016-02-27,6,TEN,18525.0,19130.0
2016-02-27,7,TEN,18379.0,18946.0
2016-02-27,8,TEN,18443.0,19002.0
2016-02-27,9,TEN,18621.0,19236.0
2016-02-27,10,TEN,18979.0,19645.0
2016-02-27,11,TEN,19419.0,20146.0
2016-02-27,12,TEN,20261.0,21032.0
2016-02-27,13,TEN,20847.0,21506.0
2016-02-27,14,TEN,20847.0,21475.0
2016-02-27,15,TEN,19895.0,20563.0
2016-02-27,16,TEN,18833.0,19430.0
2016-02-27,17,TEN,17659.0,18411.0
2016-02-27,18,TEN,16707.0,17434.0
2016-02-27,19,TEN,15911.0,16650.0
2016-02-27,20,TEN,15387.0,16106.0
2016-02-27,21,TEN,14943.0,15743.0
2016-02-27,22,TEN,14753.0,15503.0
2016-02-27,23,TEN,14985.0,15707.0
2016-02-28,0,TEN,15742.0,16297.0
2016-02-28,1,TEN,16960.0,17691.0
2016-02-28,2,TEN,17017.0,17730.0
2016-02-28,3,TEN,17104.0,17789.0
2016-02-28,4,TEN,16755.0,17490.0
2016-02-28,5,TEN,16256.0,17010.0
2016-02-28,6,TEN,15737.0,16434.0
2016-02-28,7,TEN,15543.0,16184.0
2016-02-28,8,TEN,15531.0,16145.0
2016-02-28,9,TEN,15659.0,16236.0
2016-02-28,10,TEN,15912.0,16514.0
2016-02-28,11,TEN,16293.0,16953.0
2016-02-28,12,TEN,16859.0,17536.0
2016-02-28,13,TEN,17475.0,18188.0
2016-02-28,14,TEN,17616.0,18275.0
2016-02-28,15,TEN,17066.0,17714.0
2016-02-28,16,TEN,16241.0,16998.0
2016-02-28,17,TEN,15360.0,16123.0
2016-02-28,18,TEN,14747.0,15404.0
2016-02-28,19,TEN,14452.0,14991.0
2016-02-28,20,TEN,14118.0,14658.0
2016-02-28,21,TEN,13937.0,14539.0
2016-02-28,22,TEN,13910.0,14522.0
2016-02-28,23,TEN,14298.0,15058.0
2016-02-29,0,TEN,15048.0,15767.0
2016-02-29,1,TEN,16291.0,16960.0
2016-02-29,2,TEN,16380.0,17059.0
2016-02-29,3,TEN,16023.0,16647.0
2016-02-29,4,TEN,15215.0,15897.0
2016-02-29,5,TEN,14361.0,14754.0
2016-02-29,6,TEN,13568.0,14145.0
2016-02-29,7,TEN,13015.0,13509.0
2016-02-29,8,TEN,12806.0,13360.0
2016-02-29,9,TEN,12799.0,13454.0
2016-02-29,10,TEN,13084.0,13764.0
2016-02-29,11,TEN,13727.0,14485.0
2016-02-29,12,TEN,15318.0,16126.0
2016-02-29,13,TEN,16734.0,17308.0
2016-02-29,14,TEN,16826.0,17397.0
2016-02-29,15,TEN,16458.0,17036.0
2016-02-29,16,TEN,16163.0,16596.0
2016-02-29,17,TEN,16096.0,16608.0
2016-02-29,18,TEN,16036.0,16648.0
2016-02-29,19,TEN,15837.0,16440.0
2016-02-29,20,TEN,15751.0,16261.0
2016-02-29,21,TEN,15651.0,16210.0
2016-02-29,22,TEN,15626.0,16200.0
2016-02-29,23,TEN,15646.0,16214.0
2016-03-01,0,TEN,16291.0,16909.0
2016-03-01,1,TEN,17458.0,18086.0
2016-03-01,2,TEN,17407.0,17974.0
2016-03-01,3,TEN,17021.0,17612.0
2016-03-01,4,TEN,16264.0,16834.0
2016-03-01,5,TEN,15310.0,15820.0
2016-03-01,6,TEN,14581.0,14927.0
2016-03-01,7,TEN,14246.0,14567.0
2016-03-01,8,TEN,14133.0,14514.0
2016-03-01,9,TEN,13995.0,14462.0
2016-03-01,10,TEN,14046.0,14562.0
2016-03-01,11,TEN,14888.0,15443.0
2016-03-01,12,TEN,16398.0,16914.0
2016-03-01,13,TEN,17618.0,18138.0
2016-03-01,14,TEN,17538.0,18119.0
2016-03-01,15,TEN,17092.0,17721.0
2016-03-01,16,TEN,16789.0,17341.0
2016-03-01,17,TEN,16747.0,17358.0
2016-03-01,18,TEN,16559.0,17129.0
2016-03-01,19,TEN,16591.0,17135.0
2016-03-01,20,TEN,16531.0,17112.0
2016-03-01,21,TEN,16492.0,17099.0
2016-03-01,22,TEN,16511.0,17182.0
2016-03-01,23,TEN,16923.0,17562.0
2016-03-02,0,TEN,17628.0,17898.0
2016-03-02,1,TEN,18556.0,18987.0
2016-03-02,2,TEN,18608.0,19148.0
2016-03-02,3,TEN,18255.0,18749.0
2016-03-02,4,TEN,17754.0,18315.0
2016-03-02,5,TEN,16802.0,17294.0
2016-03-02,6,TEN,16093.0,16654.0
2016-03-02,7,TEN,15930.0,16477.0
2016-03-02,8,TEN,15938.0,16550.0
2016-03-02,9,TEN,16237.0,16752.0
2016-03-02,10,TEN,16681.0,17245.0
2016-03-02,11,TEN,17430.0,17981.0
2016-03-02,12,TEN,19342.0,19754.0
2016-03-02,13,TEN,21023.0,21148.0
2016-03-02,14,TEN,21125.0,21345.0
2016-03-02,15,TEN,20663.0,21049.0
2016-03-02,16,TEN,20184.0,20609.0
2016-03-02,17,TEN,19679.0,20147.0
2016-03-02,18,TEN,19130.0,19576.0
2016-03-02,19,TEN,18690.0,19168.0
2016-03-02,20,TEN,18108.0,18671.0
2016-03-02,21,TEN,17733.0,18168.0
2016-03-02,22,TEN,17548.0,18062.0
2016-03-02,23,TEN,17791.0,18288.0
2016-03-03,0,TEN,18913.0,19417.0
2016-03-03,1,TEN,20496.0,21045.0
2016-03-03,2,TEN,20706.0,21096.0
2016-03-03,3,TEN,20487.0,21011.0
2016-03-03,4,TEN,19857.0,20426.0
2016-03-03,5,TEN,18962.0,19559.0
2016-03-03,6,TEN,18313.0,18825.0
2016-03-03,7,TEN,17929.0,18441.0
2016-03-03,8,TEN,17715.0,18254.0
2016-03-03,9,TEN,17682.0,18234.0
2016-03-03,10,TEN,17626.0,18128.0
2016-03-03,11,TEN,17963.0,18532.0
2016-03-03,12,TEN,19516.0,20066.0
2016-03-03,13,TEN,20841.0,21485.0
2016-03-03,14,TEN,20765.0,21373.0
2016-03-03,15,TEN,20488.0,21185.0
2016-03-03,16,TEN,20296.0,21033.0
2016-03-03,17,TEN,20319.0,21043.0
2016-03-03,18,TEN,20162.0,20940.0
2016-03-03,19,TEN,20073.0,20808.0
2016-03-03,20,TEN,19920.0,20751.0
2016-03-03,21,TEN,19810.0,20546.0
2016-03-03,22,TEN,20054.0,20639.0
2016-03-03,23,TEN,19890.0,20800.0
2016-03-04,0,TEN,20719.0,21462.0
2016-03-04,1,TEN,21113.0,21908.0
2016-03-04,2,TEN,20837.0,21623.0
2016-03-04,3,TEN,20165.0,21028.0
2016-03-04,4,TEN,19278.0,20096.0
2016-03-04,5,TEN,17958.0,18645.0
2016-03-04,6,TEN,17163.0,17901.0
2016-03-04,7,TEN,16622.0,17301.0
2016-03-04,8,TEN,16492.0,17234.0
2016-03-04,9,TEN,16402.0,17170.0
2016-03-04,10,TEN,16477.0,17213.0
2016-03-04,11,TEN,16950.0,17664.0
2016-03-04,12,TEN,18420.0,19069.0
2016-03-04,13,TEN,19701.0,20360.0
2016-03-04,14,TEN,19677.0,20431.0
2016-03-04,15,TEN,19350.0,20023.0
2016-03-04,16,TEN,19027.0,19806.0
2016-03-04,17,TEN,18788.0,19422.0
2016-03-04,18,TEN,18402.0,19152.0
2016-03-04,19,TEN,18022.0,18828.0
2016-03-04,20,TEN,17616.0,18429.0
2016-03-04,21,TEN,17257.0,18082.0
2016-03-04,22,TEN,17296.0,18089.0
2016-03-04,23,TEN,17412.0,18240.0
2016-03-05,0,TEN,18022.0,18787.0
2016-03-05,1,TEN,19068.0,19742.0
2016-03-05,2,TEN,19230.0,19896.0
2016-03-05,3,TEN,19206.0,19943.0
2016-03-05,4,TEN,18894.0,19662.0
2016-03-05,5,TEN,18374.0,18995.0
2016-03-05,6,TEN,17936.0,18572.0
2016-03-05,7,TEN,17791.0,18520.0
2016-03-05,8,TEN,17652.0,18412.0
2016-03-05,9,TEN,17768.0,18513.0
2016-03-05,10,TEN,18124.0,18818.0
2016-03-05,11,TEN,18641.0,19370.0
2016-03-05,12,TEN,19153.0,19664.0
2016-03-05,13,TEN,19811.0,20095.0
2016-03-05,14,TEN,19714.0,20008.0
2016-03-05,15,TEN,18976.0,19034.0
2016-03-05,16,TEN,18130.0,18436.0
2016-03-05,17,TEN,17204.0,17919.0
2016-03-05,18,TEN,16337.0,17039.0
2016-03-05,19,TEN,15580.0,16295.0
2016-03-05,20,TEN,14986.0,15735.0
2016-03-05,21,TEN,14719.0,15452.0
2016-03-05,22,TEN,14686.0,15445.0
2016-03-05,23,TEN,14944.0,15682.0
2016-03-06,0,TEN,15490.0,16245.0
2016-03-06,1,TEN,16515.0,17240.0
2016-03-06,2,TEN,16561.0,17305.0
2016-03-06,3,TEN,16472.0,17265.0
2016-03-06,4,TEN,16070.0,16797.0
2016-03-06,5,TEN,15526.0,16253.0
2016-03-06,6,TEN,15087.0,15788.0
2016-03-06,7,TEN,14873.0,15620.0
2016-03-06,8,TEN,14939.0,15624.0
2016-03-06,9,TEN,15257.0,15922.0
2016-03-06,10,TEN,15615.0,16318.0
2016-03-06,11,TEN,16019.0,16798.0
2016-03-06,12,TEN,16860.0,17650.0
2016-03-06,13,TEN,17541.0,18369.0
2016-03-06,14,TEN,17730.0,18488.0
2016-03-06,15,TEN,17354.0,18136.0
2016-03-06,16,TEN,16502.0,17233.0
2016-03-06,17,TEN,15596.0,16395.0
2016-03-06,18,TEN,14972.0,15682.0
2016-03-06,19,TEN,14627.0,15387.0
2016-03-06,20,TEN,14273.0,15058.0
2016-03-06,21,TEN,14079.0,14883.0
2016-03-06,22,TEN,13980.0,14954.0
2016-03-06,23,TEN,14352.0,15304.0
2016-03-07,0,TEN,15035.0,15886.0
2016-03-07,1,TEN,16436.0,17319.0
2016-03-07,2,TEN,16682.0,17575.0
2016-03-07,3,TEN,16477.0,17199.0
2016-03-07,4,TEN,15901.0,16655.0
2016-03-07,5,TEN,15129.0,15795.0
2016-03-07,6,TEN,14539.0,15237.0
2016-03-07,7,TEN,14431.0,15194.0
2016-03-07,8,TEN,14438.0,15215.0
2016-03-07,9,TEN,14571.0,15499.0
2016-03-07,10,TEN,14804.0,15761.0
2016-03-07,11,TEN,15403.0,16157.0
2016-03-07,12,TEN,16939.0,17655.0
2016-03-07,13,TEN,18246.0,18843.0
2016-03-07,14,TEN,18084.0,18800.0
2016-03-07,15,TEN,17552.0,18383.0
2016-03-07,16,TEN,16936.0,17640.0
2016-03-07,17,TEN,16721.0,17385.0
2016-03-07,18,TEN,16437.0,17124.0
2016-03-07,19,TEN,16263.0,16949.0
2016-03-07,20,TEN,16079.0,16772.0
2016-03-07,21,TEN,15711.0,16389.0
2016-03-07,22,TEN,15592.0,16365.0
2016-03-07,23,TEN,15779.0,16779.0
2016-03-08,0,TEN,16195.0,16921.0
2016-03-08,1,TEN,17391.0,17725.0
2016-03-08,2,TEN,17302.0,17555.0
2016-03-08,3,TEN,16838.0,17247.0
2016-03-08,4,TEN,15998.0,16585.0
2016-03-08,5,TEN,14910.0,15482.0
2016-03-08,6,TEN,13991.0,14475.0
2016-03-08,7,TEN,13493.0,14128.0
2016-03-08,8,TEN,13437.0,14252.0
2016-03-08,9,TEN,13390.0,14247.0
2016-03-08,10,TEN,13535.0,14593.0
2016-03-08,11,TEN,14052.0,14724.0
2016-03-08,12,TEN,15651.0,16278.0
2016-03-08,13,TEN,16944.0,17507.0
2016-03-08,14,TEN,16704.0,17310.0
2016-03-08,15,TEN,16246.0,16937.0
2016-03-08,16,TEN,15807.0,16461.0
2016-03-08,17,TEN,15918.0,16561.0
2016-03-08,18,TEN,15896.0,16550.0
2016-03-08,19,TEN,15876.0,16376.0
2016-03-08,20,TEN,15905.0,16548.0
2016-03-08,21,TEN,15795.0,16452.0
2016-03-08,22,TEN,15890.0,16548.0
2016-03-08,23,TEN,16043.0,16738.0
2016-03-09,0,TEN,16457.0,17180.0
2016-03-09,1,TEN,17544.0,17855.0
2016-03-09,2,TEN,17408.0,17767.0
2016-03-09,3,TEN,16849.0,17180.0
2016-03-09,4,TEN,15817.0,16315.0
2016-03-09,5,TEN,14645.0,15109.0
2016-03-09,6,TEN,13712.0,14307.0
2016-03-09,7,TEN,13093.0,13994.0
2016-03-09,8,TEN,12803.0,14026.0
2016-03-09,9,TEN,12670.0,13949.0
2016-03-09,10,TEN,12654.0,13897.0
2016-03-09,11,TEN,12992.0,14089.0
2016-03-09,12,TEN,14404.0,15284.0
2016-03-09,13,TEN,15606.0,16283.0
2016-03-09,14,TEN,15645.0,16393.0
2016-03-09,15,TEN,15552.0,16219.0
2016-03-09,16,TEN,15605.0,16274.0
2016-03-09,17,TEN,15879.0,16501.0
2016-03-09,18,TEN,16061.0,16762.0
2016-03-09,19,TEN,15943.0,16648.0
2016-03-09,20,TEN,16096.0,16947.0
2016-03-09,21,TEN,16206.0,17096.0
2016-03-09,22,TEN,16283.0,17268.0
2016-03-09,23,TEN,16427.0,17406.0
2016-03-10,0,TEN,16839.0,17769.0
2016-03-10,1,TEN,17701.0,18220.0
2016-03-10,2,TEN,17494.0,17841.0
2016-03-10,3,TEN,17052.0,17500.0
2016-03-10,4,TEN,15973.0,16730.0
2016-03-10,5,TEN,14687.0,15329.0
2016-03-10,6,TEN,13628.0,14174.0
2016-03-10,7,TEN,13015.0,13576.0
2016-03-10,8,TEN,12682.0,13291.0
2016-03-10,9,TEN,12477.0,13240.0
2016-03-10,10,TEN,12432.0,13235.0
2016-03-10,11,TEN,12730.0,13470.0
2016-03-10,12,TEN,14113.0,14667.0
2016-03-10,13,TEN,15386.0,15965.0
2016-03-10,14,TEN,15639.0,16309.0
2016-03-10,15,TEN,15593.0,16354.0
2016-03-10,16,TEN,16146.0,16860.0
2016-03-10,17,TEN,16170.0,16847.0
2016-03-10,18,TEN,16401.0,16985.0
2016-03-10,19,TEN,16524.0,17212.0
2016-03-10,20,TEN,16649.0,17290.0
2016-03-10,21,TEN,16641.0,17359.0
2016-03-10,22,TEN,16696.0,17521.0
2016-03-10,23,TEN,16844.0,17605.0
2016-03-11,0,TEN,17281.0,17914.0
2016-03-11,1,TEN,17913.0,18135.0
2016-03-11,2,TEN,17651.0,18017.0
2016-03-11,3,TEN,17058.0,17863.0
2016-03-11,4,TEN,16026.0,16800.0
2016-03-11,5,TEN,14890.0,15723.0
2016-03-11,6,TEN,13922.0,14606.0
2016-03-11,7,TEN,13283.0,13992.0
2016-03-11,8,TEN,12789.0,13543.0
2016-03-11,9,TEN,12636.0,13356.0
2016-03-11,10,TEN,12467.0,13348.0
2016-03-11,11,TEN,12694.0,13425.0
2016-03-11,12,TEN,13917.0,14635.0
2016-03-11,13,TEN,15139.0,15904.0
2016-03-11,14,TEN,15601.0,16414.0
2016-03-11,15,TEN,15833.0,16579.0
2016-03-11,16,TEN,16260.0,17074.0
2016-03-11,17,TEN,16591.0,17268.0
2016-03-11,18,TEN,16659.0,17558.0
2016-03-11,19,TEN,16836.0,17599.0
2016-03-11,20,TEN,16584.0,17386.0
2016-03-11,21,TEN,16376.0,17395.0
2016-03-11,22,TEN,16310.0,17066.0
2016-03-11,23,TEN,16264.0,17003.0
2016-03-12,0,TEN,16600.0,17316.0
2016-03-12,1,TEN,17100.0,17774.0
2016-03-12,2,TEN,16746.0,17394.0
2016-03-12,3,TEN,16035.0,16738.0
2016-03-12,4,TEN,15267.0,15717.0
2016-03-12,5,TEN,14391.0,14834.0
2016-03-12,6,TEN,13479.0,13821.0
2016-03-12,7,TEN,12871.0,13183.0
2016-03-12,8,TEN,12379.0,12862.0
2016-03-12,9,TEN,11980.0,12606.0
2016-03-12,10,TEN,12022.0,12633.0
2016-03-12,11,TEN,12189.0,12732.0
2016-03-12,12,TEN,12537.0,13018.0
2016-03-12,13,TEN,12903.0,13418.0
2016-03-12,14,TEN,13703.0,14157.0
2016-03-12,15,TEN,14520.0,14929.0
2016-03-12,16,TEN,14930.0,15510.0
2016-03-12,17,TEN,15275.0,16012.0
2016-03-12,18,TEN,15395.0,16116.0
2016-03-12,19,TEN,15274.0,16113.0
2016-03-12,20,TEN,15200.0,15976.0
2016-03-12,21,TEN,15092.0,15918.0
2016-03-12,22,TEN,15078.0,15912.0
2016-03-12,23,TEN,15279.0,15751.0
2016-03-13,0,TEN,15475.0,15949.0
2016-03-13,1,TEN,15899.0,16370.0
2016-03-13,2,TEN,15621.0,16090.0
2016-03-13,3,TEN,15225.0,15670.0
2016-03-13,4,TEN,14726.0,15087.0
2016-03-13,5,TEN,13777.0,14136.0
2016-03-13,6,TEN,12938.0,13349.0
2016-03-13,7,TEN,12132.0,12533.0
2016-03-13,8,TEN,12132.0,12533.0
2016-03-13,9,TEN,11766.0,12606.0
2016-03-13,10,TEN,12022.0,12633.0
2016-03-13,11,TEN,12189.0,12732.0
2016-03-13,12,TEN,12537.0,13018.0
2016-03-13,13,TEN,12903.0,13418.0
2016-03-13,14,TEN,13703.0,14157.0
2016-03-13,15,TEN,14520.0,14929.0
2016-03-13,16,TEN,14930.0,15510.0
2016-03-13,17,TEN,15275.0,16012.0
2016-03-13,18,TEN,15395.0,16116.0
2016-03-13,19,TEN,15274.0,16113.0
2016-03-13,20,TEN,15200.0,15976.0
2016-03-13,21,TEN,15092.0,15918.0
2016-03-13,22,TEN,15078.0,15912.0
2016-03-13,23,TEN,15279.0,15751.0
2016-03-14,0,TEN,15475.0,15949.0
2016-03-14,1,TEN,15899.0,16370.0
2016-03-14,2,TEN,15621.0,16090.0
2016-03-14,3,TEN,15225.0,15670.0
2016-03-14,4,TEN,14726.0,15087.0
2016-03-14,5,TEN,13777.0,14136.0
2016-03-14,6,TEN,12314.0,12824.0
2016-03-14,7,TEN,11984.0,12758.0
2016-03-14,8,TEN,11817.0,12608.0
2016-03-14,9,TEN,11712.0,12589.0
2016-03-14,10,TEN,12150.0,13005.0
2016-03-14,11,TEN,13394.0,14068.0
2016-03-14,12,TEN,14887.0,15582.0
2016-03-14,13,TEN,15217.0,15943.0
2016-03-14,14,TEN,15246.0,15919.0
2016-03-14,15,TEN,15329.0,16089.0
2016-03-14,16,TEN,15682.0,16393.0
2016-03-14,17,TEN,15748.0,16513.0
2016-03-14,18,TEN,16232.0,16967.0
2016-03-14,19,TEN,16034.0,16795.0
2016-03-14,20,TEN,16023.0,16767.0
2016-03-14,21,TEN,15971.0,16780.0
2016-03-14,22,TEN,16012.0,16797.0
2016-03-14,23,TEN,16095.0,16837.0
2016-03-15,0,TEN,16227.0,17021.0
2016-03-15,1,TEN,16974.0,17612.0
2016-03-15,2,TEN,16835.0,17398.0
2016-03-15,3,TEN,15879.0,16419.0
2016-03-15,4,TEN,14708.0,15129.0
2016-03-15,5,TEN,13479.0,14017.0
2016-03-15,6,TEN,12833.0,13470.0
2016-03-15,7,TEN,12550.0,13456.0
2016-03-15,8,TEN,12312.0,13290.0
2016-03-15,9,TEN,12216.0,13244.0
2016-03-15,10,TEN,12666.0,13474.0
2016-03-15,11,TEN,13997.0,14741.0
2016-03-15,12,TEN,15517.0,16049.0
2016-03-15,13,TEN,15708.0,16300.0
2016-03-15,14,TEN,15412.0,16055.0
2016-03-15,15,TEN,15470.0,16014.0
2016-03-15,16,TEN,15775.0,16337.0
2016-03-15,17,TEN,16102.0,16691.0
2016-03-15,18,TEN,16376.0,17047.0
2016-03-15,19,TEN,16664.0,17429.0
2016-03-15,20,TEN,16367.0,17020.0
2016-03-15,21,TEN,17238.0,17972.0
2016-03-15,22,TEN,17739.0,18498.0
2016-03-15,23,TEN,17869.0,18566.0
2016-03-16,0,TEN,17820.0,18573.0
2016-03-16,1,TEN,18087.0,18645.0
2016-03-16,2,TEN,18087.0,18722.0
2016-03-16,3,TEN,17114.0,17778.0
2016-03-16,4,TEN,15611.0,16192.0
2016-03-16,5,TEN,14376.0,14874.0
2016-03-16,6,TEN,13519.0,14017.0
2016-03-16,7,TEN,12991.0,13726.0
2016-03-16,8,TEN,12827.0,13659.0
2016-03-16,9,TEN,12129.0,13436.0
2016-03-16,10,TEN,12626.0,13488.0
2016-03-16,11,TEN,13708.0,14371.0
2016-03-16,12,TEN,14984.0,15680.0
2016-03-16,13,TEN,15072.0,15813.0
2016-03-16,14,TEN,15282.0,16037.0
2016-03-16,15,TEN,15398.0,16183.0
2016-03-16,16,TEN,15585.0,16410.0
2016-03-16,17,TEN,15879.0,16714.0
2016-03-16,18,TEN,16129.0,17071.0
2016-03-16,19,TEN,16189.0,17015.0
2016-03-16,20,TEN,16477.0,17239.0
2016-03-16,21,TEN,16339.0,17319.0
2016-03-16,22,TEN,17070.0,17986.0
2016-03-16,23,TEN,16832.0,17676.0
2016-03-17,0,TEN,16494.0,17377.0
2016-03-17,1,TEN,16997.0,17610.0
2016-03-17,2,TEN,16907.0,17411.0
2016-03-17,3,TEN,15771.0,16148.0
2016-03-17,4,TEN,14537.0,15080.0
2016-03-17,5,TEN,13326.0,13928.0
2016-03-17,6,TEN,12742.0,13405.0
2016-03-17,7,TEN,12346.0,13370.0
2016-03-17,8,TEN,12211.0,13239.0
2016-03-17,9,TEN,12145.0,13213.0
2016-03-17,10,TEN,12649.0,13393.0
2016-03-17,11,TEN,14112.0,14826.0
2016-03-17,12,TEN,15712.0,16564.0
2016-03-17,13,TEN,15965.0,16862.0
2016-03-17,14,TEN,15749.0,16676.0
2016-03-17,15,TEN,15507.0,16437.0
2016-03-17,16,TEN,15519.0,16473.0
2016-03-17,17,TEN,15538.0,16467.0
2016-03-17,18,TEN,15545.0,16189.0
2016-03-17,19,TEN,15537.0,16170.0
2016-03-17,20,TEN,15514.0,16059.0
2016-03-17,21,TEN,15521.0,16090.0
2016-03-17,22,TEN,15535.0,16296.0
2016-03-17,23,TEN,15512.0,16272.0
2016-03-18,0,TEN,15704.0,16601.0
2016-03-18,1,TEN,16556.0,17334.0
2016-03-18,2,TEN,16415.0,17281.0
2016-03-18,3,TEN,15668.0,16193.0
2016-03-18,4,TEN,14589.0,15029.0
2016-03-18,5,TEN,13701.0,14147.0
2016-03-18,6,TEN,13063.0,13511.0
2016-03-18,7,TEN,12710.0,13132.0
2016-03-18,8,TEN,12667.0,13125.0
2016-03-18,9,TEN,12778.0,13263.0
2016-03-18,10,TEN,13267.0,13666.0
2016-03-18,11,TEN,14722.0,15041.0
2016-03-18,12,TEN,16227.0,16803.0
2016-03-18,13,TEN,16458.0,17063.0
2016-03-18,14,TEN,16209.0,16816.0
2016-03-18,15,TEN,15788.0,16366.0
2016-03-18,16,TEN,15716.0,16309.0
2016-03-18,17,TEN,15539.0,16025.0
2016-03-18,18,TEN,15547.0,15943.0
2016-03-18,19,TEN,15431.0,15946.0
2016-03-18,20,TEN,15393.0,15677.0
2016-03-18,21,TEN,15337.0,15647.0
2016-03-18,22,TEN,15369.0,15836.0
2016-03-18,23,TEN,15263.0,15842.0
2016-03-19,0,TEN,15251.0,15869.0
2016-03-19,1,TEN,15867.0,16409.0
2016-03-19,2,TEN,15675.0,16241.0
2016-03-19,3,TEN,15092.0,15612.0
2016-03-19,4,TEN,14100.0,14375.0
2016-03-19,5,TEN,13274.0,13689.0
2016-03-19,6,TEN,12593.0,13122.0
2016-03-19,7,TEN,12169.0,12678.0
2016-03-19,8,TEN,11872.0,12379.0
2016-03-19,9,TEN,11910.0,12471.0
2016-03-19,10,TEN,12008.0,12475.0
2016-03-19,11,TEN,12562.0,13054.0
2016-03-19,12,TEN,13332.0,13749.0
2016-03-19,13,TEN,13960.0,14418.0
2016-03-19,14,TEN,14659.0,15035.0
2016-03-19,15,TEN,15193.0,15593.0
2016-03-19,16,TEN,15201.0,15694.0
2016-03-19,17,TEN,15070.0,15604.0
2016-03-19,18,TEN,14785.0,15288.0
2016-03-19,19,TEN,14555.0,15107.0
2016-03-19,20,TEN,14326.0,14896.0
2016-03-19,21,TEN,14311.0,14779.0
2016-03-19,22,TEN,14421.0,14898.0
2016-03-19,23,TEN,14593.0,15094.0
2016-03-20,0,TEN,14951.0,15412.0
2016-03-20,1,TEN,15766.0,16208.0
2016-03-20,2,TEN,15721.0,16025.0
2016-03-20,3,TEN,15278.0,15611.0
2016-03-20,4,TEN,14578.0,15012.0
2016-03-20,5,TEN,14064.0,14566.0
2016-03-20,6,TEN,13532.0,14216.0
2016-03-20,7,TEN,13300.0,13917.0
2016-03-20,8,TEN,13336.0,13989.0
2016-03-20,9,TEN,13439.0,14068.0
2016-03-20,10,TEN,13737.0,14252.0
2016-03-20,11,TEN,14291.0,14813.0
2016-03-20,12,TEN,15027.0,15423.0
2016-03-20,13,TEN,15881.0,15998.0
2016-03-20,14,TEN,16477.0,16561.0
2016-03-20,15,TEN,16214.0,16122.0
2016-03-20,16,TEN,15669.0,15599.0
2016-03-20,17,TEN,15535.0,15406.0
2016-03-20,18,TEN,15575.0,15415.0
2016-03-20,19,TEN,15593.0,15416.0
2016-03-20,20,TEN,15571.0,15310.0
2016-03-20,21,TEN,15769.0,15563.0
2016-03-20,22,TEN,16184.0,16377.0
2016-03-20,23,TEN,16540.0,16845.0
2016-03-21,0,TEN,17162.0,17456.0
2016-03-21,1,TEN,18165.0,18345.0
2016-03-21,2,TEN,18184.0,18447.0
2016-03-21,3,TEN,17785.0,17980.0
2016-03-21,4,TEN,16906.0,17268.0
2016-03-21,5,TEN,16386.0,16458.0
2016-03-21,6,TEN,16123.0,16113.0
2016-03-21,7,TEN,16105.0,16105.0
2016-03-21,8,TEN,16203.0,16316.0
2016-03-21,9,TEN,16449.0,16515.0
2016-03-21,10,TEN,17197.0,17119.0
2016-03-21,11,TEN,18977.0,18712.0
2016-03-21,12,TEN,20440.0,20104.0
2016-03-21,13,TEN,20615.0,20077.0
2016-03-21,14,TEN,19803.0,19515.0
2016-03-21,15,TEN,18855.0,18752.0
2016-03-21,16,TEN,18300.0,18739.0
2016-03-21,17,TEN,17778.0,18196.0
2016-03-21,18,TEN,17195.0,17644.0
2016-03-21,19,TEN,16706.0,17187.0
2016-03-21,20,TEN,16273.0,16829.0
2016-03-21,21,TEN,15930.0,16471.0
2016-03-21,22,TEN,15867.0,16426.0
2016-03-21,23,TEN,15929.0,16476.0
2016-03-22,0,TEN,16459.0,16913.0
2016-03-22,1,TEN,17722.0,18228.0
2016-03-22,2,TEN,17959.0,18381.0
2016-03-22,3,TEN,17455.0,17940.0
2016-03-22,4,TEN,16653.0,17188.0
2016-03-22,5,TEN,15921.0,16512.0
2016-03-22,6,TEN,15714.0,16165.0
2016-03-22,7,TEN,15621.0,16114.0
2016-03-22,8,TEN,15739.0,16238.0
2016-03-22,9,TEN,16200.0,16676.0
2016-03-22,10,TEN,16802.0,17249.0
2016-03-22,11,TEN,18319.0,18854.0
2016-03-22,12,TEN,19677.0,19809.0
2016-03-22,13,TEN,19643.0,19824.0
2016-03-22,14,TEN,18549.0,18962.0
2016-03-22,15,TEN,17628.0,18043.0
2016-03-22,16,TEN,17076.0,17446.0
2016-03-22,17,TEN,16656.0,17147.0
2016-03-22,18,TEN,16257.0,16537.0
2016-03-22,19,TEN,15949.0,16235.0
2016-03-22,20,TEN,15721.0,16053.0
2016-03-22,21,TEN,15546.0,15880.0
2016-03-22,22,TEN,15473.0,15899.0
2016-03-22,23,TEN,15472.0,15710.0
2016-03-23,0,TEN,15764.0,16065.0
2016-03-23,1,TEN,16821.0,17135.0
2016-03-23,2,TEN,16794.0,17073.0
2016-03-23,3,TEN,15992.0,16300.0
2016-03-23,4,TEN,14916.0,15264.0
2016-03-23,5,TEN,14055.0,14371.0
2016-03-23,6,TEN,13560.0,13893.0
2016-03-23,7,TEN,13406.0,13746.0
2016-03-23,8,TEN,13254.0,13570.0
2016-03-23,9,TEN,13279.0,13550.0
2016-03-23,10,TEN,13736.0,14098.0
2016-03-23,11,TEN,15026.0,15530.0
2016-03-23,12,TEN,16374.0,16893.0
2016-03-23,13,TEN,16504.0,16886.0
2016-03-23,14,TEN,16282.0,16613.0
2016-03-23,15,TEN,16081.0,16442.0
2016-03-23,16,TEN,16038.0,16508.0
2016-03-23,17,TEN,15845.0,16284.0
2016-03-23,18,TEN,15580.0,15969.0
2016-03-23,19,TEN,15520.0,15923.0
2016-03-23,20,TEN,15497.0,15879.0
2016-03-23,21,TEN,15514.0,15888.0
2016-03-23,22,TEN,15602.0,16007.0
2016-03-23,23,TEN,15652.0,16095.0
2016-03-24,0,TEN,15825.0,16258.0
2016-03-24,1,TEN,16682.0,17019.0
2016-03-24,2,TEN,16606.0,16947.0
2016-03-24,3,TEN,15818.0,16262.0
2016-03-24,4,TEN,14655.0,15184.0
2016-03-24,5,TEN,13485.0,13860.0
2016-03-24,6,TEN,12787.0,13043.0
2016-03-24,7,TEN,12480.0,12751.0
2016-03-24,8,TEN,12320.0,12699.0
2016-03-24,9,TEN,12185.0,12591.0
2016-03-24,10,TEN,12532.0,13054.0
2016-03-24,11,TEN,13705.0,13927.0
2016-03-24,12,TEN,15032.0,15228.0
2016-03-24,13,TEN,15251.0,15463.0
2016-03-24,14,TEN,15438.0,15772.0
2016-03-24,15,TEN,15548.0,15934.0
2016-03-24,16,TEN,15912.0,16139.0
2016-03-24,17,TEN,15951.0,16116.0
2016-03-24,18,TEN,15949.0,16007.0
2016-03-24,19,TEN,15955.0,16050.0
2016-03-24,20,TEN,15903.0,15912.0
2016-03-24,21,TEN,15814.0,16114.0
2016-03-24,22,TEN,15800.0,16045.0
2016-03-24,23,TEN,15728.0,16016.0
2016-03-25,0,TEN,15788.0,15987.0
2016-03-25,1,TEN,16258.0,16542.0
2016-03-25,2,TEN,16042.0,16449.0
2016-03-25,3,TEN,15230.0,15626.0
2016-03-25,4,TEN,14213.0,14520.0
2016-03-25,5,TEN,13241.0,13601.0
2016-03-25,6,TEN,12675.0,12926.0
2016-03-25,7,TEN,12371.0,12670.0
2016-03-25,8,TEN,12150.0,12452.0
2016-03-25,9,TEN,12169.0,12574.0
2016-03-25,10,TEN,12515.0,12926.0
2016-03-25,11,TEN,13417.0,13793.0
2016-03-25,12,TEN,14511.0,15041.0
2016-03-25,13,TEN,15136.0,15688.0
2016-03-25,14,TEN,15629.0,16182.0
2016-03-25,15,TEN,15907.0,16300.0
2016-03-25,16,TEN,16021.0,16416.0
2016-03-25,17,TEN,15705.0,15947.0
2016-03-25,18,TEN,15364.0,15673.0
2016-03-25,19,TEN,14927.0,15235.0
2016-03-25,20,TEN,14639.0,15156.0
2016-03-25,21,TEN,14480.0,14975.0
2016-03-25,22,TEN,14373.0,14874.0
2016-03-25,23,TEN,14421.0,14700.0
2016-03-26,0,TEN,14509.0,14629.0
2016-03-26,1,TEN,15485.0,15560.0
2016-03-26,2,TEN,15594.0,15624.0
2016-03-26,3,TEN,15314.0,15131.0
2016-03-26,4,TEN,14693.0,14449.0
2016-03-26,5,TEN,14158.0,13745.0
2016-03-26,6,TEN,13721.0,13267.0
2016-03-26,7,TEN,13736.0,13301.0
2016-03-26,8,TEN,13597.0,13192.0
2016-03-26,9,TEN,13808.0,13474.0
2016-03-26,10,TEN,14196.0,13809.0
2016-03-26,11,TEN,14860.0,14482.0
2016-03-26,12,TEN,15594.0,15450.0
2016-03-26,13,TEN,16118.0,16085.0
2016-03-26,14,TEN,16111.0,16134.0
2016-03-26,15,TEN,15561.0,15745.0
2016-03-26,16,TEN,15017.0,15238.0
2016-03-26,17,TEN,14499.0,14906.0
2016-03-26,18,TEN,14093.0,14483.0
2016-03-26,19,TEN,13844.0,14249.0
2016-03-26,20,TEN,13777.0,14185.0
2016-03-26,21,TEN,13826.0,14201.0
2016-03-26,22,TEN,13925.0,14246.0
2016-03-26,23,TEN,14103.0,14515.0
2016-03-27,0,TEN,14119.0,14546.0
2016-03-27,1,TEN,14944.0,15295.0
2016-03-27,2,TEN,15026.0,15448.0
2016-03-27,3,TEN,14442.0,14890.0
2016-03-27,4,TEN,13636.0,13982.0
2016-03-27,5,TEN,12612.0,12934.0
2016-03-27,6,TEN,11959.0,12337.0
2016-03-27,7,TEN,11397.0,11945.0
2016-03-27,8,TEN,11188.0,11644.0
2016-03-27,9,TEN,11134.0,11552.0
2016-03-27,10,TEN,11236.0,11649.0
2016-03-27,11,TEN,11675.0,12087.0
2016-03-27,12,TEN,12117.0,12453.0
2016-03-27,13,TEN,12790.0,13202.0
2016-03-27,14,TEN,13614.0,14004.0
2016-03-27,15,TEN,13909.0,14184.0
2016-03-27,16,TEN,13802.0,14154.0
2016-03-27,17,TEN,13654.0,14058.0
2016-03-27,18,TEN,13633.0,14034.0
2016-03-27,19,TEN,13369.0,13825.0
2016-03-27,20,TEN,13374.0,13817.0
2016-03-27,21,TEN,13377.0,13804.0
2016-03-27,22,TEN,13556.0,13937.0
2016-03-27,23,TEN,13785.0,14159.0
2016-03-28,0,TEN,13986.0,14350.0
2016-03-28,1,TEN,14802.0,15184.0
2016-03-28,2,TEN,14802.0,15158.0
2016-03-28,3,TEN,14208.0,14478.0
2016-03-28,4,TEN,13154.0,13417.0
2016-03-28,5,TEN,12339.0,12634.0
2016-03-28,6,TEN,11698.0,12118.0
2016-03-28,7,TEN,11543.0,11998.0
2016-03-28,8,TEN,11432.0,11915.0
2016-03-28,9,TEN,11516.0,11848.0
2016-03-28,10,TEN,12007.0,12361.0
2016-03-28,11,TEN,13387.0,13706.0
2016-03-28,12,TEN,14942.0,15444.0
2016-03-28,13,TEN,15513.0,15992.0
2016-03-28,14,TEN,15880.0,16046.0
2016-03-28,15,TEN,15961.0,16076.0
2016-03-28,16,TEN,16122.0,16256.0
2016-03-28,17,TEN,16038.0,16432.0
2016-03-28,18,TEN,15877.0,16269.0
2016-03-28,19,TEN,15728.0,16173.0
2016-03-28,20,TEN,15527.0,15866.0
2016-03-28,21,TEN,15464.0,15857.0
2016-03-28,22,TEN,15552.0,15960.0
2016-03-28,23,TEN,15625.0,16121.0
2016-03-29,0,TEN,15740.0,16197.0
2016-03-29,1,TEN,16673.0,17111.0
2016-03-29,2,TEN,16818.0,17322.0
2016-03-29,3,TEN,16193.0,16608.0
2016-03-29,4,TEN,15086.0,15469.0
2016-03-29,5,TEN,14184.0,14589.0
2016-03-29,6,TEN,13844.0,14304.0
2016-03-29,7,TEN,13676.0,14154.0
2016-03-29,8,TEN,13639.0,14116.0
2016-03-29,9,TEN,13761.0,14218.0
2016-03-29,10,TEN,14364.0,14794.0
2016-03-29,11,TEN,16171.0,16495.0
2016-03-29,12,TEN,17798.0,18021.0
2016-03-29,13,TEN,17832.0,17996.0
2016-03-29,14,TEN,17208.0,17326.0
2016-03-29,15,TEN,16601.0,16820.0
2016-03-29,16,TEN,16429.0,16718.0
2016-03-29,17,TEN,16245.0,16624.0
2016-03-29,18,TEN,16083.0,16573.0
2016-03-29,19,TEN,15912.0,16386.0
2016-03-29,20,TEN,15608.0,16029.0
2016-03-29,21,TEN,15580.0,16001.0
2016-03-29,22,TEN,15556.0,16026.0
2016-03-29,23,TEN,15741.0,16183.0
2016-03-30,0,TEN,15938.0,16387.0
2016-03-30,1,TEN,16910.0,17247.0
2016-03-30,2,TEN,17061.0,17510.0
2016-03-30,3,TEN,16244.0,16642.0
2016-03-30,4,TEN,15019.0,15506.0
2016-03-30,5,TEN,14044.0,14390.0
2016-03-30,6,TEN,13699.0,14128.0
2016-03-30,7,TEN,13517.0,13961.0
2016-03-30,8,TEN,13514.0,13964.0
2016-03-30,9,TEN,13538.0,14007.0
2016-03-30,10,TEN,13991.0,14492.0
2016-03-30,11,TEN,15536.0,15915.0
2016-03-30,12,TEN,16991.0,17202.0
2016-03-30,13,TEN,16983.0,17199.0
2016-03-30,14,TEN,16624.0,16872.0
2016-03-30,15,TEN,16148.0,16587.0
2016-03-30,16,TEN,16142.0,16423.0
2016-03-30,17,TEN,16019.0,16346.0
2016-03-30,18,TEN,16036.0,16326.0
2016-03-30,19,TEN,15957.0,16302.0
2016-03-30,20,TEN,15912.0,16212.0
2016-03-30,21,TEN,16375.0,16705.0
2016-03-30,22,TEN,16077.0,16355.0
2016-03-30,23,TEN,16144.0,16549.0
2016-03-31,0,TEN,16319.0,16726.0
2016-03-31,1,TEN,17079.0,17348.0
2016-03-31,2,TEN,16918.0,17288.0
2016-03-31,3,TEN,15900.0,16268.0
2016-03-31,4,TEN,14709.0,15157.0
2016-03-31,5,TEN,13565.0,13974.0
2016-03-31,6,TEN,12933.0,13341.0
2016-03-31,7,TEN,12574.0,13017.0
2016-03-31,8,TEN,12364.0,12897.0
2016-03-31,9,TEN,12331.0,12764.0
2016-03-31,10,TEN,12655.0,13067.0
2016-03-31,11,TEN,13902.0,14358.0
2016-03-31,12,TEN,15365.0,15799.0
2016-03-31,13,TEN,15653.0,16184.0
2016-03-31,14,TEN,15771.0,16242.0
2016-03-31,15,TEN,15987.0,16503.0
2016-03-31,16,TEN,16390.0,16836.0
2016-03-31,17,TEN,16315.0,16803.0
2016-03-31,18,TEN,16422.0,16900.0
2016-03-31,19,TEN,16479.0,16993.0
2016-03-31,20,TEN,16188.0,16735.0
2016-03-31,21,TEN,16297.0,16779.0
2016-03-31,22,TEN,16415.0,16935.0
2016-03-31,23,TEN,16541.0,17064.0
2016-04-01,0,TEN,16638.0,17209.0
2016-04-01,1,TEN,16991.0,17451.0
2016-04-01,2,TEN,16874.0,17408.0
2016-04-01,3,TEN,16098.0,16664.0
2016-04-01,4,TEN,14930.0,15548.0
2016-04-01,5,TEN,13873.0,14341.0
2016-04-01,6,TEN,13242.0,13608.0
2016-04-01,7,TEN,12701.0,13308.0
2016-04-01,8,TEN,12508.0,13351.0
2016-04-01,9,TEN,12350.0,13236.0
2016-04-01,10,TEN,12858.0,13667.0
2016-04-01,11,TEN,13754.0,14424.0
2016-04-01,12,TEN,15105.0,15516.0
2016-04-01,13,TEN,15450.0,15863.0
2016-04-01,14,TEN,15726.0,15917.0
2016-04-01,15,TEN,15872.0,15962.0
2016-04-01,16,TEN,15882.0,16296.0
2016-04-01,17,TEN,15957.0,16151.0
2016-04-01,18,TEN,15818.0,16151.0
2016-04-01,19,TEN,15347.0,15821.0
2016-04-01,20,TEN,15163.0,15613.0
2016-04-01,21,TEN,14981.0,15448.0
2016-04-01,22,TEN,14919.0,15274.0
2016-04-01,23,TEN,14762.0,15256.0
2016-04-02,0,TEN,14831.0,15210.0
2016-04-02,1,TEN,15671.0,15968.0
2016-04-02,2,TEN,15820.0,16215.0
2016-04-02,3,TEN,15187.0,15616.0
2016-04-02,4,TEN,14383.0,14765.0
2016-04-02,5,TEN,13478.0,13957.0
2016-04-02,6,TEN,12730.0,13178.0
2016-04-02,7,TEN,12536.0,12891.0
2016-04-02,8,TEN,12164.0,12645.0
2016-04-02,9,TEN,12253.0,12598.0
2016-04-02,10,TEN,12580.0,12979.0
2016-04-02,11,TEN,13150.0,13602.0
2016-04-02,12,TEN,13764.0,14313.0
2016-04-02,13,TEN,14379.0,14932.0
2016-04-02,14,TEN,15001.0,15502.0
2016-04-02,15,TEN,15174.0,15698.0
2016-04-02,16,TEN,15057.0,15538.0
2016-04-02,17,TEN,14831.0,15344.0
2016-04-02,18,TEN,14479.0,14982.0
2016-04-02,19,TEN,14182.0,14744.0
2016-04-02,20,TEN,14037.0,14519.0
2016-04-02,21,TEN,13947.0,14457.0
2016-04-02,22,TEN,14049.0,14547.0
2016-04-02,23,TEN,14197.0,14697.0
2016-04-03,0,TEN,14388.0,14824.0
2016-04-03,1,TEN,15245.0,15681.0
2016-04-03,2,TEN,15529.0,15876.0
2016-04-03,3,TEN,15060.0,15388.0
2016-04-03,4,TEN,14377.0,14744.0
2016-04-03,5,TEN,13659.0,13963.0
2016-04-03,6,TEN,13191.0,13542.0
2016-04-03,7,TEN,12938.0,13343.0
2016-04-03,8,TEN,12926.0,13358.0
2016-04-03,9,TEN,13105.0,13554.0
2016-04-03,10,TEN,13550.0,13884.0
2016-04-03,11,TEN,14140.0,14436.0
2016-04-03,12,TEN,14768.0,15100.0
2016-04-03,13,TEN,15528.0,15859.0
2016-04-03,14,TEN,15758.0,16119.0
2016-04-03,15,TEN,15392.0,15795.0
2016-04-03,16,TEN,14790.0,15285.0
2016-04-03,17,TEN,14455.0,14976.0
2016-04-03,18,TEN,14255.0,14812.0
2016-04-03,19,TEN,14043.0,14594.0
2016-04-03,20,TEN,13824.0,14352.0
2016-04-03,21,TEN,13870.0,14422.0
2016-04-03,22,TEN,14124.0,14622.0
2016-04-03,23,TEN,14389.0,14921.0
2016-04-04,0,TEN,14612.0,15157.0
2016-04-04,1,TEN,15400.0,16053.0
2016-04-04,2,TEN,15611.0,16083.0
2016-04-04,3,TEN,14906.0,15367.0
2016-04-04,4,TEN,14078.0,14559.0
2016-04-04,5,TEN,13220.0,13612.0
2016-04-04,6,TEN,12790.0,13133.0
2016-04-04,7,TEN,12597.0,12980.0
2016-04-04,8,TEN,12670.0,13019.0
2016-04-04,9,TEN,13015.0,13292.0
2016-04-04,10,TEN,13895.0,14229.0
2016-04-04,11,TEN,15468.0,15887.0
2016-04-04,12,TEN,16916.0,17245.0
2016-04-04,13,TEN,17039.0,17491.0
2016-04-04,14,TEN,16519.0,16953.0
2016-04-04,15,TEN,16172.0,16621.0
2016-04-04,16,TEN,16028.0,16482.0
2016-04-04,17,TEN,15952.0,16603.0
2016-04-04,18,TEN,16016.0,16702.0
2016-04-04,19,TEN,16026.0,16630.0
2016-04-04,20,TEN,16032.0,16355.0
2016-04-04,21,TEN,16247.0,16579.0
2016-04-04,22,TEN,16316.0,16629.0
2016-04-04,23,TEN,16400.0,16829.0
2016-04-05,0,TEN,16457.0,16809.0
2016-04-05,1,TEN,17212.0,17476.0
2016-04-05,2,TEN,17208.0,17518.0
2016-04-05,3,TEN,16157.0,16449.0
2016-04-05,4,TEN,14627.0,14934.0
2016-04-05,5,TEN,13584.0,14148.0
2016-04-05,6,TEN,12891.0,13484.0
2016-04-05,7,TEN,12728.0,13459.0
2016-04-05,8,TEN,12684.0,13457.0
2016-04-05,9,TEN,12909.0,13695.0
2016-04-05,10,TEN,13726.0,14328.0
2016-04-05,11,TEN,15281.0,15806.0
2016-04-05,12,TEN,17060.0,17417.0
2016-04-05,13,TEN,17295.0,17703.0
2016-04-05,14,TEN,17047.0,17420.0
2016-04-05,15,TEN,16852.0,17232.0
2016-04-05,16,TEN,16590.0,17017.0
2016-04-05,17,TEN,16197.0,16564.0
2016-04-05,18,TEN,15950.0,16384.0
2016-04-05,19,TEN,15627.0,16000.0
2016-04-05,20,TEN,15441.0,15904.0
2016-04-05,21,TEN,15345.0,15801.0
2016-04-05,22,TEN,15436.0,15948.0
2016-04-05,23,TEN,15517.0,16319.0
2016-04-06,0,TEN,15737.0,16486.0
2016-04-06,1,TEN,16917.0,17453.0
2016-04-06,2,TEN,17188.0,17618.0
2016-04-06,3,TEN,16667.0,16956.0
2016-04-06,4,TEN,15566.0,16040.0
2016-04-06,5,TEN,14658.0,15131.0
2016-04-06,6,TEN,14321.0,14990.0
2016-04-06,7,TEN,14046.0,14808.0
2016-04-06,8,TEN,14071.0,14790.0
2016-04-06,9,TEN,14454.0,15125.0
2016-04-06,10,TEN,14990.0,15643.0
2016-04-06,11,TEN,16404.0,16703.0
2016-04-06,12,TEN,17831.0,18412.0
2016-04-06,13,TEN,17780.0,18391.0
2016-04-06,14,TEN,17407.0,18143.0
2016-04-06,15,TEN,17016.0,17796.0
2016-04-06,16,TEN,16793.0,17550.0
2016-04-06,17,TEN,16369.0,17148.0
2016-04-06,18,TEN,16075.0,16845.0
2016-04-06,19,TEN,15845.0,16620.0
2016-04-06,20,TEN,15750.0,16504.0
2016-04-06,21,TEN,15624.0,16446.0
2016-04-06,22,TEN,15811.0,16692.0
2016-04-06,23,TEN,15989.0,16884.0
2016-04-07,0,TEN,16306.0,17070.0
2016-04-07,1,TEN,17058.0,17532.0
2016-04-07,2,TEN,16917.0,17366.0
2016-04-07,3,TEN,16218.0,16736.0
2016-04-07,4,TEN,15124.0,15549.0
2016-04-07,5,TEN,14220.0,14926.0
2016-04-07,6,TEN,13715.0,14459.0
2016-04-07,7,TEN,13524.0,14270.0
2016-04-07,8,TEN,13456.0,14261.0
2016-04-07,9,TEN,13670.0,14490.0
2016-04-07,10,TEN,14305.0,14989.0
2016-04-07,11,TEN,15864.0,16527.0
2016-04-07,12,TEN,17217.0,17754.0
2016-04-07,13,TEN,17191.0,17661.0
2016-04-07,14,TEN,16908.0,17418.0
2016-04-07,15,TEN,16683.0,17226.0
2016-04-07,16,TEN,16412.0,16967.0
2016-04-07,17,TEN,16171.0,16695.0
2016-04-07,18,TEN,15826.0,16359.0
2016-04-07,19,TEN,15634.0,16155.0
2016-04-07,20,TEN,15530.0,15994.0
2016-04-07,21,TEN,15513.0,15939.0
2016-04-07,22,TEN,15582.0,15950.0
2016-04-07,23,TEN,15628.0,16208.0
2016-04-08,0,TEN,15873.0,16286.0
2016-04-08,1,TEN,16605.0,16952.0
2016-04-08,2,TEN,16927.0,17245.0
2016-04-08,3,TEN,16345.0,16728.0
2016-04-08,4,TEN,15220.0,15561.0
2016-04-08,5,TEN,14129.0,14876.0
2016-04-08,6,TEN,13661.0,14468.0
2016-04-08,7,TEN,13506.0,14276.0
2016-04-08,8,TEN,13570.0,14254.0
2016-04-08,9,TEN,13823.0,14592.0
2016-04-08,10,TEN,14532.0,15241.0
2016-04-08,11,TEN,16008.0,16712.0
2016-04-08,12,TEN,17432.0,17868.0
2016-04-08,13,TEN,17499.0,17712.0
2016-04-08,14,TEN,17278.0,17512.0
2016-04-08,15,TEN,16926.0,17298.0
2016-04-08,16,TEN,16982.0,17603.0
2016-04-08,17,TEN,16596.0,17211.0
2016-04-08,18,TEN,16131.0,16804.0
2016-04-08,19,TEN,15803.0,16411.0
2016-04-08,20,TEN,15549.0,16207.0
2016-04-08,21,TEN,15352.0,16017.0
2016-04-08,22,TEN,15383.0,16061.0
2016-04-08,23,TEN,15416.0,16109.0
2016-04-09,0,TEN,15542.0,16128.0
2016-04-09,1,TEN,16506.0,16996.0
2016-04-09,2,TEN,16855.0,17330.0
2016-04-09,3,TEN,16420.0,16918.0
2016-04-09,4,TEN,15679.0,16191.0
2016-04-09,5,TEN,15121.0,15511.0
2016-04-09,6,TEN,14628.0,14931.0
2016-04-09,7,TEN,14566.0,14848.0
2016-04-09,8,TEN,14462.0,14732.0
2016-04-09,9,TEN,14640.0,14953.0
2016-04-09,10,TEN,15051.0,15259.0
2016-04-09,11,TEN,15729.0,15775.0
2016-04-09,12,TEN,16409.0,16660.0
2016-04-09,13,TEN,16972.0,17064.0
2016-04-09,14,TEN,17283.0,17605.0
2016-04-09,15,TEN,17185.0,17568.0
2016-04-09,16,TEN,16804.0,17179.0
2016-04-09,17,TEN,16206.0,16600.0
2016-04-09,18,TEN,15540.0,15958.0
2016-04-09,19,TEN,15140.0,15477.0
2016-04-09,20,TEN,14663.0,15057.0
2016-04-09,21,TEN,14446.0,14822.0
2016-04-09,22,TEN,14486.0,14867.0
2016-04-09,23,TEN,14561.0,14834.0
2016-04-10,0,TEN,14767.0,15149.0
2016-04-10,1,TEN,15756.0,16236.0
2016-04-10,2,TEN,16205.0,16514.0
2016-04-10,3,TEN,16120.0,16335.0
2016-04-10,4,TEN,15523.0,15794.0
2016-04-10,5,TEN,15008.0,15257.0
2016-04-10,6,TEN,14650.0,14934.0
2016-04-10,7,TEN,14588.0,14805.0
2016-04-10,8,TEN,14652.0,14879.0
2016-04-10,9,TEN,14797.0,15077.0
2016-04-10,10,TEN,15114.0,15427.0
2016-04-10,11,TEN,15535.0,15914.0
2016-04-10,12,TEN,15992.0,16379.0
2016-04-10,13,TEN,16480.0,16780.0
2016-04-10,14,TEN,16736.0,17032.0
2016-04-10,15,TEN,16508.0,16782.0
2016-04-10,16,TEN,15910.0,16193.0
2016-04-10,17,TEN,15442.0,15788.0
2016-04-10,18,TEN,15124.0,15373.0
2016-04-10,19,TEN,14815.0,15148.0
2016-04-10,20,TEN,14576.0,14909.0
2016-04-10,21,TEN,14497.0,14825.0
2016-04-10,22,TEN,14649.0,14905.0
2016-04-10,23,TEN,14877.0,15141.0
2016-04-11,0,TEN,15056.0,15460.0
2016-04-11,1,TEN,15923.0,16266.0
2016-04-11,2,TEN,16275.0,16530.0
2016-04-11,3,TEN,15510.0,15819.0
2016-04-11,4,TEN,14537.0,14843.0
2016-04-11,5,TEN,13532.0,13809.0
2016-04-11,6,TEN,13053.0,13340.0
2016-04-11,7,TEN,12863.0,13179.0
2016-04-11,8,TEN,12839.0,13154.0
2016-04-11,9,TEN,12993.0,13327.0
2016-04-11,10,TEN,13625.0,13872.0
2016-04-11,11,TEN,15112.0,15492.0
2016-04-11,12,TEN,16459.0,16708.0
2016-04-11,13,TEN,16455.0,16733.0
2016-04-11,14,TEN,16257.0,16582.0
2016-04-11,15,TEN,16366.0,16578.0
2016-04-11,16,TEN,16397.0,16679.0
2016-04-11,17,TEN,16281.0,16602.0
2016-04-11,18,TEN,16108.0,16422.0
2016-04-11,19,TEN,16022.0,16388.0
2016-04-11,20,TEN,15778.0,16178.0
2016-04-11,21,TEN,15768.0,16182.0
2016-04-11,22,TEN,16034.0,16406.0
2016-04-11,23,TEN,16331.0,16643.0
2016-04-12,0,TEN,16516.0,16806.0
2016-04-12,1,TEN,16994.0,17304.0
2016-04-12,2,TEN,16937.0,17218.0
2016-04-12,3,TEN,16224.0,16461.0
2016-04-12,4,TEN,14927.0,15399.0
2016-04-12,5,TEN,14045.0,14423.0
2016-04-12,6,TEN,13323.0,13781.0
2016-04-12,7,TEN,12964.0,13399.0
2016-04-12,8,TEN,12827.0,13319.0
2016-04-12,9,TEN,12965.0,13437.0
2016-04-12,10,TEN,13675.0,14155.0
2016-04-12,11,TEN,14987.0,15490.0
2016-04-12,12,TEN,16362.0,16760.0
2016-04-12,13,TEN,16494.0,16978.0
2016-04-12,14,TEN,16379.0,16745.0
2016-04-12,15,TEN,16789.0,17156.0
2016-04-12,16,TEN,16464.0,16884.0
2016-04-12,17,TEN,16231.0,16637.0
2016-04-12,18,TEN,15914.0,16331.0
2016-04-12,19,TEN,15549.0,15979.0
2016-04-12,20,TEN,15332.0,15797.0
2016-04-12,21,TEN,15062.0,15562.0
2016-04-12,22,TEN,15393.0,15881.0
2016-04-12,23,TEN,15343.0,15846.0
2016-04-13,0,TEN,15384.0,15926.0
2016-04-13,1,TEN,16389.0,16793.0
2016-04-13,2,TEN,16802.0,17226.0
2016-04-13,3,TEN,15980.0,16447.0
2016-04-13,4,TEN,14759.0,15258.0
2016-04-13,5,TEN,13970.0,14366.0
2016-04-13,6,TEN,13564.0,13920.0
2016-04-13,7,TEN,13357.0,13727.0
2016-04-13,8,TEN,13397.0,13720.0
2016-04-13,9,TEN,13735.0,14084.0
2016-04-13,10,TEN,14549.0,14918.0
2016-04-13,11,TEN,16263.0,16556.0
2016-04-13,12,TEN,17625.0,18021.0
2016-04-13,13,TEN,17371.0,17667.0
2016-04-13,14,TEN,17125.0,17385.0
2016-04-13,15,TEN,16561.0,16782.0
2016-04-13,16,TEN,16341.0,16558.0
2016-04-13,17,TEN,16015.0,16237.0
2016-04-13,18,TEN,15711.0,15992.0
2016-04-13,19,TEN,15410.0,15718.0
2016-04-13,20,TEN,15322.0,15575.0
2016-04-13,21,TEN,15281.0,15593.0
2016-04-13,22,TEN,15444.0,15808.0
2016-04-13,23,TEN,15604.0,15882.0
2016-04-14,0,TEN,15669.0,16068.0
2016-04-14,1,TEN,16534.0,16860.0
2016-04-14,2,TEN,16630.0,16963.0
2016-04-14,3,TEN,15880.0,16235.0
2016-04-14,4,TEN,14680.0,15091.0
2016-04-14,5,TEN,13547.0,13838.0
2016-04-14,6,TEN,12909.0,13217.0
2016-04-14,7,TEN,12645.0,12989.0
2016-04-14,8,TEN,12561.0,12869.0
2016-04-14,9,TEN,12529.0,12829.0
2016-04-14,10,TEN,13204.0,13529.0
2016-04-14,11,TEN,14626.0,15053.0
2016-04-14,12,TEN,15952.0,16346.0
2016-04-14,13,TEN,16095.0,16462.0
2016-04-14,14,TEN,16135.0,16514.0
2016-04-14,15,TEN,16065.0,16489.0
2016-04-14,16,TEN,16003.0,16421.0
2016-04-14,17,TEN,15990.0,16417.0
2016-04-14,18,TEN,15951.0,16264.0
2016-04-14,19,TEN,15749.0,16036.0
2016-04-14,20,TEN,15796.0,16078.0
2016-04-14,21,TEN,15678.0,15977.0
2016-04-14,22,TEN,15932.0,16284.0
2016-04-14,23,TEN,15891.0,16191.0
2016-04-15,0,TEN,16019.0,16381.0
2016-04-15,1,TEN,16818.0,17121.0
2016-04-15,2,TEN,16941.0,17219.0
2016-04-15,3,TEN,16112.0,16277.0
2016-04-15,4,TEN,14919.0,15092.0
2016-04-15,5,TEN,13674.0,13910.0
2016-04-15,6,TEN,13036.0,13242.0
2016-04-15,7,TEN,12607.0,12858.0
2016-04-15,8,TEN,12410.0,12728.0
2016-04-15,9,TEN,12484.0,12812.0
2016-04-15,10,TEN,12892.0,13235.0
2016-04-15,11,TEN,14155.0,14543.0
2016-04-15,12,TEN,15471.0,15875.0
2016-04-15,13,TEN,15813.0,16280.0
2016-04-15,14,TEN,15934.0,16311.0
2016-04-15,15,TEN,15911.0,16279.0
2016-04-15,16,TEN,16055.0,16469.0
2016-04-15,17,TEN,15856.0,16227.0
2016-04-15,18,TEN,15694.0,16062.0
2016-04-15,19,TEN,15749.0,16109.0
2016-04-15,20,TEN,15731.0,16108.0
2016-04-15,21,TEN,15766.0,16143.0
2016-04-15,22,TEN,15806.0,16161.0
2016-04-15,23,TEN,15670.0,16059.0
2016-04-16,0,TEN,15507.0,16034.0
2016-04-16,1,TEN,16021.0,16420.0
2016-04-16,2,TEN,16197.0,16571.0
2016-04-16,3,TEN,15499.0,15919.0
2016-04-16,4,TEN,14427.0,14734.0
2016-04-16,5,TEN,13415.0,13344.0
2016-04-16,6,TEN,12699.0,12471.0
2016-04-16,7,TEN,12314.0,12091.0
2016-04-16,8,TEN,12026.0,11845.0
2016-04-16,9,TEN,11994.0,11837.0
2016-04-16,10,TEN,12229.0,12053.0
2016-04-16,11,TEN,12588.0,12499.0
2016-04-16,12,TEN,12967.0,12754.0
2016-04-16,13,TEN,13616.0,13460.0
2016-04-16,14,TEN,14252.0,14055.0
2016-04-16,15,TEN,14499.0,14317.0
2016-04-16,16,TEN,14667.0,14349.0
2016-04-16,17,TEN,14683.0,14410.0
2016-04-16,18,TEN,14746.0,14425.0
2016-04-16,19,TEN,14884.0,14611.0
2016-04-16,20,TEN,15031.0,14740.0
2016-04-16,21,TEN,15384.0,15129.0
2016-04-16,22,TEN,15708.0,15450.0
2016-04-16,23,TEN,15830.0,15561.0
2016-04-17,0,TEN,15582.0,15335.0
2016-04-17,1,TEN,15715.0,15475.0
2016-04-17,2,TEN,15803.0,15534.0
2016-04-17,3,TEN,15022.0,14665.0
2016-04-17,4,TEN,13912.0,13648.0
2016-04-17,5,TEN,12902.0,12660.0
2016-04-17,6,TEN,12184.0,11885.0
2016-04-17,7,TEN,11720.0,11466.0
2016-04-17,8,TEN,11432.0,11218.0
2016-04-17,9,TEN,11337.0,11102.0
2016-04-17,10,TEN,11498.0,11260.0
2016-04-17,11,TEN,11841.0,11601.0
2016-04-17,12,TEN,12221.0,12028.0
2016-04-17,13,TEN,13009.0,12816.0
2016-04-17,14,TEN,13716.0,13480.0
2016-04-17,15,TEN,13886.0,13624.0
2016-04-17,16,TEN,14027.0,13746.0
2016-04-17,17,TEN,14087.0,13824.0
2016-04-17,18,TEN,14478.0,14172.0
2016-04-17,19,TEN,14890.0,14645.0
2016-04-17,20,TEN,15276.0,15028.0
2016-04-17,21,TEN,15765.0,15450.0
2016-04-17,22,TEN,16242.0,15715.0
2016-04-17,23,TEN,16558.0,15712.0
2016-04-18,0,TEN,16337.0,15501.0
2016-04-18,1,TEN,16459.0,15636.0
2016-04-18,2,TEN,16534.0,15714.0
2016-04-18,3,TEN,15587.0,14848.0
2016-04-18,4,TEN,14310.0,13912.0
2016-04-18,5,TEN,13028.0,12781.0
2016-04-18,6,TEN,12309.0,12046.0
2016-04-18,7,TEN,11991.0,11697.0
2016-04-18,8,TEN,11776.0,11528.0
2016-04-18,9,TEN,11921.0,11617.0
2016-04-18,10,TEN,12554.0,12187.0
2016-04-18,11,TEN,13897.0,13721.0
2016-04-18,12,TEN,15185.0,14853.0
2016-04-18,13,TEN,15570.0,15336.0
2016-04-18,14,TEN,15719.0,15503.0
2016-04-18,15,TEN,15811.0,15566.0
2016-04-18,16,TEN,16190.0,15861.0
2016-04-18,17,TEN,16452.0,16204.0
2016-04-18,18,TEN,16899.0,16615.0
2016-04-18,19,TEN,17307.0,17042.0
2016-04-18,20,TEN,17767.0,17419.0
2016-04-18,21,TEN,18231.0,17966.0
2016-04-18,22,TEN,18458.0,18274.0
2016-04-18,23,TEN,18455.0,18256.0
2016-04-19,0,TEN,18083.0,17824.0
2016-04-19,1,TEN,18290.0,18054.0
2016-04-19,2,TEN,18234.0,17875.0
2016-04-19,3,TEN,16996.0,16547.0
2016-04-19,4,TEN,15352.0,14921.0
2016-04-19,5,TEN,13935.0,13503.0
2016-04-19,6,TEN,13137.0,12760.0
2016-04-19,7,TEN,12709.0,12372.0
2016-04-19,8,TEN,12412.0,12243.0
2016-04-19,9,TEN,12376.0,12188.0
2016-04-19,10,TEN,12866.0,12573.0
2016-04-19,11,TEN,14233.0,13987.0
2016-04-19,12,TEN,15462.0,15189.0
2016-04-19,13,TEN,15773.0,15525.0
2016-04-19,14,TEN,15784.0,15585.0
2016-04-19,15,TEN,16007.0,15737.0
2016-04-19,16,TEN,16081.0,15815.0
2016-04-19,17,TEN,16530.0,16107.0
2016-04-19,18,TEN,16677.0,16368.0
2016-04-19,19,TEN,16932.0,16437.0
2016-04-19,20,TEN,17074.0,16643.0
2016-04-19,21,TEN,17302.0,16939.0
2016-04-19,22,TEN,17255.0,16870.0
2016-04-19,23,TEN,17135.0,16718.0
2016-04-20,0,TEN,17010.0,16809.0
2016-04-20,1,TEN,17555.0,17196.0
2016-04-20,2,TEN,17622.0,17176.0
2016-04-20,3,TEN,16586.0,16309.0
2016-04-20,4,TEN,15125.0,14755.0
2016-04-20,5,TEN,13812.0,13398.0
2016-04-20,6,TEN,13243.0,12982.0
2016-04-20,7,TEN,12694.0,12430.0
2016-04-20,8,TEN,12229.0,12117.0
2016-04-20,9,TEN,12190.0,11968.0
2016-04-20,10,TEN,12526.0,12313.0
2016-04-20,11,TEN,13670.0,13552.0
2016-04-20,12,TEN,14842.0,14930.0
2016-04-20,13,TEN,15195.0,15245.0
2016-04-20,14,TEN,15527.0,15582.0
2016-04-20,15,TEN,15990.0,16082.0
2016-04-20,16,TEN,16544.0,16608.0
2016-04-20,17,TEN,16959.0,16969.0
2016-04-20,18,TEN,17533.0,17364.0
2016-04-20,19,TEN,17974.0,17739.0
2016-04-20,20,TEN,18532.0,18294.0
2016-04-20,21,TEN,18903.0,18900.0
2016-04-20,22,TEN,18935.0,18962.0
2016-04-20,23,TEN,18743.0,18534.0
2016-04-21,0,TEN,18546.0,18626.0
2016-04-21,1,TEN,18823.0,18964.0
2016-04-21,2,TEN,18738.0,18635.0
2016-04-21,3,TEN,17460.0,17506.0
2016-04-21,4,TEN,16003.0,15874.0
2016-04-21,5,TEN,14778.0,14519.0
2016-04-21,6,TEN,13791.0,13625.0
2016-04-21,7,TEN,13163.0,13042.0
2016-04-21,8,TEN,12991.0,12755.0
2016-04-21,9,TEN,12992.0,12794.0
2016-04-21,10,TEN,13248.0,13105.0
2016-04-21,11,TEN,14315.0,14155.0
2016-04-21,12,TEN,15576.0,15711.0
2016-04-21,13,TEN,15712.0,15890.0
2016-04-21,14,TEN,16155.0,16306.0
2016-04-21,15,TEN,16379.0,16539.0
2016-04-21,16,TEN,16786.0,16754.0
2016-04-21,17,TEN,16993.0,16911.0
2016-04-21,18,TEN,17221.0,17113.0
2016-04-21,19,TEN,17176.0,17008.0
2016-04-21,20,TEN,17006.0,16879.0
2016-04-21,21,TEN,17108.0,17112.0
2016-04-21,22,TEN,17181.0,17239.0
2016-04-21,23,TEN,16904.0,16891.0
2016-04-22,0,TEN,16896.0,16946.0
2016-04-22,1,TEN,17430.0,17485.0
2016-04-22,2,TEN,17590.0,17648.0
2016-04-22,3,TEN,16675.0,16634.0
2016-04-22,4,TEN,15227.0,15035.0
2016-04-22,5,TEN,13999.0,13739.0
2016-04-22,6,TEN,13340.0,13055.0
2016-04-22,7,TEN,12820.0,12579.0
2016-04-22,8,TEN,12489.0,12207.0
2016-04-22,9,TEN,12488.0,12222.0
2016-04-22,10,TEN,12922.0,12633.0
2016-04-22,11,TEN,14182.0,13969.0
2016-04-22,12,TEN,15314.0,15452.0
2016-04-22,13,TEN,15785.0,16008.0
2016-04-22,14,TEN,15926.0,16149.0
2016-04-22,15,TEN,16246.0,16396.0
2016-04-22,16,TEN,16458.0,16533.0
2016-04-22,17,TEN,16762.0,16943.0
2016-04-22,18,TEN,16971.0,17055.0
2016-04-22,19,TEN,17012.0,17122.0
2016-04-22,20,TEN,17108.0,17273.0
2016-04-22,21,TEN,17148.0,17274.0
2016-04-22,22,TEN,16994.0,17107.0
2016-04-22,23,TEN,16828.0,16969.0
2016-04-23,0,TEN,16415.0,16580.0
2016-04-23,1,TEN,16343.0,16443.0
2016-04-23,2,TEN,16692.0,16800.0
2016-04-23,3,TEN,15916.0,16044.0
2016-04-23,4,TEN,14762.0,14390.0
2016-04-23,5,TEN,13565.0,13255.0
2016-04-23,6,TEN,12777.0,12615.0
2016-04-23,7,TEN,12226.0,12057.0
2016-04-23,8,TEN,11989.0,11874.0
2016-04-23,9,TEN,11819.0,11683.0
2016-04-23,10,TEN,11997.0,11877.0
2016-04-23,11,TEN,12310.0,12120.0
2016-04-23,12,TEN,12626.0,12469.0
2016-04-23,13,TEN,13385.0,13227.0
2016-04-23,14,TEN,14121.0,14091.0
2016-04-23,15,TEN,14699.0,14624.0
2016-04-23,16,TEN,14965.0,14959.0
2016-04-23,17,TEN,15016.0,14949.0
2016-04-23,18,TEN,15170.0,15111.0
2016-04-23,19,TEN,15400.0,15343.0
2016-04-23,20,TEN,15561.0,15494.0
2016-04-23,21,TEN,15975.0,15815.0
2016-04-23,22,TEN,16287.0,16152.0
2016-04-23,23,TEN,16308.0,16224.0
2016-04-24,0,TEN,15992.0,15853.0
2016-04-24,1,TEN,15724.0,15617.0
2016-04-24,2,TEN,15802.0,15653.0
2016-04-24,3,TEN,15035.0,14911.0
2016-04-24,4,TEN,14111.0,14037.0
2016-04-24,5,TEN,13173.0,13289.0
2016-04-24,6,TEN,12377.0,12590.0
2016-04-24,7,TEN,11880.0,12095.0
2016-04-24,8,TEN,11674.0,11835.0
2016-04-24,9,TEN,11607.0,11816.0
2016-04-24,10,TEN,11606.0,11795.0
2016-04-24,11,TEN,11825.0,11990.0
2016-04-24,12,TEN,12086.0,11871.0
2016-04-24,13,TEN,13006.0,12942.0
2016-04-24,14,TEN,13756.0,13679.0
2016-04-24,15,TEN,14068.0,14042.0
2016-04-24,16,TEN,14140.0,14116.0
2016-04-24,17,TEN,14479.0,14391.0
2016-04-24,18,TEN,15063.0,14952.0
2016-04-24,19,TEN,15766.0,15767.0
2016-04-24,20,TEN,16334.0,16471.0
2016-04-24,21,TEN,17091.0,17037.0
2016-04-24,22,TEN,17664.0,17755.0
2016-04-24,23,TEN,17922.0,17797.0
2016-04-25,0,TEN,17539.0,17409.0
2016-04-25,1,TEN,17385.0,17189.0
2016-04-25,2,TEN,17476.0,17264.0
2016-04-25,3,TEN,16467.0,16371.0
2016-04-25,4,TEN,14919.0,14642.0
2016-04-25,5,TEN,13635.0,13437.0
2016-04-25,6,TEN,12855.0,13002.0
2016-04-25,7,TEN,12338.0,12517.0
2016-04-25,8,TEN,12131.0,12254.0
2016-04-25,9,TEN,12194.0,12303.0
2016-04-25,10,TEN,12686.0,12724.0
2016-04-25,11,TEN,13922.0,14049.0
2016-04-25,12,TEN,15110.0,14954.0
2016-04-25,13,TEN,15576.0,15610.0
2016-04-25,14,TEN,16002.0,16156.0
2016-04-25,15,TEN,16620.0,16492.0
2016-04-25,16,TEN,17412.0,17261.0
2016-04-25,17,TEN,18051.0,17776.0
2016-04-25,18,TEN,18537.0,18181.0
2016-04-25,19,TEN,18907.0,18398.0
2016-04-25,20,TEN,19227.0,18686.0
2016-04-25,21,TEN,19651.0,19067.0
2016-04-25,22,TEN,19826.0,19236.0
2016-04-25,23,TEN,19773.0,19164.0
2016-04-26,0,TEN,19391.0,18779.0
2016-04-26,1,TEN,19433.0,18775.0
2016-04-26,2,TEN,19360.0,18754.0
2016-04-26,3,TEN,18062.0,17612.0
2016-04-26,4,TEN,16246.0,16002.0
2016-04-26,5,TEN,14826.0,14681.0
2016-04-26,6,TEN,13971.0,13655.0
2016-04-26,7,TEN,13221.0,13031.0
2016-04-26,8,TEN,12875.0,12681.0
2016-04-26,9,TEN,12875.0,12758.0
2016-04-26,10,TEN,13141.0,12964.0
2016-04-26,11,TEN,14315.0,14028.0
2016-04-26,12,TEN,15445.0,14968.0
2016-04-26,13,TEN,15917.0,15121.0
2016-04-26,14,TEN,16529.0,15608.0
2016-04-26,15,TEN,17028.0,16122.0
2016-04-26,16,TEN,17585.0,16718.0
2016-04-26,17,TEN,18512.0,17353.0
2016-04-26,18,TEN,19292.0,18189.0
2016-04-26,19,TEN,19712.0,18491.0
2016-04-26,20,TEN,20311.0,19110.0
2016-04-26,21,TEN,20824.0,19408.0
2016-04-26,22,TEN,21110.0,19517.0
2016-04-26,23,TEN,20960.0,19512.0
2016-04-27,0,TEN,20596.0,19357.0
2016-04-27,1,TEN,20432.0,19275.0
2016-04-27,2,TEN,20274.0,19059.0
2016-04-27,3,TEN,18794.0,17818.0
2016-04-27,4,TEN,16890.0,16236.0
2016-04-27,5,TEN,15251.0,15098.0
2016-04-27,6,TEN,14329.0,14040.0
2016-04-27,7,TEN,13759.0,13432.0
2016-04-27,8,TEN,13414.0,13117.0
2016-04-27,9,TEN,13296.0,13033.0
2016-04-27,10,TEN,13629.0,13377.0
2016-04-27,11,TEN,14736.0,14463.0
2016-04-27,12,TEN,15812.0,15302.0
2016-04-27,13,TEN,16478.0,15776.0
2016-04-27,14,TEN,17073.0,16359.0
2016-04-27,15,TEN,17668.0,16839.0
2016-04-27,16,TEN,18276.0,17378.0
2016-04-27,17,TEN,19145.0,18494.0
2016-04-27,18,TEN,19724.0,19101.0
2016-04-27,19,TEN,20003.0,19275.0
2016-04-27,20,TEN,20148.0,19489.0
2016-04-27,21,TEN,20075.0,19177.0
2016-04-27,22,TEN,19959.0,19146.0
2016-04-27,23,TEN,19728.0,19236.0
2016-04-28,0,TEN,19254.0,18656.0
2016-04-28,1,TEN,19269.0,18695.0
2016-04-28,2,TEN,19193.0,18548.0
2016-04-28,3,TEN,18080.0,17479.0
2016-04-28,4,TEN,16421.0,16160.0
2016-04-28,5,TEN,14839.0,14699.0
2016-04-28,6,TEN,14156.0,14163.0
2016-04-28,7,TEN,13486.0,13587.0
2016-04-28,8,TEN,13141.0,13081.0
2016-04-28,9,TEN,13030.0,12863.0
2016-04-28,10,TEN,13452.0,13181.0
2016-04-28,11,TEN,14618.0,14438.0
2016-04-28,12,TEN,15659.0,15602.0
2016-04-28,13,TEN,16054.0,15965.0
2016-04-28,14,TEN,16461.0,16475.0
2016-04-28,15,TEN,17159.0,17138.0
2016-04-28,16,TEN,17986.0,18330.0
2016-04-28,17,TEN,18800.0,18869.0
2016-04-28,18,TEN,19553.0,19623.0
2016-04-28,19,TEN,20187.0,20492.0
2016-04-28,20,TEN,20650.0,20853.0
2016-04-28,21,TEN,21033.0,21227.0
2016-04-28,22,TEN,21327.0,21503.0
2016-04-28,23,TEN,21108.0,21220.0
2016-04-29,0,TEN,20479.0,20874.0
2016-04-29,1,TEN,19955.0,20476.0
2016-04-29,2,TEN,19785.0,20115.0
2016-04-29,3,TEN,18329.0,18603.0
2016-04-29,4,TEN,16561.0,16916.0
2016-04-29,5,TEN,14951.0,15217.0
2016-04-29,6,TEN,13875.0,14167.0
2016-04-29,7,TEN,13171.0,13499.0
2016-04-29,8,TEN,12790.0,13075.0
2016-04-29,9,TEN,12720.0,13027.0
2016-04-29,10,TEN,13009.0,13313.0
2016-04-29,11,TEN,14056.0,14437.0
2016-04-29,12,TEN,15032.0,15506.0
2016-04-29,13,TEN,15464.0,15926.0
2016-04-29,14,TEN,15938.0,16378.0
2016-04-29,15,TEN,16628.0,16998.0
2016-04-29,16,TEN,17113.0,17572.0
2016-04-29,17,TEN,17553.0,17989.0
2016-04-29,18,TEN,17991.0,18489.0
2016-04-29,19,TEN,18017.0,18510.0
2016-04-29,20,TEN,18036.0,18272.0
2016-04-29,21,TEN,18009.0,18464.0
2016-04-29,22,TEN,17602.0,18071.0
2016-04-29,23,TEN,17295.0,17743.0
2016-04-30,0,TEN,16782.0,17448.0
2016-04-30,1,TEN,16978.0,17536.0
2016-04-30,2,TEN,17097.0,17657.0
2016-04-30,3,TEN,16193.0,16499.0
2016-04-30,4,TEN,14973.0,15033.0
2016-04-30,5,TEN,13894.0,13859.0
2016-04-30,6,TEN,13121.0,13171.0
2016-04-30,7,TEN,12515.0,12630.0
2016-04-30,8,TEN,12132.0,12255.0
2016-04-30,9,TEN,12028.0,12216.0
2016-04-30,10,TEN,12175.0,12502.0
2016-04-30,11,TEN,12515.0,12942.0
2016-04-30,12,TEN,12851.0,13341.0
2016-04-30,13,TEN,13515.0,13989.0
2016-04-30,14,TEN,14324.0,14723.0
2016-04-30,15,TEN,14890.0,15352.0
2016-04-30,16,TEN,15387.0,16103.0
2016-04-30,17,TEN,15602.0,16337.0
2016-04-30,18,TEN,15809.0,16575.0
2016-04-30,19,TEN,16033.0,16774.0
2016-04-30,20,TEN,16175.0,16793.0
2016-04-30,21,TEN,16348.0,17042.0
2016-04-30,22,TEN,16451.0,17053.0
2016-04-30,23,TEN,16482.0,17187.0
2016-05-01,0,TEN,16288.0,16969.0
2016-05-01,1,TEN,16295.0,17015.0
2016-05-01,2,TEN,16416.0,16993.0
2016-05-01,3,TEN,15745.0,16350.0
2016-05-01,4,TEN,14705.0,14868.0
2016-05-01,5,TEN,13675.0,13744.0
2016-05-01,6,TEN,12892.0,12884.0
2016-05-01,7,TEN,12395.0,12442.0
2016-05-01,8,TEN,11984.0,12068.0
2016-05-01,9,TEN,11797.0,11946.0
2016-05-01,10,TEN,11792.0,12133.0
2016-05-01,11,TEN,12007.0,12351.0
2016-05-01,12,TEN,12256.0,12632.0
2016-05-01,13,TEN,13244.0,13621.0
2016-05-01,14,TEN,14250.0,14661.0
2016-05-01,15,TEN,14936.0,15417.0
2016-05-01,16,TEN,15565.0,15946.0
2016-05-01,17,TEN,16439.0,16814.0
2016-05-01,18,TEN,17237.0,17685.0
2016-05-01,19,TEN,17937.0,18342.0
2016-05-01,20,TEN,18221.0,18502.0
2016-05-01,21,TEN,18233.0,18506.0
2016-05-01,22,TEN,18410.0,18880.0
2016-05-01,23,TEN,18444.0,18841.0
2016-05-02,0,TEN,18230.0,18657.0
2016-05-02,1,TEN,18081.0,18516.0
2016-05-02,2,TEN,18206.0,18470.0
2016-05-02,3,TEN,17239.0,17474.0
2016-05-02,4,TEN,15821.0,16088.0
2016-05-02,5,TEN,14385.0,14756.0
2016-05-02,6,TEN,13492.0,13953.0
2016-05-02,7,TEN,12988.0,13437.0
2016-05-02,8,TEN,12648.0,13096.0
2016-05-02,9,TEN,12621.0,13155.0
2016-05-02,10,TEN,12950.0,13427.0
2016-05-02,11,TEN,14237.0,14804.0
2016-05-02,12,TEN,15384.0,15928.0
2016-05-02,13,TEN,15877.0,16447.0
2016-05-02,14,TEN,16273.0,16835.0
2016-05-02,15,TEN,16750.0,17325.0
2016-05-02,16,TEN,17298.0,17889.0
2016-05-02,17,TEN,17268.0,17912.0
2016-05-02,18,TEN,17398.0,17984.0
2016-05-02,19,TEN,17369.0,18001.0
2016-05-02,20,TEN,17172.0,17781.0
2016-05-02,21,TEN,17058.0,17709.0
2016-05-02,22,TEN,16917.0,17594.0
2016-05-02,23,TEN,16910.0,17533.0
2016-05-03,0,TEN,16868.0,17506.0
2016-05-03,1,TEN,17132.0,17782.0
2016-05-03,2,TEN,17332.0,17821.0
2016-05-03,3,TEN,16456.0,16901.0
2016-05-03,4,TEN,15103.0,15473.0
2016-05-03,5,TEN,14010.0,14434.0
2016-05-03,6,TEN,13363.0,13907.0
2016-05-03,7,TEN,12892.0,13636.0
2016-05-03,8,TEN,12571.0,13272.0
2016-05-03,9,TEN,12629.0,13341.0
2016-05-03,10,TEN,13028.0,13747.0
2016-05-03,11,TEN,14160.0,14736.0
2016-05-03,12,TEN,15275.0,15893.0
2016-05-03,13,TEN,15672.0,16260.0
2016-05-03,14,TEN,15739.0,16277.0
2016-05-03,15,TEN,15932.0,16473.0
2016-05-03,16,TEN,16221.0,16755.0
2016-05-03,17,TEN,16412.0,16997.0
2016-05-03,18,TEN,16449.0,17078.0
2016-05-03,19,TEN,16470.0,17064.0
2016-05-03,20,TEN,16543.0,17095.0
2016-05-03,21,TEN,16467.0,17075.0
2016-05-03,22,TEN,16585.0,17140.0
2016-05-03,23,TEN,16432.0,17027.0
2016-05-04,0,TEN,16264.0,16841.0
2016-05-04,1,TEN,16588.0,17110.0
2016-05-04,2,TEN,16971.0,17516.0
2016-05-04,3,TEN,16132.0,16629.0
2016-05-04,4,TEN,14744.0,15163.0
2016-05-04,5,TEN,13680.0,13967.0
2016-05-04,6,TEN,12975.0,13176.0
2016-05-04,7,TEN,12658.0,12907.0
2016-05-04,8,TEN,12467.0,12749.0
2016-05-04,9,TEN,12497.0,12695.0
2016-05-04,10,TEN,12913.0,13198.0
2016-05-04,11,TEN,14025.0,14486.0
2016-05-04,12,TEN,15065.0,15848.0
2016-05-04,13,TEN,15474.0,16341.0
2016-05-04,14,TEN,15523.0,16322.0
2016-05-04,15,TEN,15596.0,16323.0
2016-05-04,16,TEN,15731.0,16486.0
2016-05-04,17,TEN,15767.0,16552.0
2016-05-04,18,TEN,15813.0,16526.0
2016-05-04,19,TEN,15857.0,16558.0
2016-05-04,20,TEN,15868.0,16740.0
2016-05-04,21,TEN,16111.0,17014.0
2016-05-04,22,TEN,16235.0,17153.0
2016-05-04,23,TEN,16159.0,17057.0
2016-05-05,0,TEN,15959.0,16529.0
2016-05-05,1,TEN,16349.0,16613.0
2016-05-05,2,TEN,16764.0,16940.0
2016-05-05,3,TEN,16012.0,16162.0
2016-05-05,4,TEN,14779.0,14844.0
2016-05-05,5,TEN,13694.0,13677.0
2016-05-05,6,TEN,13040.0,13440.0
2016-05-05,7,TEN,12741.0,13090.0
2016-05-05,8,TEN,12621.0,12954.0
2016-05-05,9,TEN,12582.0,12843.0
2016-05-05,10,TEN,13134.0,13529.0
2016-05-05,11,TEN,14382.0,14837.0
2016-05-05,12,TEN,15644.0,16373.0
2016-05-05,13,TEN,16001.0,16677.0
2016-05-05,14,TEN,15874.0,16366.0
2016-05-05,15,TEN,16059.0,16798.0
2016-05-05,16,TEN,15879.0,16709.0
2016-05-05,17,TEN,15954.0,16732.0
2016-05-05,18,TEN,16022.0,16845.0
2016-05-05,19,TEN,15520.0,16368.0
2016-05-05,20,TEN,15453.0,16333.0
2016-05-05,21,TEN,15439.0,16335.0
2016-05-05,22,TEN,15536.0,16450.0
2016-05-05,23,TEN,15518.0,16364.0
2016-05-06,0,TEN,15738.0,16502.0
2016-05-06,1,TEN,16334.0,17155.0
2016-05-06,2,TEN,16905.0,17611.0
2016-05-06,3,TEN,16282.0,16857.0
2016-05-06,4,TEN,15043.0,15053.0
2016-05-06,5,TEN,14154.0,14258.0
2016-05-06,6,TEN,13570.0,13841.0
2016-05-06,7,TEN,13126.0,13281.0
2016-05-06,8,TEN,13005.0,13212.0
2016-05-06,9,TEN,13195.0,13471.0
2016-05-06,10,TEN,13603.0,13873.0
2016-05-06,11,TEN,15202.0,15412.0
2016-05-06,12,TEN,16113.0,16430.0
2016-05-06,13,TEN,16320.0,16542.0
2016-05-06,14,TEN,16196.0,16473.0
2016-05-06,15,TEN,16156.0,16472.0
2016-05-06,16,TEN,15992.0,16300.0
2016-05-06,17,TEN,16105.0,16377.0
2016-05-06,18,TEN,15843.0,16128.0
2016-05-06,19,TEN,15633.0,15863.0
2016-05-06,20,TEN,15748.0,16051.0
2016-05-06,21,TEN,15707.0,15986.0
2016-05-06,22,TEN,15767.0,16104.0
2016-05-06,23,TEN,15678.0,15939.0
2016-05-07,0,TEN,15483.0,15769.0
2016-05-07,1,TEN,15658.0,15861.0
2016-05-07,2,TEN,16114.0,16357.0
2016-05-07,3,TEN,15622.0,15903.0
2016-05-07,4,TEN,14639.0,15063.0
2016-05-07,5,TEN,13638.0,14006.0
2016-05-07,6,TEN,12736.0,12921.0
2016-05-07,7,TEN,12490.0,12646.0
2016-05-07,8,TEN,12226.0,12420.0
2016-05-07,9,TEN,12255.0,12454.0
2016-05-07,10,TEN,12463.0,12706.0
2016-05-07,11,TEN,12738.0,12949.0
2016-05-07,12,TEN,13222.0,13556.0
2016-05-07,13,TEN,13675.0,14093.0
2016-05-07,14,TEN,14355.0,14767.0
2016-05-07,15,TEN,14619.0,15018.0
2016-05-07,16,TEN,14868.0,15248.0
2016-05-07,17,TEN,15003.0,15429.0
2016-05-07,18,TEN,15223.0,15422.0
2016-05-07,19,TEN,15736.0,15564.0
2016-05-07,20,TEN,16103.0,15948.0
2016-05-07,21,TEN,16795.0,16610.0
2016-05-07,22,TEN,17293.0,17010.0
2016-05-07,23,TEN,17511.0,17143.0
2016-05-08,0,TEN,17344.0,17098.0
2016-05-08,1,TEN,16944.0,16820.0
2016-05-08,2,TEN,17015.0,16952.0
2016-05-08,3,TEN,16205.0,16408.0
2016-05-08,4,TEN,15097.0,15261.0
2016-05-08,5,TEN,13777.0,14078.0
2016-05-08,6,TEN,12992.0,13157.0
2016-05-08,7,TEN,12304.0,12448.0
2016-05-08,8,TEN,11865.0,12113.0
2016-05-08,9,TEN,11680.0,11896.0
2016-05-08,10,TEN,11667.0,11855.0
2016-05-08,11,TEN,11769.0,12019.0
2016-05-08,12,TEN,11938.0,12329.0
2016-05-08,13,TEN,13013.0,13406.0
2016-05-08,14,TEN,14131.0,14146.0
2016-05-08,15,TEN,15009.0,15017.0
2016-05-08,16,TEN,15505.0,15397.0
2016-05-08,17,TEN,16035.0,15667.0
2016-05-08,18,TEN,16775.0,16184.0
2016-05-08,19,TEN,17437.0,16482.0
2016-05-08,20,TEN,17989.0,16729.0
2016-05-08,21,TEN,18604.0,17184.0
2016-05-08,22,TEN,18918.0,17366.0
2016-05-08,23,TEN,18859.0,17151.0
2016-05-09,0,TEN,18297.0,16288.0
2016-05-09,1,TEN,18027.0,15997.0
2016-05-09,2,TEN,18142.0,16394.0
2016-05-09,3,TEN,17152.0,16150.0
2016-05-09,4,TEN,15634.0,15303.0
2016-05-09,5,TEN,14307.0,14274.0
2016-05-09,6,TEN,13504.0,13653.0
2016-05-09,7,TEN,12888.0,13049.0
2016-05-09,8,TEN,12628.0,12772.0
2016-05-09,9,TEN,12482.0,12588.0
2016-05-09,10,TEN,13022.0,13344.0
2016-05-09,11,TEN,14250.0,14540.0
2016-05-09,12,TEN,15437.0,15728.0
2016-05-09,13,TEN,16049.0,16331.0
2016-05-09,14,TEN,16356.0,16367.0
2016-05-09,15,TEN,16712.0,16439.0
2016-05-09,16,TEN,17272.0,16703.0
2016-05-09,17,TEN,17549.0,17009.0
2016-05-09,18,TEN,17940.0,17419.0
2016-05-09,19,TEN,17945.0,17324.0
2016-05-09,20,TEN,18253.0,17667.0
2016-05-09,21,TEN,18036.0,17526.0
2016-05-09,22,TEN,18040.0,17508.0
2016-05-09,23,TEN,17811.0,17403.0
2016-05-10,0,TEN,17769.0,17582.0
2016-05-10,1,TEN,18148.0,17972.0
2016-05-10,2,TEN,18367.0,18190.0
2016-05-10,3,TEN,17325.0,17103.0
2016-05-10,4,TEN,16002.0,16177.0
2016-05-10,5,TEN,14590.0,14863.0
2016-05-10,6,TEN,13692.0,13962.0
2016-05-10,7,TEN,13366.0,13480.0
2016-05-10,8,TEN,13155.0,13267.0
2016-05-10,9,TEN,13096.0,13184.0
2016-05-10,10,TEN,13502.0,13663.0
2016-05-10,11,TEN,14435.0,14660.0
2016-05-10,12,TEN,15725.0,16015.0
2016-05-10,13,TEN,16265.0,16589.0
2016-05-10,14,TEN,16793.0,17022.0
2016-05-10,15,TEN,17418.0,17744.0
2016-05-10,16,TEN,17826.0,17668.0
2016-05-10,17,TEN,18288.0,17986.0
2016-05-10,18,TEN,18597.0,18313.0
2016-05-10,19,TEN,19040.0,18690.0
2016-05-10,20,TEN,19654.0,19266.0
2016-05-10,21,TEN,20299.0,19595.0
2016-05-10,22,TEN,20887.0,19949.0
2016-05-10,23,TEN,21010.0,20084.0
2016-05-11,0,TEN,20700.0,20033.0
2016-05-11,1,TEN,20495.0,19881.0
2016-05-11,2,TEN,20507.0,19804.0
2016-05-11,3,TEN,19457.0,18650.0
2016-05-11,4,TEN,17862.0,17626.0
2016-05-11,5,TEN,16194.0,16054.0
2016-05-11,6,TEN,15145.0,14839.0
2016-05-11,7,TEN,14460.0,14261.0
2016-05-11,8,TEN,14181.0,14272.0
2016-05-11,9,TEN,13955.0,14114.0
2016-05-11,10,TEN,14332.0,14598.0
2016-05-11,11,TEN,15341.0,15707.0
2016-05-11,12,TEN,16338.0,16324.0
2016-05-11,13,TEN,16857.0,16867.0
2016-05-11,14,TEN,17444.0,17284.0
2016-05-11,15,TEN,18142.0,17780.0
2016-05-11,16,TEN,18986.0,18203.0
2016-05-11,17,TEN,19729.0,18439.0
2016-05-11,18,TEN,20603.0,19278.0
2016-05-11,19,TEN,21183.0,19744.0
2016-05-11,20,TEN,22022.0,20417.0
2016-05-11,21,TEN,22605.0,20813.0
2016-05-11,22,TEN,23017.0,21072.0
2016-05-11,23,TEN,23028.0,21196.0
2016-05-12,0,TEN,22428.0,21270.0
2016-05-12,1,TEN,21885.0,20811.0
2016-05-12,2,TEN,21570.0,20466.0
2016-05-12,3,TEN,20476.0,19408.0
2016-05-12,4,TEN,18460.0,17988.0
2016-05-12,5,TEN,16776.0,16989.0
2016-05-12,6,TEN,15556.0,15879.0
2016-05-12,7,TEN,14752.0,14935.0
2016-05-12,8,TEN,14263.0,14543.0
2016-05-12,9,TEN,14041.0,14379.0
2016-05-12,10,TEN,14266.0,14679.0
2016-05-12,11,TEN,15282.0,15708.0
2016-05-12,12,TEN,16493.0,16814.0
2016-05-12,13,TEN,17217.0,17514.0
2016-05-12,14,TEN,17886.0,18221.0
2016-05-12,15,TEN,18702.0,18996.0
2016-05-12,16,TEN,19641.0,19930.0
2016-05-12,17,TEN,20422.0,20742.0
2016-05-12,18,TEN,20876.0,20941.0
2016-05-12,19,TEN,20710.0,20829.0
2016-05-12,20,TEN,20313.0,20433.0
2016-05-12,21,TEN,20110.0,20108.0
2016-05-12,22,TEN,20024.0,20170.0
2016-05-12,23,TEN,19801.0,20078.0
2016-05-13,0,TEN,19332.0,19678.0
2016-05-13,1,TEN,19249.0,19582.0
2016-05-13,2,TEN,19311.0,19687.0
2016-05-13,3,TEN,18325.0,18739.0
2016-05-13,4,TEN,16729.0,17053.0
2016-05-13,5,TEN,15232.0,15580.0
2016-05-13,6,TEN,14193.0,14628.0
2016-05-13,7,TEN,13612.0,13988.0
2016-05-13,8,TEN,13244.0,13606.0
2016-05-13,9,TEN,13032.0,13407.0
2016-05-13,10,TEN,13310.0,13648.0
2016-05-13,11,TEN,14174.0,14596.0
2016-05-13,12,TEN,15317.0,15870.0
2016-05-13,13,TEN,15896.0,16460.0
2016-05-13,14,TEN,16315.0,16762.0
2016-05-13,15,TEN,16786.0,17388.0
2016-05-13,16,TEN,17206.0,17759.0
2016-05-13,17,TEN,17464.0,17953.0
2016-05-13,18,TEN,17781.0,18181.0
2016-05-13,19,TEN,17964.0,18464.0
2016-05-13,20,TEN,18422.0,18899.0
2016-05-13,21,TEN,18784.0,19296.0
2016-05-13,22,TEN,19046.0,19461.0
2016-05-13,23,TEN,18888.0,19452.0
2016-05-14,0,TEN,18223.0,18744.0
2016-05-14,1,TEN,17556.0,18102.0
2016-05-14,2,TEN,17544.0,18113.0
2016-05-14,3,TEN,16588.0,17099.0
2016-05-14,4,TEN,15261.0,15627.0
2016-05-14,5,TEN,13977.0,14226.0
2016-05-14,6,TEN,12979.0,13292.0
2016-05-14,7,TEN,12445.0,12689.0
2016-05-14,8,TEN,12187.0,12459.0
2016-05-14,9,TEN,12019.0,12275.0
2016-05-14,10,TEN,12137.0,12440.0
2016-05-14,11,TEN,12372.0,12691.0
2016-05-14,12,TEN,12705.0,13063.0
2016-05-14,13,TEN,13468.0,13928.0
2016-05-14,14,TEN,14169.0,14667.0
2016-05-14,15,TEN,14625.0,15204.0
2016-05-14,16,TEN,14921.0,15390.0
2016-05-14,17,TEN,14971.0,15496.0
2016-05-14,18,TEN,15021.0,15581.0
2016-05-14,19,TEN,15107.0,15655.0
2016-05-14,20,TEN,15119.0,15711.0
2016-05-14,21,TEN,15136.0,15722.0
2016-05-14,22,TEN,15279.0,15949.0
2016-05-14,23,TEN,15267.0,16001.0
2016-05-15,0,TEN,15007.0,15712.0
2016-05-15,1,TEN,14636.0,15449.0
2016-05-15,2,TEN,15172.0,15821.0
2016-05-15,3,TEN,14786.0,15216.0
2016-05-15,4,TEN,13879.0,14277.0
2016-05-15,5,TEN,12968.0,13219.0
2016-05-15,6,TEN,12365.0,12582.0
2016-05-15,7,TEN,11983.0,12207.0
2016-05-15,8,TEN,11801.0,12000.0
2016-05-15,9,TEN,11892.0,12069.0
2016-05-15,10,TEN,11952.0,12128.0
2016-05-15,11,TEN,12271.0,12461.0
2016-05-15,12,TEN,12687.0,12810.0
2016-05-15,13,TEN,13406.0,13817.0
2016-05-15,14,TEN,13988.0,14498.0
2016-05-15,15,TEN,14141.0,14657.0
2016-05-15,16,TEN,13948.0,14554.0
2016-05-15,17,TEN,13855.0,14420.0
2016-05-15,18,TEN,13939.0,14522.0
2016-05-15,19,TEN,14037.0,14531.0
2016-05-15,20,TEN,14112.0,14600.0
2016-05-15,21,TEN,14354.0,14783.0
2016-05-15,22,TEN,14683.0,15204.0
2016-05-15,23,TEN,14911.0,15453.0
2016-05-16,0,TEN,15039.0,15527.0
2016-05-16,1,TEN,15205.0,15750.0
2016-05-16,2,TEN,15732.0,16288.0
2016-05-16,3,TEN,15199.0,15697.0
2016-05-16,4,TEN,14041.0,14311.0
2016-05-16,5,TEN,12997.0,13235.0
2016-05-16,6,TEN,12547.0,12745.0
2016-05-16,7,TEN,12289.0,12509.0
2016-05-16,8,TEN,12310.0,12537.0
2016-05-16,9,TEN,12473.0,12684.0
2016-05-16,10,TEN,13044.0,13223.0
2016-05-16,11,TEN,14360.0,14704.0
2016-05-16,12,TEN,15522.0,16023.0
2016-05-16,13,TEN,15837.0,16408.0
2016-05-16,14,TEN,15989.0,16575.0
2016-05-16,15,TEN,16119.0,16732.0
2016-05-16,16,TEN,16195.0,16765.0
2016-05-16,17,TEN,16122.0,16624.0
2016-05-16,18,TEN,16071.0,16672.0
2016-05-16,19,TEN,15933.0,16611.0
2016-05-16,20,TEN,15874.0,16596.0
2016-05-16,21,TEN,16052.0,16776.0
2016-05-16,22,TEN,16190.0,16898.0
2016-05-16,23,TEN,16233.0,16948.0
2016-05-17,0,TEN,16276.0,17059.0
2016-05-17,1,TEN,16645.0,17422.0
2016-05-17,2,TEN,17042.0,17792.0
2016-05-17,3,TEN,16064.0,16601.0
2016-05-17,4,TEN,14908.0,15372.0
2016-05-17,5,TEN,13782.0,13946.0
2016-05-17,6,TEN,13115.0,13302.0
2016-05-17,7,TEN,12637.0,12761.0
2016-05-17,8,TEN,12447.0,12637.0
2016-05-17,9,TEN,12538.0,12731.0
2016-05-17,10,TEN,13031.0,13336.0
2016-05-17,11,TEN,14192.0,14724.0
2016-05-17,12,TEN,15171.0,15696.0
2016-05-17,13,TEN,15657.0,16073.0
2016-05-17,14,TEN,15878.0,16279.0
2016-05-17,15,TEN,16190.0,16617.0
2016-05-17,16,TEN,16360.0,16668.0
2016-05-17,17,TEN,16628.0,17002.0
2016-05-17,18,TEN,16924.0,17283.0
2016-05-17,19,TEN,17261.0,17645.0
2016-05-17,20,TEN,17619.0,18144.0
2016-05-17,21,TEN,18035.0,18473.0
2016-05-17,22,TEN,18359.0,18788.0
2016-05-17,23,TEN,18476.0,18955.0
2016-05-18,0,TEN,18214.0,18877.0
2016-05-18,1,TEN,18369.0,18918.0
2016-05-18,2,TEN,18530.0,18851.0
2016-05-18,3,TEN,17718.0,18178.0
2016-05-18,4,TEN,16009.0,16245.0
2016-05-18,5,TEN,14656.0,14886.0
2016-05-18,6,TEN,13839.0,14134.0
2016-05-18,7,TEN,13133.0,13415.0
2016-05-18,8,TEN,12845.0,13288.0
2016-05-18,9,TEN,12764.0,13259.0
2016-05-18,10,TEN,13089.0,13446.0
2016-05-18,11,TEN,14015.0,14412.0
2016-05-18,12,TEN,15170.0,15643.0
2016-05-18,13,TEN,15647.0,16138.0
2016-05-18,14,TEN,15868.0,16431.0
2016-05-18,15,TEN,16257.0,16818.0
2016-05-18,16,TEN,16532.0,17082.0
2016-05-18,17,TEN,16581.0,17171.0
2016-05-18,18,TEN,16660.0,17254.0
2016-05-18,19,TEN,16626.0,17319.0
2016-05-18,20,TEN,16679.0,17326.0
2016-05-18,21,TEN,16794.0,17509.0
2016-05-18,22,TEN,16920.0,17746.0
2016-05-18,23,TEN,16903.0,17860.0
2016-05-19,0,TEN,16507.0,17603.0
2016-05-19,1,TEN,16597.0,17791.0
2016-05-19,2,TEN,16965.0,17969.0
2016-05-19,3,TEN,16417.0,17105.0
2016-05-19,4,TEN,15063.0,15512.0
2016-05-19,5,TEN,13984.0,14292.0
2016-05-19,6,TEN,13123.0,13389.0
2016-05-19,7,TEN,12664.0,12981.0
2016-05-19,8,TEN,12397.0,12745.0
2016-05-19,9,TEN,12559.0,12866.0
2016-05-19,10,TEN,13151.0,13517.0
2016-05-19,11,TEN,14141.0,14784.0
2016-05-19,12,TEN,15231.0,15779.0
2016-05-19,13,TEN,15670.0,16176.0
2016-05-19,14,TEN,15813.0,16215.0
2016-05-19,15,TEN,16138.0,16665.0
2016-05-19,16,TEN,16320.0,16779.0
2016-05-19,17,TEN,16650.0,17346.0
2016-05-19,18,TEN,16848.0,17693.0
2016-05-19,19,TEN,17106.0,17652.0
2016-05-19,20,TEN,17409.0,17936.0
2016-05-19,21,TEN,17865.0,18462.0
2016-05-19,22,TEN,18153.0,18812.0
2016-05-19,23,TEN,18183.0,18879.0
2016-05-20,0,TEN,17868.0,18685.0
2016-05-20,1,TEN,17757.0,18600.0
2016-05-20,2,TEN,18116.0,18818.0
2016-05-20,3,TEN,17281.0,17777.0
2016-05-20,4,TEN,15867.0,16271.0
2016-05-20,5,TEN,14468.0,14734.0
2016-05-20,6,TEN,13575.0,13848.0
2016-05-20,7,TEN,13119.0,13419.0
2016-05-20,8,TEN,12793.0,13078.0
2016-05-20,9,TEN,12692.0,12972.0
2016-05-20,10,TEN,13158.0,13407.0
2016-05-20,11,TEN,14199.0,14634.0
2016-05-20,12,TEN,15275.0,15682.0
2016-05-20,13,TEN,15733.0,16304.0
2016-05-20,14,TEN,16226.0,16770.0
2016-05-20,15,TEN,16638.0,17190.0
2016-05-20,16,TEN,16796.0,17337.0
2016-05-20,17,TEN,16977.0,17561.0
2016-05-20,18,TEN,16815.0,17481.0
2016-05-20,19,TEN,16679.0,17266.0
2016-05-20,20,TEN,16583.0,17319.0
2016-05-20,21,TEN,16549.0,17422.0
2016-05-20,22,TEN,16710.0,17299.0
2016-05-20,23,TEN,16597.0,17126.0
2016-05-21,0,TEN,16226.0,16835.0
2016-05-21,1,TEN,16220.0,16845.0
2016-05-21,2,TEN,16502.0,17144.0
2016-05-21,3,TEN,16149.0,16608.0
2016-05-21,4,TEN,15159.0,15503.0
2016-05-21,5,TEN,14181.0,14500.0
2016-05-21,6,TEN,13371.0,13517.0
2016-05-21,7,TEN,12889.0,13127.0
2016-05-21,8,TEN,12672.0,12881.0
2016-05-21,9,TEN,12456.0,12699.0
2016-05-21,10,TEN,12550.0,12815.0
2016-05-21,11,TEN,12700.0,13081.0
2016-05-21,12,TEN,13061.0,13440.0
2016-05-21,13,TEN,13908.0,14408.0
2016-05-21,14,TEN,14824.0,15275.0
2016-05-21,15,TEN,15657.0,16130.0
2016-05-21,16,TEN,16211.0,16664.0
2016-05-21,17,TEN,16427.0,16998.0
2016-05-21,18,TEN,16631.0,17179.0
2016-05-21,19,TEN,16832.0,17401.0
2016-05-21,20,TEN,16906.0,17521.0
2016-05-21,21,TEN,16962.0,17651.0
2016-05-21,22,TEN,17115.0,17827.0
2016-05-21,23,TEN,16813.0,17538.0
2016-05-22,0,TEN,16457.0,17109.0
2016-05-22,1,TEN,16180.0,16820.0
2016-05-22,2,TEN,16301.0,16778.0
2016-05-22,3,TEN,15648.0,16096.0
2016-05-22,4,TEN,14816.0,15129.0
2016-05-22,5,TEN,13714.0,14085.0
2016-05-22,6,TEN,12539.0,12878.0
2016-05-22,7,TEN,12110.0,12426.0
2016-05-22,8,TEN,11775.0,12200.0
2016-05-22,9,TEN,11668.0,11935.0
2016-05-22,10,TEN,11706.0,11971.0
2016-05-22,11,TEN,11771.0,12224.0
2016-05-22,12,TEN,12018.0,12490.0
2016-05-22,13,TEN,12987.0,13456.0
2016-05-22,14,TEN,13844.0,14344.0
2016-05-22,15,TEN,14434.0,15025.0
2016-05-22,16,TEN,14769.0,15401.0
2016-05-22,17,TEN,15115.0,15786.0
2016-05-22,18,TEN,15558.0,16182.0
2016-05-22,19,TEN,16110.0,16749.0
2016-05-22,20,TEN,16693.0,17311.0
2016-05-22,21,TEN,17236.0,17982.0
2016-05-22,22,TEN,17734.0,18335.0
2016-05-22,23,TEN,17870.0,18568.0
2016-05-23,0,TEN,17755.0,18367.0
2016-05-23,1,TEN,17120.0,17782.0
2016-05-23,2,TEN,17184.0,17824.0
2016-05-23,3,TEN,16281.0,16858.0
2016-05-23,4,TEN,14817.0,15061.0
2016-05-23,5,TEN,13589.0,13837.0
2016-05-23,6,TEN,12785.0,12966.0
2016-05-23,7,TEN,12436.0,12625.0
2016-05-23,8,TEN,12186.0,12331.0
2016-05-23,9,TEN,12207.0,12367.0
2016-05-23,10,TEN,12761.0,13019.0
2016-05-23,11,TEN,13669.0,14168.0
2016-05-23,12,TEN,14527.0,15087.0
2016-05-23,13,TEN,15377.0,16135.0
2016-05-23,14,TEN,15947.0,16528.0
2016-05-23,15,TEN,16570.0,17130.0
2016-05-23,16,TEN,17344.0,17967.0
2016-05-23,17,TEN,18045.0,18640.0
2016-05-23,18,TEN,18646.0,19215.0
2016-05-23,19,TEN,19191.0,19758.0
2016-05-23,20,TEN,19813.0,20381.0
2016-05-23,21,TEN,20358.0,20886.0
2016-05-23,22,TEN,20727.0,21120.0
2016-05-23,23,TEN,20780.0,21090.0
2016-05-24,0,TEN,20114.0,20740.0
2016-05-24,1,TEN,19517.0,20214.0
2016-05-24,2,TEN,19421.0,20057.0
2016-05-24,3,TEN,18295.0,18918.0
2016-05-24,4,TEN,16585.0,16719.0
2016-05-24,5,TEN,14884.0,14969.0
2016-05-24,6,TEN,13981.0,14196.0
2016-05-24,7,TEN,13348.0,13713.0
2016-05-24,8,TEN,13050.0,13572.0
2016-05-24,9,TEN,12988.0,13582.0
2016-05-24,10,TEN,13054.0,13477.0
2016-05-24,11,TEN,14085.0,14347.0
2016-05-24,12,TEN,15172.0,15691.0
2016-05-24,13,TEN,16017.0,16484.0
2016-05-24,14,TEN,16420.0,16991.0
2016-05-24,15,TEN,17134.0,17638.0
2016-05-24,16,TEN,18121.0,18575.0
2016-05-24,17,TEN,19142.0,19472.0
2016-05-24,18,TEN,19829.0,20264.0
2016-05-24,19,TEN,20525.0,20919.0
2016-05-24,20,TEN,21350.0,21767.0
2016-05-24,21,TEN,21996.0,22309.0
2016-05-24,22,TEN,22171.0,22581.0
2016-05-24,23,TEN,22111.0,22430.0
2016-05-25,0,TEN,21610.0,22095.0
2016-05-25,1,TEN,21071.0,21558.0
2016-05-25,2,TEN,20738.0,21166.0
2016-05-25,3,TEN,19437.0,19812.0
2016-05-25,4,TEN,17574.0,17720.0
2016-05-25,5,TEN,15828.0,15955.0
2016-05-25,6,TEN,14618.0,14721.0
2016-05-25,7,TEN,13952.0,14340.0
2016-05-25,8,TEN,13533.0,14107.0
2016-05-25,9,TEN,13418.0,14087.0
2016-05-25,10,TEN,13727.0,14392.0
2016-05-25,11,TEN,14435.0,15095.0
2016-05-25,12,TEN,15450.0,15861.0
2016-05-25,13,TEN,16166.0,16587.0
2016-05-25,14,TEN,16912.0,17288.0
2016-05-25,15,TEN,17616.0,18045.0
2016-05-25,16,TEN,18578.0,18903.0
2016-05-25,17,TEN,19409.0,19767.0
2016-05-25,18,TEN,20099.0,20542.0
2016-05-25,19,TEN,20869.0,21598.0
2016-05-25,20,TEN,21591.0,22079.0
2016-05-25,21,TEN,21708.0,22142.0
2016-05-25,22,TEN,21555.0,21939.0
2016-05-25,23,TEN,21180.0,21218.0
2016-05-26,0,TEN,20663.0,21210.0
2016-05-26,1,TEN,20192.0,21014.0
2016-05-26,2,TEN,19978.0,20730.0
2016-05-26,3,TEN,18971.0,19328.0
2016-05-26,4,TEN,17385.0,17571.0
2016-05-26,5,TEN,15758.0,15772.0
2016-05-26,6,TEN,14758.0,14852.0
2016-05-26,7,TEN,14049.0,14408.0
2016-05-26,8,TEN,13632.0,14257.0
2016-05-26,9,TEN,13530.0,14216.0
2016-05-26,10,TEN,13871.0,14490.0
2016-05-26,11,TEN,14798.0,15414.0
2016-05-26,12,TEN,15812.0,16115.0
2016-05-26,13,TEN,16905.0,17348.0
2016-05-26,14,TEN,17865.0,18315.0
2016-05-26,15,TEN,18882.0,19250.0
2016-05-26,16,TEN,20097.0,20538.0
2016-05-26,17,TEN,21051.0,21475.0
2016-05-26,18,TEN,21967.0,22323.0
2016-05-26,19,TEN,22802.0,23300.0
2016-05-26,20,TEN,23314.0,23755.0
2016-05-26,21,TEN,23735.0,24025.0
2016-05-26,22,TEN,23521.0,23736.0
2016-05-26,23,TEN,22911.0,23113.0
2016-05-27,0,TEN,21549.0,21842.0
2016-05-27,1,TEN,21084.0,21331.0
2016-05-27,2,TEN,20800.0,20977.0
2016-05-27,3,TEN,19583.0,19683.0
2016-05-27,4,TEN,18092.0,18188.0
2016-05-27,5,TEN,16470.0,16706.0
2016-05-27,6,TEN,15164.0,15411.0
2016-05-27,7,TEN,14493.0,14915.0
2016-05-27,8,TEN,14024.0,14754.0
2016-05-27,9,TEN,13834.0,14627.0
2016-05-27,10,TEN,14063.0,14799.0
2016-05-27,11,TEN,14589.0,15353.0
2016-05-27,12,TEN,15610.0,16186.0
2016-05-27,13,TEN,16694.0,17256.0
2016-05-27,14,TEN,17738.0,18118.0
2016-05-27,15,TEN,18826.0,19184.0
2016-05-27,16,TEN,20074.0,20461.0
2016-05-27,17,TEN,21046.0,21559.0
2016-05-27,18,TEN,21502.0,22018.0
2016-05-27,19,TEN,22058.0,22407.0
2016-05-27,20,TEN,22216.0,22607.0
2016-05-27,21,TEN,22318.0,22744.0
2016-05-27,22,TEN,22177.0,22700.0
2016-05-27,23,TEN,21654.0,22065.0
2016-05-28,0,TEN,20861.0,21152.0
2016-05-28,1,TEN,20253.0,20566.0
2016-05-28,2,TEN,20112.0,20463.0
2016-05-28,3,TEN,19165.0,19465.0
2016-05-28,4,TEN,17760.0,17942.0
2016-05-28,5,TEN,16305.0,16404.0
2016-05-28,6,TEN,15092.0,15561.0
2016-05-28,7,TEN,14229.0,14611.0
2016-05-28,8,TEN,13650.0,14296.0
2016-05-28,9,TEN,13437.0,14251.0
2016-05-28,10,TEN,13344.0,14244.0
2016-05-28,11,TEN,13352.0,14286.0
2016-05-28,12,TEN,13523.0,14374.0
2016-05-28,13,TEN,14448.0,14936.0
2016-05-28,14,TEN,15678.0,16203.0
2016-05-28,15,TEN,17033.0,17481.0
2016-05-28,16,TEN,18218.0,18580.0
2016-05-28,17,TEN,19118.0,19578.0
2016-05-28,18,TEN,19714.0,20177.0
2016-05-28,19,TEN,20005.0,20678.0
2016-05-28,20,TEN,20337.0,20986.0
2016-05-28,21,TEN,20451.0,21186.0
2016-05-28,22,TEN,20474.0,21084.0
2016-05-28,23,TEN,20443.0,20954.0
2016-05-29,0,TEN,19963.0,20428.0
2016-05-29,1,TEN,19331.0,19768.0
2016-05-29,2,TEN,19092.0,19377.0
2016-05-29,3,TEN,18258.0,18603.0
2016-05-29,4,TEN,16808.0,17114.0
2016-05-29,5,TEN,15444.0,15849.0
2016-05-29,6,TEN,14240.0,14533.0
2016-05-29,7,TEN,13523.0,14258.0
2016-05-29,8,TEN,12986.0,14118.0
2016-05-29,9,TEN,12622.0,13987.0
2016-05-29,10,TEN,12600.0,13916.0
2016-05-29,11,TEN,12529.0,13882.0
2016-05-29,12,TEN,12734.0,13868.0
2016-05-29,13,TEN,13895.0,14686.0
2016-05-29,14,TEN,15365.0,15835.0
2016-05-29,15,TEN,16640.0,17167.0
2016-05-29,16,TEN,17980.0,18472.0
2016-05-29,17,TEN,19193.0,19666.0
2016-05-29,18,TEN,20348.0,20982.0
2016-05-29,19,TEN,21225.0,21891.0
2016-05-29,20,TEN,21906.0,22269.0
2016-05-29,21,TEN,22483.0,22748.0
2016-05-29,22,TEN,22068.0,22329.0
2016-05-29,23,TEN,22441.0,22646.0
2016-05-30,0,TEN,21679.0,22081.0
2016-05-30,1,TEN,20607.0,20961.0
2016-05-30,2,TEN,20181.0,20528.0
2016-05-30,3,TEN,19054.0,19436.0
2016-05-30,4,TEN,17491.0,17750.0
2016-05-30,5,TEN,15881.0,16393.0
2016-05-30,6,TEN,14717.0,15245.0
2016-05-30,7,TEN,13904.0,14458.0
2016-05-30,8,TEN,13227.0,14128.0
2016-05-30,9,TEN,12926.0,13967.0
2016-05-30,10,TEN,12803.0,13918.0
2016-05-30,11,TEN,12716.0,13860.0
2016-05-30,12,TEN,12903.0,13918.0
2016-05-30,13,TEN,13925.0,14580.0
2016-05-30,14,TEN,15573.0,16185.0
2016-05-30,15,TEN,17380.0,17890.0
2016-05-30,16,TEN,19127.0,19618.0
2016-05-30,17,TEN,20484.0,21092.0
2016-05-30,18,TEN,21370.0,21712.0
2016-05-30,19,TEN,22024.0,22310.0
2016-05-30,20,TEN,22535.0,22711.0
2016-05-30,21,TEN,22813.0,22957.0
2016-05-30,22,TEN,22947.0,23071.0
2016-05-30,23,TEN,22786.0,22901.0
2016-05-31,0,TEN,22159.0,22464.0
2016-05-31,1,TEN,21074.0,21544.0
2016-05-31,2,TEN,20697.0,21168.0
2016-05-31,3,TEN,19346.0,19893.0
2016-05-31,4,TEN,17735.0,18059.0
2016-05-31,5,TEN,16005.0,16482.0
2016-05-31,6,TEN,14755.0,15317.0
2016-05-31,7,TEN,13957.0,14498.0
2016-05-31,8,TEN,13515.0,14180.0
2016-05-31,9,TEN,13392.0,14265.0
2016-05-31,10,TEN,13640.0,14345.0
2016-05-31,11,TEN,14395.0,15086.0
2016-05-31,12,TEN,15462.0,16086.0
2016-05-31,13,TEN,16583.0,17231.0
2016-05-31,14,TEN,17803.0,18368.0
2016-05-31,15,TEN,18958.0,19473.0
2016-05-31,16,TEN,20302.0,20812.0
2016-05-31,17,TEN,21368.0,21960.0
2016-05-31,18,TEN,22430.0,23024.0
2016-05-31,19,TEN,23185.0,23888.0
2016-05-31,20,TEN,23875.0,23962.0
2016-05-31,21,TEN,24311.0,24598.0
2016-05-31,22,TEN,24625.0,24763.0
2016-05-31,23,TEN,24441.0,24708.0
2016-06-01,0,TEN,23984.0,24471.0
2016-06-01,1,TEN,23205.0,23782.0
2016-06-01,2,TEN,22627.0,23154.0
2016-06-01,3,TEN,21267.0,21760.0
2016-06-01,4,TEN,19229.0,19708.0
2016-06-01,5,TEN,17556.0,18055.0
2016-06-01,6,TEN,16243.0,16551.0
2016-06-01,7,TEN,15254.0,15729.0
2016-06-01,8,TEN,14821.0,15201.0
2016-06-01,9,TEN,14488.0,14961.0
2016-06-01,10,TEN,14619.0,15110.0
2016-06-01,11,TEN,14991.0,15510.0
2016-06-01,12,TEN,15980.0,16559.0
2016-06-01,13,TEN,17399.0,17957.0
2016-06-01,14,TEN,18875.0,19450.0
2016-06-01,15,TEN,20302.0,20661.0
2016-06-01,16,TEN,22064.0,22447.0
2016-06-01,17,TEN,23455.0,24045.0
2016-06-01,18,TEN,24567.0,25098.0
2016-06-01,19,TEN,25037.0,25571.0
2016-06-01,20,TEN,25287.0,25246.0
2016-06-01,21,TEN,25220.0,25128.0
2016-06-01,22,TEN,24710.0,24638.0
2016-06-01,23,TEN,23797.0,23763.0
2016-06-02,0,TEN,22731.0,23247.0
2016-06-02,1,TEN,21686.0,22267.0
2016-06-02,2,TEN,21468.0,21998.0
2016-06-02,3,TEN,20310.0,20913.0
2016-06-02,4,TEN,18463.0,18965.0
2016-06-02,5,TEN,16977.0,17366.0
2016-06-02,6,TEN,15727.0,16289.0
2016-06-02,7,TEN,15063.0,15602.0
2016-06-02,8,TEN,14585.0,15076.0
2016-06-02,9,TEN,14266.0,14770.0
2016-06-02,10,TEN,14481.0,14972.0
2016-06-02,11,TEN,15144.0,15675.0
2016-06-02,12,TEN,15843.0,16421.0
2016-06-02,13,TEN,16982.0,17497.0
2016-06-02,14,TEN,17884.0,18496.0
2016-06-02,15,TEN,19146.0,19655.0
2016-06-02,16,TEN,20202.0,20767.0
2016-06-02,17,TEN,21686.0,22311.0
2016-06-02,18,TEN,22755.0,23287.0
2016-06-02,19,TEN,23320.0,23389.0
2016-06-02,20,TEN,23641.0,23513.0
2016-06-02,21,TEN,23557.0,23453.0
2016-06-02,22,TEN,23200.0,23139.0
2016-06-02,23,TEN,22652.0,22940.0
2016-06-03,0,TEN,22015.0,22437.0
2016-06-03,1,TEN,21357.0,21952.0
2016-06-03,2,TEN,21094.0,21579.0
2016-06-03,3,TEN,20030.0,20331.0
2016-06-03,4,TEN,18293.0,18793.0
2016-06-03,5,TEN,16861.0,17181.0
2016-06-03,6,TEN,15658.0,16012.0
2016-06-03,7,TEN,15021.0,15264.0
2016-06-03,8,TEN,14357.0,14732.0
2016-06-03,9,TEN,14150.0,14527.0
2016-06-03,10,TEN,14519.0,14849.0
2016-06-03,11,TEN,15164.0,15610.0
2016-06-03,12,TEN,16132.0,16554.0
2016-06-03,13,TEN,17119.0,17439.0
2016-06-03,14,TEN,18067.0,18491.0
2016-06-03,15,TEN,19230.0,19843.0
2016-06-03,16,TEN,20456.0,20770.0
2016-06-03,17,TEN,21820.0,22134.0
2016-06-03,18,TEN,22954.0,23528.0
2016-06-03,19,TEN,23469.0,23707.0
2016-06-03,20,TEN,23684.0,24419.0
2016-06-03,21,TEN,23777.0,24329.0
2016-06-03,22,TEN,23102.0,23633.0
2016-06-03,23,TEN,22490.0,22895.0
2016-06-04,0,TEN,21723.0,22089.0
2016-06-04,1,TEN,21007.0,21574.0
2016-06-04,2,TEN,20715.0,21307.0
2016-06-04,3,TEN,19755.0,20462.0
2016-06-04,4,TEN,18315.0,19035.0
2016-06-04,5,TEN,16777.0,17280.0
2016-06-04,6,TEN,15642.0,16046.0
2016-06-04,7,TEN,14936.0,15454.0
2016-06-04,8,TEN,14317.0,14768.0
2016-06-04,9,TEN,14027.0,14378.0
2016-06-04,10,TEN,14030.0,14271.0
2016-06-04,11,TEN,13938.0,14305.0
2016-06-04,12,TEN,14261.0,14600.0
2016-06-04,13,TEN,15061.0,15560.0
2016-06-04,14,TEN,16527.0,16935.0
2016-06-04,15,TEN,17958.0,18500.0
2016-06-04,16,TEN,18992.0,19485.0
2016-06-04,17,TEN,19851.0,20416.0
2016-06-04,18,TEN,20582.0,21128.0
2016-06-04,19,TEN,21158.0,21859.0
2016-06-04,20,TEN,21314.0,21988.0
2016-06-04,21,TEN,21250.0,21962.0
2016-06-04,22,TEN,21287.0,21900.0
2016-06-04,23,TEN,20881.0,21419.0
2016-06-05,0,TEN,20334.0,21085.0
2016-06-05,1,TEN,19591.0,20410.0
2016-06-05,2,TEN,19283.0,19794.0
2016-06-05,3,TEN,18535.0,19020.0
2016-06-05,4,TEN,17416.0,17804.0
2016-06-05,5,TEN,16145.0,16506.0
2016-06-05,6,TEN,14906.0,15396.0
2016-06-05,7,TEN,14220.0,14544.0
2016-06-05,8,TEN,13861.0,14490.0
2016-06-05,9,TEN,13550.0,14207.0
2016-06-05,10,TEN,13345.0,14043.0
2016-06-05,11,TEN,13322.0,13949.0
2016-06-05,12,TEN,13521.0,14106.0
2016-06-05,13,TEN,14581.0,14923.0
2016-06-05,14,TEN,15809.0,16361.0
2016-06-05,15,TEN,16715.0,17447.0
2016-06-05,16,TEN,17449.0,18109.0
2016-06-05,17,TEN,18065.0,18820.0
2016-06-05,18,TEN,19009.0,19676.0
2016-06-05,19,TEN,19651.0,20418.0
2016-06-05,20,TEN,20152.0,20955.0
2016-06-05,21,TEN,20730.0,21384.0
2016-06-05,22,TEN,20936.0,21638.0
2016-06-05,23,TEN,20863.0,21475.0
2016-06-06,0,TEN,20401.0,20804.0
2016-06-06,1,TEN,19758.0,20176.0
2016-06-06,2,TEN,19397.0,19840.0
2016-06-06,3,TEN,18539.0,19138.0
2016-06-06,4,TEN,17111.0,17693.0
2016-06-06,5,TEN,15731.0,16144.0
2016-06-06,6,TEN,14578.0,14954.0
2016-06-06,7,TEN,13979.0,14332.0
2016-06-06,8,TEN,13561.0,13854.0
2016-06-06,9,TEN,13471.0,13774.0
2016-06-06,10,TEN,13700.0,14046.0
2016-06-06,11,TEN,14406.0,14896.0
2016-06-06,12,TEN,15589.0,16122.0
2016-06-06,13,TEN,16868.0,17324.0
2016-06-06,14,TEN,18132.0,18746.0
2016-06-06,15,TEN,19319.0,19909.0
2016-06-06,16,TEN,20690.0,21374.0
2016-06-06,17,TEN,21588.0,22056.0
2016-06-06,18,TEN,22519.0,22969.0
2016-06-06,19,TEN,23016.0,23422.0
2016-06-06,20,TEN,23504.0,23742.0
2016-06-06,21,TEN,23952.0,24202.0
2016-06-06,22,TEN,24027.0,24257.0
2016-06-06,23,TEN,23907.0,24128.0
2016-06-07,0,TEN,23374.0,23730.0
2016-06-07,1,TEN,22507.0,22876.0
2016-06-07,2,TEN,22003.0,22355.0
2016-06-07,3,TEN,20550.0,20735.0
2016-06-07,4,TEN,18682.0,19014.0
2016-06-07,5,TEN,16906.0,17145.0
2016-06-07,6,TEN,15689.0,15935.0
2016-06-07,7,TEN,14769.0,15032.0
2016-06-07,8,TEN,14067.0,14323.0
2016-06-07,9,TEN,13865.0,14166.0
2016-06-07,10,TEN,14099.0,14414.0
2016-06-07,11,TEN,14653.0,15007.0
2016-06-07,12,TEN,15608.0,16089.0
2016-06-07,13,TEN,16884.0,17420.0
2016-06-07,14,TEN,18079.0,18529.0
2016-06-07,15,TEN,19304.0,19916.0
2016-06-07,16,TEN,20525.0,20944.0
2016-06-07,17,TEN,21645.0,21972.0
2016-06-07,18,TEN,22469.0,22916.0
2016-06-07,19,TEN,22915.0,23438.0
2016-06-07,20,TEN,23264.0,23694.0
2016-06-07,21,TEN,23625.0,23992.0
2016-06-07,22,TEN,23648.0,24129.0
2016-06-07,23,TEN,23403.0,23846.0
2016-06-08,0,TEN,22654.0,22974.0
2016-06-08,1,TEN,21643.0,21938.0
2016-06-08,2,TEN,20978.0,21280.0
2016-06-08,3,TEN,19724.0,20017.0
2016-06-08,4,TEN,17759.0,18162.0
2016-06-08,5,TEN,15952.0,16319.0
2016-06-08,6,TEN,14705.0,15021.0
2016-06-08,7,TEN,13939.0,14119.0
2016-06-08,8,TEN,13480.0,13682.0
2016-06-08,9,TEN,13334.0,13530.0
2016-06-08,10,TEN,14831.0,15098.0
2016-06-08,11,TEN,14239.0,14562.0
2016-06-08,12,TEN,15116.0,15579.0
2016-06-08,13,TEN,16115.0,16660.0
2016-06-08,14,TEN,16864.0,17369.0
2016-06-08,15,TEN,17972.0,18446.0
2016-06-08,16,TEN,18886.0,19453.0
2016-06-08,17,TEN,19573.0,19790.0
2016-06-08,18,TEN,20295.0,20631.0
2016-06-08,19,TEN,20879.0,21171.0
2016-06-08,20,TEN,21725.0,22017.0
2016-06-08,21,TEN,22231.0,22544.0
2016-06-08,22,TEN,22602.0,22724.0
2016-06-08,23,TEN,22710.0,22837.0
2016-06-09,0,TEN,22074.0,22248.0
2016-06-09,1,TEN,21119.0,21577.0
2016-06-09,2,TEN,20555.0,21009.0
2016-06-09,3,TEN,19135.0,19515.0
2016-06-09,4,TEN,17630.0,17827.0
2016-06-09,5,TEN,15736.0,15904.0
2016-06-09,6,TEN,14578.0,14747.0
2016-06-09,7,TEN,13938.0,14263.0
2016-06-09,8,TEN,13194.0,13454.0
2016-06-09,9,TEN,13246.0,13588.0
2016-06-09,10,TEN,13385.0,13726.0
2016-06-09,11,TEN,13960.0,14337.0
2016-06-09,12,TEN,14792.0,15139.0
2016-06-09,13,TEN,15885.0,16268.0
2016-06-09,14,TEN,16761.0,16905.0
2016-06-09,15,TEN,17709.0,18137.0
2016-06-09,16,TEN,18628.0,19046.0
2016-06-09,17,TEN,19656.0,19949.0
2016-06-09,18,TEN,20449.0,20393.0
2016-06-09,19,TEN,21671.0,21818.0
2016-06-09,20,TEN,22343.0,22627.0
2016-06-09,21,TEN,23014.0,22940.0
2016-06-09,22,TEN,23450.0,23058.0
2016-06-09,23,TEN,23303.0,23105.0
2016-06-10,0,TEN,22782.0,23020.0
2016-06-10,1,TEN,21739.0,22383.0
2016-06-10,2,TEN,21154.0,21647.0
2016-06-10,3,TEN,19951.0,20563.0
2016-06-10,4,TEN,18028.0,18478.0
2016-06-10,5,TEN,16264.0,16652.0
2016-06-10,6,TEN,14910.0,15244.0
2016-06-10,7,TEN,14208.0,14411.0
2016-06-10,8,TEN,13692.0,13960.0
2016-06-10,9,TEN,13408.0,13820.0
2016-06-10,10,TEN,13739.0,14011.0
2016-06-10,11,TEN,14154.0,14484.0
2016-06-10,12,TEN,15071.0,15343.0
2016-06-10,13,TEN,16214.0,16621.0
2016-06-10,14,TEN,17286.0,17739.0
2016-06-10,15,TEN,18702.0,19080.0
2016-06-10,16,TEN,20115.0,20144.0
2016-06-10,17,TEN,21491.0,21542.0
2016-06-10,18,TEN,22654.0,22519.0
2016-06-10,19,TEN,23670.0,23435.0
2016-06-10,20,TEN,24550.0,23979.0
2016-06-10,21,TEN,25545.0,25074.0
2016-06-10,22,TEN,25638.0,25056.0
2016-06-10,23,TEN,25505.0,24998.0
2016-06-11,0,TEN,24780.0,24384.0
2016-06-11,1,TEN,23469.0,23577.0
2016-06-11,2,TEN,22694.0,22752.0
2016-06-11,3,TEN,21487.0,21237.0
2016-06-11,4,TEN,19060.0,19649.0
2016-06-11,5,TEN,17547.0,17827.0
2016-06-11,6,TEN,16070.0,16324.0
2016-06-11,7,TEN,14875.0,15388.0
2016-06-11,8,TEN,14242.0,14761.0
2016-06-11,9,TEN,13914.0,14442.0
2016-06-11,10,TEN,13713.0,14254.0
2016-06-11,11,TEN,13735.0,14306.0
2016-06-11,12,TEN,14105.0,14353.0
2016-06-11,13,TEN,15430.0,15588.0
2016-06-11,14,TEN,17170.0,17418.0
2016-06-11,15,TEN,19127.0,19408.0
2016-06-11,16,TEN,21024.0,20899.0
2016-06-11,17,TEN,22637.0,22369.0
2016-06-11,18,TEN,23738.0,23739.0
2016-06-11,19,TEN,24661.0,24682.0
2016-06-11,20,TEN,25434.0,25436.0
2016-06-11,21,TEN,25902.0,25916.0
2016-06-11,22,TEN,26129.0,26103.0
2016-06-11,23,TEN,25974.0,25916.0
2016-06-12,0,TEN,25231.0,25185.0
2016-06-12,1,TEN,24214.0,24011.0
2016-06-12,2,TEN,23416.0,23179.0
2016-06-12,3,TEN,22164.0,21801.0
2016-06-12,4,TEN,20301.0,20588.0
2016-06-12,5,TEN,18488.0,19021.0
2016-06-12,6,TEN,17031.0,17369.0
2016-06-12,7,TEN,15909.0,16022.0
2016-06-12,8,TEN,15196.0,15329.0
2016-06-12,9,TEN,14659.0,14834.0
2016-06-12,10,TEN,14400.0,14619.0
2016-06-12,11,TEN,14161.0,14312.0
2016-06-12,12,TEN,14438.0,14627.0
2016-06-12,13,TEN,15960.0,16184.0
2016-06-12,14,TEN,18007.0,18191.0
2016-06-12,15,TEN,20032.0,20174.0
2016-06-12,16,TEN,21643.0,21470.0
2016-06-12,17,TEN,23230.0,22873.0
2016-06-12,18,TEN,24288.0,24167.0
2016-06-12,19,TEN,24711.0,24154.0
2016-06-12,20,TEN,24890.0,24148.0
2016-06-12,21,TEN,24921.0,24196.0
2016-06-12,22,TEN,24899.0,24134.0
2016-06-12,23,TEN,24853.0,24087.0
2016-06-13,0,TEN,24385.0,24102.0
2016-06-13,1,TEN,23609.0,23318.0
2016-06-13,2,TEN,23140.0,22868.0
2016-06-13,3,TEN,21938.0,21781.0
2016-06-13,4,TEN,20230.0,20418.0
2016-06-13,5,TEN,18553.0,18761.0
2016-06-13,6,TEN,17334.0,17447.0
2016-06-13,7,TEN,16374.0,16488.0
2016-06-13,8,TEN,15836.0,15959.0
2016-06-13,9,TEN,15526.0,15682.0
2016-06-13,10,TEN,15542.0,15728.0
2016-06-13,11,TEN,16228.0,16406.0
2016-06-13,12,TEN,17339.0,17032.0
2016-06-13,13,TEN,18946.0,18268.0
2016-06-13,14,TEN,20691.0,19965.0
2016-06-13,15,TEN,22628.0,21831.0
2016-06-13,16,TEN,24519.0,22981.0
2016-06-13,17,TEN,26109.0,24265.0
2016-06-13,18,TEN,27168.0,25243.0
2016-06-13,19,TEN,27786.0,25995.0
2016-06-13,20,TEN,28065.0,26278.0
2016-06-13,21,TEN,28110.0,26203.0
2016-06-13,22,TEN,27821.0,25873.0
2016-06-13,23,TEN,27175.0,25414.0
2016-06-14,0,TEN,26392.0,24623.0
2016-06-14,1,TEN,25502.0,23688.0
2016-06-14,2,TEN,25024.0,23757.0
2016-06-14,3,TEN,23512.0,22296.0
2016-06-14,4,TEN,21483.0,20878.0
2016-06-14,5,TEN,19610.0,19554.0
2016-06-14,6,TEN,18258.0,18455.0
2016-06-14,7,TEN,17210.0,17372.0
2016-06-14,8,TEN,16431.0,16608.0
2016-06-14,9,TEN,15984.0,16213.0
2016-06-14,10,TEN,16153.0,16334.0
2016-06-14,11,TEN,16646.0,16795.0
2016-06-14,12,TEN,17670.0,17544.0
2016-06-14,13,TEN,19160.0,19030.0
2016-06-14,14,TEN,20680.0,20540.0
2016-06-14,15,TEN,22526.0,22329.0
2016-06-14,16,TEN,24080.0,23733.0
2016-06-14,17,TEN,25442.0,24720.0
2016-06-14,18,TEN,26159.0,25301.0
2016-06-14,19,TEN,26232.0,25255.0
2016-06-14,20,TEN,26006.0,24967.0
2016-06-14,21,TEN,25840.0,24835.0
2016-06-14,22,TEN,25836.0,24595.0
2016-06-14,23,TEN,25469.0,24629.0
2016-06-15,0,TEN,24731.0,24110.0
2016-06-15,1,TEN,23967.0,23338.0
2016-06-15,2,TEN,23733.0,22943.0
2016-06-15,3,TEN,22637.0,21830.0
2016-06-15,4,TEN,20694.0,20505.0
2016-06-15,5,TEN,19053.0,19243.0
2016-06-15,6,TEN,17813.0,17935.0
2016-06-15,7,TEN,16925.0,17102.0
2016-06-15,8,TEN,16349.0,16543.0
2016-06-15,9,TEN,15947.0,16171.0
2016-06-15,10,TEN,16029.0,16209.0
2016-06-15,11,TEN,16628.0,16640.0
2016-06-15,12,TEN,17533.0,17099.0
2016-06-15,13,TEN,18648.0,18300.0
2016-06-15,14,TEN,19560.0,19278.0
2016-06-15,15,TEN,20533.0,20114.0
2016-06-15,16,TEN,21734.0,21248.0
2016-06-15,17,TEN,22897.0,22609.0
2016-06-15,18,TEN,24258.0,24013.0
2016-06-15,19,TEN,25367.0,24785.0
2016-06-15,20,TEN,26068.0,25196.0
2016-06-15,21,TEN,26682.0,25722.0
2016-06-15,22,TEN,26276.0,25349.0
2016-06-15,23,TEN,25357.0,24517.0
2016-06-16,0,TEN,24198.0,23851.0
2016-06-16,1,TEN,22983.0,22643.0
2016-06-16,2,TEN,22128.0,21668.0
2016-06-16,3,TEN,20874.0,20532.0
2016-06-16,4,TEN,19044.0,19119.0
2016-06-16,5,TEN,17471.0,17664.0
2016-06-16,6,TEN,16453.0,16627.0
2016-06-16,7,TEN,15595.0,15814.0
2016-06-16,8,TEN,15107.0,15295.0
2016-06-16,9,TEN,14903.0,15103.0
2016-06-16,10,TEN,15081.0,15244.0
2016-06-16,11,TEN,15691.0,15897.0
2016-06-16,12,TEN,16620.0,16381.0
2016-06-16,13,TEN,18105.0,17379.0
2016-06-16,14,TEN,19697.0,18946.0
2016-06-16,15,TEN,21447.0,20530.0
2016-06-16,16,TEN,23267.0,22399.0
2016-06-16,17,TEN,25116.0,24189.0
2016-06-16,18,TEN,26536.0,25630.0
2016-06-16,19,TEN,27627.0,26547.0
2016-06-16,20,TEN,28394.0,27285.0
2016-06-16,21,TEN,28850.0,27855.0
2016-06-16,22,TEN,28947.0,27841.0
2016-06-16,23,TEN,28700.0,27612.0
2016-06-17,0,TEN,27936.0,27146.0
2016-06-17,1,TEN,27036.0,26598.0
2016-06-17,2,TEN,26374.0,25771.0
2016-06-17,3,TEN,24977.0,24185.0
2016-06-17,4,TEN,22940.0,22451.0
2016-06-17,5,TEN,21043.0,21108.0
2016-06-17,6,TEN,19706.0,19825.0
2016-06-17,7,TEN,18557.0,18683.0
2016-06-17,8,TEN,17765.0,17970.0
2016-06-17,9,TEN,17288.0,17502.0
2016-06-17,10,TEN,17363.0,17589.0
2016-06-17,11,TEN,17707.0,17963.0
2016-06-17,12,TEN,18621.0,18766.0
2016-06-17,13,TEN,20068.0,19586.0
2016-06-17,14,TEN,21567.0,21350.0
2016-06-17,15,TEN,23018.0,22822.0
2016-06-17,16,TEN,24382.0,24087.0
2016-06-17,17,TEN,25380.0,25115.0
2016-06-17,18,TEN,25979.0,25559.0
2016-06-17,19,TEN,26121.0,25837.0
2016-06-17,20,TEN,25936.0,25813.0
2016-06-17,21,TEN,25663.0,25497.0
2016-06-17,22,TEN,25138.0,24905.0
2016-06-17,23,TEN,24312.0,24236.0
2016-06-18,0,TEN,23412.0,23554.0
2016-06-18,1,TEN,22452.0,22608.0
2016-06-18,2,TEN,22157.0,22259.0
2016-06-18,3,TEN,21166.0,20878.0
2016-06-18,4,TEN,19477.0,19130.0
2016-06-18,5,TEN,17872.0,17975.0
2016-06-18,6,TEN,16690.0,16887.0
2016-06-18,7,TEN,15720.0,16023.0
2016-06-18,8,TEN,15037.0,15358.0
2016-06-18,9,TEN,14520.0,14851.0
2016-06-18,10,TEN,14435.0,14745.0
2016-06-18,11,TEN,14352.0,14709.0
2016-06-18,12,TEN,14781.0,15046.0
2016-06-18,13,TEN,16005.0,16387.0
2016-06-18,14,TEN,17446.0,17832.0
2016-06-18,15,TEN,18942.0,19368.0
2016-06-18,16,TEN,20263.0,20572.0
2016-06-18,17,TEN,21614.0,21930.0
2016-06-18,18,TEN,22501.0,22877.0
2016-06-18,19,TEN,23270.0,23557.0
2016-06-18,20,TEN,23734.0,23806.0
2016-06-18,21,TEN,24180.0,23824.0
2016-06-18,22,TEN,24366.0,23951.0
2016-06-18,23,TEN,24198.0,23804.0
2016-06-19,0,TEN,23552.0,23560.0
2016-06-19,1,TEN,22401.0,22612.0
2016-06-19,2,TEN,21725.0,21708.0
2016-06-19,3,TEN,20854.0,21051.0
2016-06-19,4,TEN,19360.0,19670.0
2016-06-19,5,TEN,17669.0,17974.0
2016-06-19,6,TEN,16455.0,16672.0
2016-06-19,7,TEN,15382.0,15718.0
2016-06-19,8,TEN,14747.0,15058.0
2016-06-19,9,TEN,14191.0,14806.0
2016-06-19,10,TEN,14030.0,14645.0
2016-06-19,11,TEN,13904.0,14658.0
2016-06-19,12,TEN,14173.0,14789.0
2016-06-19,13,TEN,15352.0,15710.0
2016-06-19,14,TEN,16926.0,17366.0
2016-06-19,15,TEN,18361.0,18709.0
2016-06-19,16,TEN,19533.0,19600.0
2016-06-19,17,TEN,20505.0,20563.0
2016-06-19,18,TEN,21479.0,21751.0
2016-06-19,19,TEN,22380.0,22803.0
2016-06-19,20,TEN,23261.0,23660.0
2016-06-19,21,TEN,23720.0,24108.0
2016-06-19,22,TEN,24089.0,24433.0
2016-06-19,23,TEN,24107.0,24526.0
2016-06-20,0,TEN,23573.0,23883.0
2016-06-20,1,TEN,22524.0,22927.0
2016-06-20,2,TEN,21844.0,22111.0
2016-06-20,3,TEN,20697.0,21045.0
2016-06-20,4,TEN,18963.0,19273.0
2016-06-20,5,TEN,17146.0,17399.0
2016-06-20,6,TEN,15907.0,16185.0
2016-06-20,7,TEN,15149.0,15599.0
2016-06-20,8,TEN,14621.0,15306.0
2016-06-20,9,TEN,14330.0,15100.0
2016-06-20,10,TEN,14552.0,15141.0
2016-06-20,11,TEN,14987.0,15211.0
2016-06-20,12,TEN,16131.0,16335.0
2016-06-20,13,TEN,17452.0,17750.0
2016-06-20,14,TEN,18752.0,19068.0
2016-06-20,15,TEN,20257.0,20630.0
2016-06-20,16,TEN,21693.0,22026.0
2016-06-20,17,TEN,23125.0,23442.0
2016-06-20,18,TEN,24353.0,24487.0
2016-06-20,19,TEN,25289.0,25524.0
2016-06-20,20,TEN,25909.0,25967.0
2016-06-20,21,TEN,26285.0,26188.0
2016-06-20,22,TEN,26482.0,26341.0
2016-06-20,23,TEN,26215.0,26103.0
2016-06-21,0,TEN,25629.0,25579.0
2016-06-21,1,TEN,24641.0,24985.0
2016-06-21,2,TEN,23952.0,24139.0
2016-06-21,3,TEN,22540.0,22673.0
2016-06-21,4,TEN,20481.0,20721.0
2016-06-21,5,TEN,18653.0,18966.0
2016-06-21,6,TEN,17221.0,17580.0
2016-06-21,7,TEN,16305.0,16643.0
2016-06-21,8,TEN,15731.0,16098.0
2016-06-21,9,TEN,15433.0,15744.0
2016-06-21,10,TEN,15612.0,15920.0
2016-06-21,11,TEN,16181.0,16538.0
2016-06-21,12,TEN,17046.0,17341.0
2016-06-21,13,TEN,18483.0,18792.0
2016-06-21,14,TEN,19916.0,20198.0
2016-06-21,15,TEN,21582.0,21819.0
2016-06-21,16,TEN,23120.0,23312.0
2016-06-21,17,TEN,24241.0,24600.0
2016-06-21,18,TEN,25301.0,25449.0
2016-06-21,19,TEN,26163.0,26153.0
2016-06-21,20,TEN,26743.0,26249.0
2016-06-21,21,TEN,26924.0,26332.0
2016-06-21,22,TEN,26804.0,26343.0
2016-06-21,23,TEN,26330.0,25923.0
2016-06-22,0,TEN,25669.0,25594.0
2016-06-22,1,TEN,24837.0,24710.0
2016-06-22,2,TEN,24352.0,24162.0
2016-06-22,3,TEN,23149.0,22867.0
2016-06-22,4,TEN,21061.0,20886.0
2016-06-22,5,TEN,19267.0,19108.0
2016-06-22,6,TEN,18042.0,18268.0
2016-06-22,7,TEN,17082.0,17451.0
2016-06-22,8,TEN,16479.0,16738.0
2016-06-22,9,TEN,16201.0,16483.0
2016-06-22,10,TEN,16399.0,16675.0
2016-06-22,11,TEN,16917.0,17089.0
2016-06-22,12,TEN,17939.0,18023.0
2016-06-22,13,TEN,19484.0,19448.0
2016-06-22,14,TEN,21108.0,21094.0
2016-06-22,15,TEN,22970.0,22615.0
2016-06-22,16,TEN,24655.0,23877.0
2016-06-22,17,TEN,26152.0,24754.0
2016-06-22,18,TEN,27172.0,25532.0
2016-06-22,19,TEN,27873.0,26611.0
2016-06-22,20,TEN,28408.0,26822.0
2016-06-22,21,TEN,28730.0,27048.0
2016-06-22,22,TEN,28912.0,27339.0
2016-06-22,23,TEN,28664.0,27146.0
2016-06-23,0,TEN,28076.0,26642.0
2016-06-23,1,TEN,27044.0,25812.0
2016-06-23,2,TEN,26286.0,25017.0
2016-06-23,3,TEN,24919.0,23901.0
2016-06-23,4,TEN,22927.0,22393.0
2016-06-23,5,TEN,21075.0,20780.0
2016-06-23,6,TEN,19659.0,19441.0
2016-06-23,7,TEN,18694.0,18581.0
2016-06-23,8,TEN,18020.0,18230.0
2016-06-23,9,TEN,17542.0,17792.0
2016-06-23,10,TEN,17654.0,17922.0
2016-06-23,11,TEN,18143.0,18404.0
2016-06-23,12,TEN,19035.0,18482.0
2016-06-23,13,TEN,20518.0,19159.0
2016-06-23,14,TEN,22084.0,20667.0
2016-06-23,15,TEN,23767.0,22109.0
2016-06-23,16,TEN,25559.0,23982.0
2016-06-23,17,TEN,26739.0,24608.0
2016-06-23,18,TEN,27789.0,25387.0
2016-06-23,19,TEN,28386.0,25861.0
2016-06-23,20,TEN,28886.0,26117.0
2016-06-23,21,TEN,29112.0,26291.0
2016-06-23,22,TEN,29027.0,26314.0
2016-06-23,23,TEN,28802.0,26271.0
2016-06-24,0,TEN,28110.0,25714.0
2016-06-24,1,TEN,27312.0,25197.0
2016-06-24,2,TEN,26692.0,24967.0
2016-06-24,3,TEN,25320.0,24009.0
2016-06-24,4,TEN,23257.0,22894.0
2016-06-24,5,TEN,21363.0,21576.0
2016-06-24,6,TEN,19824.0,20096.0
2016-06-24,7,TEN,18524.0,18812.0
2016-06-24,8,TEN,17671.0,17963.0
2016-06-24,9,TEN,17235.0,17485.0
2016-06-24,10,TEN,17183.0,17435.0
2016-06-24,11,TEN,17606.0,17828.0
2016-06-24,12,TEN,18160.0,17936.0
2016-06-24,13,TEN,19028.0,18479.0
2016-06-24,14,TEN,20314.0,19473.0
2016-06-24,15,TEN,21700.0,20746.0
2016-06-24,16,TEN,23241.0,22345.0
2016-06-24,17,TEN,24621.0,23449.0
2016-06-24,18,TEN,25814.0,24548.0
2016-06-24,19,TEN,26668.0,25213.0
2016-06-24,20,TEN,27257.0,25846.0
2016-06-24,21,TEN,27482.0,26004.0
2016-06-24,22,TEN,27473.0,26526.0
2016-06-24,23,TEN,27134.0,26089.0
2016-06-25,0,TEN,26396.0,25385.0
2016-06-25,1,TEN,25356.0,24636.0
2016-06-25,2,TEN,24694.0,24011.0
2016-06-25,3,TEN,23480.0,22972.0
2016-06-25,4,TEN,21439.0,21667.0
2016-06-25,5,TEN,19676.0,19919.0
2016-06-25,6,TEN,18209.0,18494.0
2016-06-25,7,TEN,17199.0,17394.0
2016-06-25,8,TEN,16398.0,16638.0
2016-06-25,9,TEN,15920.0,16124.0
2016-06-25,10,TEN,15675.0,15882.0
2016-06-25,11,TEN,15695.0,15890.0
2016-06-25,12,TEN,16053.0,16250.0
2016-06-25,13,TEN,17265.0,17486.0
2016-06-25,14,TEN,19103.0,19382.0
2016-06-25,15,TEN,21181.0,21187.0
2016-06-25,16,TEN,23116.0,22576.0
2016-06-25,17,TEN,24583.0,23718.0
2016-06-25,18,TEN,25741.0,24969.0
2016-06-25,19,TEN,26748.0,26049.0
2016-06-25,20,TEN,27264.0,26465.0
2016-06-25,21,TEN,27597.0,26885.0
2016-06-25,22,TEN,27622.0,26998.0
2016-06-25,23,TEN,27253.0,26638.0
2016-06-26,0,TEN,26256.0,25728.0
2016-06-26,1,TEN,24988.0,24421.0
2016-06-26,2,TEN,24366.0,23944.0
2016-06-26,3,TEN,23132.0,23204.0
2016-06-26,4,TEN,21265.0,21833.0
2016-06-26,5,TEN,19433.0,19765.0
2016-06-26,6,TEN,18181.0,18500.0
2016-06-26,7,TEN,16897.0,17243.0
2016-06-26,8,TEN,16208.0,16624.0
2016-06-26,9,TEN,15560.0,15897.0
2016-06-26,10,TEN,15355.0,15770.0
2016-06-26,11,TEN,15065.0,15533.0
2016-06-26,12,TEN,15366.0,15723.0
2016-06-26,13,TEN,16778.0,17004.0
2016-06-26,14,TEN,18726.0,19094.0
2016-06-26,15,TEN,20568.0,20995.0
2016-06-26,16,TEN,22390.0,22197.0
2016-06-26,17,TEN,23976.0,24037.0
2016-06-26,18,TEN,25337.0,25490.0
2016-06-26,19,TEN,26118.0,25938.0
2016-06-26,20,TEN,26364.0,26085.0
2016-06-26,21,TEN,26381.0,26058.0
2016-06-26,22,TEN,26271.0,26265.0
2016-06-26,23,TEN,26030.0,25828.0
2016-06-27,0,TEN,25549.0,25271.0
2016-06-27,1,TEN,24614.0,24895.0
2016-06-27,2,TEN,24076.0,24467.0
2016-06-27,3,TEN,22937.0,23328.0
2016-06-27,4,TEN,21374.0,21838.0
2016-06-27,5,TEN,19703.0,20055.0
2016-06-27,6,TEN,18341.0,18820.0
2016-06-27,7,TEN,17474.0,17944.0
2016-06-27,8,TEN,16830.0,17317.0
2016-06-27,9,TEN,16537.0,17041.0
2016-06-27,10,TEN,16647.0,17063.0
2016-06-27,11,TEN,17293.0,17597.0
2016-06-27,12,TEN,18200.0,18397.0
2016-06-27,13,TEN,19592.0,19733.0
2016-06-27,14,TEN,20907.0,21056.0
2016-06-27,15,TEN,22398.0,22750.0
2016-06-27,16,TEN,24138.0,24296.0
2016-06-27,17,TEN,25421.0,25632.0
2016-06-27,18,TEN,25800.0,26269.0
2016-06-27,19,TEN,25671.0,26053.0
2016-06-27,20,TEN,25298.0,26102.0
2016-06-27,21,TEN,24396.0,25161.0
2016-06-27,22,TEN,23291.0,24031.0
2016-06-27,23,TEN,22448.0,23028.0
2016-06-28,0,TEN,21783.0,22389.0
2016-06-28,1,TEN,21243.0,21737.0
2016-06-28,2,TEN,21172.0,21410.0
2016-06-28,3,TEN,20420.0,20852.0
2016-06-28,4,TEN,19031.0,19347.0
2016-06-28,5,TEN,17555.0,17853.0
2016-06-28,6,TEN,16576.0,16907.0
2016-06-28,7,TEN,15918.0,16301.0
2016-06-28,8,TEN,15363.0,15784.0
2016-06-28,9,TEN,15270.0,15641.0
2016-06-28,10,TEN,15594.0,15934.0
2016-06-28,11,TEN,16301.0,16595.0
2016-06-28,12,TEN,17060.0,17518.0
2016-06-28,13,TEN,18239.0,18629.0
2016-06-28,14,TEN,19187.0,19688.0
2016-06-28,15,TEN,20676.0,21143.0
2016-06-28,16,TEN,22267.0,22700.0
2016-06-28,17,TEN,23743.0,24085.0
2016-06-28,18,TEN,24990.0,25177.0
2016-06-28,19,TEN,25847.0,25569.0
2016-06-28,20,TEN,26551.0,26237.0
2016-06-28,21,TEN,26982.0,26504.0
2016-06-28,22,TEN,27033.0,26584.0
2016-06-28,23,TEN,26517.0,26235.0
2016-06-29,0,TEN,25598.0,25318.0
2016-06-29,1,TEN,24308.0,24294.0
2016-06-29,2,TEN,23508.0,23396.0
2016-06-29,3,TEN,22258.0,22301.0
2016-06-29,4,TEN,20201.0,20544.0
2016-06-29,5,TEN,18397.0,18740.0
2016-06-29,6,TEN,17013.0,17196.0
2016-06-29,7,TEN,16154.0,16425.0
2016-06-29,8,TEN,15425.0,15817.0
2016-06-29,9,TEN,15134.0,15500.0
2016-06-29,10,TEN,15173.0,15543.0
2016-06-29,11,TEN,15639.0,15993.0
2016-06-29,12,TEN,16560.0,16881.0
2016-06-29,13,TEN,17781.0,18171.0
2016-06-29,14,TEN,19149.0,19620.0
2016-06-29,15,TEN,20570.0,20895.0
2016-06-29,16,TEN,21981.0,22422.0
2016-06-29,17,TEN,23060.0,23667.0
2016-06-29,18,TEN,23884.0,24485.0
2016-06-29,19,TEN,24392.0,24351.0
2016-06-29,20,TEN,25025.0,24816.0
2016-06-29,21,TEN,25377.0,25144.0
2016-06-29,22,TEN,25490.0,25213.0
2016-06-29,23,TEN,25237.0,24952.0
2016-06-30,0,TEN,24394.0,24228.0
2016-06-30,1,TEN,22916.0,23438.0
2016-06-30,2,TEN,22131.0,22503.0
2016-06-30,3,TEN,20855.0,21104.0
2016-06-30,4,TEN,18754.0,19088.0
2016-06-30,5,TEN,17129.0,17341.0
2016-06-30,6,TEN,15835.0,16158.0
2016-06-30,7,TEN,14959.0,15312.0
2016-06-30,8,TEN,14363.0,14815.0
2016-06-30,9,TEN,13993.0,14433.0
2016-06-30,10,TEN,14022.0,14451.0
2016-06-30,11,TEN,14489.0,14974.0
2016-06-30,12,TEN,15384.0,15992.0
2016-06-30,13,TEN,16560.0,17043.0
2016-06-30,14,TEN,17826.0,18478.0
2016-06-30,15,TEN,19017.0,19700.0
2016-06-30,16,TEN,20374.0,20892.0
2016-06-30,17,TEN,21555.0,22313.0
2016-06-30,18,TEN,22589.0,23347.0
2016-06-30,19,TEN,23495.0,23686.0
2016-06-30,20,TEN,24399.0,24093.0
2016-06-30,21,TEN,25065.0,24799.0
2016-06-30,22,TEN,25333.0,25038.0
2016-06-30,23,TEN,25194.0,24850.0
2016-07-01,0,TEN,24528.0,24274.0
2016-07-01,1,TEN,23313.0,23708.0
2016-07-01,2,TEN,22601.0,23137.0
2016-07-01,3,TEN,21378.0,21802.0
2016-07-01,4,TEN,19282.0,19501.0
2016-07-01,5,TEN,17545.0,17874.0
2016-07-01,6,TEN,16197.0,16442.0
2016-07-01,7,TEN,15287.0,15545.0
2016-07-01,8,TEN,14684.0,14973.0
2016-07-01,9,TEN,14369.0,14705.0
2016-07-01,10,TEN,14423.0,14815.0
2016-07-01,11,TEN,14884.0,15306.0
2016-07-01,12,TEN,15635.0,16102.0
2016-07-01,13,TEN,16833.0,17355.0
2016-07-01,14,TEN,18000.0,18587.0
2016-07-01,15,TEN,19347.0,19891.0
2016-07-01,16,TEN,20784.0,21176.0
2016-07-01,17,TEN,22385.0,22843.0
2016-07-01,18,TEN,23534.0,23916.0
2016-07-01,19,TEN,24473.0,24132.0
2016-07-01,20,TEN,25197.0,24580.0
2016-07-01,21,TEN,25806.0,25129.0
2016-07-01,22,TEN,25871.0,25324.0
2016-07-01,23,TEN,25663.0,25130.0
2016-07-02,0,TEN,24774.0,24811.0
2016-07-02,1,TEN,23743.0,23891.0
2016-07-02,2,TEN,23024.0,23321.0
2016-07-02,3,TEN,21844.0,21975.0
2016-07-02,4,TEN,20027.0,20058.0
2016-07-02,5,TEN,18139.0,18314.0
2016-07-02,6,TEN,16928.0,17146.0
2016-07-02,7,TEN,15864.0,16064.0
2016-07-02,8,TEN,15083.0,15323.0
2016-07-02,9,TEN,14571.0,14845.0
2016-07-02,10,TEN,14300.0,14575.0
2016-07-02,11,TEN,14127.0,14614.0
2016-07-02,12,TEN,14263.0,14672.0
2016-07-02,13,TEN,15538.0,15997.0
2016-07-02,14,TEN,17179.0,17576.0
2016-07-02,15,TEN,19076.0,19485.0
2016-07-02,16,TEN,20826.0,21192.0
2016-07-02,17,TEN,22318.0,22831.0
2016-07-02,18,TEN,23461.0,23855.0
2016-07-02,19,TEN,24283.0,24611.0
2016-07-02,20,TEN,24716.0,24937.0
2016-07-02,21,TEN,25002.0,24981.0
2016-07-02,22,TEN,25009.0,25063.0
2016-07-02,23,TEN,24651.0,25024.0
2016-07-03,0,TEN,23769.0,24109.0
2016-07-03,1,TEN,22647.0,22952.0
2016-07-03,2,TEN,22028.0,22295.0
2016-07-03,3,TEN,20925.0,21225.0
2016-07-03,4,TEN,19479.0,19807.0
2016-07-03,5,TEN,17860.0,18096.0
2016-07-03,6,TEN,16473.0,16494.0
2016-07-03,7,TEN,15600.0,15751.0
2016-07-03,8,TEN,14879.0,15132.0
2016-07-03,9,TEN,14489.0,14731.0
2016-07-03,10,TEN,14295.0,14618.0
2016-07-03,11,TEN,14230.0,14674.0
2016-07-03,12,TEN,14393.0,14887.0
2016-07-03,13,TEN,15634.0,16391.0
2016-07-03,14,TEN,17609.0,18432.0
2016-07-03,15,TEN,19584.0,20207.0
2016-07-03,16,TEN,21300.0,21838.0
2016-07-03,17,TEN,23245.0,23365.0
2016-07-03,18,TEN,23832.0,23983.0
2016-07-03,19,TEN,24852.0,24708.0
2016-07-03,20,TEN,25134.0,24762.0
2016-07-03,21,TEN,25116.0,24795.0
2016-07-03,22,TEN,24926.0,24500.0
2016-07-03,23,TEN,24535.0,24126.0
2016-07-04,0,TEN,23890.0,23409.0
2016-07-04,1,TEN,22991.0,22570.0
2016-07-04,2,TEN,22334.0,21950.0
2016-07-04,3,TEN,21429.0,21227.0
2016-07-04,4,TEN,20569.0,20185.0
2016-07-04,5,TEN,18517.0,19284.0
2016-07-04,6,TEN,17572.0,17697.0
2016-07-04,7,TEN,16597.0,16658.0
2016-07-04,8,TEN,16008.0,16169.0
2016-07-04,9,TEN,15648.0,15847.0
2016-07-04,10,TEN,15519.0,15667.0
2016-07-04,11,TEN,15429.0,15613.0
2016-07-04,12,TEN,15478.0,15707.0
2016-07-04,13,TEN,16540.0,16853.0
2016-07-04,14,TEN,18394.0,18771.0
2016-07-04,15,TEN,20270.0,20266.0
2016-07-04,16,TEN,22256.0,22142.0
2016-07-04,17,TEN,23816.0,23740.0
2016-07-04,18,TEN,24610.0,24249.0
2016-07-04,19,TEN,25021.0,24365.0
2016-07-04,20,TEN,25116.0,24489.0
2016-07-04,21,TEN,25098.0,24458.0
2016-07-04,22,TEN,24695.0,24136.0
2016-07-04,23,TEN,24468.0,23988.0
2016-07-05,0,TEN,23534.0,23654.0
2016-07-05,1,TEN,22380.0,22739.0
2016-07-05,2,TEN,21568.0,22005.0
2016-07-05,3,TEN,20751.0,21105.0
2016-07-05,4,TEN,19810.0,20285.0
2016-07-05,5,TEN,18487.0,18833.0
2016-07-05,6,TEN,17318.0,17661.0
2016-07-05,7,TEN,16513.0,16924.0
2016-07-05,8,TEN,16077.0,16364.0
2016-07-05,9,TEN,15872.0,16223.0
2016-07-05,10,TEN,16054.0,16388.0
2016-07-05,11,TEN,16797.0,17154.0
2016-07-05,12,TEN,17548.0,17958.0
2016-07-05,13,TEN,18513.0,18959.0
2016-07-05,14,TEN,19319.0,19539.0
2016-07-05,15,TEN,20150.0,20655.0
2016-07-05,16,TEN,21042.0,21526.0
2016-07-05,17,TEN,21835.0,22265.0
2016-07-05,18,TEN,22788.0,23148.0
2016-07-05,19,TEN,23390.0,23800.0
2016-07-05,20,TEN,23711.0,24120.0
2016-07-05,21,TEN,24059.0,24478.0
2016-07-05,22,TEN,24098.0,24510.0
2016-07-05,23,TEN,24000.0,24373.0
2016-07-06,0,TEN,23551.0,23961.0
2016-07-06,1,TEN,22898.0,23130.0
2016-07-06,2,TEN,22487.0,22705.0
2016-07-06,3,TEN,21525.0,21772.0
2016-07-06,4,TEN,19903.0,20348.0
2016-07-06,5,TEN,18387.0,19055.0
2016-07-06,6,TEN,17345.0,17837.0
2016-07-06,7,TEN,16573.0,17227.0
2016-07-06,8,TEN,15999.0,16637.0
2016-07-06,9,TEN,15804.0,16412.0
2016-07-06,10,TEN,15963.0,16583.0
2016-07-06,11,TEN,16642.0,17227.0
2016-07-06,12,TEN,17491.0,17657.0
2016-07-06,13,TEN,18745.0,19014.0
2016-07-06,14,TEN,20164.0,20066.0
2016-07-06,15,TEN,21606.0,21565.0
2016-07-06,16,TEN,22933.0,22644.0
2016-07-06,17,TEN,24434.0,23736.0
2016-07-06,18,TEN,25646.0,25221.0
2016-07-06,19,TEN,26454.0,26145.0
2016-07-06,20,TEN,26773.0,26565.0
2016-07-06,21,TEN,26620.0,26461.0
2016-07-06,22,TEN,26321.0,26024.0
2016-07-06,23,TEN,25295.0,25111.0
2016-07-07,0,TEN,24267.0,24150.0
2016-07-07,1,TEN,23266.0,23125.0
2016-07-07,2,TEN,22845.0,22540.0
2016-07-07,3,TEN,21792.0,21576.0
2016-07-07,4,TEN,20177.0,20549.0
2016-07-07,5,TEN,18590.0,18922.0
2016-07-07,6,TEN,17529.0,17967.0
2016-07-07,7,TEN,16793.0,17382.0
2016-07-07,8,TEN,16300.0,16822.0
2016-07-07,9,TEN,15927.0,16536.0
2016-07-07,10,TEN,16122.0,16663.0
2016-07-07,11,TEN,16772.0,17397.0
2016-07-07,12,TEN,17530.0,17749.0
2016-07-07,13,TEN,18512.0,18664.0
2016-07-07,14,TEN,19605.0,19088.0
2016-07-07,15,TEN,20967.0,20842.0
2016-07-07,16,TEN,22551.0,22336.0
2016-07-07,17,TEN,23979.0,23939.0
2016-07-07,18,TEN,25233.0,25172.0
2016-07-07,19,TEN,25800.0,25756.0
2016-07-07,20,TEN,26260.0,26202.0
2016-07-07,21,TEN,26318.0,26147.0
2016-07-07,22,TEN,26190.0,26124.0
2016-07-07,23,TEN,25604.0,25728.0
2016-07-08,0,TEN,24686.0,24463.0
2016-07-08,1,TEN,24026.0,23593.0
2016-07-08,2,TEN,23716.0,23344.0
2016-07-08,3,TEN,22674.0,22400.0
2016-07-08,4,TEN,20851.0,21138.0
2016-07-08,5,TEN,19148.0,19555.0
2016-07-08,6,TEN,17914.0,18539.0
2016-07-08,7,TEN,17050.0,17572.0
2016-07-08,8,TEN,16337.0,17007.0
2016-07-08,9,TEN,16082.0,16693.0
2016-07-08,10,TEN,16390.0,17006.0
2016-07-08,11,TEN,17077.0,17144.0
2016-07-08,12,TEN,17980.0,17817.0
2016-07-08,13,TEN,19423.0,18619.0
2016-07-08,14,TEN,21102.0,19994.0
2016-07-08,15,TEN,22714.0,21679.0
2016-07-08,16,TEN,24595.0,23606.0
2016-07-08,17,TEN,25997.0,24705.0
2016-07-08,18,TEN,27086.0,25800.0
2016-07-08,19,TEN,27650.0,26256.0
2016-07-08,20,TEN,28186.0,26216.0
2016-07-08,21,TEN,28439.0,26402.0
2016-07-08,22,TEN,28293.0,26300.0
2016-07-08,23,TEN,27195.0,25504.0
2016-07-09,0,TEN,25949.0,24091.0
2016-07-09,1,TEN,24848.0,23295.0
2016-07-09,2,TEN,24205.0,22764.0
2016-07-09,3,TEN,22447.0,21326.0
2016-07-09,4,TEN,20596.0,20238.0
2016-07-09,5,TEN,18999.0,19257.0
2016-07-09,6,TEN,17626.0,17796.0
2016-07-09,7,TEN,16662.0,16976.0
2016-07-09,8,TEN,16081.0,16405.0
2016-07-09,9,TEN,15580.0,15897.0
2016-07-09,10,TEN,15406.0,15714.0
2016-07-09,11,TEN,15288.0,15583.0
2016-07-09,12,TEN,15474.0,15856.0
2016-07-09,13,TEN,16486.0,16814.0
2016-07-09,14,TEN,17907.0,18225.0
2016-07-09,15,TEN,19541.0,19952.0
2016-07-09,16,TEN,21127.0,21338.0
2016-07-09,17,TEN,22390.0,22326.0
2016-07-09,18,TEN,23432.0,23156.0
2016-07-09,19,TEN,24223.0,23331.0
2016-07-09,20,TEN,24770.0,23858.0
2016-07-09,21,TEN,25272.0,24152.0
2016-07-09,22,TEN,25442.0,24093.0
2016-07-09,23,TEN,25070.0,23969.0
2016-07-10,0,TEN,24233.0,23424.0
2016-07-10,1,TEN,23009.0,22433.0
2016-07-10,2,TEN,22388.0,21994.0
2016-07-10,3,TEN,21031.0,20964.0
2016-07-10,4,TEN,19412.0,19692.0
2016-07-10,5,TEN,17867.0,18184.0
2016-07-10,6,TEN,16599.0,16821.0
2016-07-10,7,TEN,15649.0,15916.0
2016-07-10,8,TEN,14976.0,15261.0
2016-07-10,9,TEN,14489.0,14920.0
2016-07-10,10,TEN,14317.0,14635.0
2016-07-10,11,TEN,14316.0,14602.0
2016-07-10,12,TEN,14524.0,14877.0
2016-07-10,13,TEN,15572.0,15861.0
2016-07-10,14,TEN,16931.0,17331.0
2016-07-10,15,TEN,18255.0,18685.0
2016-07-10,16,TEN,19385.0,19747.0
2016-07-10,17,TEN,20482.0,20833.0
2016-07-10,18,TEN,21455.0,21273.0
2016-07-10,19,TEN,22492.0,21896.0
2016-07-10,20,TEN,23607.0,23029.0
2016-07-10,21,TEN,24400.0,23716.0
2016-07-10,22,TEN,24833.0,24311.0
2016-07-10,23,TEN,24755.0,23985.0
2016-07-11,0,TEN,24055.0,23368.0
2016-07-11,1,TEN,23036.0,22673.0
2016-07-11,2,TEN,22334.0,22382.0
2016-07-11,3,TEN,21192.0,21522.0
2016-07-11,4,TEN,19431.0,19763.0
2016-07-11,5,TEN,17869.0,18262.0
2016-07-11,6,TEN,16627.0,16820.0
2016-07-11,7,TEN,15858.0,16139.0
2016-07-11,8,TEN,15266.0,15573.0
2016-07-11,9,TEN,15017.0,15331.0
2016-07-11,10,TEN,15281.0,15581.0
2016-07-11,11,TEN,16048.0,16369.0
2016-07-11,12,TEN,16953.0,17383.0
2016-07-11,13,TEN,17981.0,18443.0
2016-07-11,14,TEN,18994.0,19450.0
2016-07-11,15,TEN,20054.0,20676.0
2016-07-11,16,TEN,21406.0,22060.0
2016-07-11,17,TEN,22768.0,23550.0
2016-07-11,18,TEN,23845.0,24283.0
2016-07-11,19,TEN,24766.0,24729.0
2016-07-11,20,TEN,25372.0,25426.0
2016-07-11,21,TEN,25794.0,25762.0
2016-07-11,22,TEN,25821.0,25847.0
2016-07-11,23,TEN,25608.0,25447.0
2016-07-12,0,TEN,25030.0,25179.0
2016-07-12,1,TEN,24076.0,24487.0
2016-07-12,2,TEN,23402.0,23868.0
2016-07-12,3,TEN,22349.0,22729.0
2016-07-12,4,TEN,20445.0,20824.0
2016-07-12,5,TEN,18723.0,19065.0
2016-07-12,6,TEN,17441.0,17759.0
2016-07-12,7,TEN,16477.0,16786.0
2016-07-12,8,TEN,15941.0,16233.0
2016-07-12,9,TEN,15667.0,15986.0
2016-07-12,10,TEN,15777.0,16132.0
2016-07-12,11,TEN,16500.0,16981.0
2016-07-12,12,TEN,17448.0,18031.0
2016-07-12,13,TEN,18600.0,19180.0
2016-07-12,14,TEN,19920.0,20296.0
2016-07-12,15,TEN,21616.0,22132.0
2016-07-12,16,TEN,23294.0,23948.0
2016-07-12,17,TEN,24897.0,25556.0
2016-07-12,18,TEN,26027.0,26653.0
2016-07-12,19,TEN,26820.0,27311.0
2016-07-12,20,TEN,27358.0,27763.0
2016-07-12,21,TEN,27420.0,27496.0
2016-07-12,22,TEN,27343.0,27257.0
2016-07-12,23,TEN,27068.0,27627.0
2016-07-13,0,TEN,26403.0,26954.0
2016-07-13,1,TEN,25464.0,25882.0
2016-07-13,2,TEN,24970.0,25392.0
2016-07-13,3,TEN,23613.0,23988.0
2016-07-13,4,TEN,21622.0,21899.0
2016-07-13,5,TEN,19747.0,19918.0
2016-07-13,6,TEN,18389.0,18673.0
2016-07-13,7,TEN,17414.0,17717.0
2016-07-13,8,TEN,16604.0,16931.0
2016-07-13,9,TEN,16159.0,16537.0
2016-07-13,10,TEN,16164.0,16489.0
2016-07-13,11,TEN,16720.0,17083.0
2016-07-13,12,TEN,17462.0,17999.0
2016-07-13,13,TEN,18805.0,19316.0
2016-07-13,14,TEN,20325.0,20702.0
2016-07-13,15,TEN,22063.0,22500.0
2016-07-13,16,TEN,23939.0,24048.0
2016-07-13,17,TEN,25534.0,25650.0
2016-07-13,18,TEN,26798.0,26230.0
2016-07-13,19,TEN,27702.0,26475.0
2016-07-13,20,TEN,28383.0,26853.0
2016-07-13,21,TEN,28826.0,26878.0
2016-07-13,22,TEN,28971.0,27045.0
2016-07-13,23,TEN,28722.0,27080.0
2016-07-14,0,TEN,27923.0,26158.0
2016-07-14,1,TEN,26756.0,25011.0
2016-07-14,2,TEN,26074.0,24296.0
2016-07-14,3,TEN,24690.0,23510.0
2016-07-14,4,TEN,22653.0,21695.0
2016-07-14,5,TEN,20830.0,19724.0
2016-07-14,6,TEN,19426.0,18674.0
2016-07-14,7,TEN,18426.0,17711.0
2016-07-14,8,TEN,17566.0,16858.0
2016-07-14,9,TEN,17148.0,16464.0
2016-07-14,10,TEN,17153.0,16420.0
2016-07-14,11,TEN,17626.0,16882.0
2016-07-14,12,TEN,18428.0,17812.0
2016-07-14,13,TEN,19916.0,19456.0
2016-07-14,14,TEN,21552.0,21183.0
2016-07-14,15,TEN,23015.0,22755.0
2016-07-14,16,TEN,24338.0,23541.0
2016-07-14,17,TEN,25171.0,23890.0
2016-07-14,18,TEN,25186.0,23874.0
2016-07-14,19,TEN,24967.0,23744.0
2016-07-14,20,TEN,24594.0,23565.0
2016-07-14,21,TEN,24367.0,23305.0
2016-07-14,22,TEN,24035.0,23187.0
2016-07-14,23,TEN,23584.0,22828.0
2016-07-15,0,TEN,22927.0,22215.0
2016-07-15,1,TEN,22373.0,21720.0
2016-07-15,2,TEN,22238.0,21583.0
2016-07-15,3,TEN,21099.0,20709.0
2016-07-15,4,TEN,19535.0,19229.0
2016-07-15,5,TEN,18025.0,17431.0
2016-07-15,6,TEN,16962.0,17044.0
2016-07-15,7,TEN,16251.0,16421.0
2016-07-15,8,TEN,15691.0,15889.0
2016-07-15,9,TEN,15486.0,15883.0
2016-07-15,10,TEN,15584.0,15979.0
2016-07-15,11,TEN,16276.0,16562.0
2016-07-15,12,TEN,16898.0,17368.0
2016-07-15,13,TEN,17975.0,18512.0
2016-07-15,14,TEN,19199.0,19772.0
2016-07-15,15,TEN,20332.0,20930.0
2016-07-15,16,TEN,21870.0,22366.0
2016-07-15,17,TEN,23254.0,23847.0
2016-07-15,18,TEN,24394.0,25012.0
2016-07-15,19,TEN,25220.0,25818.0
2016-07-15,20,TEN,25985.0,25964.0
2016-07-15,21,TEN,26533.0,26423.0
2016-07-15,22,TEN,26838.0,26684.0
2016-07-15,23,TEN,26497.0,26613.0
2016-07-16,0,TEN,25661.0,26105.0
2016-07-16,1,TEN,24407.0,24796.0
2016-07-16,2,TEN,23598.0,23907.0
2016-07-16,3,TEN,22289.0,22599.0
2016-07-16,4,TEN,20573.0,20881.0
2016-07-16,5,TEN,18843.0,19104.0
2016-07-16,6,TEN,17526.0,17846.0
2016-07-16,7,TEN,16533.0,16838.0
2016-07-16,8,TEN,15808.0,16165.0
2016-07-16,9,TEN,15438.0,15792.0
2016-07-16,10,TEN,15317.0,15697.0
2016-07-16,11,TEN,15382.0,15753.0
2016-07-16,12,TEN,15413.0,16067.0
2016-07-16,13,TEN,16412.0,17040.0
2016-07-16,14,TEN,17919.0,18552.0
2016-07-16,15,TEN,19603.0,20111.0
2016-07-16,16,TEN,21145.0,21783.0
2016-07-16,17,TEN,22533.0,23117.0
2016-07-16,18,TEN,23588.0,24205.0
2016-07-16,19,TEN,24192.0,24780.0
2016-07-16,20,TEN,24413.0,24648.0
2016-07-16,21,TEN,24463.0,24677.0
2016-07-16,22,TEN,24484.0,24706.0
2016-07-16,23,TEN,24147.0,24555.0
2016-07-17,0,TEN,23435.0,24025.0
2016-07-17,1,TEN,22537.0,22930.0
2016-07-17,2,TEN,22179.0,22618.0
2016-07-17,3,TEN,21202.0,21643.0
2016-07-17,4,TEN,19493.0,19777.0
2016-07-17,5,TEN,18024.0,18317.0
2016-07-17,6,TEN,16716.0,16892.0
2016-07-17,7,TEN,15755.0,16169.0
2016-07-17,8,TEN,15103.0,15537.0
2016-07-17,9,TEN,14683.0,15107.0
2016-07-17,10,TEN,14394.0,14800.0
2016-07-17,11,TEN,14325.0,14732.0
2016-07-17,12,TEN,14408.0,15061.0
2016-07-17,13,TEN,16011.0,16691.0
2016-07-17,14,TEN,17919.0,18579.0
2016-07-17,15,TEN,19831.0,20503.0
2016-07-17,16,TEN,21478.0,22228.0
2016-07-17,17,TEN,23174.0,23543.0
2016-07-17,18,TEN,24557.0,24919.0
2016-07-17,19,TEN,25638.0,25638.0
2016-07-17,20,TEN,26316.0,26137.0
2016-07-17,21,TEN,26646.0,26329.0
2016-07-17,22,TEN,27008.0,26603.0
2016-07-17,23,TEN,26951.0,26669.0
2016-07-18,0,TEN,26394.0,26298.0
2016-07-18,1,TEN,25313.0,25407.0
2016-07-18,2,TEN,24675.0,24954.0
2016-07-18,3,TEN,23380.0,23895.0
2016-07-18,4,TEN,21629.0,22062.0
2016-07-18,5,TEN,19951.0,20381.0
2016-07-18,6,TEN,18593.0,18905.0
2016-07-18,7,TEN,17453.0,17813.0
2016-07-18,8,TEN,16785.0,17041.0
2016-07-18,9,TEN,16467.0,16778.0
2016-07-18,10,TEN,16706.0,16955.0
2016-07-18,11,TEN,17317.0,17548.0
2016-07-18,12,TEN,18136.0,18051.0
2016-07-18,13,TEN,19731.0,19507.0
2016-07-18,14,TEN,21431.0,21304.0
2016-07-18,15,TEN,23323.0,23198.0
2016-07-18,16,TEN,25419.0,25376.0
2016-07-18,17,TEN,26942.0,26946.0
2016-07-18,18,TEN,27850.0,27487.0
2016-07-18,19,TEN,28449.0,27505.0
2016-07-18,20,TEN,28622.0,26953.0
2016-07-18,21,TEN,28726.0,26765.0
2016-07-18,22,TEN,28589.0,26758.0
2016-07-18,23,TEN,28315.0,26832.0
2016-07-19,0,TEN,27850.0,26358.0
2016-07-19,1,TEN,27125.0,25927.0
2016-07-19,2,TEN,26385.0,25712.0
2016-07-19,3,TEN,25038.0,24576.0
2016-07-19,4,TEN,23037.0,22860.0
2016-07-19,5,TEN,21061.0,21315.0
2016-07-19,6,TEN,19598.0,19930.0
2016-07-19,7,TEN,18500.0,18868.0
2016-07-19,8,TEN,17707.0,18137.0
2016-07-19,9,TEN,17317.0,17783.0
2016-07-19,10,TEN,17440.0,17827.0
2016-07-19,11,TEN,18000.0,18565.0
2016-07-19,12,TEN,18679.0,18714.0
2016-07-19,13,TEN,20119.0,19523.0
2016-07-19,14,TEN,21881.0,21270.0
2016-07-19,15,TEN,23811.0,23029.0
2016-07-19,16,TEN,25840.0,25068.0
2016-07-19,17,TEN,27472.0,26562.0
2016-07-19,18,TEN,28366.0,26779.0
2016-07-19,19,TEN,28855.0,26935.0
2016-07-19,20,TEN,28966.0,26570.0
2016-07-19,21,TEN,28712.0,26432.0
2016-07-19,22,TEN,28180.0,26309.0
2016-07-19,23,TEN,27476.0,26141.0
2016-07-20,0,TEN,26666.0,25551.0
2016-07-20,1,TEN,25760.0,25094.0
2016-07-20,2,TEN,25322.0,24384.0
2016-07-20,3,TEN,23924.0,23485.0
2016-07-20,4,TEN,21835.0,21973.0
2016-07-20,5,TEN,20183.0,20431.0
2016-07-20,6,TEN,18685.0,18999.0
2016-07-20,7,TEN,17683.0,18005.0
2016-07-20,8,TEN,17014.0,17583.0
2016-07-20,9,TEN,16654.0,17097.0
2016-07-20,10,TEN,16805.0,17217.0
2016-07-20,11,TEN,17414.0,17508.0
2016-07-20,12,TEN,18151.0,17694.0
2016-07-20,13,TEN,19519.0,18426.0
2016-07-20,14,TEN,21186.0,19980.0
2016-07-20,15,TEN,23146.0,21926.0
2016-07-20,16,TEN,25166.0,23972.0
2016-07-20,17,TEN,26853.0,25507.0
2016-07-20,18,TEN,27962.0,26606.0
2016-07-20,19,TEN,28517.0,26561.0
2016-07-20,20,TEN,28535.0,26187.0
2016-07-20,21,TEN,28098.0,25274.0
2016-07-20,22,TEN,27719.0,25271.0
2016-07-20,23,TEN,27203.0,24995.0
2016-07-21,0,TEN,26474.0,24908.0
2016-07-21,1,TEN,25657.0,24025.0
2016-07-21,2,TEN,25127.0,23574.0
2016-07-21,3,TEN,23797.0,22530.0
2016-07-21,4,TEN,21874.0,21537.0
2016-07-21,5,TEN,19960.0,20242.0
2016-07-21,6,TEN,18652.0,18802.0
2016-07-21,7,TEN,17565.0,18096.0
2016-07-21,8,TEN,16955.0,17266.0
2016-07-21,9,TEN,16495.0,16856.0
2016-07-21,10,TEN,16735.0,16997.0
2016-07-21,11,TEN,17345.0,17375.0
2016-07-21,12,TEN,18118.0,17665.0
2016-07-21,13,TEN,19463.0,17857.0
2016-07-21,14,TEN,21116.0,19461.0
2016-07-21,15,TEN,23139.0,21529.0
2016-07-21,16,TEN,25313.0,23651.0
2016-07-21,17,TEN,26960.0,25331.0
2016-07-21,18,TEN,28192.0,26377.0
2016-07-21,19,TEN,29041.0,26819.0
2016-07-21,20,TEN,29544.0,26880.0
2016-07-21,21,TEN,29751.0,26734.0
2016-07-21,22,TEN,29648.0,26707.0
2016-07-21,23,TEN,29230.0,26490.0
2016-07-22,0,TEN,28606.0,26487.0
2016-07-22,1,TEN,27637.0,25637.0
2016-07-22,2,TEN,27086.0,25157.0
2016-07-22,3,TEN,25385.0,23729.0
2016-07-22,4,TEN,23498.0,22742.0
2016-07-22,5,TEN,21574.0,21549.0
2016-07-22,6,TEN,20045.0,20432.0
2016-07-22,7,TEN,18859.0,18984.0
2016-07-22,8,TEN,18102.0,18315.0
2016-07-22,9,TEN,17544.0,17805.0
2016-07-22,10,TEN,17600.0,17638.0
2016-07-22,11,TEN,18084.0,17870.0
2016-07-22,12,TEN,18677.0,17748.0
2016-07-22,13,TEN,19895.0,18392.0
2016-07-22,14,TEN,21507.0,20028.0
2016-07-22,15,TEN,23377.0,21923.0
2016-07-22,16,TEN,25331.0,23906.0
2016-07-22,17,TEN,26968.0,25485.0
2016-07-22,18,TEN,28023.0,26494.0
2016-07-22,19,TEN,28509.0,26638.0
2016-07-22,20,TEN,28703.0,26506.0
2016-07-22,21,TEN,28603.0,26256.0
2016-07-22,22,TEN,28256.0,25833.0
2016-07-22,23,TEN,27636.0,25751.0
2016-07-23,0,TEN,26452.0,24911.0
2016-07-23,1,TEN,25423.0,23663.0
2016-07-23,2,TEN,24970.0,23159.0
2016-07-23,3,TEN,23625.0,22157.0
2016-07-23,4,TEN,21950.0,21198.0
2016-07-23,5,TEN,20267.0,20333.0
2016-07-23,6,TEN,18956.0,19241.0
2016-07-23,7,TEN,17902.0,18327.0
2016-07-23,8,TEN,17135.0,17406.0
2016-07-23,9,TEN,16691.0,16963.0
2016-07-23,10,TEN,16364.0,16677.0
2016-07-23,11,TEN,16381.0,16629.0
2016-07-23,12,TEN,16562.0,16884.0
2016-07-23,13,TEN,17693.0,18012.0
2016-07-23,14,TEN,19338.0,19548.0
2016-07-23,15,TEN,21100.0,21329.0
2016-07-23,16,TEN,22977.0,23168.0
2016-07-23,17,TEN,24451.0,24627.0
2016-07-23,18,TEN,25407.0,25637.0
2016-07-23,19,TEN,25931.0,25812.0
2016-07-23,20,TEN,26120.0,25796.0
2016-07-23,21,TEN,26114.0,25885.0
2016-07-23,22,TEN,25986.0,25637.0
2016-07-23,23,TEN,25533.0,25476.0
2016-07-24,0,TEN,24644.0,24836.0
2016-07-24,1,TEN,23674.0,23815.0
2016-07-24,2,TEN,23361.0,23473.0
2016-07-24,3,TEN,22171.0,22276.0
2016-07-24,4,TEN,20630.0,20824.0
2016-07-24,5,TEN,19097.0,19304.0
2016-07-24,6,TEN,17791.0,18001.0
2016-07-24,7,TEN,16720.0,16993.0
2016-07-24,8,TEN,16057.0,16308.0
2016-07-24,9,TEN,15638.0,15906.0
2016-07-24,10,TEN,15441.0,15902.0
2016-07-24,11,TEN,15441.0,15941.0
2016-07-24,12,TEN,15531.0,16058.0
2016-07-24,13,TEN,16784.0,16950.0
2016-07-24,14,TEN,18596.0,18799.0
2016-07-24,15,TEN,20512.0,20682.0
2016-07-24,16,TEN,22200.0,22437.0
2016-07-24,17,TEN,23786.0,23988.0
2016-07-24,18,TEN,25238.0,25575.0
2016-07-24,19,TEN,26224.0,26627.0
2016-07-24,20,TEN,26786.0,26977.0
2016-07-24,21,TEN,27307.0,27368.0
2016-07-24,22,TEN,27553.0,27378.0
2016-07-24,23,TEN,27284.0,27174.0
2016-07-25,0,TEN,26591.0,26678.0
2016-07-25,1,TEN,25599.0,25807.0
2016-07-25,2,TEN,25169.0,25262.0
2016-07-25,3,TEN,23877.0,23952.0
2016-07-25,4,TEN,22023.0,22053.0
2016-07-25,5,TEN,20404.0,20603.0
2016-07-25,6,TEN,19048.0,19276.0
2016-07-25,7,TEN,18185.0,18401.0
2016-07-25,8,TEN,17480.0,17839.0
2016-07-25,9,TEN,17137.0,17420.0
2016-07-25,10,TEN,17228.0,17557.0
2016-07-25,11,TEN,17983.0,18367.0
2016-07-25,12,TEN,18711.0,18926.0
2016-07-25,13,TEN,20205.0,19928.0
2016-07-25,14,TEN,22066.0,21600.0
2016-07-25,15,TEN,24095.0,23951.0
2016-07-25,16,TEN,26276.0,26083.0
2016-07-25,17,TEN,27852.0,27330.0
2016-07-25,18,TEN,28574.0,27604.0
2016-07-25,19,TEN,28670.0,27715.0
2016-07-25,20,TEN,29079.0,28031.0
2016-07-25,21,TEN,29026.0,27764.0
2016-07-25,22,TEN,28761.0,27492.0
2016-07-25,23,TEN,28475.0,27334.0
2016-07-26,0,TEN,27820.0,26948.0
2016-07-26,1,TEN,26854.0,26090.0
2016-07-26,2,TEN,26346.0,25581.0
2016-07-26,3,TEN,24766.0,24473.0
2016-07-26,4,TEN,22619.0,22457.0
2016-07-26,5,TEN,20931.0,21134.0
2016-07-26,6,TEN,19456.0,19700.0
2016-07-26,7,TEN,18500.0,18764.0
2016-07-26,8,TEN,17720.0,17970.0
2016-07-26,9,TEN,17344.0,17617.0
2016-07-26,10,TEN,17356.0,17612.0
2016-07-26,11,TEN,18032.0,18214.0
2016-07-26,12,TEN,18678.0,18792.0
2016-07-26,13,TEN,19952.0,19278.0
2016-07-26,14,TEN,21366.0,20743.0
2016-07-26,15,TEN,23243.0,22646.0
2016-07-26,16,TEN,25342.0,24471.0
2016-07-26,17,TEN,27013.0,25994.0
2016-07-26,18,TEN,28231.0,27030.0
2016-07-26,19,TEN,28938.0,27466.0
2016-07-26,20,TEN,29328.0,27528.0
2016-07-26,21,TEN,29509.0,27740.0
2016-07-26,22,TEN,29431.0,27685.0
2016-07-26,23,TEN,29069.0,27506.0
2016-07-27,0,TEN,28142.0,26690.0
2016-07-27,1,TEN,27081.0,25938.0
2016-07-27,2,TEN,26558.0,25481.0
2016-07-27,3,TEN,24936.0,24387.0
2016-07-27,4,TEN,22792.0,22581.0
2016-07-27,5,TEN,21019.0,21219.0
2016-07-27,6,TEN,19613.0,19844.0
2016-07-27,7,TEN,18588.0,18911.0
2016-07-27,8,TEN,17887.0,18112.0
2016-07-27,9,TEN,17322.0,17606.0
2016-07-27,10,TEN,17482.0,17753.0
2016-07-27,11,TEN,18092.0,18358.0
2016-07-27,12,TEN,18855.0,19051.0
2016-07-27,13,TEN,20161.0,19969.0
2016-07-27,14,TEN,21655.0,21417.0
2016-07-27,15,TEN,23357.0,23208.0
2016-07-27,16,TEN,25077.0,24631.0
2016-07-27,17,TEN,26419.0,26212.0
2016-07-27,18,TEN,27561.0,26929.0
2016-07-27,19,TEN,28216.0,27093.0
2016-07-27,20,TEN,28565.0,27096.0
2016-07-27,21,TEN,28627.0,26884.0
2016-07-27,22,TEN,28252.0,26786.0
2016-07-27,23,TEN,27815.0,26580.0
2016-07-28,0,TEN,26926.0,25887.0
2016-07-28,1,TEN,25919.0,25127.0
2016-07-28,2,TEN,25519.0,24908.0
2016-07-28,3,TEN,24093.0,23927.0
2016-07-28,4,TEN,22024.0,22112.0
2016-07-28,5,TEN,20533.0,20801.0
2016-07-28,6,TEN,19298.0,19586.0
2016-07-28,7,TEN,18327.0,18645.0
2016-07-28,8,TEN,17751.0,17982.0
2016-07-28,9,TEN,17318.0,17625.0
2016-07-28,10,TEN,17431.0,17722.0
2016-07-28,11,TEN,18103.0,18613.0
2016-07-28,12,TEN,18910.0,19262.0
2016-07-28,13,TEN,19684.0,19694.0
2016-07-28,14,TEN,20433.0,20403.0
2016-07-28,15,TEN,21197.0,21197.0
2016-07-28,16,TEN,21897.0,21878.0
2016-07-28,17,TEN,22598.0,22763.0
2016-07-28,18,TEN,23206.0,23436.0
2016-07-28,19,TEN,23648.0,23756.0
2016-07-28,20,TEN,24107.0,24312.0
2016-07-28,21,TEN,24387.0,24486.0
2016-07-28,22,TEN,24308.0,24445.0
2016-07-28,23,TEN,23953.0,24066.0
2016-07-29,0,TEN,23423.0,23462.0
2016-07-29,1,TEN,22950.0,22885.0
2016-07-29,2,TEN,22814.0,22771.0
2016-07-29,3,TEN,21727.0,21661.0
2016-07-29,4,TEN,20149.0,20430.0
2016-07-29,5,TEN,18754.0,19012.0
2016-07-29,6,TEN,17620.0,17920.0
2016-07-29,7,TEN,16942.0,17280.0
2016-07-29,8,TEN,16377.0,16692.0
2016-07-29,9,TEN,16140.0,16460.0
2016-07-29,10,TEN,16465.0,16821.0
2016-07-29,11,TEN,17221.0,17785.0
2016-07-29,12,TEN,18073.0,18331.0
2016-07-29,13,TEN,19001.0,18916.0
2016-07-29,14,TEN,19965.0,19886.0
2016-07-29,15,TEN,21060.0,20868.0
2016-07-29,16,TEN,22074.0,22073.0
2016-07-29,17,TEN,23133.0,23183.0
2016-07-29,18,TEN,24049.0,24120.0
2016-07-29,19,TEN,24685.0,24667.0
2016-07-29,20,TEN,25145.0,24701.0
2016-07-29,21,TEN,25470.0,24921.0
2016-07-29,22,TEN,25356.0,24656.0
2016-07-29,23,TEN,24980.0,24763.0
2016-07-30,0,TEN,23829.0,23794.0
2016-07-30,1,TEN,22919.0,22788.0
2016-07-30,2,TEN,22631.0,22377.0
2016-07-30,3,TEN,21355.0,21148.0
2016-07-30,4,TEN,19818.0,20060.0
2016-07-30,5,TEN,18026.0,18841.0
2016-07-30,6,TEN,17124.0,17431.0
2016-07-30,7,TEN,16195.0,16559.0
2016-07-30,8,TEN,15648.0,15927.0
2016-07-30,9,TEN,15249.0,15547.0
2016-07-30,10,TEN,15196.0,15506.0
2016-07-30,11,TEN,15371.0,15664.0
2016-07-30,12,TEN,15607.0,15923.0
2016-07-30,13,TEN,16407.0,16974.0
2016-07-30,14,TEN,17759.0,18153.0
2016-07-30,15,TEN,19130.0,19472.0
2016-07-30,16,TEN,20617.0,20793.0
2016-07-30,17,TEN,22098.0,22261.0
2016-07-30,18,TEN,23164.0,23531.0
2016-07-30,19,TEN,23903.0,24247.0
2016-07-30,20,TEN,24333.0,24771.0
2016-07-30,21,TEN,24724.0,25108.0
2016-07-30,22,TEN,24795.0,25167.0
2016-07-30,23,TEN,24641.0,24965.0
2016-07-31,0,TEN,24174.0,24450.0
2016-07-31,1,TEN,23116.0,23445.0
2016-07-31,2,TEN,22745.0,22831.0
2016-07-31,3,TEN,21525.0,21781.0
2016-07-31,4,TEN,19940.0,20382.0
2016-07-31,5,TEN,18407.0,18689.0
2016-07-31,6,TEN,17281.0,17548.0
2016-07-31,7,TEN,16289.0,16589.0
2016-07-31,8,TEN,15671.0,15984.0
2016-07-31,9,TEN,15136.0,15411.0
2016-07-31,10,TEN,14935.0,15292.0
2016-07-31,11,TEN,15069.0,15359.0
2016-07-31,12,TEN,15167.0,15551.0
2016-07-31,13,TEN,16339.0,16935.0
2016-07-31,14,TEN,18102.0,18773.0
2016-07-31,15,TEN,19684.0,20297.0
2016-07-31,16,TEN,21100.0,21506.0
2016-07-31,17,TEN,22441.0,22879.0
2016-07-31,18,TEN,23773.0,24092.0
2016-07-31,19,TEN,24654.0,24972.0
2016-07-31,20,TEN,25158.0,25379.0
2016-07-31,21,TEN,25540.0,25546.0
2016-07-31,22,TEN,25734.0,25745.0
2016-07-31,23,TEN,25732.0,25729.0
2016-08-01,0,TEN,24987.0,24842.0
2016-08-01,1,TEN,23926.0,24278.0
2016-08-01,2,TEN,23501.0,23841.0
2016-08-01,3,TEN,22123.0,22550.0
2016-08-01,4,TEN,20379.0,20723.0
2016-08-01,5,TEN,18732.0,19141.0
2016-08-01,6,TEN,17537.0,17938.0
2016-08-01,7,TEN,16546.0,16975.0
2016-08-01,8,TEN,15969.0,16425.0
2016-08-01,9,TEN,15768.0,16226.0
2016-08-01,10,TEN,15808.0,16295.0
2016-08-01,11,TEN,16663.0,17089.0
2016-08-01,12,TEN,17697.0,18434.0
2016-08-01,13,TEN,19012.0,19712.0
2016-08-01,14,TEN,20531.0,20860.0
2016-08-01,15,TEN,22546.0,22705.0
2016-08-01,16,TEN,24379.0,24543.0
2016-08-01,17,TEN,25959.0,26066.0
2016-08-01,18,TEN,27068.0,26882.0
2016-08-01,19,TEN,27705.0,27352.0
2016-08-01,20,TEN,28205.0,27403.0
2016-08-01,21,TEN,28563.0,27538.0
2016-08-01,22,TEN,28467.0,27879.0
2016-08-01,23,TEN,27996.0,27368.0
2016-08-02,0,TEN,27069.0,26724.0
2016-08-02,1,TEN,26044.0,26076.0
2016-08-02,2,TEN,25488.0,25487.0
2016-08-02,3,TEN,23894.0,24164.0
2016-08-02,4,TEN,21880.0,22249.0
2016-08-02,5,TEN,19693.0,20081.0
2016-08-02,6,TEN,18755.0,19220.0
2016-08-02,7,TEN,17874.0,18286.0
2016-08-02,8,TEN,17207.0,17678.0
2016-08-02,9,TEN,16915.0,17399.0
2016-08-02,10,TEN,17100.0,17616.0
2016-08-02,11,TEN,17795.0,18365.0
2016-08-02,12,TEN,18510.0,19157.0
2016-08-02,13,TEN,19649.0,20370.0
2016-08-02,14,TEN,20860.0,21477.0
2016-08-02,15,TEN,22209.0,22883.0
2016-08-02,16,TEN,23645.0,24280.0
2016-08-02,17,TEN,24545.0,25064.0
2016-08-02,18,TEN,25208.0,25475.0
2016-08-02,19,TEN,25840.0,26158.0
2016-08-02,20,TEN,26302.0,26342.0
2016-08-02,21,TEN,26599.0,26400.0
2016-08-02,22,TEN,26571.0,26505.0
2016-08-02,23,TEN,26323.0,26494.0
2016-08-03,0,TEN,25735.0,26210.0
2016-08-03,1,TEN,25094.0,25623.0
2016-08-03,2,TEN,24810.0,25170.0
2016-08-03,3,TEN,23406.0,23762.0
2016-08-03,4,TEN,21502.0,21873.0
2016-08-03,5,TEN,19653.0,19969.0
2016-08-03,6,TEN,18256.0,18558.0
2016-08-03,7,TEN,17501.0,17768.0
2016-08-03,8,TEN,16922.0,17221.0
2016-08-03,9,TEN,16652.0,16938.0
2016-08-03,10,TEN,16765.0,17147.0
2016-08-03,11,TEN,17534.0,18055.0
2016-08-03,12,TEN,18392.0,18784.0
2016-08-03,13,TEN,19402.0,19867.0
2016-08-03,14,TEN,20906.0,21357.0
2016-08-03,15,TEN,22650.0,23249.0
2016-08-03,16,TEN,24561.0,25201.0
2016-08-03,17,TEN,26029.0,26611.0
2016-08-03,18,TEN,27101.0,27086.0
2016-08-03,19,TEN,27626.0,27644.0
2016-08-03,20,TEN,28118.0,27955.0
2016-08-03,21,TEN,28200.0,28113.0
2016-08-03,22,TEN,27634.0,27346.0
2016-08-03,23,TEN,27191.0,27437.0
2016-08-04,0,TEN,26438.0,27051.0
2016-08-04,1,TEN,25464.0,25934.0
2016-08-04,2,TEN,24948.0,25260.0
2016-08-04,3,TEN,23534.0,23572.0
2016-08-04,4,TEN,21561.0,21555.0
2016-08-04,5,TEN,19743.0,20017.0
2016-08-04,6,TEN,18363.0,18552.0
2016-08-04,7,TEN,17445.0,17617.0
2016-08-04,8,TEN,16843.0,17071.0
2016-08-04,9,TEN,16618.0,16872.0
2016-08-04,10,TEN,16762.0,17061.0
2016-08-04,11,TEN,17530.0,17832.0
2016-08-04,12,TEN,18410.0,18758.0
2016-08-04,13,TEN,19526.0,19865.0
2016-08-04,14,TEN,20902.0,21309.0
2016-08-04,15,TEN,22621.0,23141.0
2016-08-04,16,TEN,24423.0,25005.0
2016-08-04,17,TEN,25982.0,26371.0
2016-08-04,18,TEN,27149.0,27597.0
2016-08-04,19,TEN,27598.0,27810.0
2016-08-04,20,TEN,28053.0,28008.0
2016-08-04,21,TEN,28492.0,28128.0
2016-08-04,22,TEN,28498.0,28197.0
2016-08-04,23,TEN,28099.0,28080.0
2016-08-05,0,TEN,27214.0,27448.0
2016-08-05,1,TEN,26281.0,26303.0
2016-08-05,2,TEN,25741.0,25805.0
2016-08-05,3,TEN,24134.0,23994.0
2016-08-05,4,TEN,22254.0,22347.0
2016-08-05,5,TEN,20496.0,20458.0
2016-08-05,6,TEN,19075.0,19238.0
2016-08-05,7,TEN,18024.0,18230.0
2016-08-05,8,TEN,17260.0,17512.0
2016-08-05,9,TEN,16934.0,17187.0
2016-08-05,10,TEN,17102.0,17376.0
2016-08-05,11,TEN,17925.0,18453.0
2016-08-05,12,TEN,18819.0,19200.0
2016-08-05,13,TEN,19861.0,20167.0
2016-08-05,14,TEN,21143.0,21157.0
2016-08-05,15,TEN,23132.0,22936.0
2016-08-05,16,TEN,25077.0,24822.0
2016-08-05,17,TEN,26812.0,26385.0
2016-08-05,18,TEN,27913.0,27430.0
2016-08-05,19,TEN,28260.0,27566.0
2016-08-05,20,TEN,28252.0,27102.0
2016-08-05,21,TEN,27947.0,26941.0
2016-08-05,22,TEN,27299.0,26853.0
2016-08-05,23,TEN,26509.0,26486.0
2016-08-06,0,TEN,25470.0,25793.0
2016-08-06,1,TEN,24690.0,24995.0
2016-08-06,2,TEN,24259.0,24311.0
2016-08-06,3,TEN,22923.0,23318.0
2016-08-06,4,TEN,21198.0,21407.0
2016-08-06,5,TEN,19584.0,19766.0
2016-08-06,6,TEN,18324.0,18541.0
2016-08-06,7,TEN,17287.0,17597.0
2016-08-06,8,TEN,16576.0,16825.0
2016-08-06,9,TEN,16145.0,16427.0
2016-08-06,10,TEN,16083.0,16373.0
2016-08-06,11,TEN,16129.0,16476.0
2016-08-06,12,TEN,16207.0,16610.0
2016-08-06,13,TEN,17271.0,17739.0
2016-08-06,14,TEN,18991.0,19589.0
2016-08-06,15,TEN,20664.0,21088.0
2016-08-06,16,TEN,22404.0,22949.0
2016-08-06,17,TEN,23906.0,24241.0
2016-08-06,18,TEN,25124.0,25010.0
2016-08-06,19,TEN,26082.0,25454.0
2016-08-06,20,TEN,26550.0,25936.0
2016-08-06,21,TEN,26659.0,26001.0
2016-08-06,22,TEN,26418.0,25817.0
2016-08-06,23,TEN,25581.0,25447.0
2016-08-07,0,TEN,24567.0,24708.0
2016-08-07,1,TEN,23692.0,23928.0
2016-08-07,2,TEN,23218.0,23492.0
2016-08-07,3,TEN,21964.0,22229.0
2016-08-07,4,TEN,20488.0,20694.0
2016-08-07,5,TEN,19013.0,19404.0
2016-08-07,6,TEN,17859.0,18228.0
2016-08-07,7,TEN,16894.0,17315.0
2016-08-07,8,TEN,16361.0,16787.0
2016-08-07,9,TEN,15967.0,16437.0
2016-08-07,10,TEN,15718.0,16206.0
2016-08-07,11,TEN,15763.0,16320.0
2016-08-07,12,TEN,15942.0,16539.0
2016-08-07,13,TEN,16962.0,17651.0
2016-08-07,14,TEN,18471.0,19151.0
2016-08-07,15,TEN,19919.0,20570.0
2016-08-07,16,TEN,21478.0,22043.0
2016-08-07,17,TEN,22846.0,23317.0
2016-08-07,18,TEN,24059.0,24526.0
2016-08-07,19,TEN,25039.0,25055.0
2016-08-07,20,TEN,25631.0,25074.0
2016-08-07,21,TEN,25922.0,25011.0
2016-08-07,22,TEN,25985.0,25062.0
2016-08-07,23,TEN,25824.0,24979.0
2016-08-08,0,TEN,24946.0,24306.0
2016-08-08,1,TEN,24230.0,24221.0
2016-08-08,2,TEN,23904.0,24225.0
2016-08-08,3,TEN,22338.0,22815.0
2016-08-08,4,TEN,20464.0,20923.0
2016-08-08,5,TEN,18897.0,19280.0
2016-08-08,6,TEN,17792.0,18086.0
2016-08-08,7,TEN,16873.0,17228.0
2016-08-08,8,TEN,16366.0,16750.0
2016-08-08,9,TEN,16069.0,16532.0
2016-08-08,10,TEN,16373.0,16893.0
2016-08-08,11,TEN,17473.0,18000.0
2016-08-08,12,TEN,18322.0,18918.0
2016-08-08,13,TEN,19238.0,19806.0
2016-08-08,14,TEN,20530.0,20898.0
2016-08-08,15,TEN,21944.0,22377.0
2016-08-08,16,TEN,23715.0,24021.0
2016-08-08,17,TEN,25279.0,25702.0
2016-08-08,18,TEN,26409.0,26685.0
2016-08-08,19,TEN,27078.0,27415.0
2016-08-08,20,TEN,27656.0,27627.0
2016-08-08,21,TEN,27807.0,27725.0
2016-08-08,22,TEN,27789.0,27596.0
2016-08-08,23,TEN,27314.0,27268.0
2016-08-09,0,TEN,26528.0,27008.0
2016-08-09,1,TEN,25838.0,26401.0
2016-08-09,2,TEN,25401.0,25888.0
2016-08-09,3,TEN,23735.0,24209.0
2016-08-09,4,TEN,21709.0,21997.0
2016-08-09,5,TEN,20000.0,20282.0
2016-08-09,6,TEN,18719.0,19170.0
2016-08-09,7,TEN,17789.0,18243.0
2016-08-09,8,TEN,17297.0,17769.0
2016-08-09,9,TEN,17043.0,17571.0
2016-08-09,10,TEN,17264.0,17803.0
2016-08-09,11,TEN,18340.0,18824.0
2016-08-09,12,TEN,19160.0,19665.0
2016-08-09,13,TEN,20134.0,20729.0
2016-08-09,14,TEN,21506.0,22028.0
2016-08-09,15,TEN,23234.0,23782.0
2016-08-09,16,TEN,24840.0,25311.0
2016-08-09,17,TEN,26014.0,26388.0
2016-08-09,18,TEN,26938.0,27525.0
2016-08-09,19,TEN,27407.0,27963.0
2016-08-09,20,TEN,27719.0,27658.0
2016-08-09,21,TEN,27909.0,27732.0
2016-08-09,22,TEN,27814.0,27663.0
2016-08-09,23,TEN,27235.0,27528.0
2016-08-10,0,TEN,26381.0,27042.0
2016-08-10,1,TEN,25793.0,26406.0
2016-08-10,2,TEN,25415.0,25918.0
2016-08-10,3,TEN,23938.0,24469.0
2016-08-10,4,TEN,22027.0,22446.0
2016-08-10,5,TEN,20306.0,20885.0
2016-08-10,6,TEN,19054.0,19744.0
2016-08-10,7,TEN,18196.0,18877.0
2016-08-10,8,TEN,17612.0,18412.0
2016-08-10,9,TEN,17229.0,17993.0
2016-08-10,10,TEN,17239.0,18031.0
2016-08-10,11,TEN,18261.0,18723.0
2016-08-10,12,TEN,19216.0,19612.0
2016-08-10,13,TEN,20122.0,20624.0
2016-08-10,14,TEN,21163.0,21764.0
2016-08-10,15,TEN,22510.0,23190.0
2016-08-10,16,TEN,23890.0,24534.0
2016-08-10,17,TEN,24870.0,25414.0
2016-08-10,18,TEN,25814.0,26102.0
2016-08-10,19,TEN,26517.0,26848.0
2016-08-10,20,TEN,27142.0,26797.0
2016-08-10,21,TEN,27698.0,27254.0
2016-08-10,22,TEN,28060.0,27644.0
2016-08-10,23,TEN,27979.0,27895.0
2016-08-11,0,TEN,27351.0,27606.0
2016-08-11,1,TEN,26459.0,26809.0
2016-08-11,2,TEN,26126.0,26535.0
2016-08-11,3,TEN,24439.0,24837.0
2016-08-11,4,TEN,22236.0,22728.0
2016-08-11,5,TEN,20595.0,20985.0
2016-08-11,6,TEN,19365.0,19782.0
2016-08-11,7,TEN,18495.0,19024.0
2016-08-11,8,TEN,17900.0,18440.0
2016-08-11,9,TEN,17559.0,18146.0
2016-08-11,10,TEN,17721.0,18248.0
2016-08-11,11,TEN,18728.0,19226.0
2016-08-11,12,TEN,19820.0,20416.0
2016-08-11,13,TEN,20501.0,21175.0
2016-08-11,14,TEN,21595.0,22303.0
2016-08-11,15,TEN,22730.0,23353.0
2016-08-11,16,TEN,24113.0,24851.0
2016-08-11,17,TEN,25223.0,25916.0
2016-08-11,18,TEN,25990.0,26351.0
2016-08-11,19,TEN,26294.0,26671.0
2016-08-11,20,TEN,26943.0,27011.0
2016-08-11,21,TEN,27311.0,27262.0
2016-08-11,22,TEN,27553.0,27471.0
2016-08-11,23,TEN,27227.0,27614.0
2016-08-12,0,TEN,26619.0,27228.0
2016-08-12,1,TEN,26080.0,26819.0
2016-08-12,2,TEN,25767.0,26353.0
2016-08-12,3,TEN,24206.0,24640.0
2016-08-12,4,TEN,22074.0,22607.0
2016-08-12,5,TEN,20330.0,20658.0
2016-08-12,6,TEN,19221.0,19652.0
2016-08-12,7,TEN,18317.0,18735.0
2016-08-12,8,TEN,17680.0,18095.0
2016-08-12,9,TEN,17332.0,17830.0
2016-08-12,10,TEN,17415.0,17940.0
2016-08-12,11,TEN,18496.0,18939.0
2016-08-12,12,TEN,19419.0,19867.0
2016-08-12,13,TEN,20531.0,21114.0
2016-08-12,14,TEN,21667.0,22136.0
2016-08-12,15,TEN,22711.0,23523.0
2016-08-12,16,TEN,24218.0,24768.0
2016-08-12,17,TEN,25138.0,25795.0
2016-08-12,18,TEN,25975.0,26608.0
2016-08-12,19,TEN,26526.0,26930.0
2016-08-12,20,TEN,26905.0,27234.0
2016-08-12,21,TEN,27003.0,27031.0
2016-08-12,22,TEN,26943.0,26978.0
2016-08-12,23,TEN,26647.0,27067.0
2016-08-13,0,TEN,25739.0,26166.0
2016-08-13,1,TEN,25040.0,25663.0
2016-08-13,2,TEN,24691.0,25068.0
2016-08-13,3,TEN,23420.0,23741.0
2016-08-13,4,TEN,21798.0,21998.0
2016-08-13,5,TEN,20241.0,20686.0
2016-08-13,6,TEN,18976.0,19423.0
2016-08-13,7,TEN,18035.0,18603.0
2016-08-13,8,TEN,17298.0,17822.0
2016-08-13,9,TEN,16887.0,17547.0
2016-08-13,10,TEN,16859.0,17559.0
2016-08-13,11,TEN,16918.0,17656.0
2016-08-13,12,TEN,17010.0,17772.0
2016-08-13,13,TEN,18116.0,18753.0
2016-08-13,14,TEN,19530.0,20160.0
2016-08-13,15,TEN,20859.0,21226.0
2016-08-13,16,TEN,21962.0,22264.0
2016-08-13,17,TEN,22928.0,23286.0
2016-08-13,18,TEN,23720.0,24032.0
2016-08-13,19,TEN,24386.0,24771.0
2016-08-13,20,TEN,24926.0,25338.0
2016-08-13,21,TEN,25360.0,25720.0
2016-08-13,22,TEN,25268.0,25625.0
2016-08-13,23,TEN,24857.0,25222.0
2016-08-14,0,TEN,24047.0,24437.0
2016-08-14,1,TEN,23102.0,23442.0
2016-08-14,2,TEN,22448.0,22602.0
2016-08-14,3,TEN,21202.0,21304.0
2016-08-14,4,TEN,19731.0,20104.0
2016-08-14,5,TEN,18306.0,18850.0
2016-08-14,6,TEN,17147.0,17734.0
2016-08-14,7,TEN,16326.0,17104.0
2016-08-14,8,TEN,15653.0,16446.0
2016-08-14,9,TEN,15271.0,15686.0
2016-08-14,10,TEN,15091.0,15525.0
2016-08-14,11,TEN,15139.0,15589.0
2016-08-14,12,TEN,15249.0,15980.0
2016-08-14,13,TEN,16611.0,17249.0
2016-08-14,14,TEN,18443.0,19051.0
2016-08-14,15,TEN,20064.0,20466.0
2016-08-14,16,TEN,21475.0,21808.0
2016-08-14,17,TEN,22825.0,23147.0
2016-08-14,18,TEN,23954.0,24301.0
2016-08-14,19,TEN,24933.0,25186.0
2016-08-14,20,TEN,25413.0,25506.0
2016-08-14,21,TEN,25556.0,25658.0
2016-08-14,22,TEN,25702.0,25770.0
2016-08-14,23,TEN,25468.0,25676.0
2016-08-15,0,TEN,24625.0,25059.0
2016-08-15,1,TEN,23874.0,24166.0
2016-08-15,2,TEN,23213.0,23451.0
2016-08-15,3,TEN,21721.0,21909.0
2016-08-15,4,TEN,20016.0,20453.0
2016-08-15,5,TEN,18491.0,19054.0
2016-08-15,6,TEN,17365.0,17893.0
2016-08-15,7,TEN,16634.0,17170.0
2016-08-15,8,TEN,16102.0,16705.0
2016-08-15,9,TEN,15928.0,16593.0
2016-08-15,10,TEN,16432.0,17248.0
2016-08-15,11,TEN,17483.0,18466.0
2016-08-15,12,TEN,18584.0,19496.0
2016-08-15,13,TEN,19541.0,20298.0
2016-08-15,14,TEN,20892.0,21464.0
2016-08-15,15,TEN,22385.0,22888.0
2016-08-15,16,TEN,23811.0,24265.0
2016-08-15,17,TEN,25032.0,25408.0
2016-08-15,18,TEN,25614.0,25866.0
2016-08-15,19,TEN,25812.0,26287.0
2016-08-15,20,TEN,26139.0,26392.0
2016-08-15,21,TEN,26378.0,26710.0
2016-08-15,22,TEN,26499.0,26776.0
2016-08-15,23,TEN,26215.0,26516.0
2016-08-16,0,TEN,25433.0,25842.0
2016-08-16,1,TEN,24921.0,25403.0
2016-08-16,2,TEN,24529.0,24911.0
2016-08-16,3,TEN,22846.0,23094.0
2016-08-16,4,TEN,20862.0,21353.0
2016-08-16,5,TEN,19257.0,19929.0
2016-08-16,6,TEN,18144.0,18796.0
2016-08-16,7,TEN,17354.0,17999.0
2016-08-16,8,TEN,16854.0,17309.0
2016-08-16,9,TEN,16623.0,17110.0
2016-08-16,10,TEN,16747.0,17552.0
2016-08-16,11,TEN,17840.0,18642.0
2016-08-16,12,TEN,18877.0,19481.0
2016-08-16,13,TEN,19505.0,20013.0
2016-08-16,14,TEN,20750.0,21363.0
2016-08-16,15,TEN,22111.0,22608.0
2016-08-16,16,TEN,23716.0,24156.0
2016-08-16,17,TEN,24766.0,25263.0
2016-08-16,18,TEN,25557.0,26051.0
2016-08-16,19,TEN,25932.0,26133.0
2016-08-16,20,TEN,26378.0,26443.0
2016-08-16,21,TEN,26514.0,26568.0
2016-08-16,22,TEN,26478.0,26578.0
2016-08-16,23,TEN,25883.0,26322.0
2016-08-17,0,TEN,25187.0,25678.0
2016-08-17,1,TEN,24762.0,25212.0
2016-08-17,2,TEN,24299.0,24731.0
2016-08-17,3,TEN,22863.0,23085.0
2016-08-17,4,TEN,20799.0,21289.0
2016-08-17,5,TEN,19292.0,19814.0
2016-08-17,6,TEN,18085.0,18715.0
2016-08-17,7,TEN,17176.0,17865.0
2016-08-17,8,TEN,16630.0,17338.0
2016-08-17,9,TEN,16308.0,17048.0
2016-08-17,10,TEN,16633.0,17440.0
2016-08-17,11,TEN,17605.0,18493.0
2016-08-17,12,TEN,18643.0,19356.0
2016-08-17,13,TEN,19354.0,20011.0
2016-08-17,14,TEN,20422.0,20820.0
2016-08-17,15,TEN,21541.0,22075.0
2016-08-17,16,TEN,22928.0,23575.0
2016-08-17,17,TEN,24085.0,24547.0
2016-08-17,18,TEN,24960.0,25374.0
2016-08-17,19,TEN,25419.0,25652.0
2016-08-17,20,TEN,25899.0,25956.0
2016-08-17,21,TEN,26088.0,26142.0
2016-08-17,22,TEN,26182.0,26180.0
2016-08-17,23,TEN,25687.0,25887.0
2016-08-18,0,TEN,24808.0,25332.0
2016-08-18,1,TEN,24307.0,24858.0
2016-08-18,2,TEN,23980.0,24469.0
2016-08-18,3,TEN,22365.0,22749.0
2016-08-18,4,TEN,20540.0,21129.0
2016-08-18,5,TEN,18911.0,19589.0
2016-08-18,6,TEN,17837.0,18509.0
2016-08-18,7,TEN,17088.0,17775.0
2016-08-18,8,TEN,16513.0,17239.0
2016-08-18,9,TEN,16244.0,16957.0
2016-08-18,10,TEN,16558.0,17379.0
2016-08-18,11,TEN,17648.0,18401.0
2016-08-18,12,TEN,18603.0,18713.0
2016-08-18,13,TEN,19108.0,18891.0
2016-08-18,14,TEN,19715.0,19520.0
2016-08-18,15,TEN,20554.0,20436.0
2016-08-18,16,TEN,21349.0,21258.0
2016-08-18,17,TEN,21978.0,21847.0
2016-08-18,18,TEN,22543.0,22411.0
2016-08-18,19,TEN,22894.0,22981.0
2016-08-18,20,TEN,23153.0,23589.0
2016-08-18,21,TEN,23317.0,23578.0
2016-08-18,22,TEN,23423.0,23651.0
2016-08-18,23,TEN,23068.0,23550.0
2016-08-19,0,TEN,22478.0,22960.0
2016-08-19,1,TEN,22468.0,22865.0
2016-08-19,2,TEN,22262.0,22794.0
2016-08-19,3,TEN,21106.0,21408.0
2016-08-19,4,TEN,19563.0,20090.0
2016-08-19,5,TEN,18124.0,18744.0
2016-08-19,6,TEN,17088.0,17684.0
2016-08-19,7,TEN,16392.0,16985.0
2016-08-19,8,TEN,16059.0,16671.0
2016-08-19,9,TEN,15877.0,16534.0
2016-08-19,10,TEN,16162.0,16813.0
2016-08-19,11,TEN,17321.0,17948.0
2016-08-19,12,TEN,18477.0,19039.0
2016-08-19,13,TEN,18715.0,19155.0
2016-08-19,14,TEN,19245.0,19701.0
2016-08-19,15,TEN,20182.0,20630.0
2016-08-19,16,TEN,20661.0,21113.0
2016-08-19,17,TEN,21096.0,21553.0
2016-08-19,18,TEN,21558.0,21949.0
2016-08-19,19,TEN,21913.0,22355.0
2016-08-19,20,TEN,22017.0,22650.0
2016-08-19,21,TEN,22276.0,22647.0
2016-08-19,22,TEN,22530.0,22906.0
2016-08-19,23,TEN,22321.0,22904.0
2016-08-20,0,TEN,21648.0,22112.0
2016-08-20,1,TEN,21389.0,21797.0
2016-08-20,2,TEN,21143.0,21513.0
2016-08-20,3,TEN,20183.0,20574.0
2016-08-20,4,TEN,18837.0,19359.0
2016-08-20,5,TEN,17575.0,18185.0
2016-08-20,6,TEN,16577.0,17152.0
2016-08-20,7,TEN,15751.0,16201.0
2016-08-20,8,TEN,15299.0,15720.0
2016-08-20,9,TEN,14980.0,15435.0
2016-08-20,10,TEN,14992.0,15393.0
2016-08-20,11,TEN,15411.0,15731.0
2016-08-20,12,TEN,15750.0,16305.0
2016-08-20,13,TEN,16485.0,17316.0
2016-08-20,14,TEN,17707.0,18570.0
2016-08-20,15,TEN,18846.0,19604.0
2016-08-20,16,TEN,20092.0,20900.0
2016-08-20,17,TEN,21252.0,21945.0
2016-08-20,18,TEN,22123.0,22648.0
2016-08-20,19,TEN,22559.0,22755.0
2016-08-20,20,TEN,22851.0,22814.0
2016-08-20,21,TEN,22913.0,22726.0
2016-08-20,22,TEN,22723.0,22737.0
2016-08-20,23,TEN,22132.0,22348.0
2016-08-21,0,TEN,21447.0,21651.0
2016-08-21,1,TEN,21026.0,21225.0
2016-08-21,2,TEN,20755.0,21281.0
2016-08-21,3,TEN,19671.0,20280.0
2016-08-21,4,TEN,18527.0,19108.0
2016-08-21,5,TEN,17078.0,17682.0
2016-08-21,6,TEN,16262.0,16671.0
2016-08-21,7,TEN,15670.0,15977.0
2016-08-21,8,TEN,15231.0,15495.0
2016-08-21,9,TEN,14972.0,15192.0
2016-08-21,10,TEN,14927.0,15174.0
2016-08-21,11,TEN,15161.0,15371.0
2016-08-21,12,TEN,15287.0,15833.0
2016-08-21,13,TEN,16002.0,16581.0
2016-08-21,14,TEN,17009.0,17877.0
2016-08-21,15,TEN,17740.0,18677.0
2016-08-21,16,TEN,18474.0,19412.0
2016-08-21,17,TEN,19274.0,20170.0
2016-08-21,18,TEN,20067.0,21053.0
2016-08-21,19,TEN,20702.0,21798.0
2016-08-21,20,TEN,21337.0,22336.0
2016-08-21,21,TEN,21895.0,22578.0
2016-08-21,22,TEN,22306.0,22823.0
2016-08-21,23,TEN,22236.0,22746.0
2016-08-22,0,TEN,21675.0,22234.0
2016-08-22,1,TEN,21046.0,21541.0
2016-08-22,2,TEN,20519.0,21092.0
2016-08-22,3,TEN,19112.0,19607.0
2016-08-22,4,TEN,17418.0,18012.0
2016-08-22,5,TEN,16034.0,16869.0
2016-08-22,6,TEN,14992.0,15602.0
2016-08-22,7,TEN,14470.0,15030.0
2016-08-22,8,TEN,14032.0,14681.0
2016-08-22,9,TEN,13991.0,14636.0
2016-08-22,10,TEN,14345.0,14960.0
2016-08-22,11,TEN,15488.0,16066.0
2016-08-22,12,TEN,16400.0,17262.0
2016-08-22,13,TEN,17051.0,17854.0
2016-08-22,14,TEN,17920.0,18873.0
2016-08-22,15,TEN,18967.0,19781.0
2016-08-22,16,TEN,20007.0,20979.0
2016-08-22,17,TEN,20792.0,21755.0
2016-08-22,18,TEN,21601.0,22450.0
2016-08-22,19,TEN,22292.0,23064.0
2016-08-22,20,TEN,22830.0,23133.0
2016-08-22,21,TEN,23245.0,23229.0
2016-08-22,22,TEN,23375.0,23387.0
2016-08-22,23,TEN,23088.0,23131.0
2016-08-23,0,TEN,22274.0,22880.0
2016-08-23,1,TEN,21855.0,22552.0
2016-08-23,2,TEN,21455.0,22120.0
2016-08-23,3,TEN,19808.0,20226.0
2016-08-23,4,TEN,17919.0,18420.0
2016-08-23,5,TEN,16496.0,16926.0
2016-08-23,6,TEN,15424.0,15736.0
2016-08-23,7,TEN,14703.0,15182.0
2016-08-23,8,TEN,14367.0,15308.0
2016-08-23,9,TEN,14200.0,15278.0
2016-08-23,10,TEN,14551.0,15588.0
2016-08-23,11,TEN,15673.0,16754.0
2016-08-23,12,TEN,16607.0,17576.0
2016-08-23,13,TEN,17127.0,18015.0
2016-08-23,14,TEN,17901.0,18867.0
2016-08-23,15,TEN,18833.0,19912.0
2016-08-23,16,TEN,20214.0,21138.0
2016-08-23,17,TEN,21665.0,22616.0
2016-08-23,18,TEN,22896.0,23607.0
2016-08-23,19,TEN,23980.0,24375.0
2016-08-23,20,TEN,24714.0,24817.0
2016-08-23,21,TEN,25181.0,24621.0
2016-08-23,22,TEN,25250.0,24787.0
2016-08-23,23,TEN,24988.0,24784.0
2016-08-24,0,TEN,24345.0,24656.0
2016-08-24,1,TEN,24053.0,24257.0
2016-08-24,2,TEN,23535.0,23727.0
2016-08-24,3,TEN,21878.0,22079.0
2016-08-24,4,TEN,19871.0,20396.0
2016-08-24,5,TEN,18275.0,18818.0
2016-08-24,6,TEN,17041.0,17433.0
2016-08-24,7,TEN,16131.0,16493.0
2016-08-24,8,TEN,15805.0,16122.0
2016-08-24,9,TEN,15574.0,15890.0
2016-08-24,10,TEN,15871.0,16195.0
2016-08-24,11,TEN,16905.0,17491.0
2016-08-24,12,TEN,17902.0,18715.0
2016-08-24,13,TEN,18488.0,19229.0
2016-08-24,14,TEN,19658.0,20099.0
2016-08-24,15,TEN,21270.0,21610.0
2016-08-24,16,TEN,22887.0,23171.0
2016-08-24,17,TEN,24483.0,24461.0
2016-08-24,18,TEN,25815.0,25668.0
2016-08-24,19,TEN,26645.0,26476.0
2016-08-24,20,TEN,27249.0,26676.0
2016-08-24,21,TEN,27761.0,26704.0
2016-08-24,22,TEN,27985.0,26876.0
2016-08-24,23,TEN,27842.0,26975.0
2016-08-25,0,TEN,26968.0,26450.0
2016-08-25,1,TEN,26372.0,25727.0
2016-08-25,2,TEN,25735.0,25084.0
2016-08-25,3,TEN,23950.0,23911.0
2016-08-25,4,TEN,21775.0,22267.0
2016-08-25,5,TEN,19938.0,20448.0
2016-08-25,6,TEN,18703.0,19353.0
2016-08-25,7,TEN,17775.0,18229.0
2016-08-25,8,TEN,17061.0,17536.0
2016-08-25,9,TEN,16702.0,17176.0
2016-08-25,10,TEN,16868.0,17531.0
2016-08-25,11,TEN,17876.0,18510.0
2016-08-25,12,TEN,18927.0,19319.0
2016-08-25,13,TEN,19602.0,19729.0
2016-08-25,14,TEN,21036.0,21061.0
2016-08-25,15,TEN,22787.0,23102.0
2016-08-25,16,TEN,24527.0,24741.0
2016-08-25,17,TEN,26222.0,25767.0
2016-08-25,18,TEN,27326.0,26046.0
2016-08-25,19,TEN,27828.0,26440.0
2016-08-25,20,TEN,28333.0,26980.0
2016-08-25,21,TEN,28389.0,26725.0
2016-08-25,22,TEN,28064.0,26461.0
2016-08-25,23,TEN,27341.0,26444.0
2016-08-26,0,TEN,26588.0,26094.0
2016-08-26,1,TEN,26120.0,25620.0
2016-08-26,2,TEN,25414.0,24796.0
2016-08-26,3,TEN,23734.0,23655.0
2016-08-26,4,TEN,21708.0,21911.0
2016-08-26,5,TEN,19846.0,20077.0
2016-08-26,6,TEN,18545.0,18725.0
2016-08-26,7,TEN,17730.0,18041.0
2016-08-26,8,TEN,17189.0,17497.0
2016-08-26,9,TEN,16876.0,17364.0
2016-08-26,10,TEN,16948.0,17413.0
2016-08-26,11,TEN,18051.0,18453.0
2016-08-26,12,TEN,18887.0,19163.0
2016-08-26,13,TEN,19770.0,19487.0
2016-08-26,14,TEN,21190.0,20912.0
2016-08-26,15,TEN,23063.0,22804.0
2016-08-26,16,TEN,24882.0,24912.0
2016-08-26,17,TEN,26486.0,25582.0
2016-08-26,18,TEN,27387.0,26558.0
2016-08-26,19,TEN,27709.0,26404.0
2016-08-26,20,TEN,27588.0,26349.0
2016-08-26,21,TEN,27175.0,25772.0
2016-08-26,22,TEN,26654.0,25419.0
2016-08-26,23,TEN,25802.0,24950.0
2016-08-27,0,TEN,24591.0,24003.0
2016-08-27,1,TEN,24110.0,23538.0
2016-08-27,2,TEN,23372.0,22848.0
2016-08-27,3,TEN,21962.0,22172.0
2016-08-27,4,TEN,20415.0,20544.0
2016-08-27,5,TEN,18867.0,18885.0
2016-08-27,6,TEN,17636.0,17788.0
2016-08-27,7,TEN,16732.0,16906.0
2016-08-27,8,TEN,16095.0,16295.0
2016-08-27,9,TEN,15639.0,15784.0
2016-08-27,10,TEN,15474.0,15608.0
2016-08-27,11,TEN,15581.0,15695.0
2016-08-27,12,TEN,15714.0,15999.0
2016-08-27,13,TEN,16776.0,16907.0
2016-08-27,14,TEN,18485.0,18360.0
2016-08-27,15,TEN,20514.0,20371.0
2016-08-27,16,TEN,22607.0,23043.0
2016-08-27,17,TEN,24150.0,24169.0
2016-08-27,18,TEN,25638.0,25632.0
2016-08-27,19,TEN,26619.0,26379.0
2016-08-27,20,TEN,26857.0,26159.0
2016-08-27,21,TEN,26604.0,25970.0
2016-08-27,22,TEN,26041.0,25415.0
2016-08-27,23,TEN,25291.0,25232.0
2016-08-28,0,TEN,24199.0,24401.0
2016-08-28,1,TEN,23448.0,23534.0
2016-08-28,2,TEN,22828.0,22455.0
2016-08-28,3,TEN,21405.0,21255.0
2016-08-28,4,TEN,19790.0,19699.0
2016-08-28,5,TEN,18290.0,18236.0
2016-08-28,6,TEN,17096.0,17247.0
2016-08-28,7,TEN,16277.0,16503.0
2016-08-28,8,TEN,15499.0,15715.0
2016-08-28,9,TEN,15034.0,15276.0
2016-08-28,10,TEN,15062.0,15245.0
2016-08-28,11,TEN,15087.0,15296.0
2016-08-28,12,TEN,15179.0,15547.0
2016-08-28,13,TEN,16276.0,16629.0
2016-08-28,14,TEN,18307.0,18686.0
2016-08-28,15,TEN,20203.0,20649.0
2016-08-28,16,TEN,22083.0,22688.0
2016-08-28,17,TEN,23859.0,24024.0
2016-08-28,18,TEN,25457.0,25538.0
2016-08-28,19,TEN,26349.0,26589.0
2016-08-28,20,TEN,26817.0,26866.0
2016-08-28,21,TEN,26812.0,26496.0
2016-08-28,22,TEN,26526.0,26154.0
2016-08-28,23,TEN,26050.0,25791.0
2016-08-29,0,TEN,25030.0,25256.0
2016-08-29,1,TEN,24352.0,24358.0
2016-08-29,2,TEN,23630.0,23671.0
2016-08-29,3,TEN,21968.0,22378.0
2016-08-29,4,TEN,20054.0,20472.0
2016-08-29,5,TEN,18403.0,18721.0
2016-08-29,6,TEN,17287.0,17595.0
2016-08-29,7,TEN,16574.0,16821.0
2016-08-29,8,TEN,16088.0,16311.0
2016-08-29,9,TEN,15890.0,16135.0
2016-08-29,10,TEN,16122.0,16458.0
2016-08-29,11,TEN,17201.0,17566.0
2016-08-29,12,TEN,18218.0,18337.0
2016-08-29,13,TEN,19032.0,19020.0
2016-08-29,14,TEN,20254.0,20219.0
2016-08-29,15,TEN,21753.0,21674.0
2016-08-29,16,TEN,23446.0,23124.0
2016-08-29,17,TEN,25177.0,24296.0
2016-08-29,18,TEN,26563.0,25657.0
2016-08-29,19,TEN,27537.0,26457.0
2016-08-29,20,TEN,28056.0,26389.0
2016-08-29,21,TEN,28305.0,26302.0
2016-08-29,22,TEN,28313.0,26290.0
2016-08-29,23,TEN,27930.0,26433.0
2016-08-30,0,TEN,26948.0,26029.0
2016-08-30,1,TEN,26423.0,25441.0
2016-08-30,2,TEN,25535.0,24592.0
2016-08-30,3,TEN,23598.0,23087.0
2016-08-30,4,TEN,21514.0,21677.0
2016-08-30,5,TEN,19703.0,20095.0
2016-08-30,6,TEN,18604.0,18657.0
2016-08-30,7,TEN,17173.0,17614.0
2016-08-30,8,TEN,16702.0,16956.0
2016-08-30,9,TEN,16197.0,16452.0
2016-08-30,10,TEN,16491.0,16825.0
2016-08-30,11,TEN,17596.0,18033.0
2016-08-30,12,TEN,18482.0,18676.0
2016-08-30,13,TEN,19143.0,19376.0
2016-08-30,14,TEN,20375.0,20471.0
2016-08-30,15,TEN,22051.0,22087.0
2016-08-30,16,TEN,23890.0,23738.0
2016-08-30,17,TEN,25560.0,24835.0
2016-08-30,18,TEN,26822.0,26063.0
2016-08-30,19,TEN,27595.0,26120.0
2016-08-30,20,TEN,28195.0,26752.0
2016-08-30,21,TEN,28482.0,26939.0
2016-08-30,22,TEN,28645.0,27203.0
2016-08-30,23,TEN,28165.0,27177.0
2016-08-31,0,TEN,27096.0,26336.0
2016-08-31,1,TEN,26537.0,25734.0
2016-08-31,2,TEN,25660.0,24878.0
2016-08-31,3,TEN,23861.0,23648.0
2016-08-31,4,TEN,21623.0,22004.0
2016-08-31,5,TEN,19751.0,20372.0
2016-08-31,6,TEN,18471.0,19145.0
2016-08-31,7,TEN,17410.0,17724.0
2016-08-31,8,TEN,16803.0,17085.0
2016-08-31,9,TEN,16465.0,16849.0
2016-08-31,10,TEN,16649.0,17332.0
2016-08-31,11,TEN,17799.0,18453.0
2016-08-31,12,TEN,18781.0,19518.0
2016-08-31,13,TEN,19457.0,19569.0
2016-08-31,14,TEN,20545.0,20787.0
2016-08-31,15,TEN,22521.0,22543.0
2016-08-31,16,TEN,24284.0,24253.0
2016-08-31,17,TEN,25925.0,25434.0
2016-08-31,18,TEN,27173.0,26252.0
2016-08-31,19,TEN,27906.0,26486.0
2016-08-31,20,TEN,28395.0,26600.0
2016-08-31,21,TEN,28706.0,26956.0
2016-08-31,22,TEN,28665.0,26969.0
2016-08-31,23,TEN,28022.0,26786.0
2016-09-01,0,TEN,26941.0,26072.0
2016-09-01,1,TEN,26349.0,25705.0
2016-09-01,2,TEN,25508.0,25307.0
2016-09-01,3,TEN,23708.0,24058.0
2016-09-01,4,TEN,21558.0,22070.0
2016-09-01,5,TEN,19790.0,20346.0
2016-09-01,6,TEN,18417.0,18865.0
2016-09-01,7,TEN,17555.0,18040.0
2016-09-01,8,TEN,16875.0,17258.0
2016-09-01,9,TEN,16623.0,16985.0
2016-09-01,10,TEN,16770.0,17164.0
2016-09-01,11,TEN,17660.0,18215.0
2016-09-01,12,TEN,18628.0,19540.0
2016-09-01,13,TEN,19061.0,19931.0
2016-09-01,14,TEN,20223.0,20906.0
2016-09-01,15,TEN,21521.0,21722.0
2016-09-01,16,TEN,23044.0,22926.0
2016-09-01,17,TEN,24323.0,23573.0
2016-09-01,18,TEN,25107.0,24010.0
2016-09-01,19,TEN,25321.0,24099.0
2016-09-01,20,TEN,25498.0,24108.0
2016-09-01,21,TEN,25540.0,24146.0
2016-09-01,22,TEN,25632.0,24321.0
2016-09-01,23,TEN,25021.0,24475.0
2016-09-02,0,TEN,24017.0,23827.0
2016-09-02,1,TEN,23792.0,23983.0
2016-09-02,2,TEN,23190.0,23435.0
2016-09-02,3,TEN,21575.0,21982.0
2016-09-02,4,TEN,19842.0,20317.0
2016-09-02,5,TEN,18117.0,18716.0
2016-09-02,6,TEN,16852.0,17243.0
2016-09-02,7,TEN,15902.0,16340.0
2016-09-02,8,TEN,15356.0,15747.0
2016-09-02,9,TEN,15092.0,15511.0
2016-09-02,10,TEN,15173.0,15704.0
2016-09-02,11,TEN,16017.0,16470.0
2016-09-02,12,TEN,16865.0,17512.0
2016-09-02,13,TEN,17179.0,17696.0
2016-09-02,14,TEN,18061.0,18797.0
2016-09-02,15,TEN,19024.0,19748.0
2016-09-02,16,TEN,20015.0,20666.0
2016-09-02,17,TEN,21040.0,21630.0
2016-09-02,18,TEN,21991.0,22346.0
2016-09-02,19,TEN,22527.0,22648.0
2016-09-02,20,TEN,22939.0,23071.0
2016-09-02,21,TEN,23314.0,23158.0
2016-09-02,22,TEN,23297.0,23365.0
2016-09-02,23,TEN,22733.0,22908.0
2016-09-03,0,TEN,21597.0,22046.0
2016-09-03,1,TEN,20926.0,21429.0
2016-09-03,2,TEN,20332.0,20935.0
2016-09-03,3,TEN,19062.0,19668.0
2016-09-03,4,TEN,17477.0,17844.0
2016-09-03,5,TEN,16044.0,16321.0
2016-09-03,6,TEN,15019.0,15223.0
2016-09-03,7,TEN,14227.0,14419.0
2016-09-03,8,TEN,13712.0,13952.0
2016-09-03,9,TEN,13360.0,13654.0
2016-09-03,10,TEN,13293.0,13698.0
2016-09-03,11,TEN,13444.0,13870.0
2016-09-03,12,TEN,13512.0,14031.0
2016-09-03,13,TEN,14162.0,14750.0
2016-09-03,14,TEN,15363.0,16066.0
2016-09-03,15,TEN,16638.0,17660.0
2016-09-03,16,TEN,17899.0,19006.0
2016-09-03,17,TEN,19335.0,20136.0
2016-09-03,18,TEN,20481.0,21098.0
2016-09-03,19,TEN,21565.0,22238.0
2016-09-03,20,TEN,22260.0,22698.0
2016-09-03,21,TEN,22716.0,22589.0
2016-09-03,22,TEN,23019.0,22840.0
2016-09-03,23,TEN,22741.0,22834.0
2016-09-04,0,TEN,21830.0,22230.0
2016-09-04,1,TEN,21040.0,21582.0
2016-09-04,2,TEN,20149.0,20664.0
2016-09-04,3,TEN,18922.0,19350.0
2016-09-04,4,TEN,17427.0,17680.0
2016-09-04,5,TEN,16116.0,16338.0
2016-09-04,6,TEN,15077.0,15253.0
2016-09-04,7,TEN,14312.0,14504.0
2016-09-04,8,TEN,13757.0,14001.0
2016-09-04,9,TEN,13467.0,13752.0
2016-09-04,10,TEN,13367.0,13787.0
2016-09-04,11,TEN,13413.0,13867.0
2016-09-04,12,TEN,13618.0,13987.0
2016-09-04,13,TEN,14338.0,14751.0
2016-09-04,14,TEN,15830.0,16420.0
2016-09-04,15,TEN,17455.0,18144.0
2016-09-04,16,TEN,19023.0,19859.0
2016-09-04,17,TEN,20499.0,21317.0
2016-09-04,18,TEN,21874.0,22509.0
2016-09-04,19,TEN,22850.0,23050.0
2016-09-04,20,TEN,23727.0,23697.0
2016-09-04,21,TEN,24313.0,23795.0
2016-09-04,22,TEN,24566.0,23680.0
2016-09-04,23,TEN,24340.0,23416.0
2016-09-05,0,TEN,23203.0,22683.0
2016-09-05,1,TEN,22344.0,22123.0
2016-09-05,2,TEN,21339.0,21612.0
2016-09-05,3,TEN,19867.0,20202.0
2016-09-05,4,TEN,18214.0,18395.0
2016-09-05,5,TEN,16891.0,16993.0
2016-09-05,6,TEN,15739.0,15920.0
2016-09-05,7,TEN,15059.0,15277.0
2016-09-05,8,TEN,14401.0,14651.0
2016-09-05,9,TEN,14065.0,14345.0
2016-09-05,10,TEN,13999.0,14302.0
2016-09-05,11,TEN,14181.0,14587.0
2016-09-05,12,TEN,14211.0,14656.0
2016-09-05,13,TEN,14774.0,15343.0
2016-09-05,14,TEN,16388.0,16911.0
2016-09-05,15,TEN,18304.0,19094.0
2016-09-05,16,TEN,20101.0,20819.0
2016-09-05,17,TEN,21550.0,22183.0
2016-09-05,18,TEN,22915.0,23477.0
2016-09-05,19,TEN,23991.0,24395.0
2016-09-05,20,TEN,24788.0,24699.0
2016-09-05,21,TEN,25217.0,24884.0
2016-09-05,22,TEN,25462.0,24977.0
2016-09-05,23,TEN,25233.0,24784.0
2016-09-06,0,TEN,24278.0,24406.0
2016-09-06,1,TEN,23612.0,24159.0
2016-09-06,2,TEN,22443.0,23071.0
2016-09-06,3,TEN,20593.0,21188.0
2016-09-06,4,TEN,18657.0,18942.0
2016-09-06,5,TEN,17132.0,17425.0
2016-09-06,6,TEN,15959.0,16232.0
2016-09-06,7,TEN,15187.0,15490.0
2016-09-06,8,TEN,14666.0,14971.0
2016-09-06,9,TEN,14474.0,14820.0
2016-09-06,10,TEN,14844.0,15103.0
2016-09-06,11,TEN,15961.0,16386.0
2016-09-06,12,TEN,17070.0,16827.0
2016-09-06,13,TEN,17763.0,17668.0
2016-09-06,14,TEN,18933.0,18525.0
2016-09-06,15,TEN,20492.0,20047.0
2016-09-06,16,TEN,22221.0,21846.0
2016-09-06,17,TEN,24078.0,23684.0
2016-09-06,18,TEN,25293.0,24394.0
2016-09-06,19,TEN,26131.0,24957.0
2016-09-06,20,TEN,26747.0,25514.0
2016-09-06,21,TEN,27181.0,25620.0
2016-09-06,22,TEN,27267.0,25680.0
2016-09-06,23,TEN,26845.0,25821.0
2016-09-07,0,TEN,25840.0,25178.0
2016-09-07,1,TEN,25407.0,25073.0
2016-09-07,2,TEN,24109.0,23734.0
2016-09-07,3,TEN,22189.0,21735.0
2016-09-07,4,TEN,20206.0,20409.0
2016-09-07,5,TEN,18395.0,18863.0
2016-09-07,6,TEN,17142.0,17353.0
2016-09-07,7,TEN,16199.0,16465.0
2016-09-07,8,TEN,15510.0,15774.0
2016-09-07,9,TEN,15195.0,15490.0
2016-09-07,10,TEN,15428.0,15648.0
2016-09-07,11,TEN,16511.0,16391.0
2016-09-07,12,TEN,17439.0,16830.0
2016-09-07,13,TEN,18106.0,17140.0
2016-09-07,14,TEN,19148.0,18093.0
2016-09-07,15,TEN,20781.0,19562.0
2016-09-07,16,TEN,22557.0,21533.0
2016-09-07,17,TEN,24352.0,23034.0
2016-09-07,18,TEN,25796.0,24519.0
2016-09-07,19,TEN,26728.0,25457.0
2016-09-07,20,TEN,27262.0,25531.0
2016-09-07,21,TEN,27684.0,25680.0
2016-09-07,22,TEN,27863.0,25912.0
2016-09-07,23,TEN,27467.0,25924.0
2016-09-08,0,TEN,26408.0,25141.0
2016-09-08,1,TEN,25554.0,24175.0
2016-09-08,2,TEN,24492.0,23081.0
2016-09-08,3,TEN,22625.0,21423.0
2016-09-08,4,TEN,20454.0,19933.0
2016-09-08,5,TEN,18553.0,18917.0
2016-09-08,6,TEN,17355.0,17614.0
2016-09-08,7,TEN,16493.0,16703.0
2016-09-08,8,TEN,15912.0,16146.0
2016-09-08,9,TEN,15585.0,15847.0
2016-09-08,10,TEN,15864.0,16081.0
2016-09-08,11,TEN,16871.0,16988.0
2016-09-08,12,TEN,17981.0,17464.0
2016-09-08,13,TEN,18567.0,17819.0
2016-09-08,14,TEN,19686.0,18778.0
2016-09-08,15,TEN,21356.0,20438.0
2016-09-08,16,TEN,23210.0,22332.0
2016-09-08,17,TEN,24791.0,23574.0
2016-09-08,18,TEN,26024.0,24868.0
2016-09-08,19,TEN,26702.0,25042.0
2016-09-08,20,TEN,27235.0,25318.0
2016-09-08,21,TEN,27539.0,25375.0
2016-09-08,22,TEN,27435.0,25307.0
2016-09-08,23,TEN,26846.0,25233.0
2016-09-09,0,TEN,25880.0,24597.0
2016-09-09,1,TEN,25524.0,24409.0
2016-09-09,2,TEN,24424.0,23618.0
2016-09-09,3,TEN,22539.0,21745.0
2016-09-09,4,TEN,20540.0,20571.0
2016-09-09,5,TEN,18750.0,19081.0
2016-09-09,6,TEN,17443.0,17694.0
2016-09-09,7,TEN,16453.0,16705.0
2016-09-09,8,TEN,15890.0,16163.0
2016-09-09,9,TEN,15686.0,15981.0
2016-09-09,10,TEN,15848.0,16130.0
2016-09-09,11,TEN,16853.0,17097.0
2016-09-09,12,TEN,17848.0,17585.0
2016-09-09,13,TEN,18374.0,18335.0
2016-09-09,14,TEN,19600.0,19219.0
2016-09-09,15,TEN,21132.0,20669.0
2016-09-09,16,TEN,22997.0,22577.0
2016-09-09,17,TEN,24552.0,23695.0
2016-09-09,18,TEN,25672.0,24900.0
2016-09-09,19,TEN,26358.0,25330.0
2016-09-09,20,TEN,26948.0,25482.0
2016-09-09,21,TEN,27099.0,25335.0
2016-09-09,22,TEN,27218.0,25477.0
2016-09-09,23,TEN,26565.0,25497.0
2016-09-10,0,TEN,25187.0,24449.0
2016-09-10,1,TEN,24319.0,23622.0
2016-09-10,2,TEN,23143.0,22363.0
2016-09-10,3,TEN,21695.0,20980.0
2016-09-10,4,TEN,20064.0,20204.0
2016-09-10,5,TEN,18514.0,18733.0
2016-09-10,6,TEN,17073.0,17197.0
2016-09-10,7,TEN,16177.0,16322.0
2016-09-10,8,TEN,15561.0,15770.0
2016-09-10,9,TEN,15109.0,15380.0
2016-09-10,10,TEN,15002.0,15254.0
2016-09-10,11,TEN,15246.0,15500.0
2016-09-10,12,TEN,15497.0,15733.0
2016-09-10,13,TEN,16271.0,16668.0
2016-09-10,14,TEN,18030.0,18604.0
2016-09-10,15,TEN,19964.0,20139.0
2016-09-10,16,TEN,21834.0,22206.0
2016-09-10,17,TEN,23516.0,23814.0
2016-09-10,18,TEN,24670.0,25020.0
2016-09-10,19,TEN,25455.0,25718.0
2016-09-10,20,TEN,25694.0,25427.0
2016-09-10,21,TEN,25671.0,25472.0
2016-09-10,22,TEN,25332.0,25184.0
2016-09-10,23,TEN,24274.0,24059.0
2016-09-11,0,TEN,23101.0,23065.0
2016-09-11,1,TEN,22439.0,22439.0
2016-09-11,2,TEN,21260.0,21192.0
2016-09-11,3,TEN,19874.0,19909.0
2016-09-11,4,TEN,18383.0,18520.0
2016-09-11,5,TEN,17047.0,17338.0
2016-09-11,6,TEN,15765.0,15838.0
2016-09-11,7,TEN,14896.0,15090.0
2016-09-11,8,TEN,14325.0,14642.0
2016-09-11,9,TEN,13962.0,14319.0
2016-09-11,10,TEN,13742.0,14071.0
2016-09-11,11,TEN,13704.0,14082.0
2016-09-11,12,TEN,13790.0,14108.0
2016-09-11,13,TEN,14404.0,14958.0
2016-09-11,14,TEN,15714.0,16316.0
2016-09-11,15,TEN,16809.0,17179.0
2016-09-11,16,TEN,17759.0,18117.0
2016-09-11,17,TEN,18836.0,19280.0
2016-09-11,18,TEN,19832.0,20337.0
2016-09-11,19,TEN,20847.0,21351.0
2016-09-11,20,TEN,21465.0,21946.0
2016-09-11,21,TEN,22117.0,22599.0
2016-09-11,22,TEN,22342.0,22765.0
2016-09-11,23,TEN,22038.0,22515.0
2016-09-12,0,TEN,21000.0,21371.0
2016-09-12,1,TEN,20457.0,20635.0
2016-09-12,2,TEN,19430.0,19571.0
2016-09-12,3,TEN,17923.0,17851.0
2016-09-12,4,TEN,16339.0,16774.0
2016-09-12,5,TEN,14979.0,15499.0
2016-09-12,6,TEN,13918.0,14140.0
2016-09-12,7,TEN,13402.0,13662.0
2016-09-12,8,TEN,13037.0,13392.0
2016-09-12,9,TEN,13045.0,13460.0
2016-09-12,10,TEN,13442.0,13727.0
2016-09-12,11,TEN,14522.0,14792.0
2016-09-12,12,TEN,15524.0,15968.0
2016-09-12,13,TEN,16028.0,16714.0
2016-09-12,14,TEN,16822.0,17476.0
2016-09-12,15,TEN,17947.0,18396.0
2016-09-12,16,TEN,19117.0,19579.0
2016-09-12,17,TEN,20461.0,20684.0
2016-09-12,18,TEN,21868.0,22046.0
2016-09-12,19,TEN,23004.0,22654.0
2016-09-12,20,TEN,24092.0,23256.0
2016-09-12,21,TEN,24984.0,23859.0
2016-09-12,22,TEN,25361.0,24217.0
2016-09-12,23,TEN,24957.0,24131.0
2016-09-13,0,TEN,24045.0,23639.0
2016-09-13,1,TEN,23627.0,23352.0
2016-09-13,2,TEN,22323.0,22302.0
2016-09-13,3,TEN,20595.0,20672.0
2016-09-13,4,TEN,18642.0,19025.0
2016-09-13,5,TEN,17097.0,17510.0
2016-09-13,6,TEN,16091.0,16346.0
2016-09-13,7,TEN,15248.0,15518.0
2016-09-13,8,TEN,14836.0,15149.0
2016-09-13,9,TEN,14629.0,14985.0
2016-09-13,10,TEN,14825.0,15211.0
2016-09-13,11,TEN,15944.0,16277.0
2016-09-13,12,TEN,17230.0,17658.0
2016-09-13,13,TEN,17736.0,18144.0
2016-09-13,14,TEN,18892.0,19215.0
2016-09-13,15,TEN,20392.0,20660.0
2016-09-13,16,TEN,21913.0,21896.0
2016-09-13,17,TEN,23394.0,23132.0
2016-09-13,18,TEN,24676.0,24328.0
2016-09-13,19,TEN,25493.0,24751.0
2016-09-13,20,TEN,25946.0,24854.0
2016-09-13,21,TEN,26024.0,24426.0
2016-09-13,22,TEN,25920.0,24332.0
2016-09-13,23,TEN,25235.0,24176.0
2016-09-14,0,TEN,24245.0,23774.0
2016-09-14,1,TEN,24099.0,23722.0
2016-09-14,2,TEN,23131.0,23063.0
2016-09-14,3,TEN,21516.0,21478.0
2016-09-14,4,TEN,19551.0,19987.0
2016-09-14,5,TEN,17928.0,18314.0
2016-09-14,6,TEN,16722.0,17006.0
2016-09-14,7,TEN,15897.0,16135.0
2016-09-14,8,TEN,15382.0,15648.0
2016-09-14,9,TEN,15108.0,15393.0
2016-09-14,10,TEN,15360.0,15620.0
2016-09-14,11,TEN,16585.0,16941.0
2016-09-14,12,TEN,17740.0,17911.0
2016-09-14,13,TEN,18169.0,18073.0
2016-09-14,14,TEN,19224.0,18968.0
2016-09-14,15,TEN,20546.0,20359.0
2016-09-14,16,TEN,22168.0,21868.0
2016-09-14,17,TEN,23780.0,23251.0
2016-09-14,18,TEN,25189.0,24486.0
2016-09-14,19,TEN,26032.0,24717.0
2016-09-14,20,TEN,26680.0,24905.0
2016-09-14,21,TEN,26981.0,24964.0
2016-09-14,22,TEN,26956.0,25095.0
2016-09-14,23,TEN,26374.0,25059.0
2016-09-15,0,TEN,25241.0,24407.0
2016-09-15,1,TEN,24946.0,24143.0
2016-09-15,2,TEN,23731.0,22967.0
2016-09-15,3,TEN,21879.0,21723.0
2016-09-15,4,TEN,19932.0,20249.0
2016-09-15,5,TEN,18350.0,18705.0
2016-09-15,6,TEN,17136.0,17387.0
2016-09-15,7,TEN,16163.0,16378.0
2016-09-15,8,TEN,15559.0,15776.0
2016-09-15,9,TEN,15282.0,15569.0
2016-09-15,10,TEN,15544.0,15768.0
2016-09-15,11,TEN,16669.0,16971.0
2016-09-15,12,TEN,17773.0,17349.0
2016-09-15,13,TEN,18177.0,17654.0
2016-09-15,14,TEN,19184.0,18542.0
2016-09-15,15,TEN,20569.0,19836.0
2016-09-15,16,TEN,22164.0,21619.0
2016-09-15,17,TEN,23856.0,22857.0
2016-09-15,18,TEN,25337.0,24169.0
2016-09-15,19,TEN,26252.0,24719.0
2016-09-15,20,TEN,26956.0,24775.0
2016-09-15,21,TEN,27342.0,25083.0
2016-09-15,22,TEN,27164.0,24975.0
2016-09-15,23,TEN,26469.0,24674.0
2016-09-16,0,TEN,25365.0,24306.0
2016-09-16,1,TEN,25034.0,24056.0
2016-09-16,2,TEN,23936.0,23123.0
2016-09-16,3,TEN,22117.0,21649.0
2016-09-16,4,TEN,19979.0,20244.0
2016-09-16,5,TEN,18332.0,18782.0
2016-09-16,6,TEN,17115.0,17363.0
2016-09-16,7,TEN,16189.0,16581.0
2016-09-16,8,TEN,15657.0,16004.0
2016-09-16,9,TEN,15398.0,15788.0
2016-09-16,10,TEN,15609.0,15906.0
2016-09-16,11,TEN,16645.0,17162.0
2016-09-16,12,TEN,17687.0,17573.0
2016-09-16,13,TEN,18190.0,17935.0
2016-09-16,14,TEN,19252.0,18898.0
2016-09-16,15,TEN,20915.0,20739.0
2016-09-16,16,TEN,22635.0,21685.0
2016-09-16,17,TEN,24327.0,22988.0
2016-09-16,18,TEN,25583.0,24051.0
2016-09-16,19,TEN,26353.0,24875.0
2016-09-16,20,TEN,26848.0,24928.0
2016-09-16,21,TEN,26988.0,24963.0
2016-09-16,22,TEN,26667.0,24736.0
2016-09-16,23,TEN,25924.0,24477.0
2016-09-17,0,TEN,24574.0,23209.0
2016-09-17,1,TEN,23903.0,22313.0
2016-09-17,2,TEN,22785.0,21302.0
2016-09-17,3,TEN,21397.0,20541.0
2016-09-17,4,TEN,19949.0,19682.0
2016-09-17,5,TEN,18591.0,18839.0
2016-09-17,6,TEN,17402.0,17800.0
2016-09-17,7,TEN,16497.0,16847.0
2016-09-17,8,TEN,15793.0,16068.0
2016-09-17,9,TEN,15563.0,15850.0
2016-09-17,10,TEN,15342.0,15647.0
2016-09-17,11,TEN,15525.0,15846.0
2016-09-17,12,TEN,15769.0,16066.0
2016-09-17,13,TEN,16419.0,16714.0
2016-09-17,14,TEN,17619.0,17912.0
2016-09-17,15,TEN,18677.0,18526.0
2016-09-17,16,TEN,19540.0,19143.0
2016-09-17,17,TEN,20132.0,19776.0
2016-09-17,18,TEN,20654.0,20465.0
2016-09-17,19,TEN,21173.0,20964.0
2016-09-17,20,TEN,21608.0,21397.0
2016-09-17,21,TEN,21934.0,21643.0
2016-09-17,22,TEN,21873.0,21858.0
2016-09-17,23,TEN,21604.0,21624.0
2016-09-18,0,TEN,21015.0,20846.0
2016-09-18,1,TEN,20946.0,20720.0
2016-09-18,2,TEN,20433.0,20185.0
2016-09-18,3,TEN,19333.0,19306.0
2016-09-18,4,TEN,18112.0,18314.0
2016-09-18,5,TEN,16881.0,17276.0
2016-09-18,6,TEN,15974.0,16497.0
2016-09-18,7,TEN,15294.0,15767.0
2016-09-18,8,TEN,14825.0,15304.0
2016-09-18,9,TEN,14603.0,15060.0
2016-09-18,10,TEN,14560.0,15023.0
2016-09-18,11,TEN,14739.0,15187.0
2016-09-18,12,TEN,15042.0,15403.0
2016-09-18,13,TEN,15758.0,16106.0
2016-09-18,14,TEN,16899.0,17020.0
2016-09-18,15,TEN,17935.0,18016.0
2016-09-18,16,TEN,18784.0,18673.0
2016-09-18,17,TEN,19737.0,19837.0
2016-09-18,18,TEN,20618.0,20608.0
2016-09-18,19,TEN,21033.0,21018.0
2016-09-18,20,TEN,21229.0,21343.0
2016-09-18,21,TEN,21218.0,21224.0
2016-09-18,22,TEN,21119.0,21298.0
2016-09-18,23,TEN,20813.0,21058.0
2016-09-19,0,TEN,20410.0,20661.0
2016-09-19,1,TEN,20528.0,20743.0
2016-09-19,2,TEN,19780.0,20045.0
2016-09-19,3,TEN,18600.0,18879.0
2016-09-19,4,TEN,17194.0,17503.0
2016-09-19,5,TEN,15911.0,16671.0
2016-09-19,6,TEN,15119.0,15735.0
2016-09-19,7,TEN,14512.0,15061.0
2016-09-19,8,TEN,14352.0,14841.0
2016-09-19,9,TEN,14264.0,14756.0
2016-09-19,10,TEN,14784.0,15271.0
2016-09-19,11,TEN,16066.0,16514.0
2016-09-19,12,TEN,17240.0,17537.0
2016-09-19,13,TEN,17710.0,18037.0
2016-09-19,14,TEN,18497.0,19016.0
2016-09-19,15,TEN,19604.0,20195.0
2016-09-19,16,TEN,20853.0,21502.0
2016-09-19,17,TEN,22318.0,22878.0
2016-09-19,18,TEN,23282.0,23307.0
2016-09-19,19,TEN,24094.0,23970.0
2016-09-19,20,TEN,24751.0,24586.0
2016-09-19,21,TEN,25256.0,24754.0
2016-09-19,22,TEN,25365.0,24610.0
2016-09-19,23,TEN,24790.0,24661.0
2016-09-20,0,TEN,23687.0,23939.0
2016-09-20,1,TEN,23314.0,23414.0
2016-09-20,2,TEN,22112.0,22374.0
2016-09-20,3,TEN,20316.0,20594.0
2016-09-20,4,TEN,18412.0,18517.0
2016-09-20,5,TEN,16838.0,17128.0
2016-09-20,6,TEN,15629.0,16083.0
2016-09-20,7,TEN,14899.0,15262.0
2016-09-20,8,TEN,14425.0,14851.0
2016-09-20,9,TEN,14187.0,14652.0
2016-09-20,10,TEN,14504.0,14990.0
2016-09-20,11,TEN,15556.0,16147.0
2016-09-20,12,TEN,16783.0,17234.0
2016-09-20,13,TEN,17067.0,17440.0
2016-09-20,14,TEN,18007.0,18021.0
2016-09-20,15,TEN,19247.0,19205.0
2016-09-20,16,TEN,20694.0,20673.0
2016-09-20,17,TEN,22012.0,22333.0
2016-09-20,18,TEN,23257.0,23162.0
2016-09-20,19,TEN,24077.0,23663.0
2016-09-20,20,TEN,24961.0,24286.0
2016-09-20,21,TEN,25428.0,24582.0
2016-09-20,22,TEN,25494.0,24818.0
2016-09-20,23,TEN,24863.0,24517.0
2016-09-21,0,TEN,23679.0,23954.0
2016-09-21,1,TEN,23353.0,23371.0
2016-09-21,2,TEN,21982.0,21928.0
2016-09-21,3,TEN,20229.0,20194.0
2016-09-21,4,TEN,18403.0,18931.0
2016-09-21,5,TEN,16631.0,17219.0
2016-09-21,6,TEN,15505.0,15970.0
2016-09-21,7,TEN,14939.0,15319.0
2016-09-21,8,TEN,14476.0,14854.0
2016-09-21,9,TEN,14285.0,14695.0
2016-09-21,10,TEN,14506.0,14970.0
2016-09-21,11,TEN,15605.0,16184.0
2016-09-21,12,TEN,16735.0,17112.0
2016-09-21,13,TEN,17017.0,17373.0
2016-09-21,14,TEN,17826.0,18249.0
2016-09-21,15,TEN,18920.0,19227.0
2016-09-21,16,TEN,20260.0,20106.0
2016-09-21,17,TEN,21814.0,21645.0
2016-09-21,18,TEN,23187.0,22968.0
2016-09-21,19,TEN,24172.0,23527.0
2016-09-21,20,TEN,25055.0,24371.0
2016-09-21,21,TEN,25666.0,24861.0
2016-09-21,22,TEN,25883.0,25002.0
2016-09-21,23,TEN,25321.0,24633.0
2016-09-22,0,TEN,24155.0,23914.0
2016-09-22,1,TEN,23764.0,23229.0
2016-09-22,2,TEN,22484.0,22286.0
2016-09-22,3,TEN,20531.0,20395.0
2016-09-22,4,TEN,18694.0,18987.0
2016-09-22,5,TEN,17075.0,17634.0
2016-09-22,6,TEN,16034.0,16383.0
2016-09-22,7,TEN,15244.0,15523.0
2016-09-22,8,TEN,14785.0,15058.0
2016-09-22,9,TEN,14613.0,14978.0
2016-09-22,10,TEN,14855.0,15372.0
2016-09-22,11,TEN,15839.0,16348.0
2016-09-22,12,TEN,17005.0,17019.0
2016-09-22,13,TEN,17462.0,17422.0
2016-09-22,14,TEN,18416.0,18300.0
2016-09-22,15,TEN,19776.0,19413.0
2016-09-22,16,TEN,21334.0,20927.0
2016-09-22,17,TEN,22978.0,22735.0
2016-09-22,18,TEN,24264.0,23953.0
2016-09-22,19,TEN,25243.0,24278.0
2016-09-22,20,TEN,25902.0,24584.0
2016-09-22,21,TEN,26339.0,24737.0
2016-09-22,22,TEN,26501.0,24895.0
2016-09-22,23,TEN,25837.0,24661.0
2016-09-23,0,TEN,24749.0,24022.0
2016-09-23,1,TEN,24336.0,23611.0
2016-09-23,2,TEN,23077.0,22458.0
2016-09-23,3,TEN,21202.0,20562.0
2016-09-23,4,TEN,19192.0,19089.0
2016-09-23,5,TEN,17673.0,17756.0
2016-09-23,6,TEN,16495.0,16768.0
2016-09-23,7,TEN,15639.0,15817.0
2016-09-23,8,TEN,15152.0,15274.0
2016-09-23,9,TEN,14833.0,15070.0
2016-09-23,10,TEN,15049.0,15564.0
2016-09-23,11,TEN,16114.0,16580.0
2016-09-23,12,TEN,17162.0,17180.0
2016-09-23,13,TEN,17610.0,17517.0
2016-09-23,14,TEN,18620.0,18533.0
2016-09-23,15,TEN,20004.0,19674.0
2016-09-23,16,TEN,21738.0,21309.0
2016-09-23,17,TEN,23467.0,22477.0
2016-09-23,18,TEN,24803.0,23129.0
2016-09-23,19,TEN,25422.0,23341.0
2016-09-23,20,TEN,26017.0,23548.0
2016-09-23,21,TEN,26415.0,23803.0
2016-09-23,22,TEN,26260.0,23693.0
2016-09-23,23,TEN,25521.0,23008.0
2016-09-24,0,TEN,24159.0,22164.0
2016-09-24,1,TEN,23362.0,21281.0
2016-09-24,2,TEN,22051.0,20158.0
2016-09-24,3,TEN,20485.0,19061.0
2016-09-24,4,TEN,19012.0,17665.0
2016-09-24,5,TEN,17460.0,16628.0
2016-09-24,6,TEN,16215.0,15857.0
2016-09-24,7,TEN,15271.0,14994.0
2016-09-24,8,TEN,14643.0,14803.0
2016-09-24,9,TEN,14231.0,14423.0
2016-09-24,10,TEN,14047.0,14257.0
2016-09-24,11,TEN,14415.0,14622.0
2016-09-24,12,TEN,14651.0,14741.0
2016-09-24,13,TEN,15240.0,15561.0
2016-09-24,14,TEN,16768.0,16803.0
2016-09-24,15,TEN,18384.0,17861.0
2016-09-24,16,TEN,20377.0,19285.0
2016-09-24,17,TEN,22213.0,20784.0
2016-09-24,18,TEN,23761.0,22050.0
2016-09-24,19,TEN,24751.0,22499.0
2016-09-24,20,TEN,25332.0,22612.0
2016-09-24,21,TEN,25711.0,22749.0
2016-09-24,22,TEN,25703.0,22821.0
2016-09-24,23,TEN,25063.0,22622.0
2016-09-25,0,TEN,23732.0,21633.0
2016-09-25,1,TEN,23130.0,21090.0
2016-09-25,2,TEN,21633.0,19874.0
2016-09-25,3,TEN,20061.0,18889.0
2016-09-25,4,TEN,18416.0,17606.0
2016-09-25,5,TEN,16982.0,16790.0
2016-09-25,6,TEN,15738.0,15593.0
2016-09-25,7,TEN,14895.0,14965.0
2016-09-25,8,TEN,14309.0,14546.0
2016-09-25,9,TEN,13925.0,14088.0
2016-09-25,10,TEN,13806.0,13983.0
2016-09-25,11,TEN,13875.0,14249.0
2016-09-25,12,TEN,14034.0,14376.0
2016-09-25,13,TEN,14632.0,14985.0
2016-09-25,14,TEN,16314.0,16226.0
2016-09-25,15,TEN,18084.0,18089.0
2016-09-25,16,TEN,19831.0,19576.0
2016-09-25,17,TEN,21812.0,21017.0
2016-09-25,18,TEN,23494.0,22306.0
2016-09-25,19,TEN,24870.0,22979.0
2016-09-25,20,TEN,25653.0,23194.0
2016-09-25,21,TEN,26030.0,23440.0
2016-09-25,22,TEN,26198.0,23445.0
2016-09-25,23,TEN,25654.0,22966.0
2016-09-26,0,TEN,24686.0,22530.0
2016-09-26,1,TEN,24084.0,21794.0
2016-09-26,2,TEN,22532.0,20393.0
2016-09-26,3,TEN,20766.0,19137.0
2016-09-26,4,TEN,18925.0,17801.0
2016-09-26,5,TEN,17457.0,16835.0
2016-09-26,6,TEN,16241.0,16176.0
2016-09-26,7,TEN,15637.0,15838.0
2016-09-26,8,TEN,15067.0,15178.0
2016-09-26,9,TEN,14890.0,15004.0
2016-09-26,10,TEN,15334.0,15609.0
2016-09-26,11,TEN,16437.0,16547.0
2016-09-26,12,TEN,17608.0,17211.0
2016-09-26,13,TEN,17881.0,17329.0
2016-09-26,14,TEN,18596.0,17992.0
2016-09-26,15,TEN,19325.0,18531.0
2016-09-26,16,TEN,20154.0,19126.0
2016-09-26,17,TEN,20865.0,19615.0
2016-09-26,18,TEN,21188.0,19955.0
2016-09-26,19,TEN,20966.0,19636.0
2016-09-26,20,TEN,20723.0,19486.0
2016-09-26,21,TEN,20587.0,19334.0
2016-09-26,22,TEN,20467.0,19644.0
2016-09-26,23,TEN,19989.0,19545.0
2016-09-27,0,TEN,19717.0,19175.0
2016-09-27,1,TEN,20058.0,19040.0
2016-09-27,2,TEN,19085.0,18127.0
2016-09-27,3,TEN,17921.0,17657.0
2016-09-27,4,TEN,16638.0,16734.0
2016-09-27,5,TEN,15250.0,15616.0
2016-09-27,6,TEN,14423.0,14717.0
2016-09-27,7,TEN,13737.0,13898.0
2016-09-27,8,TEN,13381.0,13458.0
2016-09-27,9,TEN,13338.0,13456.0
2016-09-27,10,TEN,13659.0,13986.0
2016-09-27,11,TEN,14773.0,15219.0
2016-09-27,12,TEN,16036.0,16523.0
2016-09-27,13,TEN,16122.0,16899.0
2016-09-27,14,TEN,16472.0,16899.0
2016-09-27,15,TEN,16821.0,17532.0
2016-09-27,16,TEN,17420.0,18211.0
2016-09-27,17,TEN,17929.0,18754.0
2016-09-27,18,TEN,18630.0,19527.0
2016-09-27,19,TEN,19201.0,20170.0
2016-09-27,20,TEN,19883.0,20815.0
2016-09-27,21,TEN,20328.0,21203.0
2016-09-27,22,TEN,20538.0,21091.0
2016-09-27,23,TEN,20119.0,20674.0
2016-09-28,0,TEN,19428.0,20034.0
2016-09-28,1,TEN,19389.0,19759.0
2016-09-28,2,TEN,18505.0,18860.0
2016-09-28,3,TEN,17048.0,17410.0
2016-09-28,4,TEN,15665.0,15994.0
2016-09-28,5,TEN,14360.0,14660.0
2016-09-28,6,TEN,13665.0,14020.0
2016-09-28,7,TEN,13103.0,13429.0
2016-09-28,8,TEN,12901.0,13331.0
2016-09-28,9,TEN,12780.0,13276.0
2016-09-28,10,TEN,13088.0,13743.0
2016-09-28,11,TEN,14273.0,14840.0
2016-09-28,12,TEN,15518.0,16289.0
2016-09-28,13,TEN,15460.0,16232.0
2016-09-28,14,TEN,15914.0,16675.0
2016-09-28,15,TEN,16215.0,17041.0
2016-09-28,16,TEN,16795.0,17530.0
2016-09-28,17,TEN,17566.0,18431.0
2016-09-28,18,TEN,18215.0,19362.0
2016-09-28,19,TEN,18720.0,19968.0
2016-09-28,20,TEN,19531.0,20668.0
2016-09-28,21,TEN,20004.0,21175.0
2016-09-28,22,TEN,20188.0,21328.0
2016-09-28,23,TEN,19796.0,20839.0
2016-09-29,0,TEN,19409.0,20366.0
2016-09-29,1,TEN,19317.0,20152.0
2016-09-29,2,TEN,18556.0,19218.0
2016-09-29,3,TEN,17106.0,17883.0
2016-09-29,4,TEN,15634.0,16208.0
2016-09-29,5,TEN,14389.0,14858.0
2016-09-29,6,TEN,13577.0,14072.0
2016-09-29,7,TEN,12956.0,13464.0
2016-09-29,8,TEN,12577.0,13104.0
2016-09-29,9,TEN,12417.0,12937.0
2016-09-29,10,TEN,13050.0,13552.0
2016-09-29,11,TEN,14132.0,14840.0
2016-09-29,12,TEN,15298.0,15956.0
2016-09-29,13,TEN,15406.0,16023.0
2016-09-29,14,TEN,15682.0,16359.0
2016-09-29,15,TEN,15847.0,16498.0
2016-09-29,16,TEN,16290.0,17109.0
2016-09-29,17,TEN,16363.0,17095.0
2016-09-29,18,TEN,16455.0,17294.0
2016-09-29,19,TEN,16537.0,17496.0
2016-09-29,20,TEN,16598.0,17588.0
2016-09-29,21,TEN,16680.0,17757.0
2016-09-29,22,TEN,16570.0,17604.0
2016-09-29,23,TEN,16394.0,17487.0
2016-09-30,0,TEN,16581.0,17648.0
2016-09-30,1,TEN,17142.0,17907.0
2016-09-30,2,TEN,16804.0,17440.0
2016-09-30,3,TEN,15880.0,16556.0
2016-09-30,4,TEN,14613.0,15005.0
2016-09-30,5,TEN,13670.0,14126.0
2016-09-30,6,TEN,13044.0,13519.0
2016-09-30,7,TEN,12731.0,13230.0
2016-09-30,8,TEN,12423.0,12957.0
2016-09-30,9,TEN,12487.0,13020.0
2016-09-30,10,TEN,12873.0,13459.0
2016-09-30,11,TEN,14014.0,14721.0
2016-09-30,12,TEN,15264.0,16025.0
2016-09-30,13,TEN,15424.0,16195.0
2016-09-30,14,TEN,15713.0,16481.0
2016-09-30,15,TEN,15919.0,16833.0
2016-09-30,16,TEN,16187.0,17153.0
2016-09-30,17,TEN,16279.0,17260.0
2016-09-30,18,TEN,16270.0,17266.0
2016-09-30,19,TEN,16027.0,17012.0
2016-09-30,20,TEN,16153.0,17090.0
2016-09-30,21,TEN,16067.0,17068.0
2016-09-30,22,TEN,16094.0,17044.0
2016-09-30,23,TEN,15971.0,16933.0
2016-10-01,0,TEN,16026.0,16987.0
2016-10-01,1,TEN,16336.0,17120.0
2016-10-01,2,TEN,15951.0,16463.0
2016-10-01,3,TEN,15304.0,15468.0
2016-10-01,4,TEN,14438.0,14350.0
2016-10-01,5,TEN,13418.0,13432.0
2016-10-01,6,TEN,12833.0,12798.0
2016-10-01,7,TEN,12330.0,12343.0
2016-10-01,8,TEN,12045.0,12146.0
2016-10-01,9,TEN,11885.0,11966.0
2016-10-01,10,TEN,12024.0,12056.0
2016-10-01,11,TEN,12456.0,12512.0
2016-10-01,12,TEN,12734.0,12821.0
2016-10-01,13,TEN,13304.0,13414.0
2016-10-01,14,TEN,13922.0,14119.0
2016-10-01,15,TEN,14561.0,14751.0
2016-10-01,16,TEN,14904.0,15636.0
2016-10-01,17,TEN,15195.0,15995.0
2016-10-01,18,TEN,15387.0,16240.0
2016-10-01,19,TEN,15565.0,16545.0
2016-10-01,20,TEN,15800.0,16777.0
2016-10-01,21,TEN,15967.0,16995.0
2016-10-01,22,TEN,16110.0,17100.0
2016-10-01,23,TEN,15981.0,16961.0
2016-10-02,0,TEN,16067.0,17008.0
2016-10-02,1,TEN,16335.0,17407.0
2016-10-02,2,TEN,15698.0,16439.0
2016-10-02,3,TEN,14897.0,15020.0
2016-10-02,4,TEN,14000.0,13953.0
2016-10-02,5,TEN,13114.0,13205.0
2016-10-02,6,TEN,12505.0,12621.0
2016-10-02,7,TEN,11974.0,12063.0
2016-10-02,8,TEN,11762.0,12133.0
2016-10-02,9,TEN,11595.0,12000.0
2016-10-02,10,TEN,11666.0,12073.0
2016-10-02,11,TEN,11899.0,12262.0
2016-10-02,12,TEN,12325.0,12422.0
2016-10-02,13,TEN,12765.0,12831.0
2016-10-02,14,TEN,13650.0,13747.0
2016-10-02,15,TEN,14287.0,14413.0
2016-10-02,16,TEN,14824.0,15219.0
2016-10-02,17,TEN,15492.0,16030.0
2016-10-02,18,TEN,16087.0,17024.0
2016-10-02,19,TEN,16443.0,17481.0
2016-10-02,20,TEN,16735.0,17566.0
2016-10-02,21,TEN,16911.0,17740.0
2016-10-02,22,TEN,17072.0,17923.0
2016-10-02,23,TEN,17167.0,17982.0
2016-10-03,0,TEN,17196.0,18237.0
2016-10-03,1,TEN,17379.0,18139.0
2016-10-03,2,TEN,16609.0,17343.0
2016-10-03,3,TEN,15655.0,15641.0
2016-10-03,4,TEN,14429.0,14458.0
2016-10-03,5,TEN,13506.0,13496.0
2016-10-03,6,TEN,12838.0,12941.0
2016-10-03,7,TEN,12447.0,12578.0
2016-10-03,8,TEN,12179.0,12427.0
2016-10-03,9,TEN,12203.0,12519.0
2016-10-03,10,TEN,12787.0,12888.0
2016-10-03,11,TEN,13921.0,14063.0
2016-10-03,12,TEN,15174.0,15228.0
2016-10-03,13,TEN,15402.0,15703.0
2016-10-03,14,TEN,15864.0,16173.0
2016-10-03,15,TEN,16403.0,16492.0
2016-10-03,16,TEN,17076.0,17356.0
2016-10-03,17,TEN,17757.0,18180.0
2016-10-03,18,TEN,18241.0,18630.0
2016-10-03,19,TEN,18546.0,19007.0
2016-10-03,20,TEN,19019.0,19468.0
2016-10-03,21,TEN,19437.0,19751.0
2016-10-03,22,TEN,19586.0,19713.0
2016-10-03,23,TEN,19311.0,19472.0
2016-10-04,0,TEN,19023.0,19248.0
2016-10-04,1,TEN,19102.0,19241.0
2016-10-04,2,TEN,18246.0,18224.0
2016-10-04,3,TEN,17088.0,17053.0
2016-10-04,4,TEN,15646.0,15526.0
2016-10-04,5,TEN,14475.0,14440.0
2016-10-04,6,TEN,13695.0,13979.0
2016-10-04,7,TEN,13198.0,13428.0
2016-10-04,8,TEN,12851.0,13305.0
2016-10-04,9,TEN,12725.0,13204.0
2016-10-04,10,TEN,13127.0,13685.0
2016-10-04,11,TEN,14299.0,14813.0
2016-10-04,12,TEN,15484.0,15721.0
2016-10-04,13,TEN,15722.0,15947.0
2016-10-04,14,TEN,16230.0,16400.0
2016-10-04,15,TEN,16921.0,17139.0
2016-10-04,16,TEN,17717.0,17765.0
2016-10-04,17,TEN,18670.0,18683.0
2016-10-04,18,TEN,19626.0,19547.0
2016-10-04,19,TEN,20262.0,20034.0
2016-10-04,20,TEN,20868.0,20427.0
2016-10-04,21,TEN,21255.0,20523.0
2016-10-04,22,TEN,21352.0,20476.0
2016-10-04,23,TEN,20883.0,20154.0
2016-10-05,0,TEN,20454.0,20067.0
2016-10-05,1,TEN,20530.0,20209.0
2016-10-05,2,TEN,19539.0,18992.0
2016-10-05,3,TEN,18163.0,17759.0
2016-10-05,4,TEN,16704.0,16733.0
2016-10-05,5,TEN,15455.0,15562.0
2016-10-05,6,TEN,14554.0,14515.0
2016-10-05,7,TEN,13942.0,13883.0
2016-10-05,8,TEN,13551.0,13491.0
2016-10-05,9,TEN,13415.0,13432.0
2016-10-05,10,TEN,13627.0,13671.0
2016-10-05,11,TEN,14626.0,14806.0
2016-10-05,12,TEN,15836.0,15894.0
2016-10-05,13,TEN,16044.0,16261.0
2016-10-05,14,TEN,16578.0,16671.0
2016-10-05,15,TEN,17275.0,17222.0
2016-10-05,16,TEN,18027.0,17974.0
2016-10-05,17,TEN,18907.0,18653.0
2016-10-05,18,TEN,19796.0,19673.0
2016-10-05,19,TEN,20730.0,20512.0
2016-10-05,20,TEN,21656.0,21301.0
2016-10-05,21,TEN,22153.0,21500.0
2016-10-05,22,TEN,22414.0,21623.0
2016-10-05,23,TEN,21947.0,21563.0
2016-10-06,0,TEN,21212.0,21098.0
2016-10-06,1,TEN,20795.0,20626.0
2016-10-06,2,TEN,19597.0,19340.0
2016-10-06,3,TEN,18271.0,18037.0
2016-10-06,4,TEN,16688.0,16582.0
2016-10-06,5,TEN,15318.0,15350.0
2016-10-06,6,TEN,14385.0,14277.0
2016-10-06,7,TEN,13762.0,13690.0
2016-10-06,8,TEN,13366.0,13301.0
2016-10-06,9,TEN,13169.0,13143.0
2016-10-06,10,TEN,13471.0,13486.0
2016-10-06,11,TEN,14519.0,14667.0
2016-10-06,12,TEN,15837.0,16067.0
2016-10-06,13,TEN,15839.0,16051.0
2016-10-06,14,TEN,16489.0,16574.0
2016-10-06,15,TEN,17186.0,17258.0
2016-10-06,16,TEN,18125.0,17910.0
2016-10-06,17,TEN,19027.0,18863.0
2016-10-06,18,TEN,19929.0,19924.0
2016-10-06,19,TEN,20881.0,20947.0
2016-10-06,20,TEN,21646.0,21759.0
2016-10-06,21,TEN,22128.0,22184.0
2016-10-06,22,TEN,22200.0,22186.0
2016-10-06,23,TEN,21570.0,21622.0
2016-10-07,0,TEN,20874.0,21025.0
2016-10-07,1,TEN,20637.0,20723.0
2016-10-07,2,TEN,19576.0,19584.0
2016-10-07,3,TEN,18200.0,18179.0
2016-10-07,4,TEN,16597.0,16515.0
2016-10-07,5,TEN,15318.0,15382.0
2016-10-07,6,TEN,14288.0,14370.0
2016-10-07,7,TEN,13564.0,13620.0
2016-10-07,8,TEN,13217.0,13244.0
2016-10-07,9,TEN,13097.0,13158.0
2016-10-07,10,TEN,13358.0,13358.0
2016-10-07,11,TEN,14360.0,14275.0
2016-10-07,12,TEN,15506.0,15420.0
2016-10-07,13,TEN,15748.0,15567.0
2016-10-07,14,TEN,16359.0,16191.0
2016-10-07,15,TEN,17152.0,17013.0
2016-10-07,16,TEN,17972.0,17851.0
2016-10-07,17,TEN,18938.0,18774.0
2016-10-07,18,TEN,19759.0,19671.0
2016-10-07,19,TEN,20657.0,20674.0
2016-10-07,20,TEN,21485.0,21319.0
2016-10-07,21,TEN,21935.0,21821.0
2016-10-07,22,TEN,21900.0,21607.0
2016-10-07,23,TEN,21171.0,20989.0
2016-10-08,0,TEN,20353.0,20184.0
2016-10-08,1,TEN,19853.0,19789.0
2016-10-08,2,TEN,18978.0,18831.0
2016-10-08,3,TEN,18000.0,17823.0
2016-10-08,4,TEN,16668.0,16568.0
2016-10-08,5,TEN,15436.0,15346.0
2016-10-08,6,TEN,14447.0,14427.0
2016-10-08,7,TEN,13737.0,13724.0
2016-10-08,8,TEN,13210.0,13132.0
2016-10-08,9,TEN,12858.0,12811.0
2016-10-08,10,TEN,12822.0,12777.0
2016-10-08,11,TEN,12961.0,13136.0
2016-10-08,12,TEN,13392.0,13479.0
2016-10-08,13,TEN,13663.0,13793.0
2016-10-08,14,TEN,14369.0,14605.0
2016-10-08,15,TEN,15042.0,15377.0
2016-10-08,16,TEN,15564.0,15829.0
2016-10-08,17,TEN,15871.0,16144.0
2016-10-08,18,TEN,16129.0,16421.0
2016-10-08,19,TEN,16448.0,16790.0
2016-10-08,20,TEN,16784.0,17193.0
2016-10-08,21,TEN,16818.0,17254.0
2016-10-08,22,TEN,16847.0,17330.0
2016-10-08,23,TEN,16411.0,16819.0
2016-10-09,0,TEN,16134.0,16627.0
2016-10-09,1,TEN,16022.0,16487.0
2016-10-09,2,TEN,15514.0,15679.0
2016-10-09,3,TEN,14599.0,14745.0
2016-10-09,4,TEN,13778.0,13801.0
2016-10-09,5,TEN,12907.0,12907.0
2016-10-09,6,TEN,12345.0,12361.0
2016-10-09,7,TEN,11898.0,11988.0
2016-10-09,8,TEN,11645.0,11747.0
2016-10-09,9,TEN,11563.0,11685.0
2016-10-09,10,TEN,11628.0,11697.0
2016-10-09,11,TEN,11886.0,12000.0
2016-10-09,12,TEN,12242.0,12318.0
2016-10-09,13,TEN,12794.0,12947.0
2016-10-09,14,TEN,13464.0,13811.0
2016-10-09,15,TEN,13796.0,14102.0
2016-10-09,16,TEN,13908.0,14209.0
2016-10-09,17,TEN,13996.0,14307.0
2016-10-09,18,TEN,14267.0,14546.0
2016-10-09,19,TEN,14692.0,14942.0
2016-10-09,20,TEN,15157.0,15475.0
2016-10-09,21,TEN,15513.0,16027.0
2016-10-09,22,TEN,15910.0,16396.0
2016-10-09,23,TEN,15926.0,16386.0
2016-10-10,0,TEN,16014.0,16521.0
2016-10-10,1,TEN,16205.0,16711.0
2016-10-10,2,TEN,15541.0,15644.0
2016-10-10,3,TEN,14763.0,14847.0
2016-10-10,4,TEN,13919.0,14019.0
2016-10-10,5,TEN,12998.0,13003.0
2016-10-10,6,TEN,12465.0,12423.0
2016-10-10,7,TEN,12119.0,12166.0
2016-10-10,8,TEN,12067.0,12092.0
2016-10-10,9,TEN,12118.0,12140.0
2016-10-10,10,TEN,12591.0,12618.0
2016-10-10,11,TEN,13676.0,14010.0
2016-10-10,12,TEN,14836.0,14949.0
2016-10-10,13,TEN,15317.0,15414.0
2016-10-10,14,TEN,15602.0,15825.0
2016-10-10,15,TEN,15893.0,16139.0
2016-10-10,16,TEN,16212.0,16387.0
2016-10-10,17,TEN,16375.0,16619.0
2016-10-10,18,TEN,16636.0,16931.0
2016-10-10,19,TEN,16715.0,17191.0
2016-10-10,20,TEN,17004.0,17425.0
2016-10-10,21,TEN,17247.0,17654.0
2016-10-10,22,TEN,17356.0,17701.0
2016-10-10,23,TEN,17004.0,17454.0
2016-10-11,0,TEN,17312.0,17725.0
2016-10-11,1,TEN,17450.0,17803.0
2016-10-11,2,TEN,16832.0,16865.0
2016-10-11,3,TEN,15822.0,15836.0
2016-10-11,4,TEN,14735.0,14724.0
2016-10-11,5,TEN,13719.0,13689.0
2016-10-11,6,TEN,13077.0,13151.0
2016-10-11,7,TEN,12689.0,12764.0
2016-10-11,8,TEN,12498.0,12601.0
2016-10-11,9,TEN,12389.0,12490.0
2016-10-11,10,TEN,12924.0,13240.0
2016-10-11,11,TEN,13982.0,14309.0
2016-10-11,12,TEN,15248.0,15548.0
2016-10-11,13,TEN,15456.0,15725.0
2016-10-11,14,TEN,15820.0,16088.0
2016-10-11,15,TEN,16154.0,16432.0
2016-10-11,16,TEN,16536.0,16773.0
2016-10-11,17,TEN,16826.0,17142.0
2016-10-11,18,TEN,17134.0,17512.0
2016-10-11,19,TEN,17398.0,17793.0
2016-10-11,20,TEN,17822.0,18265.0
2016-10-11,21,TEN,18272.0,18694.0
2016-10-11,22,TEN,18499.0,18903.0
2016-10-11,23,TEN,18185.0,18578.0
2016-10-12,0,TEN,18083.0,18619.0
2016-10-12,1,TEN,18047.0,18503.0
2016-10-12,2,TEN,17224.0,17487.0
2016-10-12,3,TEN,16158.0,16146.0
2016-10-12,4,TEN,14857.0,14918.0
2016-10-12,5,TEN,13806.0,13756.0
2016-10-12,6,TEN,13244.0,13262.0
2016-10-12,7,TEN,12770.0,12811.0
2016-10-12,8,TEN,12558.0,12807.0
2016-10-12,9,TEN,12336.0,12625.0
2016-10-12,10,TEN,12734.0,13020.0
2016-10-12,11,TEN,13784.0,14076.0
2016-10-12,12,TEN,15023.0,15158.0
2016-10-12,13,TEN,15188.0,15393.0
2016-10-12,14,TEN,15438.0,15642.0
2016-10-12,15,TEN,15650.0,16094.0
2016-10-12,16,TEN,15922.0,16246.0
2016-10-12,17,TEN,16184.0,16534.0
2016-10-12,18,TEN,16461.0,16937.0
2016-10-12,19,TEN,16806.0,17321.0
2016-10-12,20,TEN,17258.0,17693.0
2016-10-12,21,TEN,17669.0,18082.0
2016-10-12,22,TEN,17992.0,18350.0
2016-10-12,23,TEN,17759.0,18080.0
2016-10-13,0,TEN,17824.0,18228.0
2016-10-13,1,TEN,17805.0,18134.0
2016-10-13,2,TEN,17337.0,17445.0
2016-10-13,3,TEN,16273.0,16260.0
2016-10-13,4,TEN,14849.0,14862.0
2016-10-13,5,TEN,13786.0,13805.0
2016-10-13,6,TEN,13231.0,13221.0
2016-10-13,7,TEN,12972.0,12983.0
2016-10-13,8,TEN,12652.0,12663.0
2016-10-13,9,TEN,12670.0,12710.0
2016-10-13,10,TEN,13047.0,13371.0
2016-10-13,11,TEN,14092.0,14388.0
2016-10-13,12,TEN,15220.0,15369.0
2016-10-13,13,TEN,15591.0,15720.0
2016-10-13,14,TEN,15862.0,16047.0
2016-10-13,15,TEN,16057.0,16254.0
2016-10-13,16,TEN,16441.0,16612.0
2016-10-13,17,TEN,16562.0,16723.0
2016-10-13,18,TEN,16693.0,16941.0
2016-10-13,19,TEN,16828.0,17185.0
2016-10-13,20,TEN,17217.0,17682.0
2016-10-13,21,TEN,17433.0,17772.0
2016-10-13,22,TEN,17521.0,17882.0
2016-10-13,23,TEN,17307.0,17717.0
2016-10-14,0,TEN,17569.0,17958.0
2016-10-14,1,TEN,17757.0,18115.0
2016-10-14,2,TEN,17185.0,17395.0
2016-10-14,3,TEN,16349.0,16353.0
2016-10-14,4,TEN,15052.0,15145.0
2016-10-14,5,TEN,14072.0,14084.0
2016-10-14,6,TEN,13421.0,13469.0
2016-10-14,7,TEN,12944.0,13005.0
2016-10-14,8,TEN,12685.0,12767.0
2016-10-14,9,TEN,12657.0,12725.0
2016-10-14,10,TEN,13000.0,13315.0
2016-10-14,11,TEN,14022.0,14354.0
2016-10-14,12,TEN,15282.0,15503.0
2016-10-14,13,TEN,15607.0,15818.0
2016-10-14,14,TEN,15836.0,16019.0
2016-10-14,15,TEN,16221.0,16437.0
2016-10-14,16,TEN,16551.0,16747.0
2016-10-14,17,TEN,16800.0,17031.0
2016-10-14,18,TEN,16756.0,17243.0
2016-10-14,19,TEN,16773.0,17472.0
2016-10-14,20,TEN,16826.0,17583.0
2016-10-14,21,TEN,16736.0,17469.0
2016-10-14,22,TEN,16547.0,17340.0
2016-10-14,23,TEN,16409.0,17124.0
2016-10-15,0,TEN,16719.0,17482.0
2016-10-15,1,TEN,16737.0,17460.0
2016-10-15,2,TEN,16417.0,16703.0
2016-10-15,3,TEN,15736.0,15877.0
2016-10-15,4,TEN,14846.0,14940.0
2016-10-15,5,TEN,13874.0,14056.0
2016-10-15,6,TEN,13179.0,13349.0
2016-10-15,7,TEN,12638.0,12892.0
2016-10-15,8,TEN,12315.0,12577.0
2016-10-15,9,TEN,12169.0,12389.0
2016-10-15,10,TEN,12138.0,12425.0
2016-10-15,11,TEN,12566.0,12853.0
2016-10-15,12,TEN,13058.0,13524.0
2016-10-15,13,TEN,13398.0,13776.0
2016-10-15,14,TEN,14242.0,14606.0
2016-10-15,15,TEN,15060.0,15442.0
2016-10-15,16,TEN,15635.0,15997.0
2016-10-15,17,TEN,16283.0,16641.0
2016-10-15,18,TEN,16871.0,17244.0
2016-10-15,19,TEN,17473.0,17902.0
2016-10-15,20,TEN,17975.0,18513.0
2016-10-15,21,TEN,18308.0,18918.0
2016-10-15,22,TEN,18335.0,18889.0
2016-10-15,23,TEN,17802.0,18446.0
2016-10-16,0,TEN,17724.0,18403.0
2016-10-16,1,TEN,17301.0,18029.0
2016-10-16,2,TEN,16626.0,17010.0
2016-10-16,3,TEN,15713.0,16169.0
2016-10-16,4,TEN,14589.0,14887.0
2016-10-16,5,TEN,13753.0,13912.0
2016-10-16,6,TEN,13043.0,13038.0
2016-10-16,7,TEN,12408.0,12459.0
2016-10-16,8,TEN,12125.0,12191.0
2016-10-16,9,TEN,11880.0,11908.0
2016-10-16,10,TEN,11902.0,12108.0
2016-10-16,11,TEN,12191.0,12445.0
2016-10-16,12,TEN,12536.0,12833.0
2016-10-16,13,TEN,13138.0,13386.0
2016-10-16,14,TEN,14111.0,14429.0
2016-10-16,15,TEN,14791.0,15123.0
2016-10-16,16,TEN,15462.0,15787.0
2016-10-16,17,TEN,16187.0,16543.0
2016-10-16,18,TEN,17129.0,17400.0
2016-10-16,19,TEN,17965.0,18304.0
2016-10-16,20,TEN,18517.0,18872.0
2016-10-16,21,TEN,18863.0,19109.0
2016-10-16,22,TEN,19110.0,19343.0
2016-10-16,23,TEN,18856.0,19097.0
2016-10-17,0,TEN,18867.0,19339.0
2016-10-17,1,TEN,18584.0,19049.0
2016-10-17,2,TEN,17666.0,17947.0
2016-10-17,3,TEN,16441.0,16767.0
2016-10-17,4,TEN,15182.0,15470.0
2016-10-17,5,TEN,13999.0,14048.0
2016-10-17,6,TEN,13275.0,13337.0
2016-10-17,7,TEN,12995.0,13290.0
2016-10-17,8,TEN,12652.0,12967.0
2016-10-17,9,TEN,12676.0,13068.0
2016-10-17,10,TEN,13183.0,13686.0
2016-10-17,11,TEN,14404.0,14892.0
2016-10-17,12,TEN,15837.0,16345.0
2016-10-17,13,TEN,16085.0,16541.0
2016-10-17,14,TEN,16570.0,16923.0
2016-10-17,15,TEN,17300.0,17394.0
2016-10-17,16,TEN,18112.0,18121.0
2016-10-17,17,TEN,19058.0,18813.0
2016-10-17,18,TEN,19884.0,19685.0
2016-10-17,19,TEN,20353.0,20377.0
2016-10-17,20,TEN,20836.0,20434.0
2016-10-17,21,TEN,21147.0,20620.0
2016-10-17,22,TEN,21167.0,20636.0
2016-10-17,23,TEN,20703.0,20125.0
2016-10-18,0,TEN,20540.0,20019.0
2016-10-18,1,TEN,20321.0,20129.0
2016-10-18,2,TEN,19371.0,19020.0
2016-10-18,3,TEN,18040.0,17836.0
2016-10-18,4,TEN,16488.0,16669.0
2016-10-18,5,TEN,15269.0,15511.0
2016-10-18,6,TEN,14348.0,14518.0
2016-10-18,7,TEN,13804.0,13959.0
2016-10-18,8,TEN,13486.0,13682.0
2016-10-18,9,TEN,13398.0,13632.0
2016-10-18,10,TEN,13819.0,14070.0
2016-10-18,11,TEN,15131.0,15338.0
2016-10-18,12,TEN,16495.0,16522.0
2016-10-18,13,TEN,16769.0,16694.0
2016-10-18,14,TEN,17266.0,17193.0
2016-10-18,15,TEN,18164.0,17849.0
2016-10-18,16,TEN,19150.0,18470.0
2016-10-18,17,TEN,20010.0,19279.0
2016-10-18,18,TEN,20839.0,20065.0
2016-10-18,19,TEN,21344.0,20278.0
2016-10-18,20,TEN,21963.0,20379.0
2016-10-18,21,TEN,22323.0,20541.0
2016-10-18,22,TEN,22181.0,20315.0
2016-10-18,23,TEN,21609.0,20073.0
2016-10-19,0,TEN,21411.0,20151.0
2016-10-19,1,TEN,21086.0,20175.0
2016-10-19,2,TEN,20127.0,19315.0
2016-10-19,3,TEN,18708.0,18141.0
2016-10-19,4,TEN,17016.0,16967.0
2016-10-19,5,TEN,15672.0,15618.0
2016-10-19,6,TEN,14730.0,14563.0
2016-10-19,7,TEN,14066.0,13970.0
2016-10-19,8,TEN,13692.0,13589.0
2016-10-19,9,TEN,13506.0,13424.0
2016-10-19,10,TEN,13831.0,13712.0
2016-10-19,11,TEN,14970.0,14877.0
2016-10-19,12,TEN,16267.0,16159.0
2016-10-19,13,TEN,16445.0,16362.0
2016-10-19,14,TEN,16925.0,16981.0
2016-10-19,15,TEN,17926.0,17844.0
2016-10-19,16,TEN,19179.0,19106.0
2016-10-19,17,TEN,20495.0,20274.0
2016-10-19,18,TEN,21600.0,20942.0
2016-10-19,19,TEN,22164.0,21345.0
2016-10-19,20,TEN,22743.0,21496.0
2016-10-19,21,TEN,23052.0,21483.0
2016-10-19,22,TEN,22978.0,21358.0
2016-10-19,23,TEN,22390.0,21271.0
2016-10-20,0,TEN,22019.0,21201.0
2016-10-20,1,TEN,21474.0,21026.0
2016-10-20,2,TEN,20291.0,19632.0
2016-10-20,3,TEN,18914.0,18490.0
2016-10-20,4,TEN,17361.0,17026.0
2016-10-20,5,TEN,16175.0,16052.0
2016-10-20,6,TEN,15286.0,15364.0
2016-10-20,7,TEN,14556.0,14653.0
2016-10-20,8,TEN,14184.0,14349.0
2016-10-20,9,TEN,13982.0,14163.0
2016-10-20,10,TEN,14302.0,14519.0
2016-10-20,11,TEN,15386.0,15810.0
2016-10-20,12,TEN,16781.0,16922.0
2016-10-20,13,TEN,16900.0,16936.0
2016-10-20,14,TEN,17380.0,17469.0
2016-10-20,15,TEN,18001.0,18051.0
2016-10-20,16,TEN,18859.0,18887.0
2016-10-20,17,TEN,19561.0,19597.0
2016-10-20,18,TEN,19935.0,19744.0
2016-10-20,19,TEN,19869.0,19839.0
2016-10-20,20,TEN,19756.0,19730.0
2016-10-20,21,TEN,19480.0,19582.0
2016-10-20,22,TEN,18962.0,19149.0
2016-10-20,23,TEN,18738.0,18835.0
2016-10-21,0,TEN,18958.0,19008.0
2016-10-21,1,TEN,18743.0,18722.0
2016-10-21,2,TEN,17955.0,17997.0
2016-10-21,3,TEN,16921.0,16818.0
2016-10-21,4,TEN,15565.0,15544.0
2016-10-21,5,TEN,14322.0,14431.0
2016-10-21,6,TEN,13580.0,13514.0
2016-10-21,7,TEN,13067.0,12953.0
2016-10-21,8,TEN,12810.0,12764.0
2016-10-21,9,TEN,12654.0,12652.0
2016-10-21,10,TEN,12941.0,13102.0
2016-10-21,11,TEN,13930.0,14222.0
2016-10-21,12,TEN,15273.0,15574.0
2016-10-21,13,TEN,15565.0,15965.0
2016-10-21,14,TEN,15692.0,16116.0
2016-10-21,15,TEN,15711.0,16101.0
2016-10-21,16,TEN,15766.0,16200.0
2016-10-21,17,TEN,15658.0,16141.0
2016-10-21,18,TEN,15662.0,16075.0
2016-10-21,19,TEN,15289.0,15740.0
2016-10-21,20,TEN,15199.0,15626.0
2016-10-21,21,TEN,15076.0,15499.0
2016-10-21,22,TEN,15041.0,15463.0
2016-10-21,23,TEN,14955.0,15321.0
2016-10-22,0,TEN,15411.0,15795.0
2016-10-22,1,TEN,15563.0,15857.0
2016-10-22,2,TEN,15242.0,15604.0
2016-10-22,3,TEN,14681.0,14700.0
2016-10-22,4,TEN,13993.0,14048.0
2016-10-22,5,TEN,13197.0,13408.0
2016-10-22,6,TEN,12713.0,12663.0
2016-10-22,7,TEN,12380.0,12396.0
2016-10-22,8,TEN,12194.0,12217.0
2016-10-22,9,TEN,12197.0,12260.0
2016-10-22,10,TEN,12410.0,12710.0
2016-10-22,11,TEN,12984.0,13225.0
2016-10-22,12,TEN,13737.0,14109.0
2016-10-22,13,TEN,14307.0,14681.0
2016-10-22,14,TEN,14868.0,15187.0
2016-10-22,15,TEN,14875.0,15415.0
2016-10-22,16,TEN,14758.0,15317.0
2016-10-22,17,TEN,14446.0,14933.0
2016-10-22,18,TEN,14343.0,14710.0
2016-10-22,19,TEN,14206.0,14673.0
2016-10-22,20,TEN,14165.0,14662.0
2016-10-22,21,TEN,14163.0,14697.0
2016-10-22,22,TEN,14273.0,14777.0
2016-10-22,23,TEN,14386.0,14859.0
2016-10-23,0,TEN,15031.0,15518.0
2016-10-23,1,TEN,15053.0,15408.0
2016-10-23,2,TEN,14872.0,15113.0
2016-10-23,3,TEN,14364.0,14652.0
2016-10-23,4,TEN,13784.0,14120.0
2016-10-23,5,TEN,13158.0,13320.0
2016-10-23,6,TEN,12785.0,13012.0
2016-10-23,7,TEN,12505.0,12769.0
2016-10-23,8,TEN,12433.0,12693.0
2016-10-23,9,TEN,12433.0,12703.0
2016-10-23,10,TEN,12495.0,12764.0
2016-10-23,11,TEN,12950.0,13144.0
2016-10-23,12,TEN,13703.0,14047.0
2016-10-23,13,TEN,14474.0,14876.0
2016-10-23,14,TEN,14922.0,15323.0
2016-10-23,15,TEN,14733.0,15201.0
2016-10-23,16,TEN,14293.0,14823.0
2016-10-23,17,TEN,14042.0,14510.0
2016-10-23,18,TEN,14125.0,14495.0
2016-10-23,19,TEN,14189.0,14581.0
2016-10-23,20,TEN,14179.0,14609.0
2016-10-23,21,TEN,14476.0,14848.0
2016-10-23,22,TEN,14861.0,15225.0
2016-10-23,23,TEN,15068.0,15606.0
2016-10-24,0,TEN,15882.0,16339.0
2016-10-24,1,TEN,15914.0,16196.0
2016-10-24,2,TEN,15219.0,15495.0
2016-10-24,3,TEN,14497.0,14751.0
2016-10-24,4,TEN,13577.0,13669.0
2016-10-24,5,TEN,12798.0,12976.0
2016-10-24,6,TEN,12263.0,12247.0
2016-10-24,7,TEN,12063.0,11994.0
2016-10-24,8,TEN,12052.0,11891.0
2016-10-24,9,TEN,12265.0,12277.0
2016-10-24,10,TEN,12826.0,12590.0
2016-10-24,11,TEN,14178.0,13556.0
2016-10-24,12,TEN,15803.0,15334.0
2016-10-24,13,TEN,16125.0,15886.0
2016-10-24,14,TEN,16014.0,15715.0
2016-10-24,15,TEN,16013.0,15786.0
2016-10-24,16,TEN,16121.0,15921.0
2016-10-24,17,TEN,16273.0,16057.0
2016-10-24,18,TEN,16330.0,16178.0
2016-10-24,19,TEN,16374.0,16239.0
2016-10-24,20,TEN,16516.0,16298.0
2016-10-24,21,TEN,16776.0,16565.0
2016-10-24,22,TEN,16980.0,16731.0
2016-10-24,23,TEN,16840.0,16683.0
2016-10-25,0,TEN,17312.0,16890.0
2016-10-25,1,TEN,17392.0,16948.0
2016-10-25,2,TEN,16738.0,16389.0
2016-10-25,3,TEN,15756.0,15509.0
2016-10-25,4,TEN,14486.0,14095.0
2016-10-25,5,TEN,13505.0,12715.0
2016-10-25,6,TEN,12918.0,11868.0
2016-10-25,7,TEN,12538.0,11470.0
2016-10-25,8,TEN,12376.0,11252.0
2016-10-25,9,TEN,12517.0,11434.0
2016-10-25,10,TEN,13114.0,12159.0
2016-10-25,11,TEN,14456.0,13676.0
2016-10-25,12,TEN,15969.0,15401.0
2016-10-25,13,TEN,16129.0,15482.0
2016-10-25,14,TEN,16052.0,15091.0
2016-10-25,15,TEN,15935.0,14879.0
2016-10-25,16,TEN,15986.0,14645.0
2016-10-25,17,TEN,16136.0,14783.0
2016-10-25,18,TEN,16316.0,15103.0
2016-10-25,19,TEN,16230.0,15228.0
2016-10-25,20,TEN,16453.0,15339.0
2016-10-25,21,TEN,16712.0,15500.0
2016-10-25,22,TEN,16757.0,15578.0
2016-10-25,23,TEN,16724.0,15897.0
2016-10-26,0,TEN,17317.0,16711.0
2016-10-26,1,TEN,17398.0,16506.0
2016-10-26,2,TEN,16759.0,15672.0
2016-10-26,3,TEN,15736.0,14668.0
2016-10-26,4,TEN,14599.0,13728.0
2016-10-26,5,TEN,13676.0,12683.0
2016-10-26,6,TEN,13006.0,11862.0
2016-10-26,7,TEN,12765.0,11565.0
2016-10-26,8,TEN,12631.0,11610.0
2016-10-26,9,TEN,12773.0,11760.0
2016-10-26,10,TEN,13255.0,12321.0
2016-10-26,11,TEN,14690.0,13921.0
2016-10-26,12,TEN,16272.0,15732.0
2016-10-26,13,TEN,16276.0,15838.0
2016-10-26,14,TEN,16209.0,15708.0
2016-10-26,15,TEN,16079.0,15364.0
2016-10-26,16,TEN,16112.0,15352.0
2016-10-26,17,TEN,16258.0,15451.0
2016-10-26,18,TEN,16303.0,15581.0
2016-10-26,19,TEN,16464.0,15814.0
2016-10-26,20,TEN,16721.0,16142.0
2016-10-26,21,TEN,16847.0,16312.0
2016-10-26,22,TEN,16960.0,16561.0
2016-10-26,23,TEN,16958.0,16576.0
2016-10-27,0,TEN,17493.0,17091.0
2016-10-27,1,TEN,17485.0,17039.0
2016-10-27,2,TEN,16929.0,16365.0
2016-10-27,3,TEN,16063.0,15636.0
2016-10-27,4,TEN,14861.0,14373.0
2016-10-27,5,TEN,13848.0,13142.0
2016-10-27,6,TEN,13111.0,12334.0
2016-10-27,7,TEN,12755.0,12121.0
2016-10-27,8,TEN,12588.0,11676.0
2016-10-27,9,TEN,12442.0,11535.0
2016-10-27,10,TEN,12912.0,12340.0
2016-10-27,11,TEN,14099.0,13642.0
2016-10-27,12,TEN,15573.0,15129.0
2016-10-27,13,TEN,15596.0,15336.0
2016-10-27,14,TEN,15767.0,15381.0
2016-10-27,15,TEN,16056.0,15782.0
2016-10-27,16,TEN,16537.0,16106.0
2016-10-27,17,TEN,16827.0,16432.0
2016-10-27,18,TEN,17227.0,16840.0
2016-10-27,19,TEN,17336.0,17022.0
2016-10-27,20,TEN,17584.0,17214.0
2016-10-27,21,TEN,17804.0,17398.0
2016-10-27,22,TEN,17820.0,17468.0
2016-10-27,23,TEN,17607.0,17250.0
2016-10-28,0,TEN,18018.0,17610.0
2016-10-28,1,TEN,17944.0,17612.0
2016-10-28,2,TEN,17459.0,17084.0
2016-10-28,3,TEN,16349.0,15617.0
2016-10-28,4,TEN,15148.0,14549.0
2016-10-28,5,TEN,13983.0,13270.0
2016-10-28,6,TEN,13277.0,12633.0
2016-10-28,7,TEN,12713.0,12136.0
2016-10-28,8,TEN,12415.0,11901.0
2016-10-28,9,TEN,12373.0,11808.0
2016-10-28,10,TEN,12759.0,12240.0
2016-10-28,11,TEN,13971.0,13173.0
2016-10-28,12,TEN,15387.0,14549.0
2016-10-28,13,TEN,15500.0,14797.0
2016-10-28,14,TEN,15643.0,14903.0
2016-10-28,15,TEN,15841.0,15089.0
2016-10-28,16,TEN,16289.0,15501.0
2016-10-28,17,TEN,16668.0,15921.0
2016-10-28,18,TEN,17110.0,16372.0
2016-10-28,19,TEN,17474.0,16652.0
2016-10-28,20,TEN,17728.0,16909.0
2016-10-28,21,TEN,18055.0,17258.0
2016-10-28,22,TEN,18004.0,17225.0
2016-10-28,23,TEN,17648.0,16879.0
2016-10-29,0,TEN,17482.0,16608.0
2016-10-29,1,TEN,17122.0,16293.0
2016-10-29,2,TEN,16569.0,15590.0
2016-10-29,3,TEN,15769.0,14929.0
2016-10-29,4,TEN,14836.0,13887.0
2016-10-29,5,TEN,13791.0,12865.0
2016-10-29,6,TEN,13023.0,12132.0
2016-10-29,7,TEN,12481.0,11953.0
2016-10-29,8,TEN,12155.0,11946.0
2016-10-29,9,TEN,12040.0,11888.0
2016-10-29,10,TEN,12215.0,12013.0
2016-10-29,11,TEN,12609.0,12275.0
2016-10-29,12,TEN,13167.0,12712.0
2016-10-29,13,TEN,13644.0,13132.0
2016-10-29,14,TEN,14223.0,13705.0
2016-10-29,15,TEN,14844.0,14323.0
2016-10-29,16,TEN,15411.0,14760.0
2016-10-29,17,TEN,15712.0,15167.0
2016-10-29,18,TEN,15737.0,15679.0
2016-10-29,19,TEN,17071.0,16394.0
2016-10-29,20,TEN,17557.0,16828.0
2016-10-29,21,TEN,18063.0,17019.0
2016-10-29,22,TEN,18224.0,17099.0
2016-10-29,23,TEN,17779.0,16908.0
2016-10-30,0,TEN,17599.0,16890.0
2016-10-30,1,TEN,16909.0,15980.0
2016-10-30,2,TEN,16173.0,14913.0
2016-10-30,3,TEN,15303.0,14000.0
2016-10-30,4,TEN,14274.0,13385.0
2016-10-30,5,TEN,13371.0,12917.0
2016-10-30,6,TEN,12561.0,12311.0
2016-10-30,7,TEN,12106.0,11993.0
2016-10-30,8,TEN,11800.0,11680.0
2016-10-30,9,TEN,11639.0,11590.0
2016-10-30,10,TEN,11692.0,11661.0
2016-10-30,11,TEN,11902.0,11826.0
2016-10-30,12,TEN,12423.0,12253.0
2016-10-30,13,TEN,12792.0,12575.0
2016-10-30,14,TEN,13657.0,13102.0
2016-10-30,15,TEN,14225.0,13646.0
2016-10-30,16,TEN,14678.0,14208.0
2016-10-30,17,TEN,15301.0,14752.0
2016-10-30,18,TEN,16177.0,15544.0
2016-10-30,19,TEN,17028.0,16286.0
2016-10-30,20,TEN,17620.0,16901.0
2016-10-30,21,TEN,18134.0,17472.0
2016-10-30,22,TEN,18336.0,17332.0
2016-10-30,23,TEN,18084.0,17042.0
2016-10-31,0,TEN,18289.0,17506.0
2016-10-31,1,TEN,17781.0,17098.0
2016-10-31,2,TEN,17014.0,16377.0
2016-10-31,3,TEN,16034.0,15425.0
2016-10-31,4,TEN,14852.0,14247.0
2016-10-31,5,TEN,13752.0,13052.0
2016-10-31,6,TEN,12984.0,12374.0
2016-10-31,7,TEN,12567.0,11971.0
2016-10-31,8,TEN,12266.0,11939.0
2016-10-31,9,TEN,12268.0,12098.0
2016-10-31,10,TEN,12814.0,12510.0
2016-10-31,11,TEN,14096.0,13431.0
2016-10-31,12,TEN,15585.0,14781.0
2016-10-31,13,TEN,15776.0,15553.0
2016-10-31,14,TEN,15925.0,15681.0
2016-10-31,15,TEN,16377.0,16127.0
2016-10-31,16,TEN,17147.0,16924.0
2016-10-31,17,TEN,17872.0,17833.0
2016-10-31,18,TEN,18541.0,18513.0
2016-10-31,19,TEN,19118.0,19065.0
2016-10-31,20,TEN,19660.0,19148.0
2016-10-31,21,TEN,19889.0,19327.0
2016-10-31,22,TEN,19861.0,19277.0
2016-10-31,23,TEN,19228.0,18768.0
2016-11-01,0,TEN,18921.0,18483.0
2016-11-01,1,TEN,18458.0,17927.0
2016-11-01,2,TEN,17938.0,17635.0
2016-11-01,3,TEN,17020.0,16812.0
2016-11-01,4,TEN,15747.0,15584.0
2016-11-01,5,TEN,14393.0,14345.0
2016-11-01,6,TEN,13556.0,12845.0
2016-11-01,7,TEN,13017.0,12320.0
2016-11-01,8,TEN,12737.0,12011.0
2016-11-01,9,TEN,12648.0,11983.0
2016-11-01,10,TEN,12990.0,12350.0
2016-11-01,11,TEN,14194.0,13935.0
2016-11-01,12,TEN,15693.0,15576.0
2016-11-01,13,TEN,15765.0,15705.0
2016-11-01,14,TEN,16076.0,15914.0
2016-11-01,15,TEN,16498.0,16345.0
2016-11-01,16,TEN,17261.0,17179.0
2016-11-01,17,TEN,18151.0,18180.0
2016-11-01,18,TEN,19014.0,18814.0
2016-11-01,19,TEN,19881.0,19746.0
2016-11-01,20,TEN,20383.0,20379.0
2016-11-01,21,TEN,20780.0,20352.0
2016-11-01,22,TEN,20730.0,20154.0
2016-11-01,23,TEN,20221.0,19827.0
2016-11-02,0,TEN,20246.0,20206.0
2016-11-02,1,TEN,19512.0,19528.0
2016-11-02,2,TEN,18362.0,18277.0
2016-11-02,3,TEN,17141.0,17021.0
2016-11-02,4,TEN,15677.0,14859.0
2016-11-02,5,TEN,14430.0,14101.0
2016-11-02,6,TEN,13628.0,13395.0
2016-11-02,7,TEN,13110.0,12814.0
2016-11-02,8,TEN,12751.0,12725.0
2016-11-02,9,TEN,12509.0,12480.0
2016-11-02,10,TEN,12631.0,12547.0
2016-11-02,11,TEN,13840.0,13659.0
2016-11-02,12,TEN,15362.0,15281.0
2016-11-02,13,TEN,15462.0,15452.0
2016-11-02,14,TEN,15607.0,15595.0
2016-11-02,15,TEN,15992.0,15939.0
2016-11-02,16,TEN,16761.0,16694.0
2016-11-02,17,TEN,17454.0,17654.0
2016-11-02,18,TEN,18185.0,18339.0
2016-11-02,19,TEN,18748.0,18973.0
2016-11-02,20,TEN,19149.0,19296.0
2016-11-02,21,TEN,19353.0,19543.0
2016-11-02,22,TEN,19208.0,19455.0
2016-11-02,23,TEN,19070.0,19304.0
2016-11-03,0,TEN,19354.0,19538.0
2016-11-03,1,TEN,18755.0,18903.0
2016-11-03,2,TEN,17940.0,17928.0
2016-11-03,3,TEN,16821.0,16904.0
2016-11-03,4,TEN,15562.0,15433.0
2016-11-03,5,TEN,14273.0,14172.0
2016-11-03,6,TEN,13518.0,13278.0
2016-11-03,7,TEN,12977.0,12830.0
2016-11-03,8,TEN,12748.0,12605.0
2016-11-03,9,TEN,12604.0,12541.0
2016-11-03,10,TEN,12835.0,12721.0
2016-11-03,11,TEN,14032.0,13676.0
2016-11-03,12,TEN,15552.0,15488.0
2016-11-03,13,TEN,15654.0,15664.0
2016-11-03,14,TEN,15768.0,15790.0
2016-11-03,15,TEN,15984.0,16129.0
2016-11-03,16,TEN,16772.0,16864.0
2016-11-03,17,TEN,17452.0,17732.0
2016-11-03,18,TEN,18136.0,18347.0
2016-11-03,19,TEN,18746.0,18956.0
2016-11-03,20,TEN,19091.0,19238.0
2016-11-03,21,TEN,19139.0,19364.0
2016-11-03,22,TEN,19007.0,19194.0
2016-11-03,23,TEN,18977.0,19157.0
2016-11-04,0,TEN,19541.0,19481.0
2016-11-04,1,TEN,19205.0,18860.0
2016-11-04,2,TEN,18543.0,18181.0
2016-11-04,3,TEN,17269.0,16746.0
2016-11-04,4,TEN,15921.0,15045.0
2016-11-04,5,TEN,14782.0,13943.0
2016-11-04,6,TEN,13971.0,13471.0
2016-11-04,7,TEN,13428.0,12938.0
2016-11-04,8,TEN,13046.0,12847.0
2016-11-04,9,TEN,12703.0,12675.0
2016-11-04,10,TEN,12880.0,12819.0
2016-11-04,11,TEN,13923.0,13608.0
2016-11-04,12,TEN,15309.0,14890.0
2016-11-04,13,TEN,15463.0,15092.0
2016-11-04,14,TEN,15487.0,15221.0
2016-11-04,15,TEN,15841.0,15735.0
2016-11-04,16,TEN,16264.0,16215.0
2016-11-04,17,TEN,16595.0,16515.0
2016-11-04,18,TEN,16877.0,16909.0
2016-11-04,19,TEN,17178.0,17223.0
2016-11-04,20,TEN,17202.0,17220.0
2016-11-04,21,TEN,17021.0,16836.0
2016-11-04,22,TEN,16877.0,16650.0
2016-11-04,23,TEN,16468.0,16311.0
2016-11-05,0,TEN,16727.0,16754.0
2016-11-05,1,TEN,16460.0,16497.0
2016-11-05,2,TEN,15813.0,15862.0
2016-11-05,3,TEN,15095.0,14939.0
2016-11-05,4,TEN,14157.0,13968.0
2016-11-05,5,TEN,13421.0,13259.0
2016-11-05,6,TEN,12628.0,12524.0
2016-11-05,7,TEN,12282.0,12286.0
2016-11-05,8,TEN,12091.0,12060.0
2016-11-05,9,TEN,12013.0,11989.0
2016-11-05,10,TEN,12359.0,12320.0
2016-11-05,11,TEN,12869.0,12838.0
2016-11-05,12,TEN,13706.0,13679.0
2016-11-05,13,TEN,14195.0,14264.0
2016-11-05,14,TEN,14786.0,14687.0
2016-11-05,15,TEN,14845.0,14851.0
2016-11-05,16,TEN,14824.0,14860.0
2016-11-05,17,TEN,14676.0,14675.0
2016-11-05,18,TEN,14538.0,14548.0
2016-11-05,19,TEN,14532.0,14722.0
2016-11-05,20,TEN,14464.0,14622.0
2016-11-05,21,TEN,14516.0,14942.0
2016-11-05,22,TEN,14533.0,15017.0
2016-11-05,23,TEN,14804.0,15332.0
2016-11-06,0,TEN,15500.0,15910.0
2016-11-06,1,TEN,15145.0,15283.0
2016-11-06,2,TEN,14872.0,14730.0
2016-11-06,3,TEN,14302.0,14287.0
2016-11-06,4,TEN,13582.0,13885.0
2016-11-06,5,TEN,12851.0,13281.0
2016-11-06,6,TEN,12200.0,12505.0
2016-11-06,7,TEN,11849.0,12247.0
2016-11-06,8,TEN,11839.0,12074.0
2016-11-06,9,TEN,11965.0,12137.0
2016-11-06,10,TEN,12028.0,12319.0
2016-11-06,11,TEN,12126.0,12737.0
2016-11-06,12,TEN,12739.0,13138.0
2016-11-06,13,TEN,13354.0,13491.0
2016-11-06,14,TEN,14214.0,14110.0
2016-11-06,15,TEN,14631.0,14585.0
2016-11-06,16,TEN,14447.0,14449.0
2016-11-06,17,TEN,14081.0,14119.0
2016-11-06,18,TEN,14060.0,14068.0
2016-11-06,19,TEN,14115.0,14034.0
2016-11-06,20,TEN,14168.0,14128.0
2016-11-06,21,TEN,14351.0,14427.0
2016-11-06,22,TEN,14444.0,14686.0
2016-11-06,23,TEN,15018.0,15180.0
2016-11-07,0,TEN,15952.0,16068.0
2016-11-07,1,TEN,15944.0,16065.0
2016-11-07,2,TEN,15584.0,15718.0
2016-11-07,3,TEN,15027.0,14914.0
2016-11-07,4,TEN,14304.0,14143.0
2016-11-07,5,TEN,13401.0,13448.0
2016-11-07,6,TEN,1244.0,1271.0
2016-11-07,7,TEN,12719.0,13020.0
2016-11-07,8,TEN,12578.0,13047.0
2016-11-07,9,TEN,12525.0,13066.0
2016-11-07,10,TEN,12751.0,13146.0
2016-11-07,11,TEN,13159.0,13379.0
2016-11-07,12,TEN,14666.0,14893.0
2016-11-07,13,TEN,15994.0,15781.0
2016-11-07,14,TEN,16223.0,15998.0
2016-11-07,15,TEN,16023.0,16047.0
2016-11-07,16,TEN,15963.0,15906.0
2016-11-07,17,TEN,16288.0,16237.0
2016-11-07,18,TEN,16508.0,16458.0
2016-11-07,19,TEN,16573.0,16556.0
2016-11-07,20,TEN,16739.0,16858.0
2016-11-07,21,TEN,16744.0,16907.0
2016-11-07,22,TEN,16580.0,16781.0
2016-11-07,23,TEN,17069.0,17252.0
2016-11-08,0,TEN,17880.0,18060.0
2016-11-08,1,TEN,17640.0,17841.0
2016-11-08,2,TEN,17158.0,17333.0
2016-11-08,3,TEN,16491.0,16453.0
2016-11-08,4,TEN,15614.0,15609.0
2016-11-08,5,TEN,14627.0,14550.0
2016-11-08,6,TEN,13770.0,13971.0
2016-11-08,7,TEN,13264.0,13562.0
2016-11-08,8,TEN,13053.0,13443.0
2016-11-08,9,TEN,12878.0,13282.0
2016-11-08,10,TEN,12975.0,13359.0
2016-11-08,11,TEN,13324.0,13681.0
2016-11-08,12,TEN,14621.0,14796.0
2016-11-08,13,TEN,15839.0,16113.0
2016-11-08,14,TEN,16007.0,16263.0
2016-11-08,15,TEN,16026.0,16058.0
2016-11-08,16,TEN,15990.0,15918.0
2016-11-08,17,TEN,16203.0,16186.0
2016-11-08,18,TEN,16256.0,16303.0
2016-11-08,19,TEN,16225.0,16337.0
2016-11-08,20,TEN,16210.0,16393.0
2016-11-08,21,TEN,16182.0,16424.0
2016-11-08,22,TEN,16177.0,16472.0
2016-11-08,23,TEN,16690.0,16922.0
2016-11-09,0,TEN,17502.0,17829.0
2016-11-09,1,TEN,17466.0,17703.0
2016-11-09,2,TEN,17136.0,17411.0
2016-11-09,3,TEN,16446.0,16479.0
2016-11-09,4,TEN,15525.0,15566.0
2016-11-09,5,TEN,14566.0,14660.0
2016-11-09,6,TEN,13714.0,13798.0
2016-11-09,7,TEN,13335.0,13205.0
2016-11-09,8,TEN,12891.0,12816.0
2016-11-09,9,TEN,12693.0,12671.0
2016-11-09,10,TEN,12658.0,12579.0
2016-11-09,11,TEN,12985.0,12881.0
2016-11-09,12,TEN,14210.0,14167.0
2016-11-09,13,TEN,15458.0,15523.0
2016-11-09,14,TEN,15519.0,15520.0
2016-11-09,15,TEN,15592.0,15652.0
2016-11-09,16,TEN,15670.0,15713.0
2016-11-09,17,TEN,15733.0,15793.0
2016-11-09,18,TEN,15867.0,15881.0
2016-11-09,19,TEN,16045.0,16083.0
2016-11-09,20,TEN,15915.0,15984.0
2016-11-09,21,TEN,15765.0,15973.0
2016-11-09,22,TEN,16042.0,16319.0
2016-11-09,23,TEN,16400.0,16559.0
2016-11-10,0,TEN,17391.0,17668.0
2016-11-10,1,TEN,17384.0,17588.0
2016-11-10,2,TEN,17190.0,17396.0
2016-11-10,3,TEN,16677.0,16682.0
2016-11-10,4,TEN,15943.0,15798.0
2016-11-10,5,TEN,14894.0,15004.0
2016-11-10,6,TEN,14265.0,14181.0
2016-11-10,7,TEN,13936.0,13861.0
2016-11-10,8,TEN,13843.0,13760.0
2016-11-10,9,TEN,13824.0,13725.0
2016-11-10,10,TEN,13980.0,13924.0
2016-11-10,11,TEN,14613.0,14475.0
2016-11-10,12,TEN,16252.0,16259.0
2016-11-10,13,TEN,17622.0,17589.0
2016-11-10,14,TEN,17513.0,17506.0
2016-11-10,15,TEN,16968.0,17053.0
2016-11-10,16,TEN,16374.0,16386.0
2016-11-10,17,TEN,16244.0,16274.0
2016-11-10,18,TEN,16048.0,16096.0
2016-11-10,19,TEN,15971.0,15988.0
2016-11-10,20,TEN,15878.0,15975.0
2016-11-10,21,TEN,15865.0,16045.0
2016-11-10,22,TEN,15853.0,16021.0
2016-11-10,23,TEN,16431.0,16551.0
2016-11-11,0,TEN,17346.0,17641.0
2016-11-11,1,TEN,17509.0,17769.0
2016-11-11,2,TEN,17351.0,17574.0
2016-11-11,3,TEN,17030.0,17062.0
2016-11-11,4,TEN,16357.0,16241.0
2016-11-11,5,TEN,15644.0,15588.0
2016-11-11,6,TEN,14953.0,14861.0
2016-11-11,7,TEN,14498.0,14503.0
2016-11-11,8,TEN,14565.0,14545.0
2016-11-11,9,TEN,14500.0,14519.0
2016-11-11,10,TEN,14785.0,14722.0
2016-11-11,11,TEN,15323.0,15290.0
2016-11-11,12,TEN,16796.0,16837.0
2016-11-11,13,TEN,17924.0,17953.0
2016-11-11,14,TEN,17945.0,17983.0
2016-11-11,15,TEN,17581.0,17663.0
2016-11-11,16,TEN,16804.0,16840.0
2016-11-11,17,TEN,16549.0,16487.0
2016-11-11,18,TEN,16164.0,16170.0
2016-11-11,19,TEN,16028.0,16099.0
2016-11-11,20,TEN,15958.0,16029.0
2016-11-11,21,TEN,15749.0,15949.0
2016-11-11,22,TEN,15709.0,16022.0
2016-11-11,23,TEN,16116.0,16469.0
2016-11-12,0,TEN,16970.0,17267.0
2016-11-12,1,TEN,16825.0,17135.0
2016-11-12,2,TEN,16506.0,16806.0
2016-11-12,3,TEN,16147.0,16175.0
2016-11-12,4,TEN,15724.0,15680.0
2016-11-12,5,TEN,14943.0,15009.0
2016-11-12,6,TEN,14313.0,14238.0
2016-11-12,7,TEN,13520.0,13803.0
2016-11-12,8,TEN,13559.0,13569.0
2016-11-12,9,TEN,13505.0,13495.0
2016-11-12,10,TEN,13557.0,13582.0
2016-11-12,11,TEN,13879.0,13869.0
2016-11-12,12,TEN,14400.0,14397.0
2016-11-12,13,TEN,15010.0,14898.0
2016-11-12,14,TEN,15603.0,15595.0
2016-11-12,15,TEN,15915.0,15867.0
2016-11-12,16,TEN,15747.0,15703.0
2016-11-12,17,TEN,15393.0,15387.0
2016-11-12,18,TEN,15069.0,15031.0
2016-11-12,19,TEN,14787.0,14791.0
2016-11-12,20,TEN,14504.0,14520.0
2016-11-12,21,TEN,14425.0,14364.0
2016-11-12,22,TEN,14613.0,14525.0
2016-11-12,23,TEN,15149.0,15326.0
2016-11-13,0,TEN,16211.0,16366.0
2016-11-13,1,TEN,16207.0,16675.0
2016-11-13,2,TEN,16158.0,16595.0
2016-11-13,3,TEN,15993.0,16236.0
2016-11-13,4,TEN,15546.0,15756.0
2016-11-13,5,TEN,15049.0,15065.0
2016-11-13,6,TEN,14644.0,14766.0
2016-11-13,7,TEN,14371.0,14249.0
2016-11-13,8,TEN,14276.0,14218.0
2016-11-13,9,TEN,14304.0,14275.0
2016-11-13,10,TEN,14483.0,14425.0
2016-11-13,11,TEN,14878.0,14825.0
2016-11-13,12,TEN,15384.0,15403.0
2016-11-13,13,TEN,15993.0,16159.0
2016-11-13,14,TEN,16591.0,16683.0
2016-11-13,15,TEN,16744.0,16838.0
2016-11-13,16,TEN,16175.0,16235.0
2016-11-13,17,TEN,15253.0,15349.0
2016-11-13,18,TEN,14756.0,14815.0
2016-11-13,19,TEN,14461.0,14556.0
2016-11-13,20,TEN,14352.0,14392.0
2016-11-13,21,TEN,14281.0,14215.0
2016-11-13,22,TEN,14413.0,14375.0
2016-11-13,23,TEN,15193.0,15473.0
2016-11-14,0,TEN,16389.0,16754.0
2016-11-14,1,TEN,16593.0,16909.0
2016-11-14,2,TEN,16596.0,16860.0
2016-11-14,3,TEN,16334.0,16327.0
2016-11-14,4,TEN,15792.0,15872.0
2016-11-14,5,TEN,15054.0,15167.0
2016-11-14,6,TEN,14984.0,14672.0
2016-11-14,7,TEN,14440.0,14363.0
2016-11-14,8,TEN,14439.0,14376.0
2016-11-14,9,TEN,14504.0,14497.0
2016-11-14,10,TEN,14900.0,14820.0
2016-11-14,11,TEN,15732.0,15637.0
2016-11-14,12,TEN,17416.0,17403.0
2016-11-14,13,TEN,18821.0,18811.0
2016-11-14,14,TEN,18678.0,18787.0
2016-11-14,15,TEN,18022.0,18266.0
2016-11-14,16,TEN,17231.0,17458.0
2016-11-14,17,TEN,17005.0,17263.0
2016-11-14,18,TEN,16568.0,16846.0
2016-11-14,19,TEN,16465.0,16645.0
2016-11-14,20,TEN,16385.0,16627.0
2016-11-14,21,TEN,16202.0,16508.0
2016-11-14,22,TEN,16276.0,16720.0
2016-11-14,23,TEN,16822.0,17144.0
2016-11-15,0,TEN,18017.0,18221.0
2016-11-15,1,TEN,18049.0,18313.0
2016-11-15,2,TEN,17934.0,18242.0
2016-11-15,3,TEN,17439.0,17484.0
2016-11-15,4,TEN,16735.0,16813.0
2016-11-15,5,TEN,15910.0,15786.0
2016-11-15,6,TEN,15255.0,15060.0
2016-11-15,7,TEN,15081.0,14835.0
2016-11-15,8,TEN,15139.0,14815.0
2016-11-15,9,TEN,15196.0,14936.0
2016-11-15,10,TEN,15343.0,15159.0
2016-11-15,11,TEN,15782.0,15568.0
2016-11-15,12,TEN,17274.0,17168.0
2016-11-15,13,TEN,18506.0,18348.0
2016-11-15,14,TEN,18347.0,18330.0
2016-11-15,15,TEN,17745.0,17779.0
2016-11-15,16,TEN,17022.0,17098.0
2016-11-15,17,TEN,16732.0,16773.0
2016-11-15,18,TEN,16420.0,16370.0
2016-11-15,19,TEN,16311.0,16276.0
2016-11-15,20,TEN,16259.0,16242.0
2016-11-15,21,TEN,16265.0,16419.0
2016-11-15,22,TEN,16306.0,16476.0
2016-11-15,23,TEN,16886.0,17031.0
2016-11-16,0,TEN,17815.0,17863.0
2016-11-16,1,TEN,17845.0,18011.0
2016-11-16,2,TEN,17652.0,17800.0
2016-11-16,3,TEN,17198.0,17095.0
2016-11-16,4,TEN,16387.0,16387.0
2016-11-16,5,TEN,15467.0,15249.0
2016-11-16,6,TEN,14673.0,14470.0
2016-11-16,7,TEN,14366.0,14289.0
2016-11-16,8,TEN,14222.0,14064.0
2016-11-16,9,TEN,14239.0,14122.0
2016-11-16,10,TEN,14381.0,14333.0
2016-11-16,11,TEN,15071.0,14972.0
2016-11-16,12,TEN,16501.0,16449.0
2016-11-16,13,TEN,17835.0,17734.0
2016-11-16,14,TEN,17595.0,17579.0
2016-11-16,15,TEN,16939.0,17009.0
2016-11-16,16,TEN,16302.0,16365.0
2016-11-16,17,TEN,16178.0,16153.0
2016-11-16,18,TEN,16061.0,16065.0
2016-11-16,19,TEN,16065.0,16094.0
2016-11-16,20,TEN,16002.0,16050.0
2016-11-16,21,TEN,16019.0,16099.0
2016-11-16,22,TEN,16099.0,16310.0
2016-11-16,23,TEN,16479.0,16707.0
2016-11-17,0,TEN,17380.0,17706.0
2016-11-17,1,TEN,17382.0,17679.0
2016-11-17,2,TEN,17137.0,17324.0
2016-11-17,3,TEN,16840.0,16769.0
2016-11-17,4,TEN,16053.0,16046.0
2016-11-17,5,TEN,14997.0,15077.0
2016-11-17,6,TEN,14242.0,14373.0
2016-11-17,7,TEN,13973.0,13819.0
2016-11-17,8,TEN,13891.0,13675.0
2016-11-17,9,TEN,13950.0,13777.0
2016-11-17,10,TEN,14038.0,13855.0
2016-11-17,11,TEN,14585.0,14402.0
2016-11-17,12,TEN,16166.0,16042.0
2016-11-17,13,TEN,17440.0,17368.0
2016-11-17,14,TEN,17286.0,17209.0
2016-11-17,15,TEN,16608.0,16600.0
2016-11-17,16,TEN,16337.0,16298.0
2016-11-17,17,TEN,16349.0,16234.0
2016-11-17,18,TEN,16281.0,16271.0
2016-11-17,19,TEN,16472.0,16423.0
2016-11-17,20,TEN,16511.0,16530.0
2016-11-17,21,TEN,16637.0,16656.0
2016-11-17,22,TEN,16660.0,16768.0
2016-11-17,23,TEN,16814.0,17070.0
2016-11-18,0,TEN,17634.0,18041.0
2016-11-18,1,TEN,17567.0,17782.0
2016-11-18,2,TEN,17266.0,17452.0
2016-11-18,3,TEN,16735.0,16688.0
2016-11-18,4,TEN,15813.0,15952.0
2016-11-18,5,TEN,14787.0,14713.0
2016-11-18,6,TEN,13895.0,13833.0
2016-11-18,7,TEN,13452.0,13693.0
2016-11-18,8,TEN,13297.0,13419.0
2016-11-18,9,TEN,13300.0,13481.0
2016-11-18,10,TEN,13261.0,13437.0
2016-11-18,11,TEN,13641.0,13809.0
2016-11-18,12,TEN,15196.0,15431.0
2016-11-18,13,TEN,16414.0,16273.0
2016-11-18,14,TEN,16583.0,16617.0
2016-11-18,15,TEN,16225.0,16615.0
2016-11-18,16,TEN,16112.0,16253.0
2016-11-18,17,TEN,16310.0,16452.0
2016-11-18,18,TEN,16394.0,16439.0
2016-11-18,19,TEN,16533.0,16562.0
2016-11-18,20,TEN,16703.0,16746.0
2016-11-18,21,TEN,16551.0,16584.0
2016-11-18,22,TEN,16538.0,16696.0
2016-11-18,23,TEN,16672.0,16827.0
2016-11-19,0,TEN,17132.0,17224.0
2016-11-19,1,TEN,16685.0,16816.0
2016-11-19,2,TEN,16403.0,16507.0
2016-11-19,3,TEN,15872.0,15813.0
2016-11-19,4,TEN,15224.0,15323.0
2016-11-19,5,TEN,14496.0,14521.0
2016-11-19,6,TEN,13538.0,13504.0
2016-11-19,7,TEN,13077.0,13060.0
2016-11-19,8,TEN,12845.0,12887.0
2016-11-19,9,TEN,12624.0,12712.0
2016-11-19,10,TEN,12723.0,12840.0
2016-11-19,11,TEN,13085.0,13205.0
2016-11-19,12,TEN,13748.0,13763.0
2016-11-19,13,TEN,14468.0,14532.0
2016-11-19,14,TEN,15344.0,15417.0
2016-11-19,15,TEN,16249.0,16253.0
2016-11-19,16,TEN,16484.0,16507.0
2016-11-19,17,TEN,16286.0,16377.0
2016-11-19,18,TEN,16005.0,16174.0
2016-11-19,19,TEN,15816.0,15936.0
2016-11-19,20,TEN,15526.0,15778.0
2016-11-19,21,TEN,15394.0,15659.0
2016-11-19,22,TEN,15480.0,15735.0
2016-11-19,23,TEN,16360.0,16740.0
2016-11-20,0,TEN,17471.0,17787.0
2016-11-20,1,TEN,17477.0,17812.0
2016-11-20,2,TEN,17665.0,17954.0
2016-11-20,3,TEN,17622.0,17735.0
2016-11-20,4,TEN,17310.0,17432.0
2016-11-20,5,TEN,16684.0,16766.0
2016-11-20,6,TEN,16167.0,16297.0
2016-11-20,7,TEN,15954.0,15995.0
2016-11-20,8,TEN,15980.0,16031.0
2016-11-20,9,TEN,16059.0,16125.0
2016-11-20,10,TEN,16313.0,16344.0
2016-11-20,11,TEN,16785.0,16862.0
2016-11-20,12,TEN,17558.0,17596.0
2016-11-20,13,TEN,18280.0,18447.0
2016-11-20,14,TEN,18769.0,19008.0
2016-11-20,15,TEN,18743.0,18886.0
2016-11-20,16,TEN,17936.0,18183.0
2016-11-20,17,TEN,17007.0,17307.0
2016-11-20,18,TEN,16414.0,16583.0
2016-11-20,19,TEN,15934.0,16270.0
2016-11-20,20,TEN,15541.0,15782.0
2016-11-20,21,TEN,15487.0,15641.0
2016-11-20,22,TEN,15739.0,15856.0
2016-11-20,23,TEN,16893.0,17318.0
2016-11-21,0,TEN,18464.0,18816.0
2016-11-21,1,TEN,18937.0,19310.0
2016-11-21,2,TEN,19105.0,19431.0
2016-11-21,3,TEN,18984.0,19163.0
2016-11-21,4,TEN,18682.0,18916.0
2016-11-21,5,TEN,18131.0,18151.0
2016-11-21,6,TEN,17772.0,17708.0
2016-11-21,7,TEN,17611.0,17462.0
2016-11-21,8,TEN,17638.0,17556.0
2016-11-21,9,TEN,17941.0,17586.0
2016-11-21,10,TEN,18257.0,17830.0
2016-11-21,11,TEN,19045.0,18673.0
2016-11-21,12,TEN,20607.0,20522.0
2016-11-21,13,TEN,21968.0,21858.0
2016-11-21,14,TEN,21865.0,21218.0
2016-11-21,15,TEN,20717.0,20027.0
2016-11-21,16,TEN,19608.0,18828.0
2016-11-21,17,TEN,18846.0,18347.0
2016-11-21,18,TEN,18297.0,18168.0
2016-11-21,19,TEN,17727.0,17666.0
2016-11-21,20,TEN,17378.0,17312.0
2016-11-21,21,TEN,17015.0,16988.0
2016-11-21,22,TEN,17114.0,17084.0
2016-11-21,23,TEN,18013.0,18206.0
2016-11-22,0,TEN,19565.0,19719.0
2016-11-22,1,TEN,20125.0,20223.0
2016-11-22,2,TEN,20232.0,20355.0
2016-11-22,3,TEN,19987.0,19890.0
2016-11-22,4,TEN,19298.0,19203.0
2016-11-22,5,TEN,18412.0,18239.0
2016-11-22,6,TEN,17806.0,17598.0
2016-11-22,7,TEN,17601.0,17417.0
2016-11-22,8,TEN,17495.0,17318.0
2016-11-22,9,TEN,17524.0,17321.0
2016-11-22,10,TEN,17793.0,17594.0
2016-11-22,11,TEN,18374.0,18143.0
2016-11-22,12,TEN,19896.0,19729.0
2016-11-22,13,TEN,21008.0,20755.0
2016-11-22,14,TEN,20845.0,20548.0
2016-11-22,15,TEN,19934.0,19605.0
2016-11-22,16,TEN,18974.0,18752.0
2016-11-22,17,TEN,18208.0,18009.0
2016-11-22,18,TEN,17410.0,17281.0
2016-11-22,19,TEN,16984.0,16834.0
2016-11-22,20,TEN,16633.0,16542.0
2016-11-22,21,TEN,16506.0,16415.0
2016-11-22,22,TEN,16682.0,16673.0
2016-11-22,23,TEN,17543.0,17591.0
2016-11-23,0,TEN,18422.0,18515.0
2016-11-23,1,TEN,18574.0,18688.0
2016-11-23,2,TEN,18531.0,18589.0
2016-11-23,3,TEN,18258.0,18058.0
2016-11-23,4,TEN,17512.0,17287.0
2016-11-23,5,TEN,16563.0,16478.0
2016-11-23,6,TEN,15781.0,15726.0
2016-11-23,7,TEN,15236.0,15292.0
2016-11-23,8,TEN,14985.0,15017.0
2016-11-23,9,TEN,14866.0,14879.0
2016-11-23,10,TEN,14849.0,14917.0
2016-11-23,11,TEN,15152.0,15224.0
2016-11-23,12,TEN,16115.0,16097.0
2016-11-23,13,TEN,17110.0,17393.0
2016-11-23,14,TEN,17460.0,17568.0
2016-11-23,15,TEN,17481.0,17588.0
2016-11-23,16,TEN,17212.0,17257.0
2016-11-23,17,TEN,17132.0,17106.0
2016-11-23,18,TEN,16787.0,16806.0
2016-11-23,19,TEN,16556.0,16603.0
2016-11-23,20,TEN,16504.0,16510.0
2016-11-23,21,TEN,16118.0,16177.0
2016-11-23,22,TEN,16160.0,16221.0
2016-11-23,23,TEN,16854.0,17112.0
2016-11-24,0,TEN,17480.0,17736.0
2016-11-24,1,TEN,17310.0,17584.0
2016-11-24,2,TEN,16925.0,17101.0
2016-11-24,3,TEN,16458.0,16415.0
2016-11-24,4,TEN,15752.0,15644.0
2016-11-24,5,TEN,14639.0,14599.0
2016-11-24,6,TEN,13790.0,13710.0
2016-11-24,7,TEN,13047.0,13032.0
2016-11-24,8,TEN,12648.0,12584.0
2016-11-24,9,TEN,12404.0,12397.0
2016-11-24,10,TEN,12261.0,12238.0
2016-11-24,11,TEN,12448.0,12395.0
2016-11-24,12,TEN,12734.0,12677.0
2016-11-24,13,TEN,13373.0,13414.0
2016-11-24,14,TEN,14104.0,14375.0
2016-11-24,15,TEN,15018.0,15329.0
2016-11-24,16,TEN,15778.0,16086.0
2016-11-24,17,TEN,16068.0,16066.0
2016-11-24,18,TEN,15595.0,15639.0
2016-11-24,19,TEN,14676.0,14730.0
2016-11-24,20,TEN,13895.0,13938.0
2016-11-24,21,TEN,13448.0,13526.0
2016-11-24,22,TEN,13321.0,13550.0
2016-11-24,23,TEN,13463.0,13834.0
2016-11-25,0,TEN,13845.0,14323.0
2016-11-25,1,TEN,13932.0,14360.0
2016-11-25,2,TEN,13983.0,14358.0
2016-11-25,3,TEN,13869.0,14101.0
2016-11-25,4,TEN,13639.0,13662.0
2016-11-25,5,TEN,13187.0,13086.0
2016-11-25,6,TEN,12759.0,12692.0
2016-11-25,7,TEN,12375.0,12388.0
2016-11-25,8,TEN,12225.0,12262.0
2016-11-25,9,TEN,12240.0,12251.0
2016-11-25,10,TEN,12309.0,12365.0
2016-11-25,11,TEN,12381.0,12413.0
2016-11-25,12,TEN,12951.0,13035.0
2016-11-25,13,TEN,13524.0,13738.0
2016-11-25,14,TEN,13824.0,14068.0
2016-11-25,15,TEN,14275.0,14394.0
2016-11-25,16,TEN,14642.0,14794.0
2016-11-25,17,TEN,14893.0,15049.0
2016-11-25,18,TEN,14786.0,15017.0
2016-11-25,19,TEN,14439.0,14690.0
2016-11-25,20,TEN,14208.0,14395.0
2016-11-25,21,TEN,13995.0,14189.0
2016-11-25,22,TEN,14098.0,14339.0
2016-11-25,23,TEN,14838.0,15117.0
2016-11-26,0,TEN,15981.0,16349.0
2016-11-26,1,TEN,15965.0,16394.0
2016-11-26,2,TEN,15928.0,16305.0
2016-11-26,3,TEN,15731.0,16021.0
2016-11-26,4,TEN,15419.0,15431.0
2016-11-26,5,TEN,14950.0,14776.0
2016-11-26,6,TEN,14487.0,14293.0
2016-11-26,7,TEN,14113.0,14083.0
2016-11-26,8,TEN,14046.0,14023.0
2016-11-26,9,TEN,14098.0,13988.0
2016-11-26,10,TEN,14298.0,14088.0
2016-11-26,11,TEN,14559.0,14369.0
2016-11-26,12,TEN,15172.0,14952.0
2016-11-26,13,TEN,15874.0,15712.0
2016-11-26,14,TEN,16427.0,16131.0
2016-11-26,15,TEN,16875.0,16548.0
2016-11-26,16,TEN,16823.0,16546.0
2016-11-26,17,TEN,16453.0,16215.0
2016-11-26,18,TEN,15899.0,15646.0
2016-11-26,19,TEN,15339.0,15123.0
2016-11-26,20,TEN,14939.0,14722.0
2016-11-26,21,TEN,14657.0,14477.0
2016-11-26,22,TEN,14852.0,14628.0
2016-11-26,23,TEN,15787.0,15557.0
2016-11-27,0,TEN,17190.0,16922.0
2016-11-27,1,TEN,17540.0,17376.0
2016-11-27,2,TEN,17799.0,17347.0
2016-11-27,3,TEN,17942.0,17398.0
2016-11-27,4,TEN,17816.0,17223.0
2016-11-27,5,TEN,17622.0,16982.0
2016-11-27,6,TEN,17329.0,16771.0
2016-11-27,7,TEN,17276.0,16644.0
2016-11-27,8,TEN,17314.0,16693.0
2016-11-27,9,TEN,17547.0,16851.0
2016-11-27,10,TEN,17784.0,17042.0
2016-11-27,11,TEN,18317.0,17528.0
2016-11-27,12,TEN,19019.0,18025.0
2016-11-27,13,TEN,19729.0,18549.0
2016-11-27,14,TEN,20118.0,19099.0
2016-11-27,15,TEN,19673.0,18565.0
2016-11-27,16,TEN,18336.0,17652.0
2016-11-27,17,TEN,17115.0,16885.0
2016-11-27,18,TEN,16327.0,16251.0
2016-11-27,19,TEN,15793.0,15710.0
2016-11-27,20,TEN,15501.0,15382.0
2016-11-27,21,TEN,15399.0,15293.0
2016-11-27,22,TEN,15824.0,15668.0
2016-11-27,23,TEN,16916.0,16751.0
2016-11-28,0,TEN,18036.0,17967.0
2016-11-28,1,TEN,18280.0,18253.0
2016-11-28,2,TEN,18237.0,18247.0
2016-11-28,3,TEN,17760.0,17659.0
2016-11-28,4,TEN,17001.0,16865.0
2016-11-28,5,TEN,16104.0,15782.0
2016-11-28,6,TEN,15364.0,15204.0
2016-11-28,7,TEN,14950.0,14730.0
2016-11-28,8,TEN,14583.0,14447.0
2016-11-28,9,TEN,14545.0,14354.0
2016-11-28,10,TEN,14506.0,14351.0
2016-11-28,11,TEN,14946.0,14706.0
2016-11-28,12,TEN,16278.0,16144.0
2016-11-28,13,TEN,17627.0,17470.0
2016-11-28,14,TEN,17640.0,17299.0
2016-11-28,15,TEN,17531.0,17104.0
2016-11-28,16,TEN,17370.0,16919.0
2016-11-28,17,TEN,17489.0,16894.0
2016-11-28,18,TEN,17316.0,16905.0
2016-11-28,19,TEN,17066.0,16620.0
2016-11-28,20,TEN,17000.0,16288.0
2016-11-28,21,TEN,16919.0,16175.0
2016-11-28,22,TEN,17063.0,16406.0
2016-11-28,23,TEN,17863.0,17088.0
2016-11-29,0,TEN,18389.0,17547.0
2016-11-29,1,TEN,18170.0,17365.0
2016-11-29,2,TEN,17740.0,17534.0
2016-11-29,3,TEN,17214.0,16997.0
2016-11-29,4,TEN,16357.0,16013.0
2016-11-29,5,TEN,15274.0,14970.0
2016-11-29,6,TEN,14341.0,14110.0
2016-11-29,7,TEN,13882.0,13735.0
2016-11-29,8,TEN,13537.0,13356.0
2016-11-29,9,TEN,13441.0,13252.0
2016-11-29,10,TEN,13352.0,13168.0
2016-11-29,11,TEN,13798.0,13669.0
2016-11-29,12,TEN,15158.0,14606.0
2016-11-29,13,TEN,16607.0,15572.0
2016-11-29,14,TEN,16623.0,15843.0
2016-11-29,15,TEN,16374.0,15751.0
2016-11-29,16,TEN,16182.0,15772.0
2016-11-29,17,TEN,16261.0,15815.0
2016-11-29,18,TEN,16254.0,15617.0
2016-11-29,19,TEN,16175.0,15586.0
2016-11-29,20,TEN,16125.0,15567.0
2016-11-29,21,TEN,16141.0,15428.0
2016-11-29,22,TEN,16165.0,15446.0
2016-11-29,23,TEN,16906.0,16217.0
2016-11-30,0,TEN,17699.0,16907.0
2016-11-30,1,TEN,17603.0,16802.0
2016-11-30,2,TEN,17288.0,16634.0
2016-11-30,3,TEN,16833.0,16170.0
2016-11-30,4,TEN,15928.0,15559.0
2016-11-30,5,TEN,14971.0,14894.0
2016-11-30,6,TEN,14026.0,13918.0
2016-11-30,7,TEN,13293.0,13106.0
2016-11-30,8,TEN,12937.0,12770.0
2016-11-30,9,TEN,12773.0,12592.0
2016-11-30,10,TEN,12712.0,12567.0
2016-11-30,11,TEN,12882.0,12711.0
2016-11-30,12,TEN,13974.0,13773.0
2016-11-30,13,TEN,15449.0,15231.0
2016-11-30,14,TEN,15678.0,15308.0
2016-11-30,15,TEN,15786.0,15428.0
2016-11-30,16,TEN,15865.0,15467.0
2016-11-30,17,TEN,16231.0,15683.0
2016-11-30,18,TEN,16212.0,15710.0
2016-11-30,19,TEN,16132.0,15630.0
2016-11-30,20,TEN,16078.0,15541.0
2016-11-30,21,TEN,15978.0,15501.0
2016-11-30,22,TEN,16111.0,15652.0
2016-11-30,23,TEN,16927.0,16364.0
2016-12-01,0,TEN,17982.0,17459.0
2016-12-01,1,TEN,18316.0,17808.0
2016-12-01,2,TEN,18087.0,17621.0
2016-12-01,3,TEN,17715.0,17333.0
2016-12-01,4,TEN,17098.0,16864.0
2016-12-01,5,TEN,16334.0,16086.0
2016-12-01,6,TEN,15637.0,15452.0
2016-12-01,7,TEN,15280.0,15030.0
2016-12-01,8,TEN,15254.0,14997.0
2016-12-01,9,TEN,15361.0,14929.0
2016-12-01,10,TEN,15617.0,15234.0
2016-12-01,11,TEN,16301.0,15484.0
2016-12-01,12,TEN,18010.0,16828.0
2016-12-01,13,TEN,19738.0,18452.0
2016-12-01,14,TEN,19567.0,18364.0
2016-12-01,15,TEN,18688.0,17614.0
2016-12-01,16,TEN,17962.0,16754.0
2016-12-01,17,TEN,17646.0,16650.0
2016-12-01,18,TEN,17306.0,16362.0
2016-12-01,19,TEN,16957.0,16164.0
2016-12-01,20,TEN,16700.0,15984.0
2016-12-01,21,TEN,16460.0,15626.0
2016-12-01,22,TEN,16638.0,15695.0
2016-12-01,23,TEN,17637.0,16617.0
2016-12-02,0,TEN,19166.0,17861.0
2016-12-02,1,TEN,19589.0,18239.0
2016-12-02,2,TEN,19832.0,18385.0
2016-12-02,3,TEN,19823.0,18332.0
2016-12-02,4,TEN,19300.0,17808.0
2016-12-02,5,TEN,18382.0,17066.0
2016-12-02,6,TEN,17790.0,16706.0
2016-12-02,7,TEN,17500.0,16380.0
2016-12-02,8,TEN,17611.0,16262.0
2016-12-02,9,TEN,18025.0,16425.0
2016-12-02,10,TEN,18190.0,16788.0
2016-12-02,11,TEN,18846.0,17552.0
2016-12-02,12,TEN,20458.0,19248.0
2016-12-02,13,TEN,21914.0,20684.0
2016-12-02,14,TEN,21686.0,20586.0
2016-12-02,15,TEN,20405.0,19535.0
2016-12-02,16,TEN,18993.0,18287.0
2016-12-02,17,TEN,18167.0,17629.0
2016-12-02,18,TEN,17485.0,17040.0
2016-12-02,19,TEN,16967.0,16798.0
2016-12-02,20,TEN,16526.0,16383.0
2016-12-02,21,TEN,16462.0,16421.0
2016-12-02,22,TEN,16510.0,16381.0
2016-12-02,23,TEN,17463.0,17492.0
2016-12-03,0,TEN,18659.0,18836.0
2016-12-03,1,TEN,18827.0,19005.0
2016-12-03,2,TEN,18724.0,18547.0
2016-12-03,3,TEN,18671.0,18296.0
2016-12-03,4,TEN,18134.0,17775.0
2016-12-03,5,TEN,17579.0,17272.0
2016-12-03,6,TEN,17018.0,16903.0
2016-12-03,7,TEN,16549.0,16411.0
2016-12-03,8,TEN,16262.0,16073.0
2016-12-03,9,TEN,16342.0,16064.0
2016-12-03,10,TEN,16377.0,16217.0
2016-12-03,11,TEN,16816.0,16653.0
2016-12-03,12,TEN,17448.0,17269.0
2016-12-03,13,TEN,18233.0,17712.0
2016-12-03,14,TEN,18698.0,18128.0
2016-12-03,15,TEN,18878.0,18244.0
2016-12-03,16,TEN,18726.0,18165.0
2016-12-03,17,TEN,18579.0,17989.0
2016-12-03,18,TEN,18329.0,17740.0
2016-12-03,19,TEN,18024.0,17481.0
2016-12-03,20,TEN,17814.0,17178.0
2016-12-03,21,TEN,17670.0,17024.0
2016-12-03,22,TEN,17779.0,17293.0
2016-12-03,23,TEN,18602.0,18337.0
2016-12-04,0,TEN,19317.0,19024.0
2016-12-04,1,TEN,19154.0,18786.0
2016-12-04,2,TEN,19004.0,18758.0
2016-12-04,3,TEN,18559.0,18317.0
2016-12-04,4,TEN,18049.0,17886.0
2016-12-04,5,TEN,17260.0,17245.0
2016-12-04,6,TEN,16391.0,16439.0
2016-12-04,7,TEN,15826.0,15668.0
2016-12-04,8,TEN,15553.0,15541.0
2016-12-04,9,TEN,15405.0,15461.0
2016-12-04,10,TEN,15324.0,15333.0
2016-12-04,11,TEN,15520.0,15523.0
2016-12-04,12,TEN,15905.0,15892.0
2016-12-04,13,TEN,16543.0,16434.0
2016-12-04,14,TEN,17154.0,17398.0
2016-12-04,15,TEN,17842.0,18078.0
2016-12-04,16,TEN,17920.0,18153.0
2016-12-04,17,TEN,17718.0,17999.0
2016-12-04,18,TEN,17667.0,17904.0
2016-12-04,19,TEN,17759.0,17902.0
2016-12-04,20,TEN,17570.0,17842.0
2016-12-04,21,TEN,17455.0,17729.0
2016-12-04,22,TEN,17747.0,17834.0
2016-12-04,23,TEN,18430.0,18658.0
2016-12-05,0,TEN,19015.0,19398.0
2016-12-05,1,TEN,18813.0,19223.0
2016-12-05,2,TEN,18663.0,18894.0
2016-12-05,3,TEN,18115.0,18308.0
2016-12-05,4,TEN,17182.0,17340.0
2016-12-05,5,TEN,16158.0,16351.0
2016-12-05,6,TEN,15510.0,15751.0
2016-12-05,7,TEN,15019.0,15373.0
2016-12-05,8,TEN,14720.0,15117.0
2016-12-05,9,TEN,14525.0,15052.0
2016-12-05,10,TEN,14759.0,15166.0
2016-12-05,11,TEN,15317.0,15524.0
2016-12-05,12,TEN,16828.0,16738.0
2016-12-05,13,TEN,18417.0,18428.0
2016-12-05,14,TEN,18580.0,18681.0
2016-12-05,15,TEN,18570.0,18680.0
2016-12-05,16,TEN,18584.0,18642.0
2016-12-05,17,TEN,18570.0,18474.0
2016-12-05,18,TEN,18559.0,18527.0
2016-12-05,19,TEN,18534.0,18493.0
2016-12-05,20,TEN,18269.0,17950.0
2016-12-05,21,TEN,18189.0,17825.0
2016-12-05,22,TEN,18423.0,18310.0
2016-12-05,23,TEN,19336.0,19271.0
2016-12-06,0,TEN,20051.0,20313.0
2016-12-06,1,TEN,19905.0,20137.0
2016-12-06,2,TEN,19621.0,19749.0
2016-12-06,3,TEN,18883.0,18936.0
2016-12-06,4,TEN,17787.0,17795.0
2016-12-06,5,TEN,16580.0,16597.0
2016-12-06,6,TEN,15694.0,15822.0
2016-12-06,7,TEN,15041.0,15155.0
2016-12-06,8,TEN,14816.0,14888.0
2016-12-06,9,TEN,14638.0,14799.0
2016-12-06,10,TEN,14711.0,14825.0
2016-12-06,11,TEN,15134.0,15231.0
2016-12-06,12,TEN,16422.0,16804.0
2016-12-06,13,TEN,17714.0,18086.0
2016-12-06,14,TEN,17802.0,18207.0
2016-12-06,15,TEN,17772.0,18112.0
2016-12-06,16,TEN,17837.0,18091.0
2016-12-06,17,TEN,17855.0,18116.0
2016-12-06,18,TEN,17735.0,18011.0
2016-12-06,19,TEN,17726.0,17924.0
2016-12-06,20,TEN,17756.0,17971.0
2016-12-06,21,TEN,17729.0,18007.0
2016-12-06,22,TEN,17934.0,18298.0
2016-12-06,23,TEN,18734.0,19298.0
2016-12-07,0,TEN,19598.0,20174.0
2016-12-07,1,TEN,19741.0,20327.0
2016-12-07,2,TEN,19520.0,20146.0
2016-12-07,3,TEN,19257.0,19793.0
2016-12-07,4,TEN,18412.0,18702.0
2016-12-07,5,TEN,17285.0,17527.0
2016-12-07,6,TEN,16584.0,16857.0
2016-12-07,7,TEN,16035.0,16383.0
2016-12-07,8,TEN,15987.0,16314.0
2016-12-07,9,TEN,16020.0,16362.0
2016-12-07,10,TEN,16098.0,16478.0
2016-12-07,11,TEN,16686.0,17089.0
2016-12-07,12,TEN,18207.0,18600.0
2016-12-07,13,TEN,19768.0,20184.0
2016-12-07,14,TEN,19722.0,20128.0
2016-12-07,15,TEN,19240.0,19407.0
2016-12-07,16,TEN,18745.0,18844.0
2016-12-07,17,TEN,18473.0,18504.0
2016-12-07,18,TEN,18030.0,18149.0
2016-12-07,19,TEN,17856.0,17970.0
2016-12-07,20,TEN,17583.0,17753.0
2016-12-07,21,TEN,17450.0,17471.0
2016-12-07,22,TEN,17730.0,17865.0
2016-12-07,23,TEN,18976.0,19167.0
2016-12-08,0,TEN,20154.0,20472.0
2016-12-08,1,TEN,20514.0,20640.0
2016-12-08,2,TEN,20453.0,20713.0
2016-12-08,3,TEN,20149.0,20250.0
2016-12-08,4,TEN,19397.0,19536.0
2016-12-08,5,TEN,18302.0,18531.0
2016-12-08,6,TEN,17410.0,17544.0
2016-12-08,7,TEN,16979.0,16683.0
2016-12-08,8,TEN,16833.0,16191.0
2016-12-08,9,TEN,16899.0,16187.0
2016-12-08,10,TEN,17048.0,16375.0
2016-12-08,11,TEN,17725.0,17036.0
2016-12-08,12,TEN,19384.0,18740.0
2016-12-08,13,TEN,21030.0,20101.0
2016-12-08,14,TEN,21070.0,20221.0
2016-12-08,15,TEN,20889.0,19908.0
2016-12-08,16,TEN,20550.0,19624.0
2016-12-08,17,TEN,20138.0,19443.0
2016-12-08,18,TEN,19896.0,19317.0
2016-12-08,19,TEN,19580.0,19184.0
2016-12-08,20,TEN,19452.0,18953.0
2016-12-08,21,TEN,19243.0,18515.0
2016-12-08,22,TEN,19813.0,18867.0
2016-12-08,23,TEN,21283.0,20517.0
2016-12-09,0,TEN,22784.0,22103.0
2016-12-09,1,TEN,23182.0,22540.0
2016-12-09,2,TEN,23247.0,22342.0
2016-12-09,3,TEN,22691.0,22015.0
2016-12-09,4,TEN,22132.0,21362.0
2016-12-09,5,TEN,21289.0,20737.0
2016-12-09,6,TEN,1178.0,1245.0
2016-12-09,7,TEN,21011.0,20388.0
2016-12-09,8,TEN,20955.0,20317.0
2016-12-09,9,TEN,20926.0,20180.0
2016-12-09,10,TEN,21116.0,19741.0
2016-12-09,11,TEN,21781.0,20404.0
2016-12-09,12,TEN,23237.0,21395.0
2016-12-09,13,TEN,24733.0,22757.0
2016-12-09,14,TEN,24682.0,22860.0
2016-12-09,15,TEN,24127.0,22234.0
2016-12-09,16,TEN,23248.0,21364.0
2016-12-09,17,TEN,22405.0,20764.0
2016-12-09,18,TEN,21403.0,20011.0
2016-12-09,19,TEN,20702.0,19339.0
2016-12-09,20,TEN,20152.0,18786.0
2016-12-09,21,TEN,19931.0,18596.0
2016-12-09,22,TEN,20308.0,18982.0
2016-12-09,23,TEN,21742.0,20207.0
2016-12-10,0,TEN,23254.0,21692.0
2016-12-10,1,TEN,23520.0,22087.0
2016-12-10,2,TEN,23634.0,22160.0
2016-12-10,3,TEN,23729.0,22251.0
2016-12-10,4,TEN,23403.0,21892.0
2016-12-10,5,TEN,22905.0,21416.0
2016-12-10,6,TEN,22487.0,21285.0
2016-12-10,7,TEN,22283.0,21017.0
2016-12-10,8,TEN,22371.0,21063.0
2016-12-10,9,TEN,22537.0,20960.0
2016-12-10,10,TEN,22811.0,21212.0
2016-12-10,11,TEN,23265.0,21434.0
2016-12-10,12,TEN,24055.0,22196.0
2016-12-10,13,TEN,24954.0,22868.0
2016-12-10,14,TEN,25137.0,22974.0
2016-12-10,15,TEN,24251.0,22078.0
2016-12-10,16,TEN,22804.0,20704.0
2016-12-10,17,TEN,21412.0,19870.0
2016-12-10,18,TEN,20211.0,19376.0
2016-12-10,19,TEN,19277.0,18760.0
2016-12-10,20,TEN,18530.0,17744.0
2016-12-10,21,TEN,18080.0,17631.0
2016-12-10,22,TEN,18303.0,17653.0
2016-12-10,23,TEN,19702.0,18488.0
2016-12-11,0,TEN,21316.0,19805.0
2016-12-11,1,TEN,21756.0,20385.0
2016-12-11,2,TEN,21955.0,20682.0
2016-12-11,3,TEN,21923.0,20817.0
2016-12-11,4,TEN,21719.0,20197.0
2016-12-11,5,TEN,21134.0,19768.0
2016-12-11,6,TEN,20441.0,19565.0
2016-12-11,7,TEN,20194.0,19815.0
2016-12-11,8,TEN,20004.0,19940.0
2016-12-11,9,TEN,20032.0,20004.0
2016-12-11,10,TEN,20050.0,20045.0
2016-12-11,11,TEN,20247.0,20217.0
2016-12-11,12,TEN,20681.0,20697.0
2016-12-11,13,TEN,21300.0,21317.0
2016-12-11,14,TEN,21598.0,21699.0
2016-12-11,15,TEN,21142.0,21066.0
2016-12-11,16,TEN,20141.0,20400.0
2016-12-11,17,TEN,18993.0,19413.0
2016-12-11,18,TEN,18231.0,18636.0
2016-12-11,19,TEN,17683.0,18065.0
2016-12-11,20,TEN,17349.0,17711.0
2016-12-11,21,TEN,17051.0,17439.0
2016-12-11,22,TEN,17155.0,17571.0
2016-12-11,23,TEN,18129.0,18243.0
2016-12-12,0,TEN,19072.0,19280.0
2016-12-12,1,TEN,19199.0,19442.0
2016-12-12,2,TEN,19015.0,19195.0
2016-12-12,3,TEN,18569.0,18633.0
2016-12-12,4,TEN,17719.0,17718.0
2016-12-12,5,TEN,16588.0,16738.0
2016-12-12,6,TEN,15711.0,16122.0
2016-12-12,7,TEN,15068.0,15500.0
2016-12-12,8,TEN,14683.0,15045.0
2016-12-12,9,TEN,14603.0,14963.0
2016-12-12,10,TEN,14698.0,15054.0
2016-12-12,11,TEN,15288.0,15686.0
2016-12-12,12,TEN,16612.0,17294.0
2016-12-12,13,TEN,17957.0,18557.0
2016-12-12,14,TEN,18089.0,18694.0
2016-12-12,15,TEN,18074.0,18592.0
2016-12-12,16,TEN,18142.0,18638.0
2016-12-12,17,TEN,18323.0,18780.0
2016-12-12,18,TEN,18162.0,18635.0
2016-12-12,19,TEN,17904.0,18388.0
2016-12-12,20,TEN,17580.0,18106.0
2016-12-12,21,TEN,17265.0,17905.0
2016-12-12,22,TEN,17400.0,18093.0
2016-12-12,23,TEN,18433.0,19058.0
2016-12-13,0,TEN,19792.0,20416.0
2016-12-13,1,TEN,20017.0,20690.0
2016-12-13,2,TEN,20074.0,20777.0
2016-12-13,3,TEN,19764.0,20189.0
2016-12-13,4,TEN,19171.0,19629.0
2016-12-13,5,TEN,18023.0,18472.0
2016-12-13,6,TEN,17313.0,17668.0
2016-12-13,7,TEN,16890.0,17196.0
2016-12-13,8,TEN,16582.0,17138.0
2016-12-13,9,TEN,16454.0,16938.0
2016-12-13,10,TEN,16552.0,17026.0
2016-12-13,11,TEN,16969.0,17603.0
2016-12-13,12,TEN,18446.0,19260.0
2016-12-13,13,TEN,19852.0,20749.0
2016-12-13,14,TEN,19821.0,20714.0
2016-12-13,15,TEN,19586.0,20203.0
2016-12-13,16,TEN,19347.0,19815.0
2016-12-13,17,TEN,19270.0,20029.0
2016-12-13,18,TEN,19036.0,19467.0
2016-12-13,19,TEN,18838.0,19165.0
2016-12-13,20,TEN,18916.0,19157.0
2016-12-13,21,TEN,18860.0,19252.0
2016-12-13,22,TEN,19020.0,19639.0
2016-12-13,23,TEN,19767.0,20313.0
2016-12-14,0,TEN,20522.0,21068.0
2016-12-14,1,TEN,20695.0,21679.0
2016-12-14,2,TEN,20543.0,21465.0
2016-12-14,3,TEN,20272.0,20906.0
2016-12-14,4,TEN,19432.0,19825.0
2016-12-14,5,TEN,18342.0,18930.0
2016-12-14,6,TEN,17508.0,17968.0
2016-12-14,7,TEN,17197.0,17230.0
2016-12-14,8,TEN,16985.0,16878.0
2016-12-14,9,TEN,17036.0,16936.0
2016-12-14,10,TEN,17287.0,17172.0
2016-12-14,11,TEN,17872.0,18107.0
2016-12-14,12,TEN,19418.0,19851.0
2016-12-14,13,TEN,21000.0,21189.0
2016-12-14,14,TEN,21204.0,21761.0
2016-12-14,15,TEN,20997.0,21083.0
2016-12-14,16,TEN,20662.0,20815.0
2016-12-14,17,TEN,20328.0,20392.0
2016-12-14,18,TEN,19675.0,19933.0
2016-12-14,19,TEN,19261.0,19477.0
2016-12-14,20,TEN,18955.0,19381.0
2016-12-14,21,TEN,18754.0,18912.0
2016-12-14,22,TEN,19033.0,19316.0
2016-12-14,23,TEN,20174.0,20459.0
2016-12-15,0,TEN,21802.0,22154.0
2016-12-15,1,TEN,22173.0,22521.0
2016-12-15,2,TEN,22306.0,22613.0
2016-12-15,3,TEN,22266.0,22218.0
2016-12-15,4,TEN,21670.0,21676.0
2016-12-15,5,TEN,20671.0,20760.0
2016-12-15,6,TEN,19833.0,19809.0
2016-12-15,7,TEN,19483.0,18601.0
2016-12-15,8,TEN,19445.0,18648.0
2016-12-15,9,TEN,19731.0,18970.0
2016-12-15,10,TEN,20159.0,19424.0
2016-12-15,11,TEN,21224.0,20482.0
2016-12-15,12,TEN,23137.0,22924.0
2016-12-15,13,TEN,25019.0,25188.0
2016-12-15,14,TEN,25044.0,25359.0
2016-12-15,15,TEN,24577.0,24792.0
2016-12-15,16,TEN,23867.0,23912.0
2016-12-15,17,TEN,23350.0,23424.0
2016-12-15,18,TEN,22764.0,22744.0
2016-12-15,19,TEN,22248.0,22310.0
2016-12-15,20,TEN,22010.0,22353.0
2016-12-15,21,TEN,22007.0,22433.0
2016-12-15,22,TEN,22487.0,23055.0
2016-12-15,23,TEN,23985.0,24208.0
2016-12-16,0,TEN,25445.0,25765.0
2016-12-16,1,TEN,25756.0,26108.0
2016-12-16,2,TEN,25891.0,26247.0
2016-12-16,3,TEN,25758.0,25927.0
2016-12-16,4,TEN,25104.0,25152.0
2016-12-16,5,TEN,24143.0,24156.0
2016-12-16,6,TEN,23449.0,23395.0
2016-12-16,7,TEN,22970.0,22862.0
2016-12-16,8,TEN,22846.0,22417.0
2016-12-16,9,TEN,22877.0,22456.0
2016-12-16,10,TEN,22956.0,23005.0
2016-12-16,11,TEN,23481.0,23726.0
2016-12-16,12,TEN,24548.0,24799.0
2016-12-16,13,TEN,25625.0,25866.0
2016-12-16,14,TEN,25337.0,25796.0
2016-12-16,15,TEN,24776.0,25161.0
2016-12-16,16,TEN,24237.0,24492.0
2016-12-16,17,TEN,23490.0,23736.0
2016-12-16,18,TEN,22630.0,22888.0
2016-12-16,19,TEN,22015.0,22344.0
2016-12-16,20,TEN,21540.0,21488.0
2016-12-16,21,TEN,21145.0,21276.0
2016-12-16,22,TEN,21236.0,21499.0
2016-12-16,23,TEN,21852.0,22015.0
2016-12-17,0,TEN,22521.0,22535.0
2016-12-17,1,TEN,22026.0,21842.0
2016-12-17,2,TEN,21537.0,21354.0
2016-12-17,3,TEN,20885.0,20605.0
2016-12-17,4,TEN,20085.0,19920.0
2016-12-17,5,TEN,18815.0,18840.0
2016-12-17,6,TEN,17685.0,17774.0
2016-12-17,7,TEN,16884.0,17346.0
2016-12-17,8,TEN,16314.0,16781.0
2016-12-17,9,TEN,16054.0,16519.0
2016-12-17,10,TEN,15788.0,16271.0
2016-12-17,11,TEN,15946.0,16435.0
2016-12-17,12,TEN,16289.0,16876.0
2016-12-17,13,TEN,16777.0,17652.0
2016-12-17,14,TEN,17166.0,18101.0
2016-12-17,15,TEN,17539.0,18393.0
2016-12-17,16,TEN,17750.0,18613.0
2016-12-17,17,TEN,17678.0,18283.0
2016-12-17,18,TEN,17457.0,17950.0
2016-12-17,19,TEN,17077.0,17239.0
2016-12-17,20,TEN,16800.0,16984.0
2016-12-17,21,TEN,16483.0,16741.0
2016-12-17,22,TEN,16549.0,16785.0
2016-12-17,23,TEN,17129.0,17553.0
2016-12-18,0,TEN,17663.0,18098.0
2016-12-18,1,TEN,17422.0,17898.0
2016-12-18,2,TEN,17098.0,17557.0
2016-12-18,3,TEN,16633.0,16960.0
2016-12-18,4,TEN,15959.0,16282.0
2016-12-18,5,TEN,15343.0,15562.0
2016-12-18,6,TEN,14567.0,14604.0
2016-12-18,7,TEN,14077.0,14093.0
2016-12-18,8,TEN,13904.0,13959.0
2016-12-18,9,TEN,13866.0,13909.0
2016-12-18,10,TEN,14251.0,14323.0
2016-12-18,11,TEN,14637.0,14997.0
2016-12-18,12,TEN,15594.0,15936.0
2016-12-18,13,TEN,16779.0,17015.0
2016-12-18,14,TEN,18246.0,18526.0
2016-12-18,15,TEN,19565.0,19343.0
2016-12-18,16,TEN,20369.0,19804.0
2016-12-18,17,TEN,20775.0,20219.0
2016-12-18,18,TEN,21006.0,20340.0
2016-12-18,19,TEN,21268.0,20553.0
2016-12-18,20,TEN,21506.0,20349.0
2016-12-18,21,TEN,21761.0,20494.0
2016-12-18,22,TEN,22244.0,20834.0
2016-12-18,23,TEN,23243.0,21656.0
2016-12-19,0,TEN,24361.0,22590.0
2016-12-19,1,TEN,24586.0,22926.0
2016-12-19,2,TEN,24648.0,23235.0
2016-12-19,3,TEN,24525.0,23522.0
2016-12-19,4,TEN,23946.0,22949.0
2016-12-19,5,TEN,23319.0,22478.0
2016-12-19,6,TEN,2396.0,1899.0
2016-12-19,7,TEN,22392.0,22126.0
2016-12-19,8,TEN,22403.0,22177.0
2016-12-19,9,TEN,22370.0,22218.0
2016-12-19,10,TEN,22478.0,22314.0
2016-12-19,11,TEN,23085.0,22481.0
2016-12-19,12,TEN,24271.0,23509.0
2016-12-19,13,TEN,25486.0,24779.0
2016-12-19,14,TEN,25723.0,25154.0
2016-12-19,15,TEN,25616.0,24883.0
2016-12-19,16,TEN,25302.0,24575.0
2016-12-19,17,TEN,24825.0,24090.0
2016-12-19,18,TEN,24097.0,23782.0
2016-12-19,19,TEN,23468.0,23468.0
2016-12-19,20,TEN,22808.0,22919.0
2016-12-19,21,TEN,22488.0,22520.0
2016-12-19,22,TEN,22803.0,22891.0
2016-12-19,23,TEN,23771.0,23879.0
2016-12-20,0,TEN,25064.0,24831.0
2016-12-20,1,TEN,25442.0,25316.0
2016-12-20,2,TEN,25422.0,25338.0
2016-12-20,3,TEN,25203.0,24954.0
2016-12-20,4,TEN,24498.0,24549.0
2016-12-20,5,TEN,23663.0,23915.0
2016-12-20,6,TEN,22919.0,23287.0
2016-12-20,7,TEN,22612.0,23011.0
2016-12-20,8,TEN,22391.0,22826.0
2016-12-20,9,TEN,22361.0,22806.0
2016-12-20,10,TEN,22370.0,22571.0
2016-12-20,11,TEN,22957.0,23357.0
2016-12-20,12,TEN,24024.0,24214.0
2016-12-20,13,TEN,25113.0,25442.0
2016-12-20,14,TEN,25225.0,25523.0
2016-12-20,15,TEN,24746.0,24893.0
2016-12-20,16,TEN,24219.0,23951.0
2016-12-20,17,TEN,23507.0,22994.0
2016-12-20,18,TEN,22670.0,22038.0
2016-12-20,19,TEN,21862.0,21004.0
2016-12-20,20,TEN,21274.0,20290.0
2016-12-20,21,TEN,20699.0,19782.0
2016-12-20,22,TEN,20514.0,19753.0
2016-12-20,23,TEN,21562.0,20888.0
2016-12-21,0,TEN,23180.0,22741.0
2016-12-21,1,TEN,23707.0,23148.0
2016-12-21,2,TEN,23974.0,23357.0
2016-12-21,3,TEN,23957.0,23392.0
2016-12-21,4,TEN,23520.0,22518.0
2016-12-21,5,TEN,22717.0,21587.0
2016-12-21,6,TEN,22006.0,21222.0
2016-12-21,7,TEN,21641.0,21148.0
2016-12-21,8,TEN,21562.0,21264.0
2016-12-21,9,TEN,21494.0,20848.0
2016-12-21,10,TEN,21636.0,20935.0
2016-12-21,11,TEN,22074.0,21588.0
2016-12-21,12,TEN,23041.0,22800.0
2016-12-21,13,TEN,24104.0,23361.0
2016-12-21,14,TEN,24326.0,23562.0
2016-12-21,15,TEN,23703.0,23395.0
2016-12-21,16,TEN,22496.0,22418.0
2016-12-21,17,TEN,21319.0,21215.0
2016-12-21,18,TEN,20170.0,19955.0
2016-12-21,19,TEN,19160.0,18955.0
2016-12-21,20,TEN,18597.0,18368.0
2016-12-21,21,TEN,18267.0,18016.0
2016-12-21,22,TEN,18469.0,18388.0
2016-12-21,23,TEN,19404.0,19322.0
2016-12-22,0,TEN,20280.0,20339.0
2016-12-22,1,TEN,20203.0,20256.0
2016-12-22,2,TEN,19978.0,20006.0
2016-12-22,3,TEN,19457.0,19310.0
2016-12-22,4,TEN,18883.0,18777.0
2016-12-22,5,TEN,17980.0,17722.0
2016-12-22,6,TEN,17116.0,17039.0
2016-12-22,7,TEN,16609.0,16729.0
2016-12-22,8,TEN,16324.0,16464.0
2016-12-22,9,TEN,16286.0,16433.0
2016-12-22,10,TEN,16387.0,16535.0
2016-12-22,11,TEN,16827.0,16853.0
2016-12-22,12,TEN,18066.0,18133.0
2016-12-22,13,TEN,19321.0,19388.0
2016-12-22,14,TEN,19793.0,19844.0
2016-12-22,15,TEN,19376.0,19507.0
2016-12-22,16,TEN,18757.0,18772.0
2016-12-22,17,TEN,18222.0,18191.0
2016-12-22,18,TEN,17699.0,17606.0
2016-12-22,19,TEN,17260.0,17274.0
2016-12-22,20,TEN,16995.0,17001.0
2016-12-22,21,TEN,16794.0,16922.0
2016-12-22,22,TEN,16929.0,17123.0
2016-12-22,23,TEN,17905.0,17991.0
2016-12-23,0,TEN,19417.0,19387.0
2016-12-23,1,TEN,19691.0,19842.0
2016-12-23,2,TEN,19770.0,19878.0
2016-12-23,3,TEN,19733.0,19672.0
2016-12-23,4,TEN,19463.0,19347.0
2016-12-23,5,TEN,18746.0,18531.0
2016-12-23,6,TEN,18000.0,17458.0
2016-12-23,7,TEN,17395.0,16872.0
2016-12-23,8,TEN,17133.0,16626.0
2016-12-23,9,TEN,16930.0,16447.0
2016-12-23,10,TEN,16830.0,16363.0
2016-12-23,11,TEN,17261.0,17170.0
2016-12-23,12,TEN,18279.0,18733.0
2016-12-23,13,TEN,19184.0,19742.0
2016-12-23,14,TEN,19426.0,19920.0
2016-12-23,15,TEN,19139.0,19576.0
2016-12-23,16,TEN,18514.0,18853.0
2016-12-23,17,TEN,17879.0,18082.0
2016-12-23,18,TEN,17037.0,17122.0
2016-12-23,19,TEN,16448.0,16541.0
2016-12-23,20,TEN,16050.0,16243.0
2016-12-23,21,TEN,15903.0,16263.0
2016-12-23,22,TEN,16012.0,16460.0
2016-12-23,23,TEN,16720.0,17115.0
2016-12-24,0,TEN,17541.0,18067.0
2016-12-24,1,TEN,17441.0,17904.0
2016-12-24,2,TEN,17161.0,17742.0
2016-12-24,3,TEN,16832.0,17105.0
2016-12-24,4,TEN,16264.0,16456.0
2016-12-24,5,TEN,15452.0,15645.0
2016-12-24,6,TEN,14616.0,14806.0
2016-12-24,7,TEN,13883.0,14024.0
2016-12-24,8,TEN,13482.0,13541.0
2016-12-24,9,TEN,13157.0,13250.0
2016-12-24,10,TEN,13041.0,13138.0
2016-12-24,11,TEN,13034.0,13183.0
2016-12-24,12,TEN,13322.0,13513.0
2016-12-24,13,TEN,13982.0,14154.0
2016-12-24,14,TEN,14528.0,14724.0
2016-12-24,15,TEN,15261.0,15419.0
2016-12-24,16,TEN,15872.0,15794.0
2016-12-24,17,TEN,16005.0,16082.0
2016-12-24,18,TEN,15823.0,15940.0
2016-12-24,19,TEN,15552.0,15726.0
2016-12-24,20,TEN,15255.0,15467.0
2016-12-24,21,TEN,15020.0,15215.0
2016-12-24,22,TEN,14891.0,15052.0
2016-12-24,23,TEN,15200.0,15602.0
2016-12-25,0,TEN,15490.0,15909.0
2016-12-25,1,TEN,15163.0,15660.0
2016-12-25,2,TEN,14939.0,15541.0
2016-12-25,3,TEN,14737.0,15179.0
2016-12-25,4,TEN,14379.0,14725.0
2016-12-25,5,TEN,13783.0,14118.0
2016-12-25,6,TEN,12977.0,13364.0
2016-12-25,7,TEN,12349.0,12895.0
2016-12-25,8,TEN,11943.0,12354.0
2016-12-25,9,TEN,11650.0,12000.0
2016-12-25,10,TEN,11606.0,12037.0
2016-12-25,11,TEN,11739.0,12141.0
2016-12-25,12,TEN,12060.0,12619.0
2016-12-25,13,TEN,12689.0,13076.0
2016-12-25,14,TEN,13366.0,13660.0
2016-12-25,15,TEN,14093.0,14257.0
2016-12-25,16,TEN,14126.0,14312.0
2016-12-25,17,TEN,13927.0,14124.0
2016-12-25,18,TEN,13772.0,13962.0
2016-12-25,19,TEN,13563.0,13746.0
2016-12-25,20,TEN,13300.0,13481.0
2016-12-25,21,TEN,13019.0,13217.0
2016-12-25,22,TEN,12948.0,13195.0
2016-12-25,23,TEN,13132.0,13461.0
2016-12-26,0,TEN,13983.0,14157.0
2016-12-26,1,TEN,13958.0,14340.0
2016-12-26,2,TEN,13825.0,14049.0
2016-12-26,3,TEN,13690.0,13864.0
2016-12-26,4,TEN,13377.0,13556.0
2016-12-26,5,TEN,12781.0,13027.0
2016-12-26,6,TEN,12197.0,12369.0
2016-12-26,7,TEN,11750.0,11872.0
2016-12-26,8,TEN,11498.0,11584.0
2016-12-26,9,TEN,11329.0,11393.0
2016-12-26,10,TEN,11340.0,11398.0
2016-12-26,11,TEN,11426.0,11464.0
2016-12-26,12,TEN,11880.0,12207.0
2016-12-26,13,TEN,12435.0,12901.0
2016-12-26,14,TEN,12812.0,13208.0
2016-12-26,15,TEN,13426.0,13790.0
2016-12-26,16,TEN,13846.0,14250.0
2016-12-26,17,TEN,14452.0,14698.0
2016-12-26,18,TEN,14708.0,15018.0
2016-12-26,19,TEN,14606.0,14967.0
2016-12-26,20,TEN,14588.0,14971.0
2016-12-26,21,TEN,14534.0,14916.0
2016-12-26,22,TEN,14627.0,14996.0
2016-12-26,23,TEN,15185.0,15733.0
2016-12-27,0,TEN,16213.0,16733.0
2016-12-27,1,TEN,16162.0,16661.0
2016-12-27,2,TEN,15942.0,16261.0
2016-12-27,3,TEN,15379.0,15766.0
2016-12-27,4,TEN,14770.0,15002.0
2016-12-27,5,TEN,13987.0,14203.0
2016-12-27,6,TEN,13152.0,13365.0
2016-12-27,7,TEN,12414.0,12613.0
2016-12-27,8,TEN,12024.0,12242.0
2016-12-27,9,TEN,11779.0,11978.0
2016-12-27,10,TEN,11727.0,11936.0
2016-12-27,11,TEN,11952.0,12164.0
2016-12-27,12,TEN,12774.0,13185.0
2016-12-27,13,TEN,13781.0,14292.0
2016-12-27,14,TEN,14403.0,14877.0
2016-12-27,15,TEN,14847.0,15386.0
2016-12-27,16,TEN,15178.0,15622.0
2016-12-27,17,TEN,15725.0,15984.0
2016-12-27,18,TEN,15791.0,16017.0
2016-12-27,19,TEN,15626.0,15909.0
2016-12-27,20,TEN,15395.0,15711.0
2016-12-27,21,TEN,15326.0,15820.0
2016-12-27,22,TEN,15435.0,16190.0
2016-12-27,23,TEN,15990.0,16725.0
2016-12-28,0,TEN,17304.0,18146.0
2016-12-28,1,TEN,17478.0,18203.0
2016-12-28,2,TEN,17429.0,18122.0
2016-12-28,3,TEN,17337.0,17856.0
2016-12-28,4,TEN,16899.0,17320.0
2016-12-28,5,TEN,16224.0,16643.0
2016-12-28,6,TEN,15668.0,15937.0
2016-12-28,7,TEN,15507.0,15803.0
2016-12-28,8,TEN,15535.0,15821.0
2016-12-28,9,TEN,15783.0,16070.0
2016-12-28,10,TEN,16081.0,16457.0
2016-12-28,11,TEN,16689.0,17152.0
2016-12-28,12,TEN,17665.0,18335.0
2016-12-28,13,TEN,19034.0,19471.0
2016-12-28,14,TEN,19557.0,20233.0
2016-12-28,15,TEN,19096.0,19705.0
2016-12-28,16,TEN,18175.0,18733.0
2016-12-28,17,TEN,17447.0,17989.0
2016-12-28,18,TEN,16818.0,17329.0
2016-12-28,19,TEN,16221.0,16729.0
2016-12-28,20,TEN,15832.0,16371.0
2016-12-28,21,TEN,15725.0,16400.0
2016-12-28,22,TEN,15859.0,16580.0
2016-12-28,23,TEN,16790.0,17735.0
2016-12-29,0,TEN,17696.0,18660.0
2016-12-29,1,TEN,17446.0,18370.0
2016-12-29,2,TEN,17170.0,18072.0
2016-12-29,3,TEN,16868.0,17352.0
2016-12-29,4,TEN,16177.0,16389.0
2016-12-29,5,TEN,15177.0,15552.0
2016-12-29,6,TEN,14294.0,14670.0
2016-12-29,7,TEN,13846.0,14087.0
2016-12-29,8,TEN,13558.0,13810.0
2016-12-29,9,TEN,13349.0,13623.0
2016-12-29,10,TEN,13397.0,13681.0
2016-12-29,11,TEN,13923.0,14196.0
2016-12-29,12,TEN,14903.0,15572.0
2016-12-29,13,TEN,16190.0,17068.0
2016-12-29,14,TEN,16788.0,17656.0
2016-12-29,15,TEN,16967.0,17822.0
2016-12-29,16,TEN,16813.0,17594.0
2016-12-29,17,TEN,16869.0,17385.0
2016-12-29,18,TEN,16762.0,17271.0
2016-12-29,19,TEN,16548.0,17101.0
2016-12-29,20,TEN,16357.0,16945.0
2016-12-29,21,TEN,16184.0,16940.0
2016-12-29,22,TEN,16443.0,17228.0
2016-12-29,23,TEN,17427.0,18262.0
2016-12-30,0,TEN,19160.0,20049.0
2016-12-30,1,TEN,19411.0,20393.0
2016-12-30,2,TEN,19416.0,20367.0
2016-12-30,3,TEN,19181.0,19958.0
2016-12-30,4,TEN,18796.0,19221.0
2016-12-30,5,TEN,18051.0,18500.0
2016-12-30,6,TEN,17393.0,17787.0
2016-12-30,7,TEN,16962.0,17323.0
2016-12-30,8,TEN,16871.0,17246.0
2016-12-30,9,TEN,16928.0,17270.0
2016-12-30,10,TEN,17103.0,17649.0
2016-12-30,11,TEN,17617.0,18177.0
2016-12-30,12,TEN,18706.0,19714.0
2016-12-30,13,TEN,19634.0,20482.0
2016-12-30,14,TEN,20057.0,20876.0
2016-12-30,15,TEN,19701.0,20531.0
2016-12-30,16,TEN,19095.0,19964.0
2016-12-30,17,TEN,18569.0,19410.0
2016-12-30,18,TEN,17994.0,18739.0
2016-12-30,19,TEN,17344.0,18148.0
2016-12-30,20,TEN,16786.0,17625.0
2016-12-30,21,TEN,16348.0,17258.0
2016-12-30,22,TEN,16467.0,17692.0
2016-12-30,23,TEN,17404.0,18838.0
2016-12-31,0,TEN,19030.0,20277.0
2016-12-31,1,TEN,19475.0,20860.0
2016-12-31,2,TEN,19641.0,20782.0
2016-12-31,3,TEN,19694.0,20478.0
2016-12-31,4,TEN,19461.0,20118.0
2016-12-31,5,TEN,18956.0,19600.0
2016-12-31,6,TEN,18409.0,18955.0
2016-12-31,7,TEN,18037.0,18366.0
2016-12-31,8,TEN,17836.0,18170.0
2016-12-31,9,TEN,17639.0,17972.0
2016-12-31,10,TEN,17486.0,17845.0
2016-12-31,11,TEN,17533.0,17898.0
2016-12-31,12,TEN,17741.0,18312.0
2016-12-31,13,TEN,18060.0,18830.0
2016-12-31,14,TEN,18421.0,19138.0
2016-12-31,15,TEN,18802.0,19547.0
2016-12-31,16,TEN,19007.0,19613.0
2016-12-31,17,TEN,18944.0,19414.0
2016-12-31,18,TEN,18855.0,19382.0
2016-12-31,19,TEN,18673.0,19213.0
2016-12-31,20,TEN,18408.0,19024.0
2016-12-31,21,TEN,18052.0,18643.0
2016-12-31,22,TEN,18122.0,18928.0
2016-12-31,23,TEN,18706.0,19461.0
2017-01-01,0,TEN,19146.0,19883.0
2017-01-01,1,TEN,18645.0,19423.0
2017-01-01,2,TEN,18095.0,18866.0
2017-01-01,3,TEN,17498.0,18181.0
2017-01-01,4,TEN,16904.0,17488.0
2017-01-01,5,TEN,16159.0,16730.0
2017-01-01,6,TEN,15587.0,16020.0
2017-01-01,7,TEN,15021.0,15268.0
2017-01-01,8,TEN,14720.0,15022.0
2017-01-01,9,TEN,14443.0,14673.0
2017-01-01,10,TEN,14319.0,14606.0
2017-01-01,11,TEN,14262.0,14612.0
2017-01-01,12,TEN,14518.0,14982.0
2017-01-01,13,TEN,14946.0,15430.0
2017-01-01,14,TEN,15402.0,15913.0
2017-01-01,15,TEN,15834.0,16495.0
2017-01-01,16,TEN,16008.0,16652.0
2017-01-01,17,TEN,15729.0,16180.0
2017-01-01,18,TEN,15761.0,16202.0
2017-01-01,19,TEN,15792.0,16217.0
2017-01-01,20,TEN,15692.0,16138.0
2017-01-01,21,TEN,15533.0,16088.0
2017-01-01,22,TEN,15561.0,16272.0
2017-01-01,23,TEN,16210.0,16897.0
2017-01-02,0,TEN,16762.0,17412.0
2017-01-02,1,TEN,16567.0,17260.0
2017-01-02,2,TEN,16253.0,16979.0
2017-01-02,3,TEN,15816.0,16361.0
2017-01-02,4,TEN,15216.0,15597.0
2017-01-02,5,TEN,14427.0,14766.0
2017-01-02,6,TEN,13815.0,14078.0
2017-01-02,7,TEN,13273.0,13510.0
2017-01-02,8,TEN,12930.0,13178.0
2017-01-02,9,TEN,12769.0,13036.0
2017-01-02,10,TEN,12669.0,12915.0
2017-01-02,11,TEN,12744.0,12997.0
2017-01-02,12,TEN,13349.0,13510.0
2017-01-02,13,TEN,13960.0,14414.0
2017-01-02,14,TEN,14364.0,14852.0
2017-01-02,15,TEN,14857.0,15425.0
2017-01-02,16,TEN,15406.0,16036.0
2017-01-02,17,TEN,15647.0,16175.0
2017-01-02,18,TEN,15637.0,16174.0
2017-01-02,19,TEN,15585.0,16126.0
2017-01-02,20,TEN,15420.0,16009.0
2017-01-02,21,TEN,15318.0,15873.0
2017-01-02,22,TEN,15435.0,16090.0
2017-01-02,23,TEN,16196.0,16793.0
2017-01-03,0,TEN,16999.0,17496.0
2017-01-03,1,TEN,16948.0,17490.0
2017-01-03,2,TEN,16558.0,17191.0
2017-01-03,3,TEN,16105.0,16625.0
2017-01-03,4,TEN,15271.0,15594.0
2017-01-03,5,TEN,14477.0,14714.0
2017-01-03,6,TEN,13677.0,13943.0
2017-01-03,7,TEN,13114.0,13521.0
2017-01-03,8,TEN,12815.0,13087.0
2017-01-03,9,TEN,12689.0,12953.0
2017-01-03,10,TEN,12701.0,13050.0
2017-01-03,11,TEN,12986.0,13358.0
2017-01-03,12,TEN,14077.0,14769.0
2017-01-03,13,TEN,15454.0,16362.0
2017-01-03,14,TEN,15783.0,16659.0
2017-01-03,15,TEN,15897.0,16810.0
2017-01-03,16,TEN,16095.0,17022.0
2017-01-03,17,TEN,16352.0,17074.0
2017-01-03,18,TEN,16509.0,17297.0
2017-01-03,19,TEN,16517.0,17271.0
2017-01-03,20,TEN,16391.0,17152.0
2017-01-03,21,TEN,16069.0,16639.0
2017-01-03,22,TEN,16195.0,16909.0
2017-01-03,23,TEN,16721.0,17616.0
2017-01-04,0,TEN,17816.0,18680.0
2017-01-04,1,TEN,17885.0,18879.0
2017-01-04,2,TEN,17711.0,18634.0
2017-01-04,3,TEN,17348.0,18130.0
2017-01-04,4,TEN,16661.0,17141.0
2017-01-04,5,TEN,15781.0,16219.0
2017-01-04,6,TEN,15069.0,15400.0
2017-01-04,7,TEN,14659.0,14919.0
2017-01-04,8,TEN,14463.0,14827.0
2017-01-04,9,TEN,14459.0,14834.0
2017-01-04,10,TEN,14683.0,15147.0
2017-01-04,11,TEN,15351.0,15913.0
2017-01-04,12,TEN,16948.0,17938.0
2017-01-04,13,TEN,18865.0,19745.0
2017-01-04,14,TEN,19392.0,20318.0
2017-01-04,15,TEN,19565.0,20452.0
2017-01-04,16,TEN,19514.0,20487.0
2017-01-04,17,TEN,19361.0,20224.0
2017-01-04,18,TEN,19035.0,19668.0
2017-01-04,19,TEN,18671.0,19318.0
2017-01-04,20,TEN,18350.0,19094.0
2017-01-04,21,TEN,18250.0,19012.0
2017-01-04,22,TEN,18563.0,19506.0
2017-01-04,23,TEN,19829.0,20590.0
2017-01-05,0,TEN,21622.0,22237.0
2017-01-05,1,TEN,22081.0,22760.0
2017-01-05,2,TEN,22309.0,22872.0
2017-01-05,3,TEN,22131.0,22650.0
2017-01-05,4,TEN,21723.0,22218.0
2017-01-05,5,TEN,20934.0,21424.0
2017-01-05,6,TEN,20414.0,20830.0
2017-01-05,7,TEN,20266.0,20579.0
2017-01-05,8,TEN,20112.0,20271.0
2017-01-05,9,TEN,20102.0,20214.0
2017-01-05,10,TEN,20113.0,20142.0
2017-01-05,11,TEN,20522.0,20614.0
2017-01-05,12,TEN,21640.0,21815.0
2017-01-05,13,TEN,23042.0,23345.0
2017-01-05,14,TEN,22944.0,23399.0
2017-01-05,15,TEN,22716.0,23203.0
2017-01-05,16,TEN,22455.0,22941.0
2017-01-05,17,TEN,22402.0,22780.0
2017-01-05,18,TEN,22121.0,22428.0
2017-01-05,19,TEN,21920.0,22239.0
2017-01-05,20,TEN,21635.0,21957.0
2017-01-05,21,TEN,21545.0,21883.0
2017-01-05,22,TEN,21772.0,22121.0
2017-01-05,23,TEN,22639.0,23037.0
2017-01-06,0,TEN,23561.0,23944.0
2017-01-06,1,TEN,23640.0,23769.0
2017-01-06,2,TEN,23555.0,23604.0
2017-01-06,3,TEN,23150.0,23005.0
2017-01-06,4,TEN,22512.0,22324.0
2017-01-06,5,TEN,21650.0,21669.0
2017-01-06,6,TEN,21089.0,21173.0
2017-01-06,7,TEN,20754.0,20720.0
2017-01-06,8,TEN,20830.0,20747.0
2017-01-06,9,TEN,20964.0,20911.0
2017-01-06,10,TEN,21228.0,21232.0
2017-01-06,11,TEN,21944.0,21995.0
2017-01-06,12,TEN,23371.0,23523.0
2017-01-06,13,TEN,24778.0,24762.0
2017-01-06,14,TEN,25187.0,25185.0
2017-01-06,15,TEN,25662.0,25637.0
2017-01-06,16,TEN,25784.0,25657.0
2017-01-06,17,TEN,25793.0,25546.0
2017-01-06,18,TEN,25626.0,25255.0
2017-01-06,19,TEN,25467.0,25290.0
2017-01-06,20,TEN,25175.0,25178.0
2017-01-06,21,TEN,24998.0,25029.0
2017-01-06,22,TEN,25233.0,25027.0
2017-01-06,23,TEN,25894.0,26049.0
2017-01-07,0,TEN,26860.0,26882.0
2017-01-07,1,TEN,26786.0,26823.0
2017-01-07,2,TEN,26572.0,26619.0
2017-01-07,3,TEN,26272.0,26202.0
2017-01-07,4,TEN,25885.0,25864.0
2017-01-07,5,TEN,25295.0,25230.0
2017-01-07,6,TEN,24791.0,24400.0
2017-01-07,7,TEN,24660.0,24082.0
2017-01-07,8,TEN,24708.0,23860.0
2017-01-07,9,TEN,24768.0,23961.0
2017-01-07,10,TEN,25074.0,24277.0
2017-01-07,11,TEN,25710.0,25317.0
2017-01-07,12,TEN,26365.0,26264.0
2017-01-07,13,TEN,27165.0,27142.0
2017-01-07,14,TEN,27563.0,27624.0
2017-01-07,15,TEN,27575.0,27801.0
2017-01-07,16,TEN,27183.0,27497.0
2017-01-07,17,TEN,26317.0,26806.0
2017-01-07,18,TEN,25546.0,25760.0
2017-01-07,19,TEN,24477.0,24560.0
2017-01-07,20,TEN,23785.0,23958.0
2017-01-07,21,TEN,23381.0,23505.0
2017-01-07,22,TEN,23566.0,23762.0
2017-01-07,23,TEN,24844.0,25018.0
2017-01-08,0,TEN,26739.0,26788.0
2017-01-08,1,TEN,27030.0,27323.0
2017-01-08,2,TEN,27262.0,27209.0
2017-01-08,3,TEN,27324.0,27102.0
2017-01-08,4,TEN,27007.0,26534.0
2017-01-08,5,TEN,26784.0,26174.0
2017-01-08,6,TEN,26530.0,25752.0
2017-01-08,7,TEN,26538.0,25599.0
2017-01-08,8,TEN,26577.0,25735.0
2017-01-08,9,TEN,26803.0,26218.0
2017-01-08,10,TEN,26910.0,26317.0
2017-01-08,11,TEN,27359.0,26851.0
2017-01-08,12,TEN,28060.0,27685.0
2017-01-08,13,TEN,28516.0,28190.0
2017-01-08,14,TEN,28863.0,28486.0
2017-01-08,15,TEN,28267.0,28057.0
2017-01-08,16,TEN,26711.0,26445.0
2017-01-08,17,TEN,25129.0,24966.0
2017-01-08,18,TEN,24160.0,23934.0
2017-01-08,19,TEN,23376.0,23368.0
2017-01-08,20,TEN,22846.0,22932.0
2017-01-08,21,TEN,22492.0,22723.0
2017-01-08,22,TEN,22873.0,23179.0
2017-01-08,23,TEN,23870.0,23878.0
2017-01-09,0,TEN,25313.0,25343.0
2017-01-09,1,TEN,25586.0,25948.0
2017-01-09,2,TEN,25447.0,25791.0
2017-01-09,3,TEN,25156.0,25156.0
2017-01-09,4,TEN,24553.0,24663.0
2017-01-09,5,TEN,23903.0,24018.0
2017-01-09,6,TEN,23383.0,23576.0
2017-01-09,7,TEN,23020.0,23396.0
2017-01-09,8,TEN,22887.0,23277.0
2017-01-09,9,TEN,22903.0,23345.0
2017-01-09,10,TEN,23051.0,23541.0
2017-01-09,11,TEN,23677.0,23987.0
2017-01-09,12,TEN,24972.0,25543.0
2017-01-09,13,TEN,26502.0,27035.0
2017-01-09,14,TEN,26546.0,27069.0
2017-01-09,15,TEN,25523.0,26112.0
2017-01-09,16,TEN,24173.0,24743.0
2017-01-09,17,TEN,22986.0,23390.0
2017-01-09,18,TEN,22001.0,22461.0
2017-01-09,19,TEN,21363.0,21838.0
2017-01-09,20,TEN,20691.0,21275.0
2017-01-09,21,TEN,20471.0,21035.0
2017-01-09,22,TEN,20682.0,21403.0
2017-01-09,23,TEN,21704.0,22394.0
2017-01-10,0,TEN,23108.0,23766.0
2017-01-10,1,TEN,23124.0,23898.0
2017-01-10,2,TEN,22859.0,23608.0
2017-01-10,3,TEN,22135.0,22645.0
2017-01-10,4,TEN,21355.0,21853.0
2017-01-10,5,TEN,20223.0,20659.0
2017-01-10,6,TEN,19197.0,19783.0
2017-01-10,7,TEN,18700.0,19446.0
2017-01-10,8,TEN,18488.0,19255.0
2017-01-10,9,TEN,18236.0,18818.0
2017-01-10,10,TEN,18254.0,19015.0
2017-01-10,11,TEN,18551.0,19356.0
2017-01-10,12,TEN,19673.0,20687.0
2017-01-10,13,TEN,21080.0,21961.0
2017-01-10,14,TEN,20920.0,21877.0
2017-01-10,15,TEN,20711.0,21680.0
2017-01-10,16,TEN,20466.0,21303.0
2017-01-10,17,TEN,20352.0,21055.0
2017-01-10,18,TEN,20025.0,20533.0
2017-01-10,19,TEN,19615.0,20188.0
2017-01-10,20,TEN,19172.0,19759.0
2017-01-10,21,TEN,18804.0,19403.0
2017-01-10,22,TEN,18817.0,19509.0
2017-01-10,23,TEN,19379.0,19913.0
2017-01-11,0,TEN,20101.0,20726.0
2017-01-11,1,TEN,19942.0,20653.0
2017-01-11,2,TEN,19495.0,20184.0
2017-01-11,3,TEN,18709.0,19190.0
2017-01-11,4,TEN,17777.0,18188.0
2017-01-11,5,TEN,16537.0,16998.0
2017-01-11,6,TEN,15619.0,16215.0
2017-01-11,7,TEN,14964.0,15686.0
2017-01-11,8,TEN,14642.0,15326.0
2017-01-11,9,TEN,14460.0,15242.0
2017-01-11,10,TEN,14490.0,15346.0
2017-01-11,11,TEN,14781.0,15650.0
2017-01-11,12,TEN,16085.0,17065.0
2017-01-11,13,TEN,17401.0,18061.0
2017-01-11,14,TEN,17420.0,18183.0
2017-01-11,15,TEN,17239.0,17794.0
2017-01-11,16,TEN,17215.0,17674.0
2017-01-11,17,TEN,17332.0,17785.0
2017-01-11,18,TEN,17159.0,17658.0
2017-01-11,19,TEN,16956.0,17421.0
2017-01-11,20,TEN,16701.0,17282.0
2017-01-11,21,TEN,16553.0,17132.0
2017-01-11,22,TEN,16590.0,17382.0
2017-01-11,23,TEN,17068.0,17963.0
2017-01-12,0,TEN,18031.0,18962.0
2017-01-12,1,TEN,18021.0,18783.0
2017-01-12,2,TEN,17729.0,18458.0
2017-01-12,3,TEN,17226.0,17563.0
2017-01-12,4,TEN,16449.0,16937.0
2017-01-12,5,TEN,15354.0,15970.0
2017-01-12,6,TEN,14392.0,15035.0
2017-01-12,7,TEN,13733.0,14301.0
2017-01-12,8,TEN,13314.0,13907.0
2017-01-12,9,TEN,13142.0,13748.0
2017-01-12,10,TEN,13172.0,13794.0
2017-01-12,11,TEN,13416.0,14078.0
2017-01-12,12,TEN,14766.0,15577.0
2017-01-12,13,TEN,16213.0,17010.0
2017-01-12,14,TEN,16185.0,16913.0
2017-01-12,15,TEN,16225.0,16990.0
2017-01-12,16,TEN,16227.0,16758.0
2017-01-12,17,TEN,16361.0,16845.0
2017-01-12,18,TEN,16468.0,16967.0
2017-01-12,19,TEN,16338.0,16936.0
2017-01-12,20,TEN,16223.0,16778.0
2017-01-12,21,TEN,15983.0,16493.0
2017-01-12,22,TEN,16118.0,16520.0
2017-01-12,23,TEN,16469.0,17323.0
2017-01-13,0,TEN,17499.0,18346.0
2017-01-13,1,TEN,17580.0,18473.0
2017-01-13,2,TEN,17345.0,18094.0
2017-01-13,3,TEN,16967.0,17492.0
2017-01-13,4,TEN,16106.0,16613.0
2017-01-13,5,TEN,15031.0,15426.0
2017-01-13,6,TEN,14156.0,14545.0
2017-01-13,7,TEN,13558.0,13970.0
2017-01-13,8,TEN,13384.0,13742.0
2017-01-13,9,TEN,13239.0,13427.0
2017-01-13,10,TEN,13254.0,13596.0
2017-01-13,11,TEN,13706.0,14054.0
2017-01-13,12,TEN,15183.0,15801.0
2017-01-13,13,TEN,16711.0,17139.0
2017-01-13,14,TEN,16998.0,17530.0
2017-01-13,15,TEN,17010.0,17762.0
2017-01-13,16,TEN,17157.0,17797.0
2017-01-13,17,TEN,17292.0,17880.0
2017-01-13,18,TEN,17398.0,17927.0
2017-01-13,19,TEN,17223.0,17747.0
2017-01-13,20,TEN,16998.0,17487.0
2017-01-13,21,TEN,16763.0,16918.0
2017-01-13,22,TEN,16667.0,17009.0
2017-01-13,23,TEN,17070.0,17578.0
2017-01-14,0,TEN,17963.0,18543.0
2017-01-14,1,TEN,17711.0,18232.0
2017-01-14,2,TEN,17283.0,17785.0
2017-01-14,3,TEN,17081.0,17704.0
2017-01-14,4,TEN,16459.0,16891.0
2017-01-14,5,TEN,15597.0,15956.0
2017-01-14,6,TEN,15044.0,15156.0
2017-01-14,7,TEN,14183.0,14533.0
2017-01-14,8,TEN,13828.0,14216.0
2017-01-14,9,TEN,13569.0,14036.0
2017-01-14,10,TEN,13521.0,14002.0
2017-01-14,11,TEN,13671.0,14133.0
2017-01-14,12,TEN,14036.0,14487.0
2017-01-14,13,TEN,14836.0,15515.0
2017-01-14,14,TEN,15348.0,16016.0
2017-01-14,15,TEN,15843.0,16487.0
2017-01-14,16,TEN,16160.0,16762.0
2017-01-14,17,TEN,16108.0,16778.0
2017-01-14,18,TEN,15923.0,16575.0
2017-01-14,19,TEN,15579.0,16203.0
2017-01-14,20,TEN,15496.0,16087.0
2017-01-14,21,TEN,15372.0,16015.0
2017-01-14,22,TEN,15407.0,16050.0
2017-01-14,23,TEN,15726.0,16226.0
2017-01-15,0,TEN,16571.0,17291.0
2017-01-15,1,TEN,16464.0,17249.0
2017-01-15,2,TEN,16199.0,17000.0
2017-01-15,3,TEN,15779.0,16385.0
2017-01-15,4,TEN,15247.0,15633.0
2017-01-15,5,TEN,14494.0,14638.0
2017-01-15,6,TEN,13719.0,13844.0
2017-01-15,7,TEN,13217.0,13349.0
2017-01-15,8,TEN,12928.0,13070.0
2017-01-15,9,TEN,12918.0,13049.0
2017-01-15,10,TEN,12918.0,13041.0
2017-01-15,11,TEN,13126.0,13073.0
2017-01-15,12,TEN,13499.0,13323.0
2017-01-15,13,TEN,14044.0,14003.0
2017-01-15,14,TEN,14777.0,14609.0
2017-01-15,15,TEN,15529.0,15376.0
2017-01-15,16,TEN,15605.0,15388.0
2017-01-15,17,TEN,15344.0,15242.0
2017-01-15,18,TEN,15069.0,15270.0
2017-01-15,19,TEN,15094.0,15440.0
2017-01-15,20,TEN,14991.0,15165.0
2017-01-15,21,TEN,14706.0,14929.0
2017-01-15,22,TEN,14749.0,15142.0
2017-01-15,23,TEN,15189.0,15636.0
2017-01-16,0,TEN,16350.0,16822.0
2017-01-16,1,TEN,16438.0,16912.0
2017-01-16,2,TEN,16139.0,16603.0
2017-01-16,3,TEN,15834.0,16198.0
2017-01-16,4,TEN,15153.0,15589.0
2017-01-16,5,TEN,14553.0,15138.0
2017-01-16,6,TEN,13733.0,14226.0
2017-01-16,7,TEN,13370.0,13896.0
2017-01-16,8,TEN,13239.0,13812.0
2017-01-16,9,TEN,13144.0,13726.0
2017-01-16,10,TEN,13175.0,13763.0
2017-01-16,11,TEN,13602.0,14183.0
2017-01-16,12,TEN,14569.0,15368.0
2017-01-16,13,TEN,15561.0,16405.0
2017-01-16,14,TEN,16105.0,16848.0
2017-01-16,15,TEN,16387.0,17232.0
2017-01-16,16,TEN,16616.0,17407.0
2017-01-16,17,TEN,16811.0,17628.0
2017-01-16,18,TEN,16656.0,17451.0
2017-01-16,19,TEN,16522.0,17022.0
2017-01-16,20,TEN,16115.0,16643.0
2017-01-16,21,TEN,16060.0,16666.0
2017-01-16,22,TEN,16191.0,16904.0
2017-01-16,23,TEN,16517.0,17373.0
2017-01-17,0,TEN,17660.0,18573.0
2017-01-17,1,TEN,17814.0,18802.0
2017-01-17,2,TEN,17461.0,18435.0
2017-01-17,3,TEN,16879.0,17569.0
2017-01-17,4,TEN,16119.0,16684.0
2017-01-17,5,TEN,14932.0,15461.0
2017-01-17,6,TEN,14009.0,14604.0
2017-01-17,7,TEN,13378.0,13974.0
2017-01-17,8,TEN,13091.0,13678.0
2017-01-17,9,TEN,12995.0,13596.0
2017-01-17,10,TEN,12917.0,13531.0
2017-01-17,11,TEN,13324.0,13994.0
2017-01-17,12,TEN,14658.0,15337.0
2017-01-17,13,TEN,16099.0,16771.0
2017-01-17,14,TEN,16214.0,16803.0
2017-01-17,15,TEN,16112.0,16708.0
2017-01-17,16,TEN,16202.0,17060.0
2017-01-17,17,TEN,16442.0,17192.0
2017-01-17,18,TEN,16581.0,17155.0
2017-01-17,19,TEN,16487.0,17094.0
2017-01-17,20,TEN,16206.0,16774.0
2017-01-17,21,TEN,16211.0,16799.0
2017-01-17,22,TEN,16424.0,17085.0
2017-01-17,23,TEN,16994.0,17934.0
2017-01-18,0,TEN,17927.0,18711.0
2017-01-18,1,TEN,17919.0,18746.0
2017-01-18,2,TEN,17738.0,18504.0
2017-01-18,3,TEN,17090.0,17656.0
2017-01-18,4,TEN,16360.0,16938.0
2017-01-18,5,TEN,15277.0,15953.0
2017-01-18,6,TEN,14392.0,15017.0
2017-01-18,7,TEN,13931.0,14584.0
2017-01-18,8,TEN,13615.0,14233.0
2017-01-18,9,TEN,13549.0,14110.0
2017-01-18,10,TEN,13603.0,14208.0
2017-01-18,11,TEN,14066.0,14730.0
2017-01-18,12,TEN,15481.0,16325.0
2017-01-18,13,TEN,17040.0,17724.0
2017-01-18,14,TEN,17303.0,17926.0
2017-01-18,15,TEN,17119.0,17608.0
2017-01-18,16,TEN,16989.0,17469.0
2017-01-18,17,TEN,17141.0,17598.0
2017-01-18,18,TEN,17019.0,17447.0
2017-01-18,19,TEN,16884.0,17321.0
2017-01-18,20,TEN,16611.0,17084.0
2017-01-18,21,TEN,16468.0,17046.0
2017-01-18,22,TEN,16621.0,17216.0
2017-01-18,23,TEN,17178.0,17796.0
2017-01-19,0,TEN,18488.0,19107.0
2017-01-19,1,TEN,18726.0,19383.0
2017-01-19,2,TEN,18397.0,19080.0
2017-01-19,3,TEN,18090.0,18547.0
2017-01-19,4,TEN,17270.0,17701.0
2017-01-19,5,TEN,16251.0,16734.0
2017-01-19,6,TEN,15439.0,15983.0
2017-01-19,7,TEN,14892.0,15461.0
2017-01-19,8,TEN,14739.0,15357.0
2017-01-19,9,TEN,14525.0,15127.0
2017-01-19,10,TEN,14513.0,15150.0
2017-01-19,11,TEN,14963.0,15709.0
2017-01-19,12,TEN,16351.0,17073.0
2017-01-19,13,TEN,17742.0,18472.0
2017-01-19,14,TEN,17800.0,18506.0
2017-01-19,15,TEN,17460.0,18068.0
2017-01-19,16,TEN,17333.0,17898.0
2017-01-19,17,TEN,17358.0,17809.0
2017-01-19,18,TEN,17167.0,17616.0
2017-01-19,19,TEN,17078.0,17482.0
2017-01-19,20,TEN,16998.0,17408.0
2017-01-19,21,TEN,16752.0,17234.0
2017-01-19,22,TEN,16933.0,17504.0
2017-01-19,23,TEN,17318.0,18010.0
2017-01-20,0,TEN,18079.0,18706.0
2017-01-20,1,TEN,18072.0,18691.0
2017-01-20,2,TEN,17882.0,18585.0
2017-01-20,3,TEN,17365.0,17863.0
2017-01-20,4,TEN,16446.0,17108.0
2017-01-20,5,TEN,15370.0,15971.0
2017-01-20,6,TEN,14471.0,15085.0
2017-01-20,7,TEN,13872.0,14463.0
2017-01-20,8,TEN,13582.0,14118.0
2017-01-20,9,TEN,13463.0,14019.0
2017-01-20,10,TEN,13502.0,14066.0
2017-01-20,11,TEN,13826.0,14369.0
2017-01-20,12,TEN,15121.0,15617.0
2017-01-20,13,TEN,16496.0,17063.0
2017-01-20,14,TEN,16522.0,17166.0
2017-01-20,15,TEN,16499.0,17220.0
2017-01-20,16,TEN,16358.0,16959.0
2017-01-20,17,TEN,16361.0,16985.0
2017-01-20,18,TEN,16130.0,16636.0
2017-01-20,19,TEN,16160.0,16612.0
2017-01-20,20,TEN,16065.0,16530.0
2017-01-20,21,TEN,15751.0,16267.0
2017-01-20,22,TEN,15607.0,16326.0
2017-01-20,23,TEN,15789.0,16506.0
2017-01-21,0,TEN,16591.0,17287.0
2017-01-21,1,TEN,16713.0,17355.0
2017-01-21,2,TEN,16314.0,17214.0
2017-01-21,3,TEN,16048.0,16635.0
2017-01-21,4,TEN,15548.0,16207.0
2017-01-21,5,TEN,14794.0,15347.0
2017-01-21,6,TEN,13992.0,14624.0
2017-01-21,7,TEN,13314.0,13930.0
2017-01-21,8,TEN,12962.0,13506.0
2017-01-21,9,TEN,12843.0,13369.0
2017-01-21,10,TEN,12873.0,13453.0
2017-01-21,11,TEN,13053.0,13608.0
2017-01-21,12,TEN,13515.0,14141.0
2017-01-21,13,TEN,14147.0,14874.0
2017-01-21,14,TEN,14687.0,15466.0
2017-01-21,15,TEN,15278.0,16002.0
2017-01-21,16,TEN,15765.0,16417.0
2017-01-21,17,TEN,15811.0,16435.0
2017-01-21,18,TEN,15757.0,16399.0
2017-01-21,19,TEN,15401.0,16066.0
2017-01-21,20,TEN,15159.0,15759.0
2017-01-21,21,TEN,14893.0,15493.0
2017-01-21,22,TEN,14793.0,15494.0
2017-01-21,23,TEN,15033.0,15810.0
2017-01-22,0,TEN,16014.0,16960.0
2017-01-22,1,TEN,15964.0,16870.0
2017-01-22,2,TEN,15684.0,16285.0
2017-01-22,3,TEN,15296.0,15938.0
2017-01-22,4,TEN,14767.0,15310.0
2017-01-22,5,TEN,14063.0,14585.0
2017-01-22,6,TEN,13409.0,13947.0
2017-01-22,7,TEN,12829.0,13353.0
2017-01-22,8,TEN,12644.0,13110.0
2017-01-22,9,TEN,12470.0,12943.0
2017-01-22,10,TEN,12471.0,12941.0
2017-01-22,11,TEN,12580.0,13000.0
2017-01-22,12,TEN,12882.0,13437.0
2017-01-22,13,TEN,13383.0,14006.0
2017-01-22,14,TEN,14028.0,14618.0
2017-01-22,15,TEN,14623.0,15163.0
2017-01-22,16,TEN,14673.0,15237.0
2017-01-22,17,TEN,14716.0,15228.0
2017-01-22,18,TEN,14603.0,15199.0
2017-01-22,19,TEN,14580.0,15232.0
2017-01-22,20,TEN,14642.0,15265.0
2017-01-22,21,TEN,14788.0,15338.0
2017-01-22,22,TEN,14901.0,15462.0
2017-01-22,23,TEN,15614.0,16337.0
2017-01-23,0,TEN,16560.0,17338.0
2017-01-23,1,TEN,16629.0,17277.0
2017-01-23,2,TEN,16285.0,16852.0
2017-01-23,3,TEN,15787.0,16311.0
2017-01-23,4,TEN,15106.0,15796.0
2017-01-23,5,TEN,14291.0,14790.0
2017-01-23,6,TEN,13741.0,14576.0
2017-01-23,7,TEN,13275.0,14146.0
2017-01-23,8,TEN,13096.0,14017.0
2017-01-23,9,TEN,13148.0,14049.0
2017-01-23,10,TEN,13273.0,14222.0
2017-01-23,11,TEN,13767.0,14569.0
2017-01-23,12,TEN,15416.0,15998.0
2017-01-23,13,TEN,17181.0,17885.0
2017-01-23,14,TEN,17528.0,18360.0
2017-01-23,15,TEN,17571.0,18459.0
2017-01-23,16,TEN,17580.0,18369.0
2017-01-23,17,TEN,17764.0,18478.0
2017-01-23,18,TEN,17642.0,18309.0
2017-01-23,19,TEN,17666.0,18364.0
2017-01-23,20,TEN,17449.0,18102.0
2017-01-23,21,TEN,17363.0,18029.0
2017-01-23,22,TEN,17496.0,18274.0
2017-01-23,23,TEN,18121.0,18914.0
2017-01-24,0,TEN,19238.0,20109.0
2017-01-24,1,TEN,19640.0,20471.0
2017-01-24,2,TEN,19443.0,20290.0
2017-01-24,3,TEN,18946.0,19651.0
2017-01-24,4,TEN,18173.0,18829.0
2017-01-24,5,TEN,16942.0,17615.0
2017-01-24,6,TEN,16186.0,16786.0
2017-01-24,7,TEN,15795.0,16475.0
2017-01-24,8,TEN,15719.0,16438.0
2017-01-24,9,TEN,15721.0,16437.0
2017-01-24,10,TEN,15832.0,16715.0
2017-01-24,11,TEN,16491.0,17354.0
2017-01-24,12,TEN,18091.0,19002.0
2017-01-24,13,TEN,19725.0,20439.0
2017-01-24,14,TEN,19741.0,20581.0
2017-01-24,15,TEN,19383.0,20346.0
2017-01-24,16,TEN,18958.0,19783.0
2017-01-24,17,TEN,18522.0,19345.0
2017-01-24,18,TEN,17918.0,18725.0
2017-01-24,19,TEN,17359.0,18180.0
2017-01-24,20,TEN,16964.0,17738.0
2017-01-24,21,TEN,16632.0,17422.0
2017-01-24,22,TEN,16609.0,17443.0
2017-01-24,23,TEN,16878.0,17919.0
2017-01-25,0,TEN,18243.0,19194.0
2017-01-25,1,TEN,19015.0,19796.0
2017-01-25,2,TEN,19153.0,19947.0
2017-01-25,3,TEN,18906.0,19738.0
2017-01-25,4,TEN,18195.0,19062.0
2017-01-25,5,TEN,17268.0,18201.0
2017-01-25,6,TEN,16588.0,17287.0
2017-01-25,7,TEN,16261.0,16874.0
2017-01-25,8,TEN,16154.0,16797.0
2017-01-25,9,TEN,16103.0,16733.0
2017-01-25,10,TEN,16319.0,17060.0
2017-01-25,11,TEN,16860.0,17783.0
2017-01-25,12,TEN,18211.0,19218.0
2017-01-25,13,TEN,19594.0,20555.0
2017-01-25,14,TEN,19330.0,20404.0
2017-01-25,15,TEN,18592.0,19602.0
2017-01-25,16,TEN,17923.0,18875.0
2017-01-25,17,TEN,17588.0,18323.0
2017-01-25,18,TEN,17274.0,18101.0
2017-01-25,19,TEN,16943.0,17732.0
2017-01-25,20,TEN,16707.0,17513.0
2017-01-25,21,TEN,16426.0,17302.0
2017-01-25,22,TEN,16383.0,17176.0
2017-01-25,23,TEN,16793.0,17726.0
2017-01-26,0,TEN,17657.0,18694.0
2017-01-26,1,TEN,17925.0,18969.0
2017-01-26,2,TEN,17616.0,18628.0
2017-01-26,3,TEN,17201.0,18051.0
2017-01-26,4,TEN,16229.0,17036.0
2017-01-26,5,TEN,15297.0,15970.0
2017-01-26,6,TEN,14558.0,15233.0
2017-01-26,7,TEN,14054.0,14603.0
2017-01-26,8,TEN,14078.0,14565.0
2017-01-26,9,TEN,14248.0,14684.0
2017-01-26,10,TEN,14576.0,15170.0
2017-01-26,11,TEN,15151.0,15789.0
2017-01-26,12,TEN,16939.0,17758.0
2017-01-26,13,TEN,18847.0,19652.0
2017-01-26,14,TEN,18965.0,19692.0
2017-01-26,15,TEN,18628.0,19350.0
2017-01-26,16,TEN,18396.0,19067.0
2017-01-26,17,TEN,18315.0,18812.0
2017-01-26,18,TEN,18120.0,18739.0
2017-01-26,19,TEN,17910.0,18593.0
2017-01-26,20,TEN,17643.0,18287.0
2017-01-26,21,TEN,17460.0,18142.0
2017-01-26,22,TEN,17571.0,18318.0
2017-01-26,23,TEN,18354.0,19293.0
2017-01-27,0,TEN,19852.0,20745.0
2017-01-27,1,TEN,20537.0,21513.0
2017-01-27,2,TEN,20579.0,21279.0
2017-01-27,3,TEN,20301.0,20823.0
2017-01-27,4,TEN,19643.0,20136.0
2017-01-27,5,TEN,18672.0,19125.0
2017-01-27,6,TEN,17886.0,18423.0
2017-01-27,7,TEN,17661.0,18254.0
2017-01-27,8,TEN,17451.0,18072.0
2017-01-27,9,TEN,17567.0,18168.0
2017-01-27,10,TEN,17669.0,18371.0
2017-01-27,11,TEN,18287.0,18926.0
2017-01-27,12,TEN,19853.0,20519.0
2017-01-27,13,TEN,21439.0,22070.0
2017-01-27,14,TEN,21570.0,22146.0
2017-01-27,15,TEN,21365.0,21955.0
2017-01-27,16,TEN,21019.0,21626.0
2017-01-27,17,TEN,20522.0,21101.0
2017-01-27,18,TEN,20063.0,20630.0
2017-01-27,19,TEN,19646.0,20243.0
2017-01-27,20,TEN,19092.0,19693.0
2017-01-27,21,TEN,18861.0,19510.0
2017-01-27,22,TEN,18918.0,19572.0
2017-01-27,23,TEN,19432.0,20309.0
2017-01-28,0,TEN,20610.0,21423.0
2017-01-28,1,TEN,21065.0,21837.0
2017-01-28,2,TEN,20998.0,21791.0
2017-01-28,3,TEN,20648.0,21174.0
2017-01-28,4,TEN,20208.0,20777.0
2017-01-28,5,TEN,19528.0,20160.0
2017-01-28,6,TEN,18982.0,19736.0
2017-01-28,7,TEN,18672.0,19496.0
2017-01-28,8,TEN,18574.0,19452.0
2017-01-28,9,TEN,18701.0,19616.0
2017-01-28,10,TEN,18967.0,19843.0
2017-01-28,11,TEN,19456.0,20301.0
2017-01-28,12,TEN,20163.0,21058.0
2017-01-28,13,TEN,20865.0,21712.0
2017-01-28,14,TEN,21288.0,22196.0
2017-01-28,15,TEN,20752.0,21636.0
2017-01-28,16,TEN,19887.0,20744.0
2017-01-28,17,TEN,18967.0,19924.0
2017-01-28,18,TEN,18239.0,19148.0
2017-01-28,19,TEN,17331.0,18210.0
2017-01-28,20,TEN,16806.0,17683.0
2017-01-28,21,TEN,16430.0,17307.0
2017-01-28,22,TEN,16318.0,17310.0
2017-01-28,23,TEN,16859.0,17802.0
2017-01-29,0,TEN,18330.0,19104.0
2017-01-29,1,TEN,18899.0,19798.0
2017-01-29,2,TEN,18763.0,19663.0
2017-01-29,3,TEN,18571.0,19477.0
2017-01-29,4,TEN,18221.0,19046.0
2017-01-29,5,TEN,17583.0,18436.0
2017-01-29,6,TEN,16996.0,17865.0
2017-01-29,7,TEN,16615.0,17576.0
2017-01-29,8,TEN,16443.0,17335.0
2017-01-29,9,TEN,16406.0,17336.0
2017-01-29,10,TEN,16404.0,17445.0
2017-01-29,11,TEN,16754.0,17710.0
2017-01-29,12,TEN,17208.0,18086.0
2017-01-29,13,TEN,17864.0,18829.0
2017-01-29,14,TEN,18564.0,19414.0
2017-01-29,15,TEN,18970.0,19912.0
2017-01-29,16,TEN,19038.0,19938.0
2017-01-29,17,TEN,18703.0,19521.0
2017-01-29,18,TEN,18558.0,19372.0
2017-01-29,19,TEN,18528.0,19406.0
2017-01-29,20,TEN,18381.0,19253.0
2017-01-29,21,TEN,18327.0,19219.0
2017-01-29,22,TEN,18555.0,19448.0
2017-01-29,23,TEN,19141.0,19957.0
2017-01-30,0,TEN,20307.0,21048.0
2017-01-30,1,TEN,20702.0,21666.0
2017-01-30,2,TEN,20608.0,21543.0
2017-01-30,3,TEN,20356.0,21231.0
2017-01-30,4,TEN,19602.0,20426.0
2017-01-30,5,TEN,18777.0,19492.0
2017-01-30,6,TEN,18457.0,19319.0
2017-01-30,7,TEN,18319.0,19311.0
2017-01-30,8,TEN,18280.0,19282.0
2017-01-30,9,TEN,18454.0,19513.0
2017-01-30,10,TEN,18766.0,19783.0
2017-01-30,11,TEN,19579.0,20481.0
2017-01-30,12,TEN,21248.0,21852.0
2017-01-30,13,TEN,22962.0,23207.0
2017-01-30,14,TEN,22966.0,23068.0
2017-01-30,15,TEN,21775.0,22061.0
2017-01-30,16,TEN,20555.0,21362.0
2017-01-30,17,TEN,19752.0,20713.0
2017-01-30,18,TEN,18987.0,19977.0
2017-01-30,19,TEN,18416.0,19438.0
2017-01-30,20,TEN,17936.0,18998.0
2017-01-30,21,TEN,17450.0,18483.0
2017-01-30,22,TEN,17372.0,18544.0
2017-01-30,23,TEN,17862.0,18912.0
2017-01-31,0,TEN,19249.0,20327.0
2017-01-31,1,TEN,20181.0,21215.0
2017-01-31,2,TEN,20088.0,21108.0
2017-01-31,3,TEN,19813.0,20849.0
2017-01-31,4,TEN,19106.0,20019.0
2017-01-31,5,TEN,18194.0,19202.0
2017-01-31,6,TEN,17397.0,18325.0
2017-01-31,7,TEN,16982.0,17722.0
2017-01-31,8,TEN,16777.0,17549.0
2017-01-31,9,TEN,16835.0,17590.0
2017-01-31,10,TEN,16870.0,17661.0
2017-01-31,11,TEN,17329.0,18167.0
2017-01-31,12,TEN,18819.0,19790.0
2017-01-31,13,TEN,20371.0,21272.0
2017-01-31,14,TEN,20055.0,20978.0
2017-01-31,15,TEN,19000.0,19977.0
2017-01-31,16,TEN,18028.0,18764.0
2017-01-31,17,TEN,17537.0,18197.0
2017-01-31,18,TEN,16973.0,17681.0
2017-01-31,19,TEN,16607.0,17302.0
2017-01-31,20,TEN,16296.0,16947.0
2017-01-31,21,TEN,15908.0,16633.0
2017-01-31,22,TEN,16063.0,16835.0
2017-01-31,23,TEN,16216.0,17027.0
2017-02-01,0,TEN,17410.0,18386.0
2017-02-01,1,TEN,18083.0,18864.0
2017-02-01,2,TEN,18032.0,18807.0
2017-02-01,3,TEN,17714.0,18452.0
2017-02-01,4,TEN,17078.0,17838.0
2017-02-01,5,TEN,16188.0,17004.0
2017-02-01,6,TEN,15512.0,16273.0
2017-02-01,7,TEN,15251.0,16273.0
2017-02-01,8,TEN,15110.0,17549.0
2017-02-01,9,TEN,15091.0,17590.0
2017-02-01,10,TEN,15256.0,17661.0
2017-02-01,11,TEN,15794.0,18167.0
2017-02-01,12,TEN,17379.0,19790.0
2017-02-01,13,TEN,18847.0,21272.0
2017-02-01,14,TEN,18652.0,20978.0
2017-02-01,15,TEN,18193.0,19977.0
2017-02-01,16,TEN,17787.0,18764.0
2017-02-01,17,TEN,17466.0,18197.0
2017-02-01,18,TEN,17142.0,17681.0
2017-02-01,19,TEN,16889.0,17302.0
2017-02-01,20,TEN,16582.0,16947.0
2017-02-01,21,TEN,16372.0,16633.0
2017-02-01,22,TEN,16425.0,16835.0
2017-02-01,23,TEN,16863.0,17027.0
2017-02-02,0,TEN,18009.0,18386.0
2017-02-02,1,TEN,18529.0,18864.0
2017-02-02,2,TEN,18429.0,18807.0
2017-02-02,3,TEN,18111.0,18452.0
2017-02-02,4,TEN,17397.0,17838.0
2017-02-02,5,TEN,16498.0,17004.0
2017-02-02,6,TEN,15721.0,16273.0
2017-02-02,7,TEN,15156.0,
2017-02-02,8,TEN,15072.0,
2017-02-02,9,TEN,15203.0,
2017-02-02,10,TEN,15415.0,
2017-02-02,11,TEN,16019.0,
2017-02-02,12,TEN,17819.0,
2017-02-02,13,TEN,19450.0,
2017-02-02,14,TEN,19581.0,
2017-02-02,15,TEN,19292.0,
2017-02-02,16,TEN,19116.0,
2017-02-02,17,TEN,18962.0,
2017-02-02,18,TEN,18530.0,
2017-02-02,19,TEN,18164.0,
2017-02-02,20,TEN,17833.0,
2017-02-02,21,TEN,17464.0,
2017-02-02,22,TEN,17408.0,
2017-02-02,23,TEN,18013.0,
2017-02-03,0,TEN,19614.0,
2017-02-03,1,TEN,20274.0,
2017-02-03,2,TEN,20397.0,
2017-02-03,3,TEN,20261.0,
2017-02-03,4,TEN,19619.0,
2017-02-03,5,TEN,18779.0,
2017-02-03,6,TEN,18097.0,
2017-02-03,7,TEN,19619.0,
2017-02-03,8,TEN,19619.0,
2017-02-03,9,TEN,19619.0,
2017-02-03,10,TEN,19619.0,
2017-02-03,11,TEN,19619.0,
2017-02-03,12,TEN,19619.0,
2017-02-03,13,TEN,19619.0,
2017-02-03,14,TEN,19619.0,
2017-02-03,15,TEN,19619.0,
2017-02-03,16,TEN,19619.0,
2017-02-03,17,TEN,19619.0,
2017-02-03,18,TEN,19619.0,
2017-02-03,19,TEN,19619.0,
2017-02-03,20,TEN,19619.0,
2017-02-03,21,TEN,19619.0,
2017-02-03,22,TEN,19619.0,
2017-02-03,23,TEN,19619.0,
2017-02-04,0,TEN,20735.0,20618.0
2017-02-04,1,TEN,20735.0,20618.0
2017-02-04,2,TEN,20735.0,20618.0
2017-02-04,3,TEN,20735.0,20618.0
2017-02-04,4,TEN,20735.0,20618.0
2017-02-04,5,TEN,20735.0,20618.0
2017-02-04,6,TEN,20735.0,20618.0
2017-02-04,7,TEN,20389.0,20317.0
2017-02-04,8,TEN,20497.0,20416.0
2017-02-04,9,TEN,20735.0,20618.0
2017-02-04,10,TEN,21024.0,20968.0
2017-02-04,11,TEN,21624.0,21572.0
2017-02-04,12,TEN,22467.0,22514.0
2017-02-04,13,TEN,23337.0,23371.0
2017-02-04,14,TEN,23615.0,23718.0
2017-02-04,15,TEN,23084.0,23248.0
2017-02-04,16,TEN,22061.0,22545.0
2017-02-04,17,TEN,20797.0,21685.0
2017-02-04,18,TEN,19452.0,20340.0
2017-02-04,19,TEN,18303.0,19170.0
2017-02-04,20,TEN,17420.0,18351.0
2017-02-04,21,TEN,16817.0,17678.0
2017-02-04,22,TEN,16708.0,17627.0
2017-02-04,23,TEN,17205.0,18377.0
2017-02-05,0,TEN,18660.0,19705.0
2017-02-05,1,TEN,19331.0,20408.0
2017-02-05,2,TEN,19295.0,20393.0
2017-02-05,3,TEN,19036.0,19888.0
2017-02-05,4,TEN,18433.0,19263.0
2017-02-05,5,TEN,17550.0,18199.0
2017-02-05,6,TEN,16789.0,17421.0
2017-02-05,7,TEN,16313.0,16881.0
2017-02-05,8,TEN,15900.0,16530.0
2017-02-05,9,TEN,15667.0,16220.0
2017-02-05,10,TEN,15795.0,16414.0
2017-02-05,11,TEN,15907.0,16564.0
2017-02-05,12,TEN,16291.0,16859.0
2017-02-05,13,TEN,16974.0,17863.0
2017-02-05,14,TEN,17605.0,18467.0
2017-02-05,15,TEN,18118.0,19384.0
2017-02-05,16,TEN,17969.0,19265.0
2017-02-05,17,TEN,17481.0,18106.0
2017-02-05,18,TEN,17076.0,17586.0
2017-02-05,19,TEN,16801.0,17344.0
2017-02-05,20,TEN,16387.0,16963.0
2017-02-05,21,TEN,16048.0,16622.0
2017-02-05,22,TEN,16029.0,16615.0
2017-02-05,23,TEN,16379.0,17182.0
2017-02-06,0,TEN,17200.0,18485.0
2017-02-06,1,TEN,17454.0,18696.0
2017-02-06,2,TEN,17493.0,18645.0
2017-02-06,3,TEN,17432.0,18539.0
2017-02-06,4,TEN,17096.0,17669.0
2017-02-06,5,TEN,16727.0,17323.0
2017-02-06,6,TEN,16099.0,16545.0
2017-02-06,7,TEN,15896.0,16420.0
2017-02-06,8,TEN,15826.0,16355.0
2017-02-06,9,TEN,15875.0,16388.0
2017-02-06,10,TEN,16040.0,16571.0
2017-02-06,11,TEN,16653.0,17229.0
2017-02-06,12,TEN,18070.0,18953.0
2017-02-06,13,TEN,19577.0,20404.0
2017-02-06,14,TEN,19493.0,20271.0
2017-02-06,15,TEN,19124.0,20024.0
2017-02-06,16,TEN,18802.0,19611.0
2017-02-06,17,TEN,18658.0,19423.0
2017-02-06,18,TEN,18266.0,18930.0
2017-02-06,19,TEN,18023.0,18577.0
2017-02-06,20,TEN,17721.0,18290.0
2017-02-06,21,TEN,17443.0,18028.0
2017-02-06,22,TEN,17307.0,17963.0
2017-02-06,23,TEN,17720.0,18460.0
2017-02-07,0,TEN,18487.0,19444.0
2017-02-07,1,TEN,18813.0,19787.0
2017-02-07,2,TEN,18517.0,19529.0
2017-02-07,3,TEN,17789.0,18614.0
2017-02-07,4,TEN,16766.0,17363.0
2017-02-07,5,TEN,15532.0,15971.0
2017-02-07,6,TEN,14772.0,15210.0
2017-02-07,7,TEN,14190.0,14650.0
2017-02-07,8,TEN,13972.0,14492.0
2017-02-07,9,TEN,13838.0,14318.0
2017-02-07,10,TEN,13750.0,14241.0
2017-02-07,11,TEN,14206.0,14770.0
2017-02-07,12,TEN,15496.0,16287.0
2017-02-07,13,TEN,16900.0,17756.0
2017-02-07,14,TEN,17125.0,17925.0
2017-02-07,15,TEN,16747.0,17617.0
2017-02-07,16,TEN,16595.0,17222.0
2017-02-07,17,TEN,16678.0,17218.0
2017-02-07,18,TEN,16657.0,17256.0
2017-02-07,19,TEN,16536.0,16931.0
2017-02-07,20,TEN,16492.0,17032.0
2017-02-07,21,TEN,16503.0,17151.0
2017-02-07,22,TEN,16716.0,17513.0
2017-02-07,23,TEN,16913.0,17752.0
2017-02-08,0,TEN,17633.0,18551.0
2017-02-08,1,TEN,18018.0,18772.0
2017-02-08,2,TEN,17664.0,18483.0
2017-02-08,3,TEN,17112.0,17683.0
2017-02-08,4,TEN,16354.0,16876.0
2017-02-08,5,TEN,15211.0,15639.0
2017-02-08,6,TEN,14345.0,14772.0
2017-02-08,7,TEN,13702.0,14165.0
2017-02-08,8,TEN,13513.0,13984.0
2017-02-08,9,TEN,13359.0,13825.0
2017-02-08,10,TEN,13438.0,13943.0
2017-02-08,11,TEN,13781.0,14253.0
2017-02-08,12,TEN,14965.0,15704.0
2017-02-08,13,TEN,16476.0,17240.0
2017-02-08,14,TEN,16507.0,17314.0
2017-02-08,15,TEN,16528.0,17376.0
2017-02-08,16,TEN,16442.0,17242.0
2017-02-08,17,TEN,16541.0,17044.0
2017-02-08,18,TEN,16280.0,16837.0
2017-02-08,19,TEN,16122.0,16703.0
2017-02-08,20,TEN,16024.0,16791.0
2017-02-08,21,TEN,16002.0,16563.0
2017-02-08,22,TEN,16202.0,17035.0
2017-02-08,23,TEN,16678.0,17663.0
2017-02-09,0,TEN,17695.0,18715.0
2017-02-09,1,TEN,18126.0,19166.0
2017-02-09,2,TEN,17901.0,18974.0
2017-02-09,3,TEN,17958.0,18724.0
2017-02-09,4,TEN,17326.0,17852.0
2017-02-09,5,TEN,16629.0,17086.0
2017-02-09,6,TEN,15944.0,16425.0
2017-02-09,7,TEN,15926.0,16412.0
2017-02-09,8,TEN,16051.0,16591.0
2017-02-09,9,TEN,16209.0,16829.0
2017-02-09,10,TEN,16647.0,17228.0
2017-02-09,11,TEN,17720.0,18197.0
2017-02-09,12,TEN,19521.0,19803.0
2017-02-09,13,TEN,21382.0,21498.0
2017-02-09,14,TEN,21558.0,21790.0
2017-02-09,15,TEN,21398.0,21620.0
2017-02-09,16,TEN,21035.0,21245.0
2017-02-09,17,TEN,20605.0,20968.0
2017-02-09,18,TEN,20023.0,20663.0
2017-02-09,19,TEN,19557.0,20435.0
2017-02-09,20,TEN,19075.0,19962.0
2017-02-09,21,TEN,18703.0,19635.0
2017-02-09,22,TEN,18633.0,19647.0
2017-02-09,23,TEN,19333.0,20279.0
2017-02-10,0,TEN,20904.0,21676.0
2017-02-10,1,TEN,22201.0,22445.0
2017-02-10,2,TEN,22382.0,22485.0
2017-02-10,3,TEN,22336.0,22629.0
2017-02-10,4,TEN,21747.0,22158.0
2017-02-10,5,TEN,21081.0,21467.0
2017-02-10,6,TEN,20548.0,20853.0
2017-02-10,7,TEN,20394.0,20624.0
2017-02-10,8,TEN,20371.0,20664.0
2017-02-10,9,TEN,20550.0,20854.0
2017-02-10,10,TEN,20753.0,21077.0
2017-02-10,11,TEN,21363.0,21679.0
2017-02-10,12,TEN,22772.0,23102.0
2017-02-10,13,TEN,24066.0,24498.0
2017-02-10,14,TEN,23524.0,24036.0
2017-02-10,15,TEN,22243.0,22649.0
2017-02-10,16,TEN,20901.0,21322.0
2017-02-10,17,TEN,19733.0,20477.0
2017-02-10,18,TEN,18719.0,19444.0
2017-02-10,19,TEN,17816.0,18572.0
2017-02-10,20,TEN,17139.0,17885.0
2017-02-10,21,TEN,16659.0,17449.0
2017-02-10,22,TEN,16382.0,17255.0
2017-02-10,23,TEN,16601.0,17614.0
2017-02-11,0,TEN,17422.0,18427.0
2017-02-11,1,TEN,17998.0,19004.0
2017-02-11,2,TEN,17859.0,18620.0
2017-02-11,3,TEN,17577.0,18287.0
2017-02-11,4,TEN,16968.0,17632.0
2017-02-11,5,TEN,16267.0,16788.0
2017-02-11,6,TEN,15250.0,15821.0
2017-02-11,7,TEN,14690.0,15134.0
2017-02-11,8,TEN,14399.0,14881.0
2017-02-11,9,TEN,14178.0,14649.0
2017-02-11,10,TEN,14076.0,14606.0
2017-02-11,11,TEN,14121.0,14697.0
2017-02-11,12,TEN,14435.0,15111.0
2017-02-11,13,TEN,14850.0,15706.0
2017-02-11,14,TEN,15271.0,16237.0
2017-02-11,15,TEN,15795.0,16660.0
2017-02-11,16,TEN,16196.0,16911.0
2017-02-11,17,TEN,16170.0,16831.0
2017-02-11,18,TEN,15931.0,16445.0
2017-02-11,19,TEN,15577.0,16127.0
2017-02-11,20,TEN,15279.0,15791.0
2017-02-11,21,TEN,14911.0,15565.0
2017-02-11,22,TEN,14933.0,15545.0
2017-02-11,23,TEN,15122.0,15955.0
2017-02-12,0,TEN,15748.0,16680.0
2017-02-12,1,TEN,16200.0,17026.0
2017-02-12,2,TEN,15759.0,16375.0
2017-02-12,3,TEN,15418.0,15865.0
2017-02-12,4,TEN,14770.0,15229.0
2017-02-12,5,TEN,14002.0,14454.0
2017-02-12,6,TEN,13260.0,13683.0
2017-02-12,7,TEN,12622.0,13097.0
2017-02-12,8,TEN,12153.0,12598.0
2017-02-12,9,TEN,11984.0,12301.0
2017-02-12,10,TEN,11883.0,12225.0
2017-02-12,11,TEN,11973.0,12375.0
2017-02-12,12,TEN,12161.0,12701.0
2017-02-12,13,TEN,12616.0,13153.0
2017-02-12,14,TEN,13305.0,13857.0
2017-02-12,15,TEN,14214.0,14778.0
2017-02-12,16,TEN,14555.0,15157.0
2017-02-12,17,TEN,14587.0,15155.0
2017-02-12,18,TEN,14538.0,15042.0
2017-02-12,19,TEN,14647.0,15150.0
2017-02-12,20,TEN,14621.0,15169.0
2017-02-12,21,TEN,14498.0,15092.0
2017-02-12,22,TEN,14464.0,15143.0
2017-02-12,23,TEN,14698.0,15660.0
2017-02-13,0,TEN,15427.0,16432.0
2017-02-13,1,TEN,16215.0,17185.0
2017-02-13,2,TEN,16182.0,17125.0
2017-02-13,3,TEN,15793.0,16493.0
2017-02-13,4,TEN,15315.0,15787.0
2017-02-13,5,TEN,14647.0,15163.0
2017-02-13,6,TEN,14113.0,14603.0
2017-02-13,7,TEN,13925.0,14438.0
2017-02-13,8,TEN,14018.0,14519.0
2017-02-13,9,TEN,14311.0,14848.0
2017-02-13,10,TEN,14746.0,15289.0
2017-02-13,11,TEN,15855.0,16848.0
2017-02-13,12,TEN,17953.0,18939.0
2017-02-13,13,TEN,19901.0,20575.0
2017-02-13,14,TEN,19877.0,20563.0
2017-02-13,15,TEN,19167.0,19787.0
2017-02-13,16,TEN,18411.0,19099.0
2017-02-13,17,TEN,17781.0,18538.0
2017-02-13,18,TEN,17337.0,18133.0
2017-02-13,19,TEN,16969.0,17454.0
2017-02-13,20,TEN,16735.0,17272.0
2017-02-13,21,TEN,16441.0,17063.0
2017-02-13,22,TEN,16363.0,17119.0
2017-02-13,23,TEN,16682.0,17664.0
2017-02-14,0,TEN,17797.0,18562.0
2017-02-14,1,TEN,18959.0,19670.0
2017-02-14,2,TEN,19249.0,19954.0
2017-02-14,3,TEN,19115.0,19767.0
2017-02-14,4,TEN,18614.0,19067.0
2017-02-14,5,TEN,17800.0,18477.0
2017-02-14,6,TEN,17196.0,17687.0
2017-02-14,7,TEN,17124.0,17555.0
2017-02-14,8,TEN,16970.0,17424.0
2017-02-14,9,TEN,16965.0,17371.0
2017-02-14,10,TEN,17200.0,17556.0
2017-02-14,11,TEN,17839.0,18485.0
2017-02-14,12,TEN,19203.0,19693.0
2017-02-14,13,TEN,20522.0,20419.0
2017-02-14,14,TEN,20295.0,20183.0
2017-02-14,15,TEN,19681.0,20463.0
2017-02-14,16,TEN,19169.0,19973.0
2017-02-14,17,TEN,18753.0,19541.0
2017-02-14,18,TEN,18394.0,19009.0
2017-02-14,19,TEN,18191.0,18819.0
2017-02-14,20,TEN,18053.0,18642.0
2017-02-14,21,TEN,17971.0,18553.0
2017-02-14,22,TEN,18081.0,18837.0
2017-02-14,23,TEN,18555.0,19524.0
2017-02-15,0,TEN,19414.0,20510.0
2017-02-15,1,TEN,19761.0,20776.0
2017-02-15,2,TEN,19542.0,20589.0
2017-02-15,3,TEN,18979.0,19643.0
2017-02-15,4,TEN,18086.0,18629.0
2017-02-15,5,TEN,17141.0,17531.0
2017-02-15,6,TEN,16408.0,16859.0
2017-02-15,7,TEN,15952.0,16418.0
2017-02-15,8,TEN,15654.0,16138.0
2017-02-15,9,TEN,15703.0,16173.0
2017-02-15,10,TEN,15770.0,16246.0
2017-02-15,11,TEN,16209.0,16928.0
2017-02-15,12,TEN,17656.0,18509.0
2017-02-15,13,TEN,19215.0,20111.0
2017-02-15,14,TEN,19099.0,19889.0
2017-02-15,15,TEN,18790.0,19755.0
2017-02-15,16,TEN,18449.0,19220.0
2017-02-15,17,TEN,18176.0,18856.0
2017-02-15,18,TEN,17675.0,18342.0
2017-02-15,19,TEN,17356.0,17886.0
2017-02-15,20,TEN,17023.0,17561.0
2017-02-15,21,TEN,16862.0,17397.0
2017-02-15,22,TEN,16864.0,17513.0
2017-02-15,23,TEN,17320.0,18361.0
2017-02-16,0,TEN,18612.0,19652.0
2017-02-16,1,TEN,19818.0,20692.0
2017-02-16,2,TEN,20006.0,21068.0
2017-02-16,3,TEN,19901.0,20763.0
2017-02-16,4,TEN,19389.0,20036.0
2017-02-16,5,TEN,18659.0,19311.0
2017-02-16,6,TEN,18184.0,18770.0
2017-02-16,7,TEN,17949.0,18638.0
2017-02-16,8,TEN,18093.0,18515.0
2017-02-16,9,TEN,18294.0,18781.0
2017-02-16,10,TEN,18726.0,19186.0
2017-02-16,11,TEN,19687.0,20071.0
2017-02-16,12,TEN,21445.0,21310.0
2017-02-16,13,TEN,22971.0,22281.0
2017-02-16,14,TEN,22360.0,21803.0
2017-02-16,15,TEN,20927.0,21076.0
2017-02-16,16,TEN,19688.0,20141.0
2017-02-16,17,TEN,18854.0,19286.0
2017-02-16,18,TEN,18197.0,18615.0
2017-02-16,19,TEN,17555.0,18238.0
2017-02-16,20,TEN,17062.0,17627.0
2017-02-16,21,TEN,16651.0,17190.0
2017-02-16,22,TEN,16578.0,17411.0
2017-02-16,23,TEN,16841.0,17847.0
2017-02-17,0,TEN,17840.0,18838.0
2017-02-17,1,TEN,18997.0,19973.0
2017-02-17,2,TEN,19187.0,20159.0
2017-02-17,3,TEN,19078.0,19808.0
2017-02-17,4,TEN,18477.0,19156.0
2017-02-17,5,TEN,17627.0,18242.0
2017-02-17,6,TEN,16852.0,17397.0
2017-02-17,7,TEN,16637.0,17118.0
2017-02-17,8,TEN,16581.0,17150.0
2017-02-17,9,TEN,16633.0,17190.0
2017-02-17,10,TEN,16916.0,17499.0
2017-02-17,11,TEN,17573.0,18404.0
2017-02-17,12,TEN,19100.0,19785.0
2017-02-17,13,TEN,20473.0,21368.0
2017-02-17,14,TEN,20051.0,20830.0
2017-02-17,15,TEN,18677.0,19549.0
2017-02-17,16,TEN,17772.0,18564.0
2017-02-17,17,TEN,17145.0,17690.0
2017-02-17,18,TEN,16592.0,17136.0
2017-02-17,19,TEN,16105.0,16332.0
2017-02-17,20,TEN,15747.0,15994.0
2017-02-17,21,TEN,15639.0,16110.0
2017-02-17,22,TEN,15371.0,16075.0
2017-02-17,23,TEN,15581.0,16378.0
2017-02-18,0,TEN,16213.0,17189.0
2017-02-18,1,TEN,16828.0,17643.0
2017-02-18,2,TEN,16663.0,17407.0
2017-02-18,3,TEN,16421.0,16984.0
2017-02-18,4,TEN,15866.0,16468.0
2017-02-18,5,TEN,15263.0,15830.0
2017-02-18,6,TEN,14626.0,15073.0
2017-02-18,7,TEN,14224.0,14518.0
2017-02-18,8,TEN,13968.0,14229.0
2017-02-18,9,TEN,13886.0,14189.0
2017-02-18,10,TEN,13872.0,14144.0
2017-02-18,11,TEN,14049.0,14333.0
2017-02-18,12,TEN,14584.0,15234.0
2017-02-18,13,TEN,15157.0,15775.0
2017-02-18,14,TEN,15802.0,16370.0
2017-02-18,15,TEN,16531.0,17123.0
2017-02-18,16,TEN,16896.0,17258.0
2017-02-18,17,TEN,16918.0,17149.0
2017-02-18,18,TEN,16660.0,16776.0
2017-02-18,19,TEN,16120.0,16135.0
2017-02-18,20,TEN,15840.0,15709.0
2017-02-18,21,TEN,15554.0,14881.0
2017-02-18,22,TEN,15461.0,14675.0
2017-02-18,23,TEN,15678.0,14876.0
2017-02-19,0,TEN,16345.0,15642.0
2017-02-19,1,TEN,16750.0,15811.0
2017-02-19,2,TEN,16536.0,15621.0
2017-02-19,3,TEN,16196.0,15993.0
2017-02-19,4,TEN,15609.0,15615.0
2017-02-19,5,TEN,14917.0,15085.0
2017-02-19,6,TEN,14092.0,14542.0
2017-02-19,7,TEN,13579.0,13850.0
2017-02-19,8,TEN,13364.0,13646.0
2017-02-19,9,TEN,13178.0,13450.0
2017-02-19,10,TEN,13252.0,13592.0
2017-02-19,11,TEN,13522.0,13784.0
2017-02-19,12,TEN,13927.0,14386.0
2017-02-19,13,TEN,14457.0,14924.0
2017-02-19,14,TEN,15150.0,15625.0
2017-02-19,15,TEN,15462.0,15969.0
2017-02-19,16,TEN,15274.0,15779.0
2017-02-19,17,TEN,14854.0,15450.0
2017-02-19,18,TEN,14411.0,14929.0
2017-02-19,19,TEN,14326.0,14849.0
2017-02-19,20,TEN,14248.0,14838.0
2017-02-19,21,TEN,14189.0,14722.0
2017-02-19,22,TEN,14176.0,14726.0
2017-02-19,23,TEN,14476.0,15247.0
2017-02-20,0,TEN,15124.0,16008.0
2017-02-20,1,TEN,16009.0,16857.0
2017-02-20,2,TEN,15826.0,16648.0
2017-02-20,3,TEN,15390.0,15996.0
2017-02-20,4,TEN,14867.0,15340.0
2017-02-20,5,TEN,14207.0,14722.0
2017-02-20,6,TEN,13436.0,13916.0
2017-02-20,7,TEN,13379.0,13622.0
2017-02-20,8,TEN,13326.0,13598.0
2017-02-20,9,TEN,13405.0,13648.0
2017-02-20,10,TEN,13683.0,13919.0
2017-02-20,11,TEN,14304.0,14688.0
2017-02-20,12,TEN,15579.0,16326.0
2017-02-20,13,TEN,16789.0,17666.0
2017-02-20,14,TEN,17100.0,17987.0
2017-02-20,15,TEN,16996.0,17908.0
2017-02-20,16,TEN,16736.0,17542.0
2017-02-20,17,TEN,16629.0,17397.0
2017-02-20,18,TEN,16343.0,17041.0
2017-02-20,19,TEN,16273.0,16810.0
2017-02-20,20,TEN,16245.0,16810.0
2017-02-20,21,TEN,16041.0,16651.0
2017-02-20,22,TEN,15998.0,16651.0
2017-02-20,23,TEN,16237.0,17192.0
2017-02-21,0,TEN,16968.0,17864.0
2017-02-21,1,TEN,17763.0,18739.0
2017-02-21,2,TEN,17409.0,18329.0
2017-02-21,3,TEN,16825.0,17381.0
2017-02-21,4,TEN,15904.0,16458.0
2017-02-21,5,TEN,14712.0,15204.0
2017-02-21,6,TEN,13777.0,14273.0
2017-02-21,7,TEN,13412.0,13661.0
2017-02-21,8,TEN,13112.0,13425.0
2017-02-21,9,TEN,12971.0,13329.0
2017-02-21,10,TEN,13116.0,13451.0
2017-02-21,11,TEN,13681.0,14215.0
2017-02-21,12,TEN,15050.0,15862.0
2017-02-21,13,TEN,16439.0,17381.0
2017-02-21,14,TEN,16379.0,17443.0
2017-02-21,15,TEN,16241.0,17154.0
2017-02-21,16,TEN,16147.0,16942.0
2017-02-21,17,TEN,16267.0,17049.0
2017-02-21,18,TEN,16254.0,17039.0
2017-02-21,19,TEN,16056.0,16745.0
2017-02-21,20,TEN,16204.0,16641.0
2017-02-21,21,TEN,16148.0,16391.0
2017-02-21,22,TEN,16060.0,16307.0
2017-02-21,23,TEN,16420.0,16860.0
2017-02-22,0,TEN,17194.0,18164.0
2017-02-22,1,TEN,17723.0,18678.0
2017-02-22,2,TEN,17454.0,18336.0
2017-02-22,3,TEN,16847.0,17439.0
2017-02-22,4,TEN,15976.0,16706.0
2017-02-22,5,TEN,14893.0,15648.0
2017-02-22,6,TEN,13970.0,14300.0
2017-02-22,7,TEN,13436.0,13711.0
2017-02-22,8,TEN,13092.0,13393.0
2017-02-22,9,TEN,12943.0,13281.0
2017-02-22,10,TEN,12918.0,13318.0
2017-02-22,11,TEN,13373.0,13828.0
2017-02-22,12,TEN,14735.0,15500.0
2017-02-22,13,TEN,16034.0,16938.0
2017-02-22,14,TEN,16148.0,17135.0
2017-02-22,15,TEN,16169.0,16704.0
2017-02-22,16,TEN,16144.0,16642.0
2017-02-22,17,TEN,16369.0,17010.0
2017-02-22,18,TEN,16282.0,16743.0
2017-02-22,19,TEN,16271.0,16649.0
2017-02-22,20,TEN,16096.0,16381.0
2017-02-22,21,TEN,16040.0,16319.0
2017-02-22,22,TEN,16078.0,16458.0
2017-02-22,23,TEN,16202.0,16866.0
2017-02-23,0,TEN,16767.0,17634.0
2017-02-23,1,TEN,17457.0,18260.0
2017-02-23,2,TEN,17148.0,17817.0
2017-02-23,3,TEN,16848.0,17315.0
2017-02-23,4,TEN,15962.0,16427.0
2017-02-23,5,TEN,14747.0,15287.0
2017-02-23,6,TEN,13995.0,14228.0
2017-02-23,7,TEN,13453.0,13659.0
2017-02-23,8,TEN,13126.0,13385.0
2017-02-23,9,TEN,13049.0,13332.0
2017-02-23,10,TEN,13021.0,13330.0
2017-02-23,11,TEN,13448.0,13874.0
2017-02-23,12,TEN,14911.0,15666.0
2017-02-23,13,TEN,16141.0,16950.0
2017-02-23,14,TEN,16166.0,16958.0
2017-02-23,15,TEN,15937.0,16619.0
2017-02-23,16,TEN,15691.0,16290.0
2017-02-23,17,TEN,15856.0,16385.0
2017-02-23,18,TEN,15881.0,16487.0
2017-02-23,19,TEN,15972.0,16622.0
2017-02-23,20,TEN,16006.0,16501.0
2017-02-23,21,TEN,15932.0,16470.0
2017-02-23,22,TEN,16026.0,16682.0
2017-02-23,23,TEN,16053.0,16926.0
2017-02-24,0,TEN,16425.0,17230.0
2017-02-24,1,TEN,17333.0,18137.0
2017-02-24,2,TEN,17116.0,17826.0
2017-02-24,3,TEN,16734.0,17195.0
2017-02-24,4,TEN,15758.0,16194.0
2017-02-24,5,TEN,14672.0,15161.0
2017-02-24,6,TEN,13742.0,14125.0
2017-02-24,7,TEN,13118.0,13628.0
2017-02-24,8,TEN,12842.0,13289.0
2017-02-24,9,TEN,12717.0,13159.0
2017-02-24,10,TEN,12727.0,13278.0
2017-02-24,11,TEN,13122.0,13699.0
2017-02-24,12,TEN,14369.0,15068.0
2017-02-24,13,TEN,15608.0,16257.0
2017-02-24,14,TEN,15640.0,16262.0
2017-02-24,15,TEN,15688.0,16112.0
2017-02-24,16,TEN,15932.0,16180.0
2017-02-24,17,TEN,16098.0,16222.0
2017-02-24,18,TEN,16244.0,16362.0
2017-02-24,19,TEN,16397.0,16312.0
2017-02-24,20,TEN,16419.0,16433.0
2017-02-24,21,TEN,16380.0,16277.0
2017-02-24,22,TEN,16289.0,16406.0
2017-02-24,23,TEN,16185.0,16483.0
2017-02-25,0,TEN,16318.0,16924.0
2017-02-25,1,TEN,16917.0,17447.0
2017-02-25,2,TEN,16596.0,17185.0
2017-02-25,3,TEN,16018.0,16448.0
2017-02-25,4,TEN,15347.0,15461.0
2017-02-25,5,TEN,14418.0,14766.0
2017-02-25,6,TEN,13455.0,13689.0
2017-02-25,7,TEN,12668.0,12870.0
2017-02-25,8,TEN,12300.0,12496.0
2017-02-25,9,TEN,12029.0,12379.0
2017-02-25,10,TEN,11921.0,12410.0
2017-02-25,11,TEN,12229.0,12585.0
2017-02-25,12,TEN,12876.0,13064.0
2017-02-25,13,TEN,13663.0,13902.0
2017-02-25,14,TEN,14628.0,14619.0
2017-02-25,15,TEN,15468.0,15498.0
2017-02-25,16,TEN,15842.0,15884.0
2017-02-25,17,TEN,15685.0,15708.0
2017-02-25,18,TEN,15572.0,15706.0
2017-02-25,19,TEN,15229.0,15518.0
2017-02-25,20,TEN,15018.0,15328.0
2017-02-25,21,TEN,14603.0,14984.0
2017-02-25,22,TEN,14627.0,14986.0
2017-02-25,23,TEN,14967.0,15235.0
2017-02-26,0,TEN,15937.0,16188.0
2017-02-26,1,TEN,17254.0,17220.0
2017-02-26,2,TEN,17452.0,17415.0
2017-02-26,3,TEN,17510.0,17356.0
2017-02-26,4,TEN,17337.0,17017.0
2017-02-26,5,TEN,16989.0,16640.0
2017-02-26,6,TEN,16688.0,15932.0
2017-02-26,7,TEN,16698.0,15784.0
2017-02-26,8,TEN,16688.0,15729.0
2017-02-26,9,TEN,16983.0,15912.0
2017-02-26,10,TEN,17320.0,16233.0
2017-02-26,11,TEN,17774.0,16805.0
2017-02-26,12,TEN,18477.0,17651.0
2017-02-26,13,TEN,19307.0,18574.0
2017-02-26,14,TEN,19557.0,18817.0
2017-02-26,15,TEN,18808.0,18233.0
2017-02-26,16,TEN,17836.0,17142.0
2017-02-26,17,TEN,16675.0,16008.0
2017-02-26,18,TEN,15991.0,15304.0
2017-02-26,19,TEN,15355.0,14621.0
2017-02-26,20,TEN,14854.0,14181.0
2017-02-26,21,TEN,14388.0,13744.0
2017-02-26,22,TEN,14272.0,13736.0
2017-02-26,23,TEN,14790.0,14232.0
2017-02-27,0,TEN,15855.0,15763.0
2017-02-27,1,TEN,17220.0,17056.0
2017-02-27,2,TEN,17346.0,17302.0
2017-02-27,3,TEN,17205.0,16557.0
2017-02-27,4,TEN,16598.0,15872.0
2017-02-27,5,TEN,15799.0,15157.0
2017-02-27,6,TEN,15218.0,14925.0
2017-02-27,7,TEN,15675.0,14925.0
2017-02-27,8,TEN,15545.0,15729.0
2017-02-27,9,TEN,15675.0,15912.0
2017-02-27,10,TEN,15890.0,16233.0
2017-02-27,11,TEN,16537.0,16805.0
2017-02-27,12,TEN,18198.0,17651.0
2017-02-27,13,TEN,19722.0,18574.0
2017-02-27,14,TEN,19266.0,18817.0
2017-02-27,15,TEN,18831.0,18233.0
2017-02-27,16,TEN,18364.0,17142.0
2017-02-27,17,TEN,18055.0,16008.0
2017-02-27,18,TEN,17789.0,15304.0
2017-02-27,19,TEN,17535.0,14621.0
2017-02-27,20,TEN,17168.0,14181.0
2017-02-27,21,TEN,16850.0,13744.0
2017-02-27,22,TEN,16737.0,13736.0
2017-02-27,23,TEN,16981.0,14232.0
2017-02-28,0,TEN,17687.0,15763.0
2017-02-28,1,TEN,18553.0,17056.0
2017-02-28,2,TEN,18516.0,17302.0
2017-02-28,3,TEN,18028.0,16557.0
2017-02-28,4,TEN,17072.0,15872.0
2017-02-28,5,TEN,15897.0,15157.0
2017-02-28,6,TEN,14926.0,14925.0
2017-02-28,7,TEN,0.0,0.0
2017-02-28,8,TEN,0.0,0.0
2017-02-28,9,TEN,0.0,0.0
2017-02-28,10,TEN,0.0,0.0
2017-02-28,11,TEN,0.0,0.0
2017-02-28,12,TEN,0.0,0.0
2017-02-28,13,TEN,0.0,0.0
2017-02-28,14,TEN,0.0,0.0
2017-02-28,15,TEN,0.0,0.0
2017-02-28,16,TEN,0.0,0.0
2017-02-28,17,TEN,0.0,0.0
2017-02-28,18,TEN,0.0,0.0
2017-02-28,19,TEN,0.0,0.0
2017-02-28,20,TEN,0.0,0.0
2017-02-28,21,TEN,0.0,0.0
2017-02-28,22,TEN,0.0,0.0
2017-02-28,23,TEN,0.0,0.0
2017-03-01,0,TEN,0.0,0.0
2017-03-01,1,TEN,0.0,0.0
2017-03-01,2,TEN,0.0,0.0
2017-03-01,3,TEN,0.0,0.0
2017-03-01,4,TEN,0.0,0.0
2017-03-01,5,TEN,0.0,0.0
2017-03-01,6,TEN,0.0,0.0
2017-03-01,7,TEN,13279.0,13480.0
2017-03-01,8,TEN,12991.0,13097.0
2017-03-01,9,TEN,12796.0,12923.0
2017-03-01,10,TEN,12783.0,12959.0
2017-03-01,11,TEN,13068.0,13337.0
2017-03-01,12,TEN,14094.0,14297.0
2017-03-01,13,TEN,15293.0,15680.0
2017-03-01,14,TEN,15327.0,15720.0
2017-03-01,15,TEN,15369.0,15734.0
2017-03-01,16,TEN,15580.0,15785.0
2017-03-01,17,TEN,15926.0,16122.0
2017-03-01,18,TEN,16002.0,16413.0
2017-03-01,19,TEN,15990.0,16472.0
2017-03-01,20,TEN,15943.0,16415.0
2017-03-01,21,TEN,15969.0,16437.0
2017-03-01,22,TEN,15869.0,16416.0
2017-03-01,23,TEN,16002.0,16664.0
2017-03-02,0,TEN,16463.0,16905.0
2017-03-02,1,TEN,17274.0,17742.0
2017-03-02,2,TEN,17151.0,17580.0
2017-03-02,3,TEN,16891.0,17091.0
2017-03-02,4,TEN,16227.0,16401.0
2017-03-02,5,TEN,15404.0,15656.0
2017-03-02,6,TEN,14738.0,14997.0
2017-03-02,7,TEN,14543.0,14718.0
2017-03-02,8,TEN,14549.0,14525.0
2017-03-02,9,TEN,14687.0,14425.0
2017-03-02,10,TEN,15036.0,14810.0
2017-03-02,11,TEN,15908.0,15945.0
2017-03-02,12,TEN,17766.0,17798.0
2017-03-02,13,TEN,19482.0,19602.0
2017-03-02,14,TEN,19213.0,19655.0
2017-03-02,15,TEN,18383.0,18816.0
2017-03-02,16,TEN,17753.0,18043.0
2017-03-02,17,TEN,17333.0,17616.0
2017-03-02,18,TEN,16938.0,17223.0
2017-03-02,19,TEN,16502.0,16955.0
2017-03-02,20,TEN,16245.0,16603.0
2017-03-02,21,TEN,15936.0,16285.0
2017-03-02,22,TEN,15860.0,16175.0
2017-03-02,23,TEN,16223.0,16715.0
2017-03-03,0,TEN,16930.0,17302.0
2017-03-03,1,TEN,18426.0,18873.0
2017-03-03,2,TEN,18771.0,19369.0
2017-03-03,3,TEN,18819.0,19180.0
2017-03-03,4,TEN,18274.0,18624.0
2017-03-03,5,TEN,17634.0,17929.0
2017-03-03,6,TEN,17094.0,17410.0
2017-03-03,7,TEN,16939.0,16849.0
2017-03-03,8,TEN,16933.0,16758.0
2017-03-03,9,TEN,17156.0,16923.0
2017-03-03,10,TEN,17285.0,16848.0
2017-03-03,11,TEN,17916.0,17313.0
2017-03-03,12,TEN,19574.0,18935.0
2017-03-03,13,TEN,20847.0,20239.0
2017-03-03,14,TEN,20360.0,20205.0
2017-03-03,15,TEN,19363.0,19287.0
2017-03-03,16,TEN,18565.0,18424.0
2017-03-03,17,TEN,18113.0,17835.0
2017-03-03,18,TEN,17595.0,17308.0
2017-03-03,19,TEN,17225.0,16905.0
2017-03-03,20,TEN,16860.0,16564.0
2017-03-03,21,TEN,16479.0,16205.0
2017-03-03,22,TEN,16374.0,16256.0
2017-03-03,23,TEN,16576.0,16631.0
2017-03-04,0,TEN,17408.0,17396.0
2017-03-04,1,TEN,18810.0,18792.0
2017-03-04,2,TEN,19053.0,19051.0
2017-03-04,3,TEN,19237.0,19024.0
2017-03-04,4,TEN,18971.0,18745.0
2017-03-04,5,TEN,18540.0,18278.0
2017-03-04,6,TEN,18021.0,17819.0
2017-03-04,7,TEN,17814.0,17742.0
2017-03-04,8,TEN,17832.0,17808.0
2017-03-04,9,TEN,17929.0,17924.0
2017-03-04,10,TEN,18235.0,18221.0
2017-03-04,11,TEN,18724.0,18705.0
2017-03-04,12,TEN,19360.0,19358.0
2017-03-04,13,TEN,19857.0,19960.0
2017-03-04,14,TEN,19745.0,19665.0
2017-03-04,15,TEN,18903.0,18806.0
2017-03-04,16,TEN,17835.0,17788.0
2017-03-04,17,TEN,16889.0,17254.0
2017-03-04,18,TEN,16112.0,16342.0
2017-03-04,19,TEN,15338.0,15611.0
2017-03-04,20,TEN,14837.0,15070.0
2017-03-04,21,TEN,14541.0,14798.0
2017-03-04,22,TEN,14389.0,14702.0
2017-03-04,23,TEN,14505.0,14882.0
2017-03-05,0,TEN,15165.0,15575.0
2017-03-05,1,TEN,16089.0,16733.0
2017-03-05,2,TEN,16320.0,16937.0
2017-03-05,3,TEN,16162.0,16500.0
2017-03-05,4,TEN,15930.0,16154.0
2017-03-05,5,TEN,15493.0,15721.0
2017-03-05,6,TEN,14969.0,15377.0
2017-03-05,7,TEN,14764.0,15255.0
2017-03-05,8,TEN,14743.0,15257.0
2017-03-05,9,TEN,14879.0,15422.0
2017-03-05,10,TEN,14991.0,15514.0
2017-03-05,11,TEN,15479.0,15967.0
2017-03-05,12,TEN,16135.0,16606.0
2017-03-05,13,TEN,16609.0,17038.0
2017-03-05,14,TEN,17003.0,17438.0
2017-03-05,15,TEN,16645.0,17085.0
2017-03-05,16,TEN,15999.0,16384.0
2017-03-05,17,TEN,15189.0,15577.0
2017-03-05,18,TEN,14742.0,15073.0
2017-03-05,19,TEN,14564.0,14797.0
2017-03-05,20,TEN,14432.0,14673.0
2017-03-05,21,TEN,14275.0,14574.0
2017-03-05,22,TEN,14393.0,14830.0
2017-03-05,23,TEN,14808.0,15234.0
2017-03-06,0,TEN,15586.0,15912.0
2017-03-06,1,TEN,16459.0,16820.0
2017-03-06,2,TEN,16422.0,16765.0
2017-03-06,3,TEN,16009.0,16298.0
2017-03-06,4,TEN,15302.0,15707.0
2017-03-06,5,TEN,14418.0,14862.0
2017-03-06,6,TEN,13773.0,14217.0
2017-03-06,7,TEN,13351.0,13888.0
2017-03-06,8,TEN,13128.0,13627.0
2017-03-06,9,TEN,13052.0,13604.0
2017-03-06,10,TEN,13269.0,13599.0
2017-03-06,11,TEN,13830.0,14210.0
2017-03-06,12,TEN,15168.0,15580.0
2017-03-06,13,TEN,16511.0,16868.0
2017-03-06,14,TEN,16752.0,17108.0
2017-03-06,15,TEN,16672.0,16997.0
2017-03-06,16,TEN,16663.0,16972.0
2017-03-06,17,TEN,16560.0,16867.0
2017-03-06,18,TEN,16515.0,17015.0
2017-03-06,19,TEN,16289.0,16608.0
2017-03-06,20,TEN,16173.0,16436.0
2017-03-06,21,TEN,15901.0,16242.0
2017-03-06,22,TEN,15780.0,16197.0
2017-03-06,23,TEN,16070.0,16502.0
2017-03-07,0,TEN,16584.0,16976.0
2017-03-07,1,TEN,17561.0,17958.0
2017-03-07,2,TEN,17342.0,17760.0
2017-03-07,3,TEN,16589.0,16963.0
2017-03-07,4,TEN,15703.0,15800.0
2017-03-07,5,TEN,14668.0,14850.0
2017-03-07,6,TEN,13901.0,14150.0
2017-03-07,7,TEN,13352.0,13559.0
2017-03-07,8,TEN,13033.0,13215.0
2017-03-07,9,TEN,12875.0,13088.0
2017-03-07,10,TEN,12781.0,13052.0
2017-03-07,11,TEN,13314.0,13585.0
2017-03-07,12,TEN,14663.0,14947.0
2017-03-07,13,TEN,16039.0,16414.0
2017-03-07,14,TEN,16277.0,16602.0
2017-03-07,15,TEN,16388.0,16703.0
2017-03-07,16,TEN,16456.0,16654.0
2017-03-07,17,TEN,16617.0,16806.0
2017-03-07,18,TEN,16646.0,16958.0
2017-03-07,19,TEN,16657.0,17011.0
2017-03-07,20,TEN,16537.0,16923.0
2017-03-07,21,TEN,16360.0,16787.0
2017-03-07,22,TEN,16435.0,16873.0
2017-03-07,23,TEN,16636.0,17229.0
2017-03-08,0,TEN,17079.0,17504.0
2017-03-08,1,TEN,17841.0,18167.0
2017-03-08,2,TEN,17684.0,17991.0
2017-03-08,3,TEN,17217.0,17374.0
2017-03-08,4,TEN,16546.0,16680.0
2017-03-08,5,TEN,15625.0,15759.0
2017-03-08,6,TEN,14940.0,14999.0
2017-03-08,7,TEN,14544.0,14676.0
2017-03-08,8,TEN,14433.0,14611.0
2017-03-08,9,TEN,14534.0,14699.0
2017-03-08,10,TEN,14772.0,14947.0
2017-03-08,11,TEN,15564.0,15859.0
2017-03-08,12,TEN,17496.0,17938.0
2017-03-08,13,TEN,18745.0,19081.0
2017-03-08,14,TEN,18395.0,18768.0
2017-03-08,15,TEN,17488.0,17886.0
2017-03-08,16,TEN,16800.0,17175.0
2017-03-08,17,TEN,16429.0,16636.0
2017-03-08,18,TEN,16177.0,16372.0
2017-03-08,19,TEN,16151.0,16250.0
2017-03-08,20,TEN,16001.0,16225.0
2017-03-08,21,TEN,15730.0,15979.0
2017-03-08,22,TEN,15784.0,16171.0
2017-03-08,23,TEN,15815.0,16221.0
2017-03-09,0,TEN,16172.0,16569.0
2017-03-09,1,TEN,17216.0,17460.0
2017-03-09,2,TEN,17217.0,17611.0
2017-03-09,3,TEN,17120.0,17302.0
2017-03-09,4,TEN,16376.0,16554.0
2017-03-09,5,TEN,15526.0,15725.0
2017-03-09,6,TEN,15001.0,15214.0
2017-03-09,7,TEN,14759.0,15214.0
2017-03-09,8,TEN,14703.0,14611.0
2017-03-09,9,TEN,14773.0,14699.0
2017-03-09,10,TEN,14936.0,14947.0
2017-03-09,11,TEN,15549.0,15859.0
2017-03-09,12,TEN,17394.0,17938.0
2017-03-09,13,TEN,18654.0,19081.0
2017-03-09,14,TEN,18099.0,18768.0
2017-03-09,15,TEN,17324.0,17886.0
2017-03-09,16,TEN,16767.0,17175.0
2017-03-09,17,TEN,16424.0,16636.0
2017-03-09,18,TEN,16211.0,16372.0
2017-03-09,19,TEN,16005.0,16250.0
2017-03-09,20,TEN,15775.0,16225.0
2017-03-09,21,TEN,15676.0,15979.0
2017-03-09,22,TEN,15713.0,16171.0
2017-03-09,23,TEN,15872.0,16221.0
2017-03-10,0,TEN,16560.0,16569.0
2017-03-10,1,TEN,17437.0,17460.0
2017-03-10,2,TEN,17331.0,17611.0
2017-03-10,3,TEN,17003.0,17302.0
2017-03-10,4,TEN,16115.0,16554.0
2017-03-10,5,TEN,15056.0,15725.0
2017-03-10,6,TEN,14267.0,15214.0
2017-03-10,7,TEN,13600.0,
2017-03-10,8,TEN,13289.0,
2017-03-10,9,TEN,13214.0,
2017-03-10,10,TEN,13238.0,
2017-03-10,11,TEN,13765.0,
2017-03-10,12,TEN,15394.0,
2017-03-10,13,TEN,16678.0,
2017-03-10,14,TEN,16848.0,
2017-03-10,15,TEN,16867.0,
2017-03-10,16,TEN,16894.0,
2017-03-10,17,TEN,16876.0,
2017-03-10,18,TEN,16798.0,
2017-03-10,19,TEN,16614.0,
2017-03-10,20,TEN,16346.0,
2017-03-10,21,TEN,16102.0,
2017-03-10,22,TEN,16050.0,
2017-03-10,23,TEN,16499.0,
2017-03-11,0,TEN,17251.0,
2017-03-11,1,TEN,18185.0,
2017-03-11,2,TEN,18305.0,
2017-03-11,3,TEN,18194.0,
2017-03-11,4,TEN,17788.0,
2017-03-11,5,TEN,17224.0,
2017-03-11,6,TEN,16581.0,
2017-03-11,7,TEN,16431.0,
2017-03-11,8,TEN,16356.0,
2017-03-11,9,TEN,16444.0,
2017-03-11,10,TEN,16712.0,
2017-03-11,11,TEN,17142.0,
2017-03-11,12,TEN,17878.0,
2017-03-11,13,TEN,18634.0,
2017-03-11,14,TEN,19198.0,
2017-03-11,15,TEN,19390.0,
2017-03-11,16,TEN,19168.0,
2017-03-11,17,TEN,18658.0,
2017-03-11,18,TEN,18037.0,
2017-03-11,19,TEN,17466.0,
2017-03-11,20,TEN,16988.0,
2017-03-11,21,TEN,16648.0,
2017-03-11,22,TEN,16564.0,
2017-03-11,23,TEN,16864.0,
2017-03-12,0,TEN,17584.0,
2017-03-12,1,TEN,18609.0,
2017-03-12,2,TEN,18820.0,
2017-03-12,3,TEN,18784.0,
2017-03-12,4,TEN,18406.0,
2017-03-12,5,TEN,17960.0,
2017-03-12,6,TEN,17446.0,
2017-03-12,7,TEN,17027.0,
2017-03-12,8,TEN,17960.0,
2017-03-12,9,TEN,17067.0,
2017-03-12,10,TEN,17960.0,
2017-03-12,11,TEN,17960.0,
2017-03-12,12,TEN,17960.0,
2017-03-12,13,TEN,17960.0,
2017-03-12,14,TEN,17960.0,
2017-03-12,15,TEN,17960.0,
2017-03-12,16,TEN,17960.0,
2017-03-12,17,TEN,17960.0,
2017-03-12,18,TEN,17960.0,
2017-03-12,19,TEN,17960.0,
2017-03-12,20,TEN,17960.0,
2017-03-12,21,TEN,17960.0,
2017-03-12,22,TEN,17960.0,
2017-03-12,23,TEN,17960.0,
2017-03-13,0,TEN,19161.5,19546.5
2017-03-13,1,TEN,19161.5,19546.5
2017-03-13,2,TEN,19161.5,19546.5
2017-03-13,3,TEN,19161.5,19546.5
2017-03-13,4,TEN,19161.5,19546.5
2017-03-13,5,TEN,19161.5,19546.5
2017-03-13,6,TEN,16869.0,16615.0
2017-03-13,7,TEN,17007.0,16836.0
2017-03-13,8,TEN,17095.0,16884.0
2017-03-13,9,TEN,17453.0,17234.0
2017-03-13,10,TEN,18216.0,17974.0
2017-03-13,11,TEN,19746.0,19777.0
2017-03-13,12,TEN,21406.0,21381.0
2017-03-13,13,TEN,21625.0,21587.0
2017-03-13,14,TEN,21079.0,20895.0
2017-03-13,15,TEN,20332.0,20181.0
2017-03-13,16,TEN,20093.0,19964.0
2017-03-13,17,TEN,19662.0,19633.0
2017-03-13,18,TEN,19373.0,19460.0
2017-03-13,19,TEN,19008.0,19185.0
2017-03-13,20,TEN,18821.0,19227.0
2017-03-13,21,TEN,18874.0,19400.0
2017-03-13,22,TEN,19031.0,19859.0
2017-03-13,23,TEN,19292.0,20121.0
2017-03-14,0,TEN,19821.0,20672.0
2017-03-14,1,TEN,20300.0,20922.0
2017-03-14,2,TEN,19947.0,20298.0
2017-03-14,3,TEN,19241.0,19579.0
2017-03-14,4,TEN,18253.0,18140.0
2017-03-14,5,TEN,17382.0,17145.0
2017-03-14,6,TEN,17037.0,16787.0
2017-03-14,7,TEN,16773.0,16598.0
2017-03-14,8,TEN,16753.0,16557.0
2017-03-14,9,TEN,16889.0,16676.0
2017-03-14,10,TEN,17530.0,17322.0
2017-03-14,11,TEN,18882.0,18578.0
2017-03-14,12,TEN,20435.0,20261.0
2017-03-14,13,TEN,20895.0,20840.0
2017-03-14,14,TEN,21135.0,21079.0
2017-03-14,15,TEN,21608.0,21436.0
2017-03-14,16,TEN,21951.0,21821.0
2017-03-14,17,TEN,22077.0,21874.0
2017-03-14,18,TEN,22071.0,21587.0
2017-03-14,19,TEN,21946.0,21238.0
2017-03-14,20,TEN,21884.0,21173.0
2017-03-14,21,TEN,21768.0,21114.0
2017-03-14,22,TEN,21928.0,21127.0
2017-03-14,23,TEN,22269.0,21879.0
2017-03-15,0,TEN,22722.0,22487.0
2017-03-15,1,TEN,23532.0,23188.0
2017-03-15,2,TEN,23373.0,23047.0
2017-03-15,3,TEN,22699.0,22409.0
2017-03-15,4,TEN,21861.0,21614.0
2017-03-15,5,TEN,21305.0,21225.0
2017-03-15,6,TEN,21098.0,20901.0
2017-03-15,7,TEN,21094.0,20884.0
2017-03-15,8,TEN,21095.0,20739.0
2017-03-15,9,TEN,21273.0,20931.0
2017-03-15,10,TEN,21934.0,21733.0
2017-03-15,11,TEN,23248.0,23182.0
2017-03-15,12,TEN,24858.0,24019.0
2017-03-15,13,TEN,24954.0,24034.0
2017-03-15,14,TEN,24309.0,24183.0
2017-03-15,15,TEN,23578.0,23439.0
2017-03-15,16,TEN,22919.0,22778.0
2017-03-15,17,TEN,21991.0,22039.0
2017-03-15,18,TEN,21165.0,21231.0
2017-03-15,19,TEN,20457.0,20512.0
2017-03-15,20,TEN,19955.0,19998.0
2017-03-15,21,TEN,19555.0,19606.0
2017-03-15,22,TEN,19441.0,19709.0
2017-03-15,23,TEN,19667.0,19828.0
2017-03-16,0,TEN,20484.0,20681.0
2017-03-16,1,TEN,22097.0,22125.0
2017-03-16,2,TEN,22578.0,22695.0
2017-03-16,3,TEN,22099.0,22155.0
2017-03-16,4,TEN,21481.0,21534.0
2017-03-16,5,TEN,20958.0,20965.0
2017-03-16,6,TEN,20884.0,20923.0
2017-03-16,7,TEN,20957.0,20997.0
2017-03-16,8,TEN,21360.0,21274.0
2017-03-16,9,TEN,21708.0,21699.0
2017-03-16,10,TEN,22432.0,22404.0
2017-03-16,11,TEN,23742.0,23968.0
2017-03-16,12,TEN,24975.0,24676.0
2017-03-16,13,TEN,24960.0,24583.0
2017-03-16,14,TEN,23799.0,23858.0
2017-03-16,15,TEN,22374.0,22419.0
2017-03-16,16,TEN,21229.0,21133.0
2017-03-16,17,TEN,20246.0,20122.0
2017-03-16,18,TEN,19432.0,19418.0
2017-03-16,19,TEN,18704.0,18706.0
2017-03-16,20,TEN,18114.0,18083.0
2017-03-16,21,TEN,17731.0,17708.0
2017-03-16,22,TEN,17643.0,17632.0
2017-03-16,23,TEN,17691.0,17711.0
2017-03-17,0,TEN,18414.0,18099.0
2017-03-17,1,TEN,19721.0,19318.0
2017-03-17,2,TEN,19836.0,19484.0
2017-03-17,3,TEN,19295.0,19163.0
2017-03-17,4,TEN,18644.0,18653.0
2017-03-17,5,TEN,17784.0,17824.0
2017-03-17,6,TEN,17519.0,17735.0
2017-03-17,7,TEN,17192.0,17573.0
2017-03-17,8,TEN,17147.0,17457.0
2017-03-17,9,TEN,17072.0,17451.0
2017-03-17,10,TEN,17382.0,17832.0
2017-03-17,11,TEN,18425.0,19103.0
2017-03-17,12,TEN,19660.0,20208.0
2017-03-17,13,TEN,19813.0,20359.0
2017-03-17,14,TEN,19572.0,20193.0
2017-03-17,15,TEN,19550.0,19869.0
2017-03-17,16,TEN,19312.0,19641.0
2017-03-17,17,TEN,18602.0,18979.0
2017-03-17,18,TEN,17866.0,18172.0
2017-03-17,19,TEN,17301.0,17669.0
2017-03-17,20,TEN,16778.0,17157.0
2017-03-17,21,TEN,16607.0,16984.0
2017-03-17,22,TEN,16560.0,16978.0
2017-03-17,23,TEN,16594.0,16978.0
2017-03-18,0,TEN,16726.0,16888.0
2017-03-18,1,TEN,17225.0,17307.0
2017-03-18,2,TEN,16849.0,17369.0
2017-03-18,3,TEN,16019.0,16584.0
2017-03-18,4,TEN,15043.0,15535.0
2017-03-18,5,TEN,14197.0,14694.0
2017-03-18,6,TEN,13577.0,14076.0
2017-03-18,7,TEN,13198.0,13692.0
2017-03-18,8,TEN,13072.0,13609.0
2017-03-18,9,TEN,13050.0,13543.0
2017-03-18,10,TEN,13164.0,13615.0
2017-03-18,11,TEN,13584.0,14097.0
2017-03-18,12,TEN,14201.0,14594.0
2017-03-18,13,TEN,14568.0,14966.0
2017-03-18,14,TEN,15055.0,15565.0
2017-03-18,15,TEN,15208.0,15709.0
2017-03-18,16,TEN,15297.0,15783.0
2017-03-18,17,TEN,15159.0,15625.0
2017-03-18,18,TEN,14789.0,15300.0
2017-03-18,19,TEN,14490.0,15011.0
2017-03-18,20,TEN,14314.0,14864.0
2017-03-18,21,TEN,14205.0,14764.0
2017-03-18,22,TEN,14262.0,14886.0
2017-03-18,23,TEN,14384.0,15139.0
2017-03-19,0,TEN,14472.0,15217.0
2017-03-19,1,TEN,15344.0,15962.0
2017-03-19,2,TEN,15534.0,16181.0
2017-03-19,3,TEN,15090.0,15649.0
2017-03-19,4,TEN,14525.0,15124.0
2017-03-19,5,TEN,14062.0,14583.0
2017-03-19,6,TEN,13752.0,14023.0
2017-03-19,7,TEN,13616.0,13929.0
2017-03-19,8,TEN,13850.0,13934.0
2017-03-19,9,TEN,14165.0,14323.0
2017-03-19,10,TEN,14601.0,14516.0
2017-03-19,11,TEN,15333.0,15383.0
2017-03-19,12,TEN,16220.0,16233.0
2017-03-19,13,TEN,16927.0,16908.0
2017-03-19,14,TEN,17138.0,16944.0
2017-03-19,15,TEN,16706.0,16723.0
2017-03-19,16,TEN,15927.0,15889.0
2017-03-19,17,TEN,15338.0,15586.0
2017-03-19,18,TEN,15011.0,15300.0
2017-03-19,19,TEN,14583.0,14865.0
2017-03-19,20,TEN,14256.0,14635.0
2017-03-19,21,TEN,14168.0,14567.0
2017-03-19,22,TEN,14225.0,14616.0
2017-03-19,23,TEN,14440.0,14764.0
2017-03-20,0,TEN,14852.0,15120.0
2017-03-20,1,TEN,16076.0,16193.0
2017-03-20,2,TEN,16235.0,16393.0
2017-03-20,3,TEN,15814.0,16163.0
2017-03-20,4,TEN,15143.0,15567.0
2017-03-20,5,TEN,14504.0,14897.0
2017-03-20,6,TEN,14344.0,14013.0
2017-03-20,7,TEN,14309.0,14090.0
2017-03-20,8,TEN,14549.0,14278.0
2017-03-20,9,TEN,14783.0,14642.0
2017-03-20,10,TEN,15425.0,14978.0
2017-03-20,11,TEN,16864.0,16545.0
2017-03-20,12,TEN,18474.0,17802.0
2017-03-20,13,TEN,18442.0,17536.0
2017-03-20,14,TEN,18078.0,17130.0
2017-03-20,15,TEN,17398.0,16334.0
2017-03-20,16,TEN,16980.0,16084.0
2017-03-20,17,TEN,16766.0,16106.0
2017-03-20,18,TEN,16566.0,15910.0
2017-03-20,19,TEN,16534.0,15747.0
2017-03-20,20,TEN,16508.0,16078.0
2017-03-20,21,TEN,16703.0,16235.0
2017-03-20,22,TEN,16783.0,16395.0
2017-03-20,23,TEN,17111.0,16412.0
2017-03-21,0,TEN,17313.0,16424.0
2017-03-21,1,TEN,17880.0,16727.0
2017-03-21,2,TEN,17646.0,16380.0
2017-03-21,3,TEN,16742.0,15823.0
2017-03-21,4,TEN,15463.0,15077.0
2017-03-21,5,TEN,14289.0,13880.0
2017-03-21,6,TEN,13651.0,13086.0
2017-03-21,7,TEN,13114.0,12572.0
2017-03-21,8,TEN,12921.0,12360.0
2017-03-21,9,TEN,12878.0,12384.0
2017-03-21,10,TEN,13254.0,12714.0
2017-03-21,11,TEN,14369.0,14245.0
2017-03-21,12,TEN,15742.0,15032.0
2017-03-21,13,TEN,15846.0,15291.0
2017-03-21,14,TEN,15971.0,15478.0
2017-03-21,15,TEN,16033.0,15536.0
2017-03-21,16,TEN,16371.0,15800.0
2017-03-21,17,TEN,16646.0,16335.0
2017-03-21,18,TEN,17048.0,16680.0
2017-03-21,19,TEN,17452.0,17101.0
2017-03-21,20,TEN,17598.0,17236.0
2017-03-21,21,TEN,17775.0,17412.0
2017-03-21,22,TEN,17755.0,17490.0
2017-03-21,23,TEN,17577.0,17283.0
2017-03-22,0,TEN,17288.0,17004.0
2017-03-22,1,TEN,17277.0,16412.0
2017-03-22,2,TEN,16977.0,16007.0
2017-03-22,3,TEN,15988.0,15576.0
2017-03-22,4,TEN,14763.0,14690.0
2017-03-22,5,TEN,13737.0,13930.0
2017-03-22,6,TEN,13056.0,13236.0
2017-03-22,7,TEN,12700.0,12943.0
2017-03-22,8,TEN,12406.0,12765.0
2017-03-22,9,TEN,12317.0,12697.0
2017-03-22,10,TEN,12730.0,13059.0
2017-03-22,11,TEN,13995.0,14505.0
2017-03-22,12,TEN,15509.0,16009.0
2017-03-22,13,TEN,15920.0,16265.0
2017-03-22,14,TEN,16011.0,16231.0
2017-03-22,15,TEN,16020.0,16111.0
2017-03-22,16,TEN,16053.0,16061.0
2017-03-22,17,TEN,15933.0,15871.0
2017-03-22,18,TEN,15804.0,15630.0
2017-03-22,19,TEN,15721.0,15453.0
2017-03-22,20,TEN,15529.0,15239.0
2017-03-22,21,TEN,15500.0,15157.0
2017-03-22,22,TEN,15539.0,15495.0
2017-03-22,23,TEN,15634.0,15408.0
2017-03-23,0,TEN,15901.0,15467.0
2017-03-23,1,TEN,16894.0,16915.0
2017-03-23,2,TEN,17086.0,17216.0
2017-03-23,3,TEN,16531.0,16602.0
2017-03-23,4,TEN,15542.0,15651.0
2017-03-23,5,TEN,14767.0,14945.0
2017-03-23,6,TEN,14485.0,14683.0
2017-03-23,7,TEN,14306.0,14551.0
2017-03-23,8,TEN,14255.0,14471.0
2017-03-23,9,TEN,14505.0,14611.0
2017-03-23,10,TEN,15258.0,15262.0
2017-03-23,11,TEN,16818.0,16834.0
2017-03-23,12,TEN,18396.0,17913.0
2017-03-23,13,TEN,18378.0,17918.0
2017-03-23,14,TEN,17778.0,17345.0
2017-03-23,15,TEN,17204.0,16767.0
2017-03-23,16,TEN,16770.0,16312.0
2017-03-23,17,TEN,16508.0,16475.0
2017-03-23,18,TEN,16276.0,16161.0
2017-03-23,19,TEN,16095.0,15923.0
2017-03-23,20,TEN,15926.0,15634.0
2017-03-23,21,TEN,15970.0,15750.0
2017-03-23,22,TEN,15855.0,15927.0
2017-03-23,23,TEN,15938.0,15945.0
2017-03-24,0,TEN,16082.0,16072.0
2017-03-24,1,TEN,16973.0,17045.0
2017-03-24,2,TEN,16898.0,16890.0
2017-03-24,3,TEN,16062.0,16140.0
2017-03-24,4,TEN,14939.0,15212.0
2017-03-24,5,TEN,13913.0,14205.0
2017-03-24,6,TEN,13399.0,13716.0
2017-03-24,7,TEN,12989.0,13450.0
2017-03-24,8,TEN,12774.0,13184.0
2017-03-24,9,TEN,12759.0,13158.0
2017-03-24,10,TEN,13098.0,13539.0
2017-03-24,11,TEN,14278.0,14681.0
2017-03-24,12,TEN,15633.0,15675.0
2017-03-24,13,TEN,15756.0,15883.0
2017-03-24,14,TEN,15686.0,15838.0
2017-03-24,15,TEN,15698.0,15688.0
2017-03-24,16,TEN,15801.0,15756.0
2017-03-24,17,TEN,15779.0,15629.0
2017-03-24,18,TEN,15719.0,15699.0
2017-03-24,19,TEN,15774.0,15716.0
2017-03-24,20,TEN,15609.0,15557.0
2017-03-24,21,TEN,15658.0,15505.0
2017-03-24,22,TEN,15677.0,15748.0
2017-03-24,23,TEN,15538.0,15649.0
2017-03-25,0,TEN,15613.0,15567.0
2017-03-25,1,TEN,16134.0,16044.0
2017-03-25,2,TEN,15911.0,15897.0
2017-03-25,3,TEN,15308.0,15231.0
2017-03-25,4,TEN,14340.0,14760.0
2017-03-25,5,TEN,13407.0,13850.0
2017-03-25,6,TEN,12760.0,12863.0
2017-03-25,7,TEN,12286.0,12575.0
2017-03-25,8,TEN,12034.0,12273.0
2017-03-25,9,TEN,11909.0,12172.0
2017-03-25,10,TEN,12019.0,12261.0
2017-03-25,11,TEN,12375.0,12604.0
2017-03-25,12,TEN,12943.0,12862.0
2017-03-25,13,TEN,13387.0,13121.0
2017-03-25,14,TEN,14071.0,13803.0
2017-03-25,15,TEN,14557.0,14191.0
2017-03-25,16,TEN,14744.0,14441.0
2017-03-25,17,TEN,14695.0,14394.0
2017-03-25,18,TEN,14716.0,14332.0
2017-03-25,19,TEN,14632.0,14464.0
2017-03-25,20,TEN,14488.0,14346.0
2017-03-25,21,TEN,14557.0,14422.0
2017-03-25,22,TEN,14571.0,14428.0
2017-03-25,23,TEN,14620.0,14462.0
2017-03-26,0,TEN,14685.0,14562.0
2017-03-26,1,TEN,15238.0,15049.0
2017-03-26,2,TEN,15074.0,14967.0
2017-03-26,3,TEN,14514.0,14442.0
2017-03-26,4,TEN,13566.0,13917.0
2017-03-26,5,TEN,12633.0,13103.0
2017-03-26,6,TEN,11996.0,12353.0
2017-03-26,7,TEN,11584.0,11947.0
2017-03-26,8,TEN,11339.0,11656.0
2017-03-26,9,TEN,11254.0,11555.0
2017-03-26,10,TEN,11299.0,11579.0
2017-03-26,11,TEN,11635.0,11760.0
2017-03-26,12,TEN,12148.0,12059.0
2017-03-26,13,TEN,12701.0,12456.0
2017-03-26,14,TEN,13493.0,13159.0
2017-03-26,15,TEN,13888.0,13491.0
2017-03-26,16,TEN,13981.0,13511.0
2017-03-26,17,TEN,14028.0,13543.0
2017-03-26,18,TEN,14073.0,13652.0
2017-03-26,19,TEN,14296.0,13963.0
2017-03-26,20,TEN,14373.0,14159.0
2017-03-26,21,TEN,14513.0,14319.0
2017-03-26,22,TEN,14784.0,14606.0
2017-03-26,23,TEN,14951.0,14871.0
2017-03-27,0,TEN,15084.0,15330.0
2017-03-27,1,TEN,15917.0,15733.0
2017-03-27,2,TEN,15760.0,15323.0
2017-03-27,3,TEN,14952.0,14786.0
2017-03-27,4,TEN,13846.0,14142.0
2017-03-27,5,TEN,12876.0,13285.0
2017-03-27,6,TEN,12313.0,12463.0
2017-03-27,7,TEN,11973.0,12130.0
2017-03-27,8,TEN,11850.0,12097.0
2017-03-27,9,TEN,11929.0,12172.0
2017-03-27,10,TEN,12274.0,12508.0
2017-03-27,11,TEN,13668.0,13759.0
2017-03-27,12,TEN,15013.0,14811.0
2017-03-27,13,TEN,15306.0,14917.0
2017-03-27,14,TEN,15523.0,14877.0
2017-03-27,15,TEN,15660.0,14830.0
2017-03-27,16,TEN,16001.0,14955.0
2017-03-27,17,TEN,16150.0,15178.0
2017-03-27,18,TEN,16450.0,16020.0
2017-03-27,19,TEN,16610.0,16001.0
2017-03-27,20,TEN,16707.0,16048.0
2017-03-27,21,TEN,16831.0,16275.0
2017-03-27,22,TEN,16818.0,15926.0
2017-03-27,23,TEN,16762.0,15933.0
2017-03-28,0,TEN,16934.0,15970.0
2017-03-28,1,TEN,17311.0,16254.0
2017-03-28,2,TEN,16849.0,15868.0
2017-03-28,3,TEN,15933.0,14744.0
2017-03-28,4,TEN,14690.0,13860.0
2017-03-28,5,TEN,13650.0,13191.0
2017-03-28,6,TEN,13031.0,12524.0
2017-03-28,7,TEN,12667.0,12097.0
2017-03-28,8,TEN,12412.0,11955.0
2017-03-28,9,TEN,12388.0,12010.0
2017-03-28,10,TEN,12731.0,12534.0
2017-03-28,11,TEN,14019.0,13849.0
2017-03-28,12,TEN,15343.0,14751.0
2017-03-28,13,TEN,15579.0,14896.0
2017-03-28,14,TEN,15706.0,15059.0
2017-03-28,15,TEN,15839.0,15241.0
2017-03-28,16,TEN,16101.0,15231.0
2017-03-28,17,TEN,16206.0,15389.0
2017-03-28,18,TEN,16456.0,15917.0
2017-03-28,19,TEN,16575.0,16074.0
2017-03-28,20,TEN,16739.0,16208.0
2017-03-28,21,TEN,16944.0,16452.0
2017-03-28,22,TEN,17062.0,16647.0
2017-03-28,23,TEN,17216.0,16733.0
2017-03-29,0,TEN,17068.0,16622.0
2017-03-29,1,TEN,17614.0,16819.0
2017-03-29,2,TEN,17361.0,16652.0
2017-03-29,3,TEN,16300.0,15910.0
2017-03-29,4,TEN,14910.0,14667.0
2017-03-29,5,TEN,13703.0,13585.0
2017-03-29,6,TEN,13114.0,12958.0
2017-03-29,7,TEN,12609.0,12477.0
2017-03-29,8,TEN,12349.0,12211.0
2017-03-29,9,TEN,12508.0,12331.0
2017-03-29,10,TEN,12797.0,12599.0
2017-03-29,11,TEN,14107.0,14221.0
2017-03-29,12,TEN,15352.0,15265.0
2017-03-29,13,TEN,15443.0,15379.0
2017-03-29,14,TEN,15548.0,15415.0
2017-03-29,15,TEN,15658.0,15515.0
2017-03-29,16,TEN,15958.0,15730.0
2017-03-29,17,TEN,16352.0,15642.0
2017-03-29,18,TEN,16760.0,15855.0
2017-03-29,19,TEN,17284.0,15971.0
2017-03-29,20,TEN,17693.0,16579.0
2017-03-29,21,TEN,18073.0,16988.0
2017-03-29,22,TEN,18353.0,17204.0
2017-03-29,23,TEN,18364.0,17269.0
2017-03-30,0,TEN,18176.0,16985.0
2017-03-30,1,TEN,18453.0,17108.0
2017-03-30,2,TEN,18229.0,17117.0
2017-03-30,3,TEN,17097.0,16330.0
2017-03-30,4,TEN,15697.0,15365.0
2017-03-30,5,TEN,14462.0,14535.0
2017-03-30,6,TEN,13630.0,13509.0
2017-03-30,7,TEN,13107.0,12930.0
2017-03-30,8,TEN,12754.0,12847.0
2017-03-30,9,TEN,12716.0,12851.0
2017-03-30,10,TEN,12960.0,13346.0
2017-03-30,11,TEN,14154.0,14539.0
2017-03-30,12,TEN,15412.0,15412.0
2017-03-30,13,TEN,15490.0,15475.0
2017-03-30,14,TEN,15751.0,15713.0
2017-03-30,15,TEN,16156.0,16085.0
2017-03-30,16,TEN,16742.0,16563.0
2017-03-30,17,TEN,16980.0,17069.0
2017-03-30,18,TEN,17110.0,16842.0
2017-03-30,19,TEN,17203.0,16823.0
2017-03-30,20,TEN,17272.0,16843.0
2017-03-30,21,TEN,17312.0,16969.0
2017-03-30,22,TEN,17260.0,17006.0
2017-03-30,23,TEN,17243.0,16692.0
2017-03-31,0,TEN,17067.0,16612.0
2017-03-31,1,TEN,17330.0,16806.0
2017-03-31,2,TEN,17134.0,16769.0
2017-03-31,3,TEN,16201.0,16156.0
2017-03-31,4,TEN,14713.0,15139.0
2017-03-31,5,TEN,13727.0,14079.0
2017-03-31,6,TEN,12976.0,13047.0
2017-03-31,7,TEN,12521.0,12466.0
2017-03-31,8,TEN,12207.0,12108.0
2017-03-31,9,TEN,11999.0,12011.0
2017-03-31,10,TEN,12232.0,11968.0
2017-03-31,11,TEN,13383.0,13693.0
2017-03-31,12,TEN,14659.0,15026.0
2017-03-31,13,TEN,14846.0,15261.0
2017-03-31,14,TEN,15098.0,15281.0
2017-03-31,15,TEN,15223.0,15589.0
2017-03-31,16,TEN,15375.0,15632.0
2017-03-31,17,TEN,15430.0,15671.0
2017-03-31,18,TEN,15404.0,15612.0
2017-03-31,19,TEN,15259.0,15521.0
2017-03-31,20,TEN,15284.0,15507.0
2017-03-31,21,TEN,15281.0,15558.0
2017-03-31,22,TEN,15410.0,15751.0
2017-03-31,23,TEN,15451.0,15765.0
2017-04-01,0,TEN,15398.0,15737.0
2017-04-01,1,TEN,15895.0,16246.0
2017-04-01,2,TEN,15731.0,15946.0
2017-04-01,3,TEN,15152.0,15297.0
2017-04-01,4,TEN,14359.0,14562.0
2017-04-01,5,TEN,13479.0,13321.0
2017-04-01,6,TEN,12791.0,12277.0
2017-04-01,7,TEN,12396.0,11964.0
2017-04-01,8,TEN,12163.0,11769.0
2017-04-01,9,TEN,12046.0,11686.0
2017-04-01,10,TEN,12276.0,12136.0
2017-04-01,11,TEN,12865.0,12629.0
2017-04-01,12,TEN,13376.0,13257.0
2017-04-01,13,TEN,13920.0,13844.0
2017-04-01,14,TEN,14662.0,14334.0
2017-04-01,15,TEN,15016.0,14709.0
2017-04-01,16,TEN,15005.0,14646.0
2017-04-01,17,TEN,14791.0,14491.0
2017-04-01,18,TEN,14509.0,14126.0
2017-04-01,19,TEN,14287.0,13906.0
2017-04-01,20,TEN,14154.0,13989.0
2017-04-01,21,TEN,14300.0,13944.0
2017-04-01,22,TEN,14468.0,13975.0
2017-04-01,23,TEN,14565.0,14056.0
2017-04-02,0,TEN,14550.0,14057.0
2017-04-02,1,TEN,15179.0,14561.0
2017-04-02,2,TEN,15262.0,14656.0
2017-04-02,3,TEN,14675.0,14137.0
2017-04-02,4,TEN,13898.0,13255.0
2017-04-02,5,TEN,13175.0,12767.0
2017-04-02,6,TEN,12658.0,12285.0
2017-04-02,7,TEN,12356.0,11993.0
2017-04-02,8,TEN,12280.0,11908.0
2017-04-02,9,TEN,12340.0,11867.0
2017-04-02,10,TEN,12498.0,12064.0
2017-04-02,11,TEN,12998.0,12551.0
2017-04-02,12,TEN,13543.0,12801.0
2017-04-02,13,TEN,14196.0,13360.0
2017-04-02,14,TEN,14440.0,13751.0
2017-04-02,15,TEN,14167.0,13522.0
2017-04-02,16,TEN,13945.0,13495.0
2017-04-02,17,TEN,13920.0,13272.0
2017-04-02,18,TEN,14073.0,13364.0
2017-04-02,19,TEN,14253.0,13583.0
2017-04-02,20,TEN,14545.0,13804.0
2017-04-02,21,TEN,14986.0,14201.0
2017-04-02,22,TEN,15480.0,14613.0
2017-04-02,23,TEN,15736.0,14926.0
2017-04-03,0,TEN,15830.0,15285.0
2017-04-03,1,TEN,16501.0,15540.0
2017-04-03,2,TEN,16119.0,15196.0
2017-04-03,3,TEN,15113.0,14228.0
2017-04-03,4,TEN,14099.0,13763.0
2017-04-03,5,TEN,13086.0,12850.0
2017-04-03,6,TEN,12471.0,12207.0
2017-04-03,7,TEN,12151.0,11967.0
2017-04-03,8,TEN,11982.0,11814.0
2017-04-03,9,TEN,12068.0,11914.0
2017-04-03,10,TEN,12587.0,12363.0
2017-04-03,11,TEN,14002.0,13582.0
2017-04-03,12,TEN,15288.0,14624.0
2017-04-03,13,TEN,15631.0,14697.0
2017-04-03,14,TEN,15908.0,15006.0
2017-04-03,15,TEN,16037.0,15188.0
2017-04-03,16,TEN,16164.0,15059.0
2017-04-03,17,TEN,16281.0,15106.0
2017-04-03,18,TEN,16260.0,15116.0
2017-04-03,19,TEN,16001.0,14856.0
2017-04-03,20,TEN,15952.0,15194.0
2017-04-03,21,TEN,15902.0,15290.0
2017-04-03,22,TEN,16097.0,15548.0
2017-04-03,23,TEN,16324.0,15424.0
2017-04-04,0,TEN,16358.0,15399.0
2017-04-04,1,TEN,17017.0,15791.0
2017-04-04,2,TEN,16995.0,15995.0
2017-04-04,3,TEN,15936.0,14937.0
2017-04-04,4,TEN,14787.0,14124.0
2017-04-04,5,TEN,13712.0,13261.0
2017-04-04,6,TEN,12981.0,12474.0
2017-04-04,7,TEN,12556.0,12197.0
2017-04-04,8,TEN,12355.0,12007.0
2017-04-04,9,TEN,12338.0,12013.0
2017-04-04,10,TEN,12821.0,12405.0
2017-04-04,11,TEN,13959.0,13666.0
2017-04-04,12,TEN,15128.0,14724.0
2017-04-04,13,TEN,15486.0,15106.0
2017-04-04,14,TEN,15553.0,15195.0
2017-04-04,15,TEN,15941.0,15471.0
2017-04-04,16,TEN,16358.0,15952.0
2017-04-04,17,TEN,16478.0,15830.0
2017-04-04,18,TEN,16690.0,15795.0
2017-04-04,19,TEN,16902.0,15858.0
2017-04-04,20,TEN,17422.0,16384.0
2017-04-04,21,TEN,17833.0,16844.0
2017-04-04,22,TEN,18206.0,17132.0
2017-04-04,23,TEN,18270.0,17137.0
2017-04-05,0,TEN,18047.0,17062.0
2017-04-05,1,TEN,18389.0,17453.0
2017-04-05,2,TEN,18219.0,17464.0
2017-04-05,3,TEN,16964.0,16458.0
2017-04-05,4,TEN,15625.0,15371.0
2017-04-05,5,TEN,14342.0,13433.0
2017-04-05,6,TEN,13374.0,12866.0
2017-04-05,7,TEN,12892.0,12769.0
2017-04-05,8,TEN,12542.0,12532.0
2017-04-05,9,TEN,12632.0,12570.0
2017-04-05,10,TEN,13079.0,12905.0
2017-04-05,11,TEN,14338.0,14310.0
2017-04-05,12,TEN,15509.0,14990.0
2017-04-05,13,TEN,15667.0,15351.0
2017-04-05,14,TEN,15915.0,15519.0
2017-04-05,15,TEN,16213.0,15768.0
2017-04-05,16,TEN,16486.0,15926.0
2017-04-05,17,TEN,16713.0,16048.0
2017-04-05,18,TEN,16974.0,16315.0
2017-04-05,19,TEN,17077.0,16307.0
2017-04-05,20,TEN,17112.0,16577.0
2017-04-05,21,TEN,17210.0,16408.0
2017-04-05,22,TEN,17173.0,16405.0
2017-04-05,23,TEN,16995.0,16219.0
2017-04-06,0,TEN,16672.0,15950.0
2017-04-06,1,TEN,16948.0,16134.0
2017-04-06,2,TEN,16741.0,16211.0
2017-04-06,3,TEN,15821.0,15216.0
2017-04-06,4,TEN,14295.0,14249.0
2017-04-06,5,TEN,13286.0,13253.0
2017-04-06,6,TEN,12740.0,12672.0
2017-04-06,7,TEN,12525.0,12418.0
2017-04-06,8,TEN,12530.0,12470.0
2017-04-06,9,TEN,12643.0,12582.0
2017-04-06,10,TEN,13227.0,13132.0
2017-04-06,11,TEN,14704.0,14739.0
2017-04-06,12,TEN,16338.0,15613.0
2017-04-06,13,TEN,16795.0,15936.0
2017-04-06,14,TEN,17078.0,16224.0
2017-04-06,15,TEN,17220.0,16206.0
2017-04-06,16,TEN,17286.0,16240.0
2017-04-06,17,TEN,17187.0,15944.0
2017-04-06,18,TEN,17027.0,15909.0
2017-04-06,19,TEN,16738.0,15721.0
2017-04-06,20,TEN,16466.0,15420.0
2017-04-06,21,TEN,16407.0,15566.0
2017-04-06,22,TEN,16371.0,15599.0
2017-04-06,23,TEN,16471.0,15658.0
2017-04-07,0,TEN,16830.0,15739.0
2017-04-07,1,TEN,17646.0,16228.0
2017-04-07,2,TEN,17864.0,16415.0
2017-04-07,3,TEN,17188.0,15787.0
2017-04-07,4,TEN,16007.0,15236.0
2017-04-07,5,TEN,15189.0,14271.0
2017-04-07,6,TEN,14755.0,13616.0
2017-04-07,7,TEN,14520.0,13353.0
2017-04-07,8,TEN,14532.0,13379.0
2017-04-07,9,TEN,14728.0,13617.0
2017-04-07,10,TEN,15360.0,14198.0
2017-04-07,11,TEN,16834.0,15834.0
2017-04-07,12,TEN,18253.0,17181.0
2017-04-07,13,TEN,18141.0,17087.0
2017-04-07,14,TEN,17615.0,16663.0
2017-04-07,15,TEN,17335.0,16621.0
2017-04-07,16,TEN,16712.0,16196.0
2017-04-07,17,TEN,16445.0,15816.0
2017-04-07,18,TEN,16024.0,15312.0
2017-04-07,19,TEN,15642.0,14892.0
2017-04-07,20,TEN,15356.0,14660.0
2017-04-07,21,TEN,15166.0,14499.0
2017-04-07,22,TEN,15013.0,14340.0
2017-04-07,23,TEN,15143.0,14491.0
2017-04-08,0,TEN,15102.0,14513.0
2017-04-08,1,TEN,15959.0,15254.0
2017-04-08,2,TEN,16374.0,15603.0
2017-04-08,3,TEN,16039.0,15285.0
2017-04-08,4,TEN,15396.0,14759.0
2017-04-08,5,TEN,14743.0,13799.0
2017-04-08,6,TEN,14424.0,13499.0
2017-04-08,7,TEN,14222.0,13363.0
2017-04-08,8,TEN,14439.0,13608.0
2017-04-08,9,TEN,14647.0,13829.0
2017-04-08,10,TEN,15084.0,14224.0
2017-04-08,11,TEN,15728.0,14654.0
2017-04-08,12,TEN,16347.0,15721.0
2017-04-08,13,TEN,16851.0,16127.0
2017-04-08,14,TEN,16714.0,16083.0
2017-04-08,15,TEN,16208.0,15719.0
2017-04-08,16,TEN,15620.0,14974.0
2017-04-08,17,TEN,15070.0,14364.0
2017-04-08,18,TEN,14646.0,13951.0
2017-04-08,19,TEN,14381.0,13612.0
2017-04-08,20,TEN,14192.0,13415.0
2017-04-08,21,TEN,14245.0,13512.0
2017-04-08,22,TEN,14489.0,13637.0
2017-04-08,23,TEN,14739.0,14030.0
2017-04-09,0,TEN,14703.0,13805.0
2017-04-09,1,TEN,15273.0,14340.0
2017-04-09,2,TEN,15363.0,14339.0
2017-04-09,3,TEN,14773.0,13762.0
2017-04-09,4,TEN,14032.0,13464.0
2017-04-09,5,TEN,13302.0,12974.0
2017-04-09,6,TEN,12861.0,12654.0
2017-04-09,7,TEN,12665.0,12471.0
2017-04-09,8,TEN,12566.0,12401.0
2017-04-09,9,TEN,12656.0,12520.0
2017-04-09,10,TEN,12915.0,12785.0
2017-04-09,11,TEN,13369.0,13369.0
2017-04-09,12,TEN,14064.0,14065.0
2017-04-09,13,TEN,14733.0,14727.0
2017-04-09,14,TEN,14912.0,14861.0
2017-04-09,15,TEN,14631.0,14561.0
2017-04-09,16,TEN,14239.0,14167.0
2017-04-09,17,TEN,14211.0,13990.0
2017-04-09,18,TEN,14358.0,14169.0
2017-04-09,19,TEN,14479.0,14055.0
2017-04-09,20,TEN,14714.0,14286.0
2017-04-09,21,TEN,15036.0,14967.0
2017-04-09,22,TEN,15502.0,15093.0
2017-04-09,23,TEN,15684.0,15365.0
2017-04-10,0,TEN,15751.0,15616.0
2017-04-10,1,TEN,16308.0,16165.0
2017-04-10,2,TEN,16384.0,16283.0
2017-04-10,3,TEN,15494.0,15296.0
2017-04-10,4,TEN,14261.0,14133.0
2017-04-10,5,TEN,13154.0,13046.0
2017-04-10,6,TEN,12476.0,12374.0
2017-04-10,7,TEN,12124.0,12254.0
2017-04-10,8,TEN,11965.0,12070.0
2017-04-10,9,TEN,12023.0,12134.0
2017-04-10,10,TEN,12581.0,12702.0
2017-04-10,11,TEN,14012.0,14267.0
2017-04-10,12,TEN,15356.0,15257.0
2017-04-10,13,TEN,15655.0,15401.0
2017-04-10,14,TEN,15801.0,15478.0
2017-04-10,15,TEN,15978.0,15579.0
2017-04-10,16,TEN,16347.0,15637.0
2017-04-10,17,TEN,16548.0,15918.0
2017-04-10,18,TEN,16709.0,16180.0
2017-04-10,19,TEN,16882.0,16105.0
2017-04-10,20,TEN,17126.0,16401.0
2017-04-10,21,TEN,17521.0,16996.0
2017-04-10,22,TEN,17760.0,17298.0
2017-04-10,23,TEN,17680.0,17000.0
2017-04-11,0,TEN,17527.0,16838.0
2017-04-11,1,TEN,18050.0,17246.0
2017-04-11,2,TEN,17953.0,17357.0
2017-04-11,3,TEN,16893.0,16515.0
2017-04-11,4,TEN,15421.0,15180.0
2017-04-11,5,TEN,14086.0,14182.0
2017-04-11,6,TEN,13338.0,13651.0
2017-04-11,7,TEN,12834.0,13277.0
2017-04-11,8,TEN,12519.0,13122.0
2017-04-11,9,TEN,12509.0,13042.0
2017-04-11,10,TEN,12965.0,13375.0
2017-04-11,11,TEN,14266.0,14719.0
2017-04-11,12,TEN,15507.0,15783.0
2017-04-11,13,TEN,15766.0,15908.0
2017-04-11,14,TEN,15920.0,15834.0
2017-04-11,15,TEN,16057.0,15715.0
2017-04-11,16,TEN,16582.0,15753.0
2017-04-11,17,TEN,16878.0,16070.0
2017-04-11,18,TEN,17119.0,16430.0
2017-04-11,19,TEN,17410.0,16644.0
2017-04-11,20,TEN,17527.0,16623.0
2017-04-11,21,TEN,17766.0,16904.0
2017-04-11,22,TEN,17771.0,17008.0
2017-04-11,23,TEN,17767.0,17190.0
2017-04-12,0,TEN,17614.0,17052.0
2017-04-12,1,TEN,18041.0,17469.0
2017-04-12,2,TEN,17911.0,17365.0
2017-04-12,3,TEN,16901.0,16114.0
2017-04-12,4,TEN,15410.0,14934.0
2017-04-12,5,TEN,14124.0,13745.0
2017-04-12,6,TEN,13431.0,13259.0
2017-04-12,7,TEN,12859.0,12720.0
2017-04-12,8,TEN,12516.0,12371.0
2017-04-12,9,TEN,12424.0,12304.0
2017-04-12,10,TEN,12750.0,12636.0
2017-04-12,11,TEN,13932.0,13801.0
2017-04-12,12,TEN,15003.0,14586.0
2017-04-12,13,TEN,15246.0,14667.0
2017-04-12,14,TEN,15465.0,14946.0
2017-04-12,15,TEN,15715.0,15178.0
2017-04-12,16,TEN,16177.0,15678.0
2017-04-12,17,TEN,16508.0,15937.0
2017-04-12,18,TEN,16878.0,16082.0
2017-04-12,19,TEN,17292.0,16472.0
2017-04-12,20,TEN,17723.0,16897.0
2017-04-12,21,TEN,18244.0,17773.0
2017-04-12,22,TEN,18675.0,18033.0
2017-04-12,23,TEN,18117.0,17701.0
2017-04-13,0,TEN,18400.0,18081.0
2017-04-13,1,TEN,18353.0,17617.0
2017-04-13,2,TEN,18271.0,17555.0
2017-04-13,3,TEN,17125.0,16753.0
2017-04-13,4,TEN,15527.0,15595.0
2017-04-13,5,TEN,14133.0,14233.0
2017-04-13,6,TEN,13295.0,13371.0
2017-04-13,7,TEN,12799.0,12958.0
2017-04-13,8,TEN,12500.0,12679.0
2017-04-13,9,TEN,12396.0,12724.0
2017-04-13,10,TEN,12971.0,13269.0
2017-04-13,11,TEN,14283.0,14458.0
2017-04-13,12,TEN,15375.0,15200.0
2017-04-13,13,TEN,15634.0,15360.0
2017-04-13,14,TEN,15757.0,15764.0
2017-04-13,15,TEN,16109.0,16113.0
2017-04-13,16,TEN,16654.0,16018.0
2017-04-13,17,TEN,17000.0,16098.0
2017-04-13,18,TEN,17548.0,16630.0
2017-04-13,19,TEN,18122.0,17293.0
2017-04-13,20,TEN,18665.0,17714.0
2017-04-13,21,TEN,19325.0,18199.0
2017-04-13,22,TEN,19620.0,18580.0
2017-04-13,23,TEN,19453.0,18411.0
2017-04-14,0,TEN,18846.0,18087.0
2017-04-14,1,TEN,18725.0,17723.0
2017-04-14,2,TEN,18375.0,17596.0
2017-04-14,3,TEN,17155.0,17039.0
2017-04-14,4,TEN,15554.0,15849.0
2017-04-14,5,TEN,14087.0,14444.0
2017-04-14,6,TEN,13115.0,13479.0
2017-04-14,7,TEN,12573.0,12988.0
2017-04-14,8,TEN,12220.0,12637.0
2017-04-14,9,TEN,11959.0,12422.0
2017-04-14,10,TEN,12163.0,12534.0
2017-04-14,11,TEN,12931.0,13375.0
2017-04-14,12,TEN,13551.0,13922.0
2017-04-14,13,TEN,14102.0,14506.0
2017-04-14,14,TEN,14701.0,15107.0
2017-04-14,15,TEN,15290.0,15606.0
2017-04-14,16,TEN,16013.0,16362.0
2017-04-14,17,TEN,16815.0,16664.0
2017-04-14,18,TEN,17461.0,17040.0
2017-04-14,19,TEN,18131.0,17731.0
2017-04-14,20,TEN,18530.0,18077.0
2017-04-14,21,TEN,18928.0,18212.0
2017-04-14,22,TEN,19027.0,18300.0
2017-04-14,23,TEN,18855.0,18070.0
2017-04-15,0,TEN,18183.0,17698.0
2017-04-15,1,TEN,18030.0,17494.0
2017-04-15,2,TEN,17648.0,17582.0
2017-04-15,3,TEN,16679.0,16695.0
2017-04-15,4,TEN,15373.0,15686.0
2017-04-15,5,TEN,14054.0,14440.0
2017-04-15,6,TEN,13120.0,13513.0
2017-04-15,7,TEN,12429.0,12890.0
2017-04-15,8,TEN,12010.0,12420.0
2017-04-15,9,TEN,11737.0,12153.0
2017-04-15,10,TEN,11743.0,12196.0
2017-04-15,11,TEN,12006.0,12464.0
2017-04-15,12,TEN,12184.0,12585.0
2017-04-15,13,TEN,13021.0,13575.0
2017-04-15,14,TEN,14000.0,14457.0
2017-04-15,15,TEN,15054.0,15145.0
2017-04-15,16,TEN,15837.0,15902.0
2017-04-15,17,TEN,16598.0,16671.0
2017-04-15,18,TEN,17116.0,17108.0
2017-04-15,19,TEN,17657.0,17704.0
2017-04-15,20,TEN,18135.0,18162.0
2017-04-15,21,TEN,18482.0,18341.0
2017-04-15,22,TEN,18631.0,18499.0
2017-04-15,23,TEN,18490.0,18403.0
2017-04-16,0,TEN,17936.0,17821.0
2017-04-16,1,TEN,17711.0,17749.0
2017-04-16,2,TEN,17591.0,17828.0
2017-04-16,3,TEN,16665.0,17143.0
2017-04-16,4,TEN,15327.0,15943.0
2017-04-16,5,TEN,14153.0,14499.0
2017-04-16,6,TEN,13015.0,13399.0
2017-04-16,7,TEN,12458.0,12824.0
2017-04-16,8,TEN,12054.0,12359.0
2017-04-16,9,TEN,11739.0,12167.0
2017-04-16,10,TEN,11750.0,12053.0
2017-04-16,11,TEN,12063.0,12307.0
2017-04-16,12,TEN,12323.0,12656.0
2017-04-16,13,TEN,13293.0,13733.0
2017-04-16,14,TEN,14354.0,14448.0
2017-04-16,15,TEN,14906.0,14907.0
2017-04-16,16,TEN,15222.0,15173.0
2017-04-16,17,TEN,15833.0,15688.0
2017-04-16,18,TEN,16369.0,16266.0
2017-04-16,19,TEN,16764.0,16532.0
2017-04-16,20,TEN,17075.0,16676.0
2017-04-16,21,TEN,17362.0,16900.0
2017-04-16,22,TEN,17472.0,17196.0
2017-04-16,23,TEN,17252.0,17062.0
2017-04-17,0,TEN,16964.0,16806.0
2017-04-17,1,TEN,17054.0,16989.0
2017-04-17,2,TEN,17024.0,16817.0
2017-04-17,3,TEN,15934.0,15786.0
2017-04-17,4,TEN,14693.0,15007.0
2017-04-17,5,TEN,13539.0,13970.0
2017-04-17,6,TEN,12738.0,13010.0
2017-04-17,7,TEN,12318.0,12680.0
2017-04-17,8,TEN,12133.0,12448.0
2017-04-17,9,TEN,12092.0,12442.0
2017-04-17,10,TEN,12536.0,12900.0
2017-04-17,11,TEN,13713.0,14110.0
2017-04-17,12,TEN,14966.0,15288.0
2017-04-17,13,TEN,15507.0,16009.0
2017-04-17,14,TEN,16029.0,16352.0
2017-04-17,15,TEN,16583.0,16829.0
2017-04-17,16,TEN,17259.0,17012.0
2017-04-17,17,TEN,17771.0,17224.0
2017-04-17,18,TEN,18097.0,17547.0
2017-04-17,19,TEN,18443.0,17868.0
2017-04-17,20,TEN,18578.0,18099.0
2017-04-17,21,TEN,18504.0,18080.0
2017-04-17,22,TEN,18364.0,18016.0
2017-04-17,23,TEN,18106.0,17955.0
2017-04-18,0,TEN,17924.0,17529.0
2017-04-18,1,TEN,18095.0,17545.0
2017-04-18,2,TEN,18046.0,17507.0
2017-04-18,3,TEN,17013.0,16718.0
2017-04-18,4,TEN,15565.0,15586.0
2017-04-18,5,TEN,14322.0,14601.0
2017-04-18,6,TEN,13508.0,13707.0
2017-04-18,7,TEN,12962.0,13258.0
2017-04-18,8,TEN,12609.0,12947.0
2017-04-18,9,TEN,12738.0,13102.0
2017-04-18,10,TEN,13062.0,13400.0
2017-04-18,11,TEN,14308.0,14608.0
2017-04-18,12,TEN,15598.0,15927.0
2017-04-18,13,TEN,15919.0,16243.0
2017-04-18,14,TEN,16194.0,16500.0
2017-04-18,15,TEN,16587.0,16749.0
2017-04-18,16,TEN,16980.0,16807.0
2017-04-18,17,TEN,17245.0,16989.0
2017-04-18,18,TEN,17523.0,17119.0
2017-04-18,19,TEN,17862.0,17704.0
2017-04-18,20,TEN,18126.0,17889.0
2017-04-18,21,TEN,18324.0,18159.0
2017-04-18,22,TEN,18347.0,18186.0
2017-04-18,23,TEN,18293.0,18024.0
2017-04-19,0,TEN,18015.0,17751.0
2017-04-19,1,TEN,18421.0,18044.0
2017-04-19,2,TEN,18168.0,17810.0
2017-04-19,3,TEN,17067.0,16675.0
2017-04-19,4,TEN,15672.0,15743.0
2017-04-19,5,TEN,14502.0,14807.0
2017-04-19,6,TEN,13576.0,13925.0
2017-04-19,7,TEN,13143.0,13519.0
2017-04-19,8,TEN,12801.0,13136.0
2017-04-19,9,TEN,12750.0,13133.0
2017-04-19,10,TEN,13174.0,13556.0
2017-04-19,11,TEN,14300.0,14734.0
2017-04-19,12,TEN,15457.0,15761.0
2017-04-19,13,TEN,15888.0,16045.0
2017-04-19,14,TEN,16265.0,16472.0
2017-04-19,15,TEN,16717.0,16867.0
2017-04-19,16,TEN,17446.0,17421.0
2017-04-19,17,TEN,18198.0,17592.0
2017-04-19,18,TEN,18849.0,18622.0
2017-04-19,19,TEN,19531.0,19072.0
2017-04-19,20,TEN,20180.0,19142.0
2017-04-19,21,TEN,20288.0,19111.0
2017-04-19,22,TEN,20441.0,18980.0
2017-04-19,23,TEN,20327.0,19119.0
2017-04-20,0,TEN,19875.0,18862.0
2017-04-20,1,TEN,19696.0,18711.0
2017-04-20,2,TEN,19392.0,18183.0
2017-04-20,3,TEN,18115.0,17293.0
2017-04-20,4,TEN,16408.0,15977.0
2017-04-20,5,TEN,15054.0,14983.0
2017-04-20,6,TEN,14053.0,14396.0
2017-04-20,7,TEN,13467.0,13850.0
2017-04-20,8,TEN,13179.0,13554.0
2017-04-20,9,TEN,12952.0,13419.0
2017-04-20,10,TEN,13410.0,13853.0
2017-04-20,11,TEN,14594.0,14933.0
2017-04-20,12,TEN,15599.0,15450.0
2017-04-20,13,TEN,16189.0,15917.0
2017-04-20,14,TEN,16685.0,16467.0
2017-04-20,15,TEN,17382.0,17028.0
2017-04-20,16,TEN,18244.0,17831.0
2017-04-20,17,TEN,19131.0,18493.0
2017-04-20,18,TEN,19746.0,18974.0
2017-04-20,19,TEN,20296.0,19658.0
2017-04-20,20,TEN,20682.0,20047.0
2017-04-20,21,TEN,20886.0,19961.0
2017-04-20,22,TEN,20812.0,19720.0
2017-04-20,23,TEN,20406.0,19261.0
2017-04-21,0,TEN,19804.0,18754.0
2017-04-21,1,TEN,19834.0,18677.0
2017-04-21,2,TEN,19587.0,18419.0
2017-04-21,3,TEN,18355.0,17500.0
2017-04-21,4,TEN,16749.0,16455.0
2017-04-21,5,TEN,15241.0,15596.0
2017-04-21,6,TEN,14358.0,14661.0
2017-04-21,7,TEN,13685.0,14094.0
2017-04-21,8,TEN,13309.0,13802.0
2017-04-21,9,TEN,13086.0,13568.0
2017-04-21,10,TEN,13425.0,13817.0
2017-04-21,11,TEN,14496.0,14823.0
2017-04-21,12,TEN,15621.0,15572.0
2017-04-21,13,TEN,16090.0,15970.0
2017-04-21,14,TEN,16676.0,16505.0
2017-04-21,15,TEN,17437.0,17301.0
2017-04-21,16,TEN,17970.0,17738.0
2017-04-21,17,TEN,18324.0,17894.0
2017-04-21,18,TEN,18648.0,18193.0
2017-04-21,19,TEN,18542.0,18157.0
2017-04-21,20,TEN,18509.0,18159.0
2017-04-21,21,TEN,18427.0,18101.0
2017-04-21,22,TEN,18299.0,18092.0
2017-04-21,23,TEN,17954.0,17703.0
2017-04-22,0,TEN,17534.0,17396.0
2017-04-22,1,TEN,17474.0,17328.0
2017-04-22,2,TEN,17322.0,16916.0
2017-04-22,3,TEN,16267.0,16020.0
2017-04-22,4,TEN,15244.0,15492.0
2017-04-22,5,TEN,13991.0,14346.0
2017-04-22,6,TEN,13325.0,13583.0
2017-04-22,7,TEN,12721.0,13029.0
2017-04-22,8,TEN,12368.0,12681.0
2017-04-22,9,TEN,12131.0,12558.0
2017-04-22,10,TEN,12131.0,12588.0
2017-04-22,11,TEN,12525.0,12788.0
2017-04-22,12,TEN,12901.0,13339.0
2017-04-22,13,TEN,13497.0,13874.0
2017-04-22,14,TEN,14359.0,14750.0
2017-04-22,15,TEN,15017.0,15420.0
2017-04-22,16,TEN,15384.0,15755.0
2017-04-22,17,TEN,15554.0,16017.0
2017-04-22,18,TEN,15673.0,16041.0
2017-04-22,19,TEN,15819.0,16160.0
2017-04-22,20,TEN,15803.0,16195.0
2017-04-22,21,TEN,15773.0,16215.0
2017-04-22,22,TEN,15594.0,16035.0
2017-04-22,23,TEN,15382.0,15695.0
2017-04-23,0,TEN,15222.0,15560.0
2017-04-23,1,TEN,15286.0,15720.0
2017-04-23,2,TEN,15181.0,15591.0
2017-04-23,3,TEN,14623.0,14909.0
2017-04-23,4,TEN,13690.0,14026.0
2017-04-23,5,TEN,12831.0,13152.0
2017-04-23,6,TEN,12262.0,13264.0
2017-04-23,7,TEN,11939.0,12869.0
2017-04-23,8,TEN,11589.0,12564.0
2017-04-23,9,TEN,11529.0,12498.0
2017-04-23,10,TEN,11640.0,12586.0
2017-04-23,11,TEN,11940.0,12766.0
2017-04-23,12,TEN,12291.0,12652.0
2017-04-23,13,TEN,13051.0,13326.0
2017-04-23,14,TEN,13847.0,14239.0
2017-04-23,15,TEN,14318.0,14831.0
2017-04-23,16,TEN,14378.0,14906.0
2017-04-23,17,TEN,14509.0,15012.0
2017-04-23,18,TEN,14606.0,15133.0
2017-04-23,19,TEN,14591.0,14958.0
2017-04-23,20,TEN,14502.0,14803.0
2017-04-23,21,TEN,14531.0,14898.0
2017-04-23,22,TEN,14687.0,15148.0
2017-04-23,23,TEN,14843.0,15457.0
2017-04-24,0,TEN,15089.0,15611.0
2017-04-24,1,TEN,15566.0,16124.0
2017-04-24,2,TEN,15663.0,16084.0
2017-04-24,3,TEN,14854.0,15310.0
2017-04-24,4,TEN,13864.0,14345.0
2017-04-24,5,TEN,13180.0,13604.0
2017-04-24,6,TEN,12688.0,13358.0
2017-04-24,7,TEN,12392.0,13165.0
2017-04-24,8,TEN,12403.0,13119.0
2017-04-24,9,TEN,12330.0,13186.0
2017-04-24,10,TEN,12986.0,13771.0
2017-04-24,11,TEN,14281.0,15062.0
2017-04-24,12,TEN,15578.0,16169.0
2017-04-24,13,TEN,15902.0,16461.0
2017-04-24,14,TEN,15857.0,16443.0
2017-04-24,15,TEN,16047.0,16635.0
2017-04-24,16,TEN,16231.0,16772.0
2017-04-24,17,TEN,16156.0,16704.0
2017-04-24,18,TEN,16206.0,16708.0
2017-04-24,19,TEN,16069.0,16568.0
2017-04-24,20,TEN,15935.0,16490.0
2017-04-24,21,TEN,16084.0,16625.0
2017-04-24,22,TEN,16212.0,16837.0
2017-04-24,23,TEN,16324.0,16855.0
2017-04-25,0,TEN,16262.0,16885.0
2017-04-25,1,TEN,16691.0,17264.0
2017-04-25,2,TEN,16987.0,17571.0
2017-04-25,3,TEN,15910.0,16351.0
2017-04-25,4,TEN,14683.0,15127.0
2017-04-25,5,TEN,13476.0,13984.0
2017-04-25,6,TEN,12946.0,13449.0
2017-04-25,7,TEN,12527.0,13377.0
2017-04-25,8,TEN,12319.0,13148.0
2017-04-25,9,TEN,12398.0,13142.0
2017-04-25,10,TEN,12890.0,13511.0
2017-04-25,11,TEN,14153.0,14586.0
2017-04-25,12,TEN,15193.0,15520.0
2017-04-25,13,TEN,15517.0,15998.0
2017-04-25,14,TEN,15699.0,16249.0
2017-04-25,15,TEN,15944.0,16489.0
2017-04-25,16,TEN,16219.0,16271.0
2017-04-25,17,TEN,16360.0,16356.0
2017-04-25,18,TEN,16670.0,16608.0
2017-04-25,19,TEN,16901.0,16839.0
2017-04-25,20,TEN,17297.0,17233.0
2017-04-25,21,TEN,17671.0,17678.0
2017-04-25,22,TEN,18150.0,18152.0
2017-04-25,23,TEN,18251.0,18153.0
2017-04-26,0,TEN,18134.0,18143.0
2017-04-26,1,TEN,18153.0,17960.0
2017-04-26,2,TEN,18269.0,18099.0
2017-04-26,3,TEN,17189.0,17352.0
2017-04-26,4,TEN,15529.0,16014.0
2017-04-26,5,TEN,14302.0,14738.0
2017-04-26,6,TEN,13419.0,13868.0
2017-04-26,7,TEN,12922.0,13692.0
2017-04-26,8,TEN,12590.0,13402.0
2017-04-26,9,TEN,12494.0,13290.0
2017-04-26,10,TEN,12929.0,13686.0
2017-04-26,11,TEN,13940.0,14664.0
2017-04-26,12,TEN,15025.0,15592.0
2017-04-26,13,TEN,15430.0,15967.0
2017-04-26,14,TEN,15869.0,16419.0
2017-04-26,15,TEN,16403.0,17001.0
2017-04-26,16,TEN,17040.0,17581.0
2017-04-26,17,TEN,17534.0,17980.0
2017-04-26,18,TEN,17967.0,18343.0
2017-04-26,19,TEN,18457.0,18873.0
2017-04-26,20,TEN,18939.0,19296.0
2017-04-26,21,TEN,19464.0,19193.0
2017-04-26,22,TEN,19883.0,19473.0
2017-04-26,23,TEN,19749.0,19418.0
2017-04-27,0,TEN,19385.0,19073.0
2017-04-27,1,TEN,19210.0,19232.0
2017-04-27,2,TEN,19189.0,19298.0
2017-04-27,3,TEN,17891.0,18307.0
2017-04-27,4,TEN,16110.0,16777.0
2017-04-27,5,TEN,14796.0,15085.0
2017-04-27,6,TEN,13831.0,14308.0
2017-04-27,7,TEN,13228.0,13617.0
2017-04-27,8,TEN,12868.0,13342.0
2017-04-27,9,TEN,12706.0,13271.0
2017-04-27,10,TEN,13141.0,13726.0
2017-04-27,11,TEN,14210.0,14952.0
2017-04-27,12,TEN,15393.0,15908.0
2017-04-27,13,TEN,15713.0,16309.0
2017-04-27,14,TEN,16026.0,16627.0
2017-04-27,15,TEN,16243.0,16572.0
2017-04-27,16,TEN,16558.0,16736.0
2017-04-27,17,TEN,16696.0,16927.0
2017-04-27,18,TEN,16836.0,16966.0
2017-04-27,19,TEN,16990.0,17118.0
2017-04-27,20,TEN,17214.0,17305.0
2017-04-27,21,TEN,17425.0,17760.0
2017-04-27,22,TEN,17707.0,18224.0
2017-04-27,23,TEN,17670.0,18140.0
2017-04-28,0,TEN,17449.0,17931.0
2017-04-28,1,TEN,17368.0,17892.0
2017-04-28,2,TEN,17581.0,18157.0
2017-04-28,3,TEN,16509.0,17140.0
2017-04-28,4,TEN,15113.0,15673.0
2017-04-28,5,TEN,13923.0,14566.0
2017-04-28,6,TEN,13197.0,13651.0
2017-04-28,7,TEN,12699.0,13169.0
2017-04-28,8,TEN,12481.0,12957.0
2017-04-28,9,TEN,12432.0,12926.0
2017-04-28,10,TEN,12897.0,13381.0
2017-04-28,11,TEN,13941.0,14118.0
2017-04-28,12,TEN,14989.0,14629.0
2017-04-28,13,TEN,15433.0,15289.0
2017-04-28,14,TEN,15849.0,15542.0
2017-04-28,15,TEN,16212.0,15962.0
2017-04-28,16,TEN,16584.0,16177.0
2017-04-28,17,TEN,16898.0,16384.0
2017-04-28,18,TEN,17349.0,16828.0
2017-04-28,19,TEN,17782.0,17254.0
2017-04-28,20,TEN,18240.0,17798.0
2017-04-28,21,TEN,18908.0,18051.0
2017-04-28,22,TEN,19243.0,18213.0
2017-04-28,23,TEN,19508.0,18387.0
2017-04-29,0,TEN,19214.0,18595.0
2017-04-29,1,TEN,19311.0,18937.0
2017-04-29,2,TEN,19489.0,19259.0
2017-04-29,3,TEN,18630.0,18293.0
2017-04-29,4,TEN,17427.0,17621.0
2017-04-29,5,TEN,16093.0,16411.0
2017-04-29,6,TEN,15182.0,15528.0
2017-04-29,7,TEN,14475.0,14870.0
2017-04-29,8,TEN,14139.0,14520.0
2017-04-29,9,TEN,13739.0,14164.0
2017-04-29,10,TEN,13728.0,14172.0
2017-04-29,11,TEN,13913.0,14127.0
2017-04-29,12,TEN,14137.0,14057.0
2017-04-29,13,TEN,15140.0,14992.0
2017-04-29,14,TEN,16466.0,16394.0
2017-04-29,15,TEN,17876.0,17380.0
2017-04-29,16,TEN,19066.0,18294.0
2017-04-29,17,TEN,20074.0,19363.0
2017-04-29,18,TEN,20888.0,19681.0
2017-04-29,19,TEN,21610.0,19897.0
2017-04-29,20,TEN,22039.0,19939.0
2017-04-29,21,TEN,22318.0,19824.0
2017-04-29,22,TEN,22341.0,19872.0
2017-04-29,23,TEN,22057.0,19849.0
2017-04-30,0,TEN,21260.0,19330.0
2017-04-30,1,TEN,20705.0,19073.0
2017-04-30,2,TEN,20259.0,19057.0
2017-04-30,3,TEN,18935.0,17930.0
2017-04-30,4,TEN,17454.0,17060.0
2017-04-30,5,TEN,16181.0,16109.0
2017-04-30,6,TEN,15112.0,15405.0
2017-04-30,7,TEN,14316.0,14593.0
2017-04-30,8,TEN,13887.0,14137.0
2017-04-30,9,TEN,13571.0,13891.0
2017-04-30,10,TEN,13334.0,13648.0
2017-04-30,11,TEN,13390.0,13790.0
2017-04-30,12,TEN,13571.0,13599.0
2017-04-30,13,TEN,14502.0,14558.0
2017-04-30,14,TEN,15694.0,15730.0
2017-04-30,15,TEN,16633.0,16572.0
2017-04-30,16,TEN,17099.0,16593.0
2017-04-30,17,TEN,17795.0,17190.0
2017-04-30,18,TEN,18161.0,17679.0
2017-04-30,19,TEN,18529.0,17713.0
2017-04-30,20,TEN,18592.0,17751.0
2017-04-30,21,TEN,18274.0,17516.0
2017-04-30,22,TEN,18013.0,17292.0
2017-04-30,23,TEN,17771.0,17245.0
2017-05-01,0,TEN,17463.0,17317.0
2017-05-01,1,TEN,17531.0,17506.0
2017-05-01,2,TEN,17576.0,17517.0
2017-05-01,3,TEN,16623.0,16320.0
2017-05-01,4,TEN,15349.0,15602.0
2017-05-01,5,TEN,14192.0,14533.0
2017-05-01,6,TEN,13464.0,13799.0
2017-05-01,7,TEN,13034.0,13313.0
2017-05-01,8,TEN,12769.0,13092.0
2017-05-01,9,TEN,12673.0,13044.0
2017-05-01,10,TEN,13142.0,13585.0
2017-05-01,11,TEN,14426.0,14995.0
2017-05-01,12,TEN,15466.0,15817.0
2017-05-01,13,TEN,15890.0,16291.0
2017-05-01,14,TEN,16286.0,16535.0
2017-05-01,15,TEN,16328.0,16630.0
2017-05-01,16,TEN,16480.0,16628.0
2017-05-01,17,TEN,16401.0,16762.0
2017-05-01,18,TEN,16436.0,16750.0
2017-05-01,19,TEN,16403.0,16729.0
2017-05-01,20,TEN,16554.0,16887.0
2017-05-01,21,TEN,16672.0,17011.0
2017-05-01,22,TEN,16851.0,17231.0
2017-05-01,23,TEN,16928.0,17081.0
2017-05-02,0,TEN,16676.0,17039.0
2017-05-02,1,TEN,16744.0,17201.0
2017-05-02,2,TEN,17127.0,17592.0
2017-05-02,3,TEN,16245.0,16655.0
2017-05-02,4,TEN,14794.0,15193.0
2017-05-02,5,TEN,13636.0,13932.0
2017-05-02,6,TEN,13106.0,13229.0
2017-05-02,7,TEN,12740.0,12959.0
2017-05-02,8,TEN,12533.0,12824.0
2017-05-02,9,TEN,12445.0,12766.0
2017-05-02,10,TEN,12980.0,13253.0
2017-05-02,11,TEN,14066.0,14447.0
2017-05-02,12,TEN,15124.0,15383.0
2017-05-02,13,TEN,15545.0,15792.0
2017-05-02,14,TEN,15699.0,15670.0
2017-05-02,15,TEN,15882.0,15866.0
2017-05-02,16,TEN,16190.0,16192.0
2017-05-02,17,TEN,16420.0,16356.0
2017-05-02,18,TEN,16439.0,16454.0
2017-05-02,19,TEN,16742.0,16846.0
2017-05-02,20,TEN,17110.0,17154.0
2017-05-02,21,TEN,17554.0,17656.0
2017-05-02,22,TEN,17942.0,18094.0
2017-05-02,23,TEN,17995.0,18212.0
2017-05-03,0,TEN,17824.0,18237.0
2017-05-03,1,TEN,17795.0,18122.0
2017-05-03,2,TEN,17826.0,17914.0
2017-05-03,3,TEN,16800.0,17067.0
2017-05-03,4,TEN,15306.0,15528.0
2017-05-03,5,TEN,14153.0,14490.0
2017-05-03,6,TEN,13274.0,13588.0
2017-05-03,7,TEN,12846.0,13206.0
2017-05-03,8,TEN,12452.0,12844.0
2017-05-03,9,TEN,12503.0,12969.0
2017-05-03,10,TEN,12985.0,13449.0
2017-05-03,11,TEN,14103.0,14662.0
2017-05-03,12,TEN,15102.0,15480.0
2017-05-03,13,TEN,15561.0,16013.0
2017-05-03,14,TEN,15782.0,16244.0
2017-05-03,15,TEN,16184.0,16630.0
2017-05-03,16,TEN,16557.0,16985.0
2017-05-03,17,TEN,16967.0,17347.0
2017-05-03,18,TEN,17424.0,17830.0
2017-05-03,19,TEN,17892.0,18372.0
2017-05-03,20,TEN,18344.0,18713.0
2017-05-03,21,TEN,18512.0,18767.0
2017-05-03,22,TEN,18554.0,18693.0
2017-05-03,23,TEN,18385.0,18305.0
2017-05-04,0,TEN,18098.0,18067.0
2017-05-04,1,TEN,18277.0,18093.0
2017-05-04,2,TEN,18313.0,18176.0
2017-05-04,3,TEN,17297.0,17001.0
2017-05-04,4,TEN,15844.0,15811.0
2017-05-04,5,TEN,14565.0,14790.0
2017-05-04,6,TEN,13760.0,14074.0
2017-05-04,7,TEN,13244.0,13358.0
2017-05-04,8,TEN,13092.0,13424.0
2017-05-04,9,TEN,12969.0,13350.0
2017-05-04,10,TEN,13333.0,13717.0
2017-05-04,11,TEN,14385.0,14530.0
2017-05-04,12,TEN,15599.0,15487.0
2017-05-04,13,TEN,16031.0,15772.0
2017-05-04,14,TEN,16155.0,15886.0
2017-05-04,15,TEN,16357.0,15988.0
2017-05-04,16,TEN,16424.0,16116.0
2017-05-04,17,TEN,16488.0,16344.0
2017-05-04,18,TEN,16444.0,16701.0
2017-05-04,19,TEN,16271.0,16624.0
2017-05-04,20,TEN,16161.0,16600.0
2017-05-04,21,TEN,16042.0,16524.0
2017-05-04,22,TEN,16213.0,16638.0
2017-05-04,23,TEN,16213.0,16665.0
2017-05-05,0,TEN,16444.0,16687.0
2017-05-05,1,TEN,16817.0,16798.0
2017-05-05,2,TEN,16898.0,16832.0
2017-05-05,3,TEN,16030.0,15984.0
2017-05-05,4,TEN,14906.0,15139.0
2017-05-05,5,TEN,13733.0,14107.0
2017-05-05,6,TEN,13067.0,13400.0
2017-05-05,7,TEN,12758.0,13116.0
2017-05-05,8,TEN,12730.0,13110.0
2017-05-05,9,TEN,12802.0,13184.0
2017-05-05,10,TEN,13138.0,13565.0
2017-05-05,11,TEN,14299.0,14733.0
2017-05-05,12,TEN,15401.0,15502.0
2017-05-05,13,TEN,15864.0,15898.0
2017-05-05,14,TEN,16168.0,16084.0
2017-05-05,15,TEN,16208.0,16220.0
2017-05-05,16,TEN,16346.0,16517.0
2017-05-05,17,TEN,16231.0,16414.0
2017-05-05,18,TEN,16188.0,16560.0
2017-05-05,19,TEN,15961.0,16324.0
2017-05-05,20,TEN,15798.0,15977.0
2017-05-05,21,TEN,15672.0,16013.0
2017-05-05,22,TEN,15807.0,16157.0
2017-05-05,23,TEN,15885.0,16181.0
2017-05-06,0,TEN,15754.0,16069.0
2017-05-06,1,TEN,15946.0,16305.0
2017-05-06,2,TEN,16284.0,16542.0
2017-05-06,3,TEN,15792.0,15989.0
2017-05-06,4,TEN,14774.0,15100.0
2017-05-06,5,TEN,14145.0,14508.0
2017-05-06,6,TEN,13490.0,13865.0
2017-05-06,7,TEN,13259.0,13612.0
2017-05-06,8,TEN,13015.0,13469.0
2017-05-06,9,TEN,13048.0,13518.0
2017-05-06,10,TEN,13307.0,13697.0
2017-05-06,11,TEN,13850.0,14304.0
2017-05-06,12,TEN,14168.0,14694.0
2017-05-06,13,TEN,14774.0,15395.0
2017-05-06,14,TEN,15093.0,15767.0
2017-05-06,15,TEN,15268.0,15907.0
2017-05-06,16,TEN,15164.0,15803.0
2017-05-06,17,TEN,15113.0,15766.0
2017-05-06,18,TEN,14972.0,15609.0
2017-05-06,19,TEN,14905.0,15546.0
2017-05-06,20,TEN,14900.0,15530.0
2017-05-06,21,TEN,15001.0,15622.0
2017-05-06,22,TEN,15077.0,15758.0
2017-05-06,23,TEN,15044.0,15655.0
2017-05-07,0,TEN,14999.0,15638.0
2017-05-07,1,TEN,15194.0,15792.0
2017-05-07,2,TEN,15590.0,16099.0
2017-05-07,3,TEN,14974.0,15397.0
2017-05-07,4,TEN,14135.0,14477.0
2017-05-07,5,TEN,13309.0,13717.0
2017-05-07,6,TEN,12800.0,13181.0
2017-05-07,7,TEN,12450.0,12895.0
2017-05-07,8,TEN,12372.0,12807.0
2017-05-07,9,TEN,12353.0,12802.0
2017-05-07,10,TEN,12518.0,13030.0
2017-05-07,11,TEN,12932.0,13463.0
2017-05-07,12,TEN,13292.0,13744.0
2017-05-07,13,TEN,13988.0,14499.0
2017-05-07,14,TEN,14336.0,14809.0
2017-05-07,15,TEN,14243.0,14685.0
2017-05-07,16,TEN,14098.0,14530.0
2017-05-07,17,TEN,14059.0,14551.0
2017-05-07,18,TEN,14273.0,14766.0
2017-05-07,19,TEN,14385.0,14874.0
2017-05-07,20,TEN,14674.0,15166.0
2017-05-07,21,TEN,14981.0,15450.0
2017-05-07,22,TEN,15366.0,15762.0
2017-05-07,23,TEN,15623.0,16175.0
2017-05-08,0,TEN,15539.0,15793.0
2017-05-08,1,TEN,15548.0,15644.0
2017-05-08,2,TEN,16029.0,15867.0
2017-05-08,3,TEN,15254.0,15521.0
2017-05-08,4,TEN,14121.0,14590.0
2017-05-08,5,TEN,13208.0,13654.0
2017-05-08,6,TEN,12508.0,12866.0
2017-05-08,7,TEN,12330.0,12660.0
2017-05-08,8,TEN,12401.0,12683.0
2017-05-08,9,TEN,12370.0,13029.0
2017-05-08,10,TEN,12996.0,13599.0
2017-05-08,11,TEN,14511.0,15124.0
2017-05-08,12,TEN,15588.0,15969.0
2017-05-08,13,TEN,15940.0,16218.0
2017-05-08,14,TEN,15926.0,16224.0
2017-05-08,15,TEN,16358.0,16483.0
2017-05-08,16,TEN,16251.0,16552.0
2017-05-08,17,TEN,16676.0,16543.0
2017-05-08,18,TEN,17055.0,16505.0
2017-05-08,19,TEN,17386.0,16768.0
2017-05-08,20,TEN,17816.0,17442.0
2017-05-08,21,TEN,18292.0,17949.0
2017-05-08,22,TEN,18820.0,18379.0
2017-05-08,23,TEN,19150.0,18432.0
2017-05-09,0,TEN,18798.0,18330.0
2017-05-09,1,TEN,18823.0,18219.0
2017-05-09,2,TEN,18880.0,18301.0
2017-05-09,3,TEN,17745.0,17285.0
2017-05-09,4,TEN,16110.0,16049.0
2017-05-09,5,TEN,14567.0,14975.0
2017-05-09,6,TEN,13866.0,14157.0
2017-05-09,7,TEN,13264.0,13684.0
2017-05-09,8,TEN,12872.0,13319.0
2017-05-09,9,TEN,12780.0,13175.0
2017-05-09,10,TEN,13242.0,13796.0
2017-05-09,11,TEN,14415.0,14905.0
2017-05-09,12,TEN,15443.0,15610.0
2017-05-09,13,TEN,16002.0,16059.0
2017-05-09,14,TEN,16430.0,16159.0
2017-05-09,15,TEN,17134.0,16846.0
2017-05-09,16,TEN,17903.0,17603.0
2017-05-09,17,TEN,18643.0,18567.0
2017-05-09,18,TEN,19363.0,19240.0
2017-05-09,19,TEN,20005.0,19577.0
2017-05-09,20,TEN,20619.0,19526.0
2017-05-09,21,TEN,21238.0,20003.0
2017-05-09,22,TEN,21572.0,20172.0
2017-05-09,23,TEN,21616.0,20335.0
2017-05-10,0,TEN,21168.0,20026.0
2017-05-10,1,TEN,20499.0,19408.0
2017-05-10,2,TEN,20443.0,19236.0
2017-05-10,3,TEN,19125.0,18215.0
2017-05-10,4,TEN,17152.0,17093.0
2017-05-10,5,TEN,15466.0,15914.0
2017-05-10,6,TEN,14501.0,14792.0
2017-05-10,7,TEN,13786.0,14056.0
2017-05-10,8,TEN,13425.0,13790.0
2017-05-10,9,TEN,13150.0,13551.0
2017-05-10,10,TEN,13458.0,13818.0
2017-05-10,11,TEN,14443.0,14961.0
2017-05-10,12,TEN,15548.0,15623.0
2017-05-10,13,TEN,16148.0,15969.0
2017-05-10,14,TEN,16780.0,16602.0
2017-05-10,15,TEN,17727.0,17099.0
2017-05-10,16,TEN,18657.0,17989.0
2017-05-10,17,TEN,19540.0,18260.0
2017-05-10,18,TEN,20360.0,18784.0
2017-05-10,19,TEN,21094.0,19349.0
2017-05-10,20,TEN,21852.0,19627.0
2017-05-10,21,TEN,22388.0,19998.0
2017-05-10,22,TEN,22634.0,20182.0
2017-05-10,23,TEN,22557.0,20418.0
2017-05-11,0,TEN,21973.0,20135.0
2017-05-11,1,TEN,21372.0,19697.0
2017-05-11,2,TEN,21012.0,19662.0
2017-05-11,3,TEN,19551.0,18810.0
2017-05-11,4,TEN,17545.0,17285.0
2017-05-11,5,TEN,15989.0,16350.0
2017-05-11,6,TEN,14938.0,15091.0
2017-05-11,7,TEN,14236.0,14459.0
2017-05-11,8,TEN,13567.0,13927.0
2017-05-11,9,TEN,13592.0,13859.0
2017-05-11,10,TEN,13885.0,14252.0
2017-05-11,11,TEN,15200.0,15601.0
2017-05-11,12,TEN,16336.0,16518.0
2017-05-11,13,TEN,16841.0,16756.0
2017-05-11,14,TEN,17390.0,17193.0
2017-05-11,15,TEN,18280.0,17844.0
2017-05-11,16,TEN,19057.0,18679.0
2017-05-11,17,TEN,19938.0,19596.0
2017-05-11,18,TEN,20602.0,20216.0
2017-05-11,19,TEN,21406.0,20434.0
2017-05-11,20,TEN,21817.0,20655.0
2017-05-11,21,TEN,22115.0,20717.0
2017-05-11,22,TEN,22191.0,20742.0
2017-05-11,23,TEN,21905.0,20574.0
2017-05-12,0,TEN,21312.0,20457.0
2017-05-12,1,TEN,21067.0,20693.0
2017-05-12,2,TEN,20945.0,20545.0
2017-05-12,3,TEN,19705.0,19474.0
2017-05-12,4,TEN,17866.0,17932.0
2017-05-12,5,TEN,16456.0,16465.0
2017-05-12,6,TEN,15200.0,15609.0
2017-05-12,7,TEN,14405.0,14689.0
2017-05-12,8,TEN,13925.0,14286.0
2017-05-12,9,TEN,13786.0,14178.0
2017-05-12,10,TEN,14023.0,14304.0
2017-05-12,11,TEN,15158.0,15233.0
2017-05-12,12,TEN,16212.0,16425.0
2017-05-12,13,TEN,16678.0,17136.0
2017-05-12,14,TEN,17033.0,17351.0
2017-05-12,15,TEN,17381.0,17524.0
2017-05-12,16,TEN,17696.0,17652.0
2017-05-12,17,TEN,17986.0,18077.0
2017-05-12,18,TEN,18236.0,18208.0
2017-05-12,19,TEN,18168.0,18114.0
2017-05-12,20,TEN,18066.0,18234.0
2017-05-12,21,TEN,17830.0,18167.0
2017-05-12,22,TEN,17653.0,17958.0
2017-05-12,23,TEN,17348.0,17811.0
2017-05-13,0,TEN,16964.0,17551.0
2017-05-13,1,TEN,16862.0,17366.0
2017-05-13,2,TEN,17082.0,17477.0
2017-05-13,3,TEN,16418.0,16786.0
2017-05-13,4,TEN,15490.0,15841.0
2017-05-13,5,TEN,14270.0,14697.0
2017-05-13,6,TEN,13291.0,13725.0
2017-05-13,7,TEN,12733.0,13077.0
2017-05-13,8,TEN,12524.0,12907.0
2017-05-13,9,TEN,12419.0,12844.0
2017-05-13,10,TEN,12317.0,12715.0
2017-05-13,11,TEN,12589.0,12995.0
2017-05-13,12,TEN,12934.0,13300.0
2017-05-13,13,TEN,13714.0,14031.0
2017-05-13,14,TEN,14452.0,14942.0
2017-05-13,15,TEN,15106.0,15553.0
2017-05-13,16,TEN,15499.0,16040.0
2017-05-13,17,TEN,15657.0,16107.0
2017-05-13,18,TEN,15941.0,16293.0
2017-05-13,19,TEN,16282.0,16639.0
2017-05-13,20,TEN,16576.0,17080.0
2017-05-13,21,TEN,17051.0,17567.0
2017-05-13,22,TEN,17366.0,17857.0
2017-05-13,23,TEN,17421.0,17950.0
2017-05-14,0,TEN,17005.0,17610.0
2017-05-14,1,TEN,16406.0,17006.0
2017-05-14,2,TEN,16445.0,16931.0
2017-05-14,3,TEN,15552.0,15951.0
2017-05-14,4,TEN,14626.0,14938.0
2017-05-14,5,TEN,13445.0,13864.0
2017-05-14,6,TEN,12567.0,12932.0
2017-05-14,7,TEN,12038.0,12428.0
2017-05-14,8,TEN,11770.0,12162.0
2017-05-14,9,TEN,11572.0,11981.0
2017-05-14,10,TEN,11600.0,12006.0
2017-05-14,11,TEN,11666.0,12094.0
2017-05-14,12,TEN,12008.0,12354.0
2017-05-14,13,TEN,12959.0,13365.0
2017-05-14,14,TEN,13830.0,14251.0
2017-05-14,15,TEN,14437.0,14927.0
2017-05-14,16,TEN,14876.0,15335.0
2017-05-14,17,TEN,15412.0,15807.0
2017-05-14,18,TEN,16180.0,16634.0
2017-05-14,19,TEN,16931.0,16846.0
2017-05-14,20,TEN,17903.0,17779.0
2017-05-14,21,TEN,18773.0,18785.0
2017-05-14,22,TEN,19392.0,19109.0
2017-05-14,23,TEN,19614.0,19296.0
2017-05-15,0,TEN,19244.0,18825.0
2017-05-15,1,TEN,18475.0,18168.0
2017-05-15,2,TEN,18418.0,18088.0
2017-05-15,3,TEN,17419.0,17212.0
2017-05-15,4,TEN,15694.0,16104.0
2017-05-15,5,TEN,14226.0,14661.0
2017-05-15,6,TEN,13444.0,13806.0
2017-05-15,7,TEN,12872.0,13218.0
2017-05-15,8,TEN,12578.0,12942.0
2017-05-15,9,TEN,12579.0,12965.0
2017-05-15,10,TEN,13026.0,13319.0
2017-05-15,11,TEN,14001.0,14223.0
2017-05-15,12,TEN,15155.0,15023.0
2017-05-15,13,TEN,15885.0,15413.0
2017-05-15,14,TEN,16698.0,16019.0
2017-05-15,15,TEN,17591.0,16846.0
2017-05-15,16,TEN,18687.0,17907.0
2017-05-15,17,TEN,19558.0,18397.0
2017-05-15,18,TEN,20566.0,19342.0
2017-05-15,19,TEN,21495.0,20226.0
2017-05-15,20,TEN,22411.0,20509.0
2017-05-15,21,TEN,23051.0,21087.0
2017-05-15,22,TEN,23491.0,21602.0
2017-05-15,23,TEN,23495.0,22197.0
2017-05-16,0,TEN,22903.0,21517.0
2017-05-16,1,TEN,22093.0,20905.0
2017-05-16,2,TEN,21534.0,20570.0
2017-05-16,3,TEN,19927.0,19096.0
2017-05-16,4,TEN,17890.0,17494.0
2017-05-16,5,TEN,16145.0,16166.0
2017-05-16,6,TEN,14819.0,14882.0
2017-05-16,7,TEN,14208.0,14292.0
2017-05-16,8,TEN,13754.0,13692.0
2017-05-16,9,TEN,13511.0,13432.0
2017-05-16,10,TEN,13820.0,13428.0
2017-05-16,11,TEN,14740.0,13886.0
2017-05-16,12,TEN,15767.0,14074.0
2017-05-16,13,TEN,16647.0,14177.0
2017-05-16,14,TEN,17485.0,15041.0
2017-05-16,15,TEN,18575.0,16126.0
2017-05-16,16,TEN,19861.0,17471.0
2017-05-16,17,TEN,21018.0,18425.0
2017-05-16,18,TEN,22166.0,19554.0
2017-05-16,19,TEN,22970.0,20596.0
2017-05-16,20,TEN,23704.0,20793.0
2017-05-16,21,TEN,24269.0,20771.0
2017-05-16,22,TEN,24775.0,21132.0
2017-05-16,23,TEN,24438.0,21023.0
2017-05-17,0,TEN,23798.0,20802.0
2017-05-17,1,TEN,22859.0,20488.0
2017-05-17,2,TEN,22480.0,20130.0
2017-05-17,3,TEN,20850.0,18382.0
2017-05-17,4,TEN,18935.0,17354.0
2017-05-17,5,TEN,16911.0,16325.0
2017-05-17,6,TEN,15654.0,15490.0
2017-05-17,7,TEN,14875.0,14908.0
2017-05-17,8,TEN,14469.0,14480.0
2017-05-17,9,TEN,14218.0,14283.0
2017-05-17,10,TEN,14278.0,14112.0
2017-05-17,11,TEN,15053.0,14209.0
2017-05-17,12,TEN,16117.0,14680.0
2017-05-17,13,TEN,17051.0,14866.0
2017-05-17,14,TEN,18010.0,15833.0
2017-05-17,15,TEN,19031.0,16810.0
2017-05-17,16,TEN,20200.0,17795.0
2017-05-17,17,TEN,21253.0,19086.0
2017-05-17,18,TEN,22225.0,19934.0
2017-05-17,19,TEN,22947.0,20502.0
2017-05-17,20,TEN,23449.0,20511.0
2017-05-17,21,TEN,23762.0,20617.0
2017-05-17,22,TEN,24077.0,20791.0
2017-05-17,23,TEN,23883.0,20652.0
2017-05-18,0,TEN,23274.0,20844.0
2017-05-18,1,TEN,22580.0,20468.0
2017-05-18,2,TEN,22259.0,20035.0
2017-05-18,3,TEN,20932.0,18642.0
2017-05-18,4,TEN,19055.0,17912.0
2017-05-18,5,TEN,17403.0,17081.0
2017-05-18,6,TEN,16270.0,16358.0
2017-05-18,7,TEN,15615.0,15960.0
2017-05-18,8,TEN,15197.0,15401.0
2017-05-18,9,TEN,14925.0,15127.0
2017-05-18,10,TEN,15273.0,15497.0
2017-05-18,11,TEN,16201.0,15914.0
2017-05-18,12,TEN,17394.0,16760.0
2017-05-18,13,TEN,18230.0,16973.0
2017-05-18,14,TEN,19270.0,17999.0
2017-05-18,15,TEN,20379.0,19114.0
2017-05-18,16,TEN,21600.0,20393.0
2017-05-18,17,TEN,22529.0,21394.0
2017-05-18,18,TEN,23316.0,21808.0
2017-05-18,19,TEN,23956.0,22437.0
2017-05-18,20,TEN,24282.0,22649.0
2017-05-18,21,TEN,24354.0,22620.0
2017-05-18,22,TEN,24447.0,22649.0
2017-05-18,23,TEN,24086.0,22460.0
2017-05-19,0,TEN,23486.0,22313.0
2017-05-19,1,TEN,22891.0,21677.0
2017-05-19,2,TEN,22547.0,21210.0
2017-05-19,3,TEN,21173.0,19760.0
2017-05-19,4,TEN,19283.0,18342.0
2017-05-19,5,TEN,17619.0,17802.0
2017-05-19,6,TEN,16499.0,16638.0
2017-05-19,7,TEN,15643.0,15860.0
2017-05-19,8,TEN,15069.0,15322.0
2017-05-19,9,TEN,14909.0,15153.0
2017-05-19,10,TEN,15163.0,15509.0
2017-05-19,11,TEN,16125.0,15923.0
2017-05-19,12,TEN,17207.0,16311.0
2017-05-19,13,TEN,18107.0,16919.0
2017-05-19,14,TEN,19072.0,17773.0
2017-05-19,15,TEN,20263.0,19063.0
2017-05-19,16,TEN,21389.0,20243.0
2017-05-19,17,TEN,22398.0,20916.0
2017-05-19,18,TEN,23443.0,21920.0
2017-05-19,19,TEN,23796.0,21619.0
2017-05-19,20,TEN,24158.0,21583.0
2017-05-19,21,TEN,24351.0,21711.0
2017-05-19,22,TEN,24373.0,21756.0
2017-05-19,23,TEN,23959.0,21797.0
2017-05-20,0,TEN,23110.0,21553.0
2017-05-20,1,TEN,22361.0,20661.0
2017-05-20,2,TEN,22013.0,20253.0
2017-05-20,3,TEN,20753.0,19365.0
2017-05-20,4,TEN,19224.0,18415.0
2017-05-20,5,TEN,17537.0,17803.0
2017-05-20,6,TEN,16430.0,16663.0
2017-05-20,7,TEN,15567.0,15857.0
2017-05-20,8,TEN,14998.0,15326.0
2017-05-20,9,TEN,14524.0,14884.0
2017-05-20,10,TEN,14465.0,14878.0
2017-05-20,11,TEN,14582.0,15011.0
2017-05-20,12,TEN,14860.0,15329.0
2017-05-20,13,TEN,16147.0,16401.0
2017-05-20,14,TEN,17707.0,17961.0
2017-05-20,15,TEN,19178.0,19426.0
2017-05-20,16,TEN,20452.0,19843.0
2017-05-20,17,TEN,21263.0,20456.0
2017-05-20,18,TEN,21879.0,21054.0
2017-05-20,19,TEN,22280.0,21369.0
2017-05-20,20,TEN,22466.0,21480.0
2017-05-20,21,TEN,22683.0,21652.0
2017-05-20,22,TEN,22326.0,21230.0
2017-05-20,23,TEN,21556.0,20838.0
2017-05-21,0,TEN,20592.0,20133.0
2017-05-21,1,TEN,19917.0,19323.0
2017-05-21,2,TEN,19395.0,19013.0
2017-05-21,3,TEN,18379.0,18074.0
2017-05-21,4,TEN,17097.0,17145.0
2017-05-21,5,TEN,15708.0,15948.0
2017-05-21,6,TEN,14594.0,14927.0
2017-05-21,7,TEN,13909.0,14316.0
2017-05-21,8,TEN,13422.0,14052.0
2017-05-21,9,TEN,13099.0,13684.0
2017-05-21,10,TEN,13094.0,13492.0
2017-05-21,11,TEN,13074.0,13557.0
2017-05-21,12,TEN,13412.0,13898.0
2017-05-21,13,TEN,14411.0,14975.0
2017-05-21,14,TEN,15545.0,16153.0
2017-05-21,15,TEN,16166.0,16732.0
2017-05-21,16,TEN,16639.0,17338.0
2017-05-21,17,TEN,17267.0,17890.0
2017-05-21,18,TEN,17971.0,18613.0
2017-05-21,19,TEN,18504.0,19170.0
2017-05-21,20,TEN,19210.0,19812.0
2017-05-21,21,TEN,19875.0,20432.0
2017-05-21,22,TEN,20374.0,20730.0
2017-05-21,23,TEN,20365.0,20957.0
2017-05-22,0,TEN,19985.0,20569.0
2017-05-22,1,TEN,19330.0,19852.0
2017-05-22,2,TEN,19237.0,19666.0
2017-05-22,3,TEN,18176.0,18526.0
2017-05-22,4,TEN,16680.0,17166.0
2017-05-22,5,TEN,15271.0,15654.0
2017-05-22,6,TEN,14240.0,14629.0
2017-05-22,7,TEN,13623.0,14078.0
2017-05-22,8,TEN,13274.0,13706.0
2017-05-22,9,TEN,13124.0,13645.0
2017-05-22,10,TEN,13466.0,13940.0
2017-05-22,11,TEN,14540.0,14975.0
2017-05-22,12,TEN,15401.0,15983.0
2017-05-22,13,TEN,16127.0,16759.0
2017-05-22,14,TEN,16566.0,17217.0
2017-05-22,15,TEN,17067.0,17642.0
2017-05-22,16,TEN,17587.0,18277.0
2017-05-22,17,TEN,18023.0,18680.0
2017-05-22,18,TEN,18493.0,19099.0
2017-05-22,19,TEN,18978.0,19577.0
2017-05-22,20,TEN,19475.0,20125.0
2017-05-22,21,TEN,19612.0,20308.0
2017-05-22,22,TEN,19598.0,20341.0
2017-05-22,23,TEN,19325.0,20064.0
2017-05-23,0,TEN,18803.0,19537.0
2017-05-23,1,TEN,18679.0,19396.0
2017-05-23,2,TEN,18745.0,19477.0
2017-05-23,3,TEN,17779.0,18341.0
2017-05-23,4,TEN,16442.0,17045.0
2017-05-23,5,TEN,15160.0,15659.0
2017-05-23,6,TEN,14227.0,14722.0
2017-05-23,7,TEN,13729.0,14250.0
2017-05-23,8,TEN,13338.0,13905.0
2017-05-23,9,TEN,13235.0,13845.0
2017-05-23,10,TEN,13526.0,14038.0
2017-05-23,11,TEN,14308.0,14934.0
2017-05-23,12,TEN,15317.0,15900.0
2017-05-23,13,TEN,16001.0,16605.0
2017-05-23,14,TEN,16460.0,17051.0
2017-05-23,15,TEN,16951.0,17492.0
2017-05-23,16,TEN,17636.0,18229.0
2017-05-23,17,TEN,18234.0,18800.0
2017-05-23,18,TEN,18674.0,19308.0
2017-05-23,19,TEN,19072.0,19725.0
2017-05-23,20,TEN,19321.0,19761.0
2017-05-23,21,TEN,19530.0,19886.0
2017-05-23,22,TEN,19746.0,20174.0
2017-05-23,23,TEN,19651.0,20224.0
2017-05-24,0,TEN,19214.0,19692.0
2017-05-24,1,TEN,18795.0,19468.0
2017-05-24,2,TEN,18875.0,19367.0
2017-05-24,3,TEN,17907.0,18608.0
2017-05-24,4,TEN,16560.0,17147.0
2017-05-24,5,TEN,15212.0,15843.0
2017-05-24,6,TEN,14320.0,14813.0
2017-05-24,7,TEN,13663.0,14140.0
2017-05-24,8,TEN,13280.0,13854.0
2017-05-24,9,TEN,13186.0,13755.0
2017-05-24,10,TEN,13420.0,13972.0
2017-05-24,11,TEN,14336.0,14845.0
2017-05-24,12,TEN,15223.0,15812.0
2017-05-24,13,TEN,15859.0,16450.0
2017-05-24,14,TEN,16218.0,16781.0
2017-05-24,15,TEN,16542.0,17057.0
2017-05-24,16,TEN,16903.0,17409.0
2017-05-24,17,TEN,16988.0,17625.0
2017-05-24,18,TEN,16983.0,17670.0
2017-05-24,19,TEN,16939.0,17577.0
2017-05-24,20,TEN,16871.0,17465.0
2017-05-24,21,TEN,16862.0,17541.0
2017-05-24,22,TEN,16767.0,17460.0
2017-05-24,23,TEN,16702.0,17390.0
2017-05-25,0,TEN,16497.0,17214.0
2017-05-25,1,TEN,16503.0,17142.0
2017-05-25,2,TEN,16736.0,17463.0
2017-05-25,3,TEN,16109.0,16717.0
2017-05-25,4,TEN,14889.0,15499.0
2017-05-25,5,TEN,14154.0,14524.0
2017-05-25,6,TEN,13200.0,13793.0
2017-05-25,7,TEN,12656.0,13081.0
2017-05-25,8,TEN,12479.0,12884.0
2017-05-25,9,TEN,12536.0,12948.0
2017-05-25,10,TEN,12975.0,13475.0
2017-05-25,11,TEN,13803.0,14334.0
2017-05-25,12,TEN,14773.0,15445.0
2017-05-25,13,TEN,15395.0,16081.0
2017-05-25,14,TEN,15790.0,16521.0
2017-05-25,15,TEN,16168.0,16953.0
2017-05-25,16,TEN,16401.0,17145.0
2017-05-25,17,TEN,16584.0,17361.0
2017-05-25,18,TEN,16771.0,17550.0
2017-05-25,19,TEN,16909.0,17634.0
2017-05-25,20,TEN,17221.0,17989.0
2017-05-25,21,TEN,17389.0,18133.0
2017-05-25,22,TEN,17668.0,18329.0
2017-05-25,23,TEN,17621.0,18333.0
2017-05-26,0,TEN,17493.0,18354.0
2017-05-26,1,TEN,17148.0,18065.0
2017-05-26,2,TEN,17474.0,18195.0
2017-05-26,3,TEN,16751.0,17473.0
2017-05-26,4,TEN,15601.0,16237.0
2017-05-26,5,TEN,14290.0,14916.0
2017-05-26,6,TEN,13443.0,13826.0
2017-05-26,7,TEN,12862.0,13151.0
2017-05-26,8,TEN,12607.0,12916.0
2017-05-26,9,TEN,12722.0,12981.0
2017-05-26,10,TEN,13010.0,13332.0
2017-05-26,11,TEN,13654.0,14359.0
2017-05-26,12,TEN,14606.0,15288.0
2017-05-26,13,TEN,15371.0,16050.0
2017-05-26,14,TEN,16051.0,16782.0
2017-05-26,15,TEN,16596.0,17378.0
2017-05-26,16,TEN,17227.0,18117.0
2017-05-26,17,TEN,17756.0,18553.0
2017-05-26,18,TEN,18650.0,19312.0
2017-05-26,19,TEN,19496.0,20237.0
2017-05-26,20,TEN,20070.0,20495.0
2017-05-26,21,TEN,20719.0,20811.0
2017-05-26,22,TEN,21212.0,21204.0
2017-05-26,23,TEN,21118.0,21066.0
2017-05-27,0,TEN,20519.0,20882.0
2017-05-27,1,TEN,19741.0,20422.0
2017-05-27,2,TEN,19611.0,20221.0
2017-05-27,3,TEN,18737.0,19178.0
2017-05-27,4,TEN,17372.0,17758.0
2017-05-27,5,TEN,15752.0,16510.0
2017-05-27,6,TEN,14934.0,15314.0
2017-05-27,7,TEN,14173.0,14478.0
2017-05-27,8,TEN,13676.0,14090.0
2017-05-27,9,TEN,13466.0,13776.0
2017-05-27,10,TEN,13335.0,13728.0
2017-05-27,11,TEN,13312.0,13856.0
2017-05-27,12,TEN,13567.0,14205.0
2017-05-27,13,TEN,14405.0,14977.0
2017-05-27,14,TEN,15422.0,16024.0
2017-05-27,15,TEN,16299.0,16963.0
2017-05-27,16,TEN,17140.0,17636.0
2017-05-27,17,TEN,18058.0,18812.0
2017-05-27,18,TEN,18972.0,19745.0
2017-05-27,19,TEN,19805.0,20403.0
2017-05-27,20,TEN,20661.0,20941.0
2017-05-27,21,TEN,21086.0,21023.0
2017-05-27,22,TEN,21152.0,21274.0
2017-05-27,23,TEN,21003.0,21113.0
2017-05-28,0,TEN,20477.0,20730.0
2017-05-28,1,TEN,19727.0,20161.0
2017-05-28,2,TEN,19106.0,19596.0
2017-05-28,3,TEN,17967.0,18287.0
2017-05-28,4,TEN,16289.0,16804.0
2017-05-28,5,TEN,14465.0,15111.0
2017-05-28,6,TEN,13304.0,13747.0
2017-05-28,7,TEN,12637.0,13083.0
2017-05-28,8,TEN,12219.0,12791.0
2017-05-28,9,TEN,12038.0,12699.0
2017-05-28,10,TEN,11954.0,12604.0
2017-05-28,11,TEN,12046.0,12752.0
2017-05-28,12,TEN,12228.0,12920.0
2017-05-28,13,TEN,12904.0,13504.0
2017-05-28,14,TEN,13815.0,14404.0
2017-05-28,15,TEN,14544.0,15180.0
2017-05-28,16,TEN,15089.0,15764.0
2017-05-28,17,TEN,15546.0,16174.0
2017-05-28,18,TEN,16369.0,17200.0
2017-05-28,19,TEN,16946.0,17731.0
2017-05-28,20,TEN,17440.0,18310.0
2017-05-28,21,TEN,18001.0,18891.0
2017-05-28,22,TEN,18520.0,19122.0
2017-05-28,23,TEN,18511.0,19144.0
2017-05-29,0,TEN,18148.0,18814.0
2017-05-29,1,TEN,17463.0,18097.0
2017-05-29,2,TEN,17497.0,18111.0
2017-05-29,3,TEN,16773.0,17302.0
2017-05-29,4,TEN,15614.0,16392.0
2017-05-29,5,TEN,14483.0,15041.0
2017-05-29,6,TEN,13636.0,14104.0
2017-05-29,7,TEN,12849.0,13383.0
2017-05-29,8,TEN,12436.0,12667.0
2017-05-29,9,TEN,12346.0,12562.0
2017-05-29,10,TEN,12251.0,12570.0
2017-05-29,11,TEN,12325.0,12676.0
2017-05-29,12,TEN,12514.0,13091.0
2017-05-29,13,TEN,13330.0,13880.0
2017-05-29,14,TEN,14453.0,15144.0
2017-05-29,15,TEN,15761.0,16356.0
2017-05-29,16,TEN,16845.0,17440.0
2017-05-29,17,TEN,17573.0,18243.0
2017-05-29,18,TEN,18208.0,18856.0
2017-05-29,19,TEN,18658.0,19287.0
2017-05-29,20,TEN,19092.0,19697.0
2017-05-29,21,TEN,19398.0,19988.0
2017-05-29,22,TEN,19530.0,20144.0
2017-05-29,23,TEN,19223.0,19748.0
2017-05-30,0,TEN,18778.0,19276.0
2017-05-30,1,TEN,18248.0,18769.0
2017-05-30,2,TEN,18092.0,18474.0
2017-05-30,3,TEN,17411.0,17691.0
2017-05-30,4,TEN,16073.0,16374.0
2017-05-30,5,TEN,14844.0,15099.0
2017-05-30,6,TEN,13956.0,14148.0
2017-05-30,7,TEN,13375.0,13715.0
2017-05-30,8,TEN,13093.0,13436.0
2017-05-30,9,TEN,12962.0,13426.0
2017-05-30,10,TEN,13250.0,13742.0
2017-05-30,11,TEN,13940.0,14569.0
2017-05-30,12,TEN,14828.0,15367.0
2017-05-30,13,TEN,16082.0,16627.0
2017-05-30,14,TEN,17044.0,17698.0
2017-05-30,15,TEN,18089.0,18634.0
2017-05-30,16,TEN,19313.0,19852.0
2017-05-30,17,TEN,20506.0,21105.0
2017-05-30,18,TEN,21610.0,22210.0
2017-05-30,19,TEN,22321.0,22540.0
2017-05-30,20,TEN,22719.0,22409.0
2017-05-30,21,TEN,22608.0,22464.0
2017-05-30,22,TEN,22199.0,22153.0
2017-05-30,23,TEN,21494.0,21645.0
2017-05-31,0,TEN,20637.0,21200.0
2017-05-31,1,TEN,19913.0,20382.0
2017-05-31,2,TEN,19488.0,20020.0
2017-05-31,3,TEN,18526.0,18884.0
2017-05-31,4,TEN,16940.0,17367.0
2017-05-31,5,TEN,15582.0,15962.0
2017-05-31,6,TEN,14603.0,14943.0
2017-05-31,7,TEN,14002.0,14316.0
2017-05-31,8,TEN,13628.0,13954.0
2017-05-31,9,TEN,13249.0,13694.0
2017-05-31,10,TEN,13541.0,13958.0
2017-05-31,11,TEN,14197.0,14689.0
2017-05-31,12,TEN,15079.0,15589.0
2017-05-31,13,TEN,16036.0,16543.0
2017-05-31,14,TEN,16999.0,17522.0
2017-05-31,15,TEN,18073.0,18492.0
2017-05-31,16,TEN,19330.0,19945.0
2017-05-31,17,TEN,20449.0,21066.0
2017-05-31,18,TEN,21526.0,22144.0
2017-05-31,19,TEN,22427.0,22977.0
2017-05-31,20,TEN,23165.0,24043.0
2017-05-31,21,TEN,23703.0,24350.0
2017-05-31,22,TEN,23904.0,24524.0
2017-05-31,23,TEN,23605.0,24145.0
2017-06-01,0,TEN,23020.0,23512.0
2017-06-01,1,TEN,21945.0,22437.0
2017-06-01,2,TEN,21431.0,21996.0
2017-06-01,3,TEN,19948.0,20427.0
2017-06-01,4,TEN,18004.0,18581.0
2017-06-01,5,TEN,16411.0,16920.0
2017-06-01,6,TEN,15227.0,15564.0
2017-06-01,7,TEN,14470.0,14795.0
2017-06-01,8,TEN,13953.0,14314.0
2017-06-01,9,TEN,13838.0,14236.0
2017-06-01,10,TEN,14049.0,14429.0
2017-06-01,11,TEN,14593.0,15011.0
2017-06-01,12,TEN,15488.0,16052.0
2017-06-01,13,TEN,16430.0,17097.0
2017-06-01,14,TEN,17399.0,17977.0
2017-06-01,15,TEN,18493.0,19156.0
2017-06-01,16,TEN,19717.0,20116.0
2017-06-01,17,TEN,20825.0,21070.0
2017-06-01,18,TEN,21777.0,21874.0
2017-06-01,19,TEN,22331.0,22443.0
2017-06-01,20,TEN,22647.0,22619.0
2017-06-01,21,TEN,22699.0,22792.0
2017-06-01,22,TEN,22369.0,22392.0
2017-06-01,23,TEN,21715.0,21768.0
2017-06-02,0,TEN,21005.0,21032.0
2017-06-02,1,TEN,20502.0,20538.0
2017-06-02,2,TEN,20221.0,20321.0
2017-06-02,3,TEN,19176.0,19473.0
2017-06-02,4,TEN,17862.0,18204.0
2017-06-02,5,TEN,16351.0,16778.0
2017-06-02,6,TEN,15244.0,15719.0
2017-06-02,7,TEN,14527.0,15124.0
2017-06-02,8,TEN,14082.0,15018.0
2017-06-02,9,TEN,13896.0,14848.0
2017-06-02,10,TEN,14090.0,15037.0
2017-06-02,11,TEN,14740.0,15584.0
2017-06-02,12,TEN,15547.0,16208.0
2017-06-02,13,TEN,16676.0,17376.0
2017-06-02,14,TEN,17738.0,18270.0
2017-06-02,15,TEN,18868.0,19525.0
2017-06-02,16,TEN,20161.0,20837.0
2017-06-02,17,TEN,21392.0,21956.0
2017-06-02,18,TEN,22150.0,22204.0
2017-06-02,19,TEN,22778.0,22628.0
2017-06-02,20,TEN,23282.0,22948.0
2017-06-02,21,TEN,23362.0,22799.0
2017-06-02,22,TEN,23212.0,22868.0
2017-06-02,23,TEN,22871.0,22695.0
2017-06-03,0,TEN,22132.0,22088.0
2017-06-03,1,TEN,21032.0,20953.0
2017-06-03,2,TEN,20548.0,20719.0
2017-06-03,3,TEN,19450.0,19895.0
2017-06-03,4,TEN,17826.0,18358.0
2017-06-03,5,TEN,16245.0,16582.0
2017-06-03,6,TEN,15123.0,15511.0
2017-06-03,7,TEN,14288.0,14712.0
2017-06-03,8,TEN,13718.0,14092.0
2017-06-03,9,TEN,13321.0,13783.0
2017-06-03,10,TEN,13279.0,13724.0
2017-06-03,11,TEN,13357.0,13877.0
2017-06-03,12,TEN,13704.0,14343.0
2017-06-03,13,TEN,14682.0,15436.0
2017-06-03,14,TEN,15989.0,16682.0
2017-06-03,15,TEN,17435.0,18108.0
2017-06-03,16,TEN,18882.0,19457.0
2017-06-03,17,TEN,20010.0,20604.0
2017-06-03,18,TEN,21205.0,21693.0
2017-06-03,19,TEN,21961.0,22304.0
2017-06-03,20,TEN,22503.0,22883.0
2017-06-03,21,TEN,22841.0,23214.0
2017-06-03,22,TEN,22955.0,23253.0
2017-06-03,23,TEN,22896.0,23116.0
2017-06-04,0,TEN,22108.0,22531.0
2017-06-04,1,TEN,20960.0,21433.0
2017-06-04,2,TEN,20449.0,21074.0
2017-06-04,3,TEN,19319.0,19768.0
2017-06-04,4,TEN,17811.0,18177.0
2017-06-04,5,TEN,16222.0,16681.0
2017-06-04,6,TEN,15057.0,15455.0
2017-06-04,7,TEN,14063.0,14441.0
2017-06-04,8,TEN,13684.0,14110.0
2017-06-04,9,TEN,13501.0,14303.0
2017-06-04,10,TEN,13478.0,14312.0
2017-06-04,11,TEN,13402.0,14293.0
2017-06-04,12,TEN,13631.0,14668.0
2017-06-04,13,TEN,14594.0,15215.0
2017-06-04,14,TEN,15839.0,16475.0
2017-06-04,15,TEN,16965.0,17603.0
2017-06-04,16,TEN,17830.0,18471.0
2017-06-04,17,TEN,18667.0,19219.0
2017-06-04,18,TEN,19458.0,19980.0
2017-06-04,19,TEN,20007.0,20473.0
2017-06-04,20,TEN,20289.0,20722.0
2017-06-04,21,TEN,20341.0,20857.0
2017-06-04,22,TEN,20499.0,20952.0
2017-06-04,23,TEN,20333.0,20863.0
2017-06-05,0,TEN,19852.0,20251.0
2017-06-05,1,TEN,19556.0,20006.0
2017-06-05,2,TEN,19434.0,19860.0
2017-06-05,3,TEN,18592.0,18872.0
2017-06-05,4,TEN,17389.0,17832.0
2017-06-05,5,TEN,16148.0,16552.0
2017-06-05,6,TEN,15260.0,15573.0
2017-06-05,7,TEN,14678.0,14929.0
2017-06-05,8,TEN,14292.0,14558.0
2017-06-05,9,TEN,14160.0,14568.0
2017-06-05,10,TEN,14524.0,14890.0
2017-06-05,11,TEN,15382.0,15920.0
2017-06-05,12,TEN,16378.0,16877.0
2017-06-05,13,TEN,17230.0,17628.0
2017-06-05,14,TEN,18045.0,18457.0
2017-06-05,15,TEN,18722.0,19220.0
2017-06-05,16,TEN,19331.0,19929.0
2017-06-05,17,TEN,19803.0,20328.0
2017-06-05,18,TEN,20373.0,20889.0
2017-06-05,19,TEN,20620.0,21196.0
2017-06-05,20,TEN,20727.0,21618.0
2017-06-05,21,TEN,20899.0,21779.0
2017-06-05,22,TEN,20978.0,21829.0
2017-06-05,23,TEN,20782.0,21639.0
2017-06-06,0,TEN,20364.0,21193.0
2017-06-06,1,TEN,20047.0,20581.0
2017-06-06,2,TEN,20000.0,20522.0
2017-06-06,3,TEN,19206.0,19552.0
2017-06-06,4,TEN,17865.0,18344.0
2017-06-06,5,TEN,16501.0,17089.0
2017-06-06,6,TEN,15522.0,16019.0
2017-06-06,7,TEN,14886.0,15338.0
2017-06-06,8,TEN,14450.0,15026.0
2017-06-06,9,TEN,14393.0,14893.0
2017-06-06,10,TEN,14670.0,15347.0
2017-06-06,11,TEN,15342.0,16059.0
2017-06-06,12,TEN,16292.0,17004.0
2017-06-06,13,TEN,17188.0,17861.0
2017-06-06,14,TEN,18116.0,18795.0
2017-06-06,15,TEN,19154.0,19415.0
2017-06-06,16,TEN,20215.0,20349.0
2017-06-06,17,TEN,21095.0,21109.0
2017-06-06,18,TEN,21847.0,22084.0
2017-06-06,19,TEN,22525.0,22513.0
2017-06-06,20,TEN,22838.0,22537.0
2017-06-06,21,TEN,22667.0,22214.0
2017-06-06,22,TEN,22382.0,21983.0
2017-06-06,23,TEN,21949.0,21860.0
2017-06-07,0,TEN,21198.0,21576.0
2017-06-07,1,TEN,20543.0,20889.0
2017-06-07,2,TEN,20134.0,20659.0
2017-06-07,3,TEN,19222.0,19612.0
2017-06-07,4,TEN,17541.0,18031.0
2017-06-07,5,TEN,16008.0,16479.0
2017-06-07,6,TEN,14773.0,15107.0
2017-06-07,7,TEN,13911.0,14450.0
2017-06-07,8,TEN,13416.0,13930.0
2017-06-07,9,TEN,13120.0,13715.0
2017-06-07,10,TEN,13322.0,13763.0
2017-06-07,11,TEN,13905.0,14470.0
2017-06-07,12,TEN,14705.0,15295.0
2017-06-07,13,TEN,15591.0,16192.0
2017-06-07,14,TEN,16490.0,17054.0
2017-06-07,15,TEN,17298.0,17858.0
2017-06-07,16,TEN,18065.0,18438.0
2017-06-07,17,TEN,18671.0,19098.0
2017-06-07,18,TEN,19526.0,19825.0
2017-06-07,19,TEN,20012.0,20151.0
2017-06-07,20,TEN,20507.0,20624.0
2017-06-07,21,TEN,20989.0,21047.0
2017-06-07,22,TEN,21146.0,21115.0
2017-06-07,23,TEN,20923.0,21211.0
2017-06-08,0,TEN,20347.0,20991.0
2017-06-08,1,TEN,19332.0,20050.0
2017-06-08,2,TEN,18978.0,19488.0
2017-06-08,3,TEN,18103.0,18544.0
2017-06-08,4,TEN,16448.0,17008.0
2017-06-08,5,TEN,15007.0,15621.0
2017-06-08,6,TEN,14103.0,14530.0
2017-06-08,7,TEN,13449.0,13903.0
2017-06-08,8,TEN,13027.0,13518.0
2017-06-08,9,TEN,12950.0,13544.0
2017-06-08,10,TEN,13168.0,13624.0
2017-06-08,11,TEN,13736.0,14327.0
2017-06-08,12,TEN,14484.0,15081.0
2017-06-08,13,TEN,15562.0,16125.0
2017-06-08,14,TEN,16202.0,16806.0
2017-06-08,15,TEN,16931.0,17294.0
2017-06-08,16,TEN,17656.0,17968.0
2017-06-08,17,TEN,18299.0,18527.0
2017-06-08,18,TEN,18935.0,19437.0
2017-06-08,19,TEN,19496.0,20124.0
2017-06-08,20,TEN,19869.0,20336.0
2017-06-08,21,TEN,20243.0,20859.0
2017-06-08,22,TEN,20343.0,20641.0
2017-06-08,23,TEN,20244.0,20498.0
2017-06-09,0,TEN,19702.0,20328.0
2017-06-09,1,TEN,18999.0,19739.0
2017-06-09,2,TEN,18794.0,19301.0
2017-06-09,3,TEN,17881.0,18454.0
2017-06-09,4,TEN,16453.0,16947.0
2017-06-09,5,TEN,15054.0,15543.0
2017-06-09,6,TEN,14035.0,14439.0
2017-06-09,7,TEN,13404.0,13823.0
2017-06-09,8,TEN,13030.0,13476.0
2017-06-09,9,TEN,12859.0,13465.0
2017-06-09,10,TEN,13002.0,13689.0
2017-06-09,11,TEN,13740.0,14296.0
2017-06-09,12,TEN,14542.0,15150.0
2017-06-09,13,TEN,15528.0,15921.0
2017-06-09,14,TEN,16371.0,16900.0
2017-06-09,15,TEN,17131.0,17732.0
2017-06-09,16,TEN,17997.0,18594.0
2017-06-09,17,TEN,18719.0,19515.0
2017-06-09,18,TEN,19388.0,20035.0
2017-06-09,19,TEN,20165.0,20767.0
2017-06-09,20,TEN,20904.0,21085.0
2017-06-09,21,TEN,21639.0,21833.0
2017-06-09,22,TEN,22015.0,22082.0
2017-06-09,23,TEN,21950.0,21909.0
2017-06-10,0,TEN,21299.0,21777.0
2017-06-10,1,TEN,20256.0,20693.0
2017-06-10,2,TEN,19583.0,20277.0
2017-06-10,3,TEN,18456.0,18794.0
2017-06-10,4,TEN,16927.0,17109.0
2017-06-10,5,TEN,15439.0,15929.0
2017-06-10,6,TEN,14149.0,14546.0
2017-06-10,7,TEN,13482.0,13881.0
2017-06-10,8,TEN,13094.0,13493.0
2017-06-10,9,TEN,12789.0,13213.0
2017-06-10,10,TEN,12717.0,13247.0
2017-06-10,11,TEN,12808.0,13239.0
2017-06-10,12,TEN,13146.0,13677.0
2017-06-10,13,TEN,14130.0,14555.0
2017-06-10,14,TEN,15358.0,15941.0
2017-06-10,15,TEN,16693.0,17259.0
2017-06-10,16,TEN,17956.0,18511.0
2017-06-10,17,TEN,18915.0,19330.0
2017-06-10,18,TEN,19897.0,20410.0
2017-06-10,19,TEN,20955.0,20675.0
2017-06-10,20,TEN,21762.0,21164.0
2017-06-10,21,TEN,22347.0,21863.0
2017-06-10,22,TEN,22563.0,22073.0
2017-06-10,23,TEN,22580.0,22032.0
2017-06-11,0,TEN,21951.0,22039.0
2017-06-11,1,TEN,20835.0,21061.0
2017-06-11,2,TEN,20182.0,20280.0
2017-06-11,3,TEN,19185.0,19295.0
2017-06-11,4,TEN,17619.0,17659.0
2017-06-11,5,TEN,16126.0,16266.0
2017-06-11,6,TEN,14873.0,15223.0
2017-06-11,7,TEN,14138.0,14491.0
2017-06-11,8,TEN,13529.0,13870.0
2017-06-11,9,TEN,13130.0,13392.0
2017-06-11,10,TEN,12888.0,13107.0
2017-06-11,11,TEN,12804.0,13103.0
2017-06-11,12,TEN,13027.0,13639.0
2017-06-11,13,TEN,14376.0,14778.0
2017-06-11,14,TEN,16095.0,16682.0
2017-06-11,15,TEN,17621.0,18087.0
2017-06-11,16,TEN,19085.0,19494.0
2017-06-11,17,TEN,20444.0,20454.0
2017-06-11,18,TEN,21585.0,21363.0
2017-06-11,19,TEN,22519.0,21618.0
2017-06-11,20,TEN,23172.0,22152.0
2017-06-11,21,TEN,23673.0,22602.0
2017-06-11,22,TEN,23971.0,22773.0
2017-06-11,23,TEN,24041.0,22762.0
2017-06-12,0,TEN,23551.0,22362.0
2017-06-12,1,TEN,22573.0,22195.0
2017-06-12,2,TEN,21922.0,21566.0
2017-06-12,3,TEN,20855.0,20564.0
2017-06-12,4,TEN,19281.0,19379.0
2017-06-12,5,TEN,17680.0,18077.0
2017-06-12,6,TEN,16442.0,16702.0
2017-06-12,7,TEN,15635.0,15843.0
2017-06-12,8,TEN,15169.0,15440.0
2017-06-12,9,TEN,15005.0,15300.0
2017-06-12,10,TEN,15343.0,15704.0
2017-06-12,11,TEN,16003.0,16351.0
2017-06-12,12,TEN,16995.0,17039.0
2017-06-12,13,TEN,18438.0,18519.0
2017-06-12,14,TEN,19792.0,19574.0
2017-06-12,15,TEN,21316.0,20675.0
2017-06-12,16,TEN,22911.0,22695.0
2017-06-12,17,TEN,24138.0,23867.0
2017-06-12,18,TEN,25353.0,24701.0
2017-06-12,19,TEN,26247.0,25508.0
2017-06-12,20,TEN,26838.0,26023.0
2017-06-12,21,TEN,27000.0,26157.0
2017-06-12,22,TEN,27200.0,26363.0
2017-06-12,23,TEN,26909.0,26435.0
2017-06-13,0,TEN,26336.0,25906.0
2017-06-13,1,TEN,25231.0,25180.0
2017-06-13,2,TEN,24598.0,24468.0
2017-06-13,3,TEN,23181.0,23101.0
2017-06-13,4,TEN,21220.0,21511.0
2017-06-13,5,TEN,19321.0,19681.0
2017-06-13,6,TEN,17890.0,18150.0
2017-06-13,7,TEN,16595.0,16759.0
2017-06-13,8,TEN,15888.0,16105.0
2017-06-13,9,TEN,15366.0,15668.0
2017-06-13,10,TEN,15456.0,15760.0
2017-06-13,11,TEN,16015.0,16327.0
2017-06-13,12,TEN,17073.0,16901.0
2017-06-13,13,TEN,18431.0,18048.0
2017-06-13,14,TEN,19778.0,19162.0
2017-06-13,15,TEN,21097.0,20472.0
2017-06-13,16,TEN,22811.0,21960.0
2017-06-13,17,TEN,24176.0,23527.0
2017-06-13,18,TEN,25145.0,24529.0
2017-06-13,19,TEN,26092.0,25225.0
2017-06-13,20,TEN,26391.0,25396.0
2017-06-13,21,TEN,26594.0,25642.0
2017-06-13,22,TEN,26623.0,25784.0
2017-06-13,23,TEN,26223.0,25601.0
2017-06-14,0,TEN,25460.0,24870.0
2017-06-14,1,TEN,24583.0,23718.0
2017-06-14,2,TEN,23982.0,23048.0
2017-06-14,3,TEN,22771.0,21591.0
2017-06-14,4,TEN,20755.0,19973.0
2017-06-14,5,TEN,18803.0,18576.0
2017-06-14,6,TEN,17895.0,17840.0
2017-06-14,7,TEN,16968.0,16857.0
2017-06-14,8,TEN,16236.0,16180.0
2017-06-14,9,TEN,15590.0,15569.0
2017-06-14,10,TEN,15642.0,15648.0
2017-06-14,11,TEN,15892.0,15925.0
2017-06-14,12,TEN,16919.0,16802.0
2017-06-14,13,TEN,18302.0,18159.0
2017-06-14,14,TEN,19573.0,19398.0
2017-06-14,15,TEN,21222.0,20985.0
2017-06-14,16,TEN,22874.0,22306.0
2017-06-14,17,TEN,24173.0,23292.0
2017-06-14,18,TEN,25318.0,24197.0
2017-06-14,19,TEN,25842.0,24633.0
2017-06-14,20,TEN,26151.0,24739.0
2017-06-14,21,TEN,26333.0,24897.0
2017-06-14,22,TEN,26327.0,24861.0
2017-06-14,23,TEN,25904.0,24842.0
2017-06-15,0,TEN,25529.0,24295.0
2017-06-15,1,TEN,24824.0,23868.0
2017-06-15,2,TEN,24191.0,23116.0
2017-06-15,3,TEN,19128.0,17982.0
2017-06-15,4,TEN,20996.0,20207.0
2017-06-15,5,TEN,19127.0,18811.0
2017-06-15,6,TEN,18259.0,17990.0
2017-06-15,7,TEN,17487.0,16923.0
2017-06-15,8,TEN,16850.0,16290.0
2017-06-15,9,TEN,15760.0,15972.0
2017-06-15,10,TEN,16339.0,16118.0
2017-06-15,11,TEN,17007.0,16829.0
2017-06-15,12,TEN,18050.0,17935.0
2017-06-15,13,TEN,19281.0,19178.0
2017-06-15,14,TEN,20699.0,20712.0
2017-06-15,15,TEN,22033.0,21593.0
2017-06-15,16,TEN,22210.0,21351.0
2017-06-15,17,TEN,22732.0,21128.0
2017-06-15,18,TEN,22904.0,21211.0
2017-06-15,19,TEN,22020.0,20511.0
2017-06-15,20,TEN,21970.0,20614.0
2017-06-15,21,TEN,21617.0,20345.0
2017-06-15,22,TEN,21335.0,20597.0
2017-06-15,23,TEN,21201.0,20471.0
2017-06-16,0,TEN,20838.0,20078.0
2017-06-16,1,TEN,20438.0,19718.0
2017-06-16,2,TEN,20356.0,19450.0
2017-06-16,3,TEN,19697.0,18986.0
2017-06-16,4,TEN,18139.0,18104.0
2017-06-16,5,TEN,16775.0,16838.0
2017-06-16,6,TEN,16031.0,16095.0
2017-06-16,7,TEN,15364.0,15351.0
2017-06-16,8,TEN,14981.0,15004.0
2017-06-16,9,TEN,14762.0,14793.0
2017-06-16,10,TEN,14991.0,14997.0
2017-06-16,11,TEN,15672.0,15772.0
2017-06-16,12,TEN,16480.0,16685.0
2017-06-16,13,TEN,17405.0,17706.0
2017-06-16,14,TEN,18362.0,18663.0
2017-06-16,15,TEN,19501.0,19358.0
2017-06-16,16,TEN,20687.0,19992.0
2017-06-16,17,TEN,21949.0,20835.0
2017-06-16,18,TEN,23195.0,21888.0
2017-06-16,19,TEN,24121.0,22957.0
2017-06-16,20,TEN,24491.0,23306.0
2017-06-16,21,TEN,24523.0,23382.0
2017-06-16,22,TEN,24486.0,23269.0
2017-06-16,23,TEN,23975.0,22822.0
2017-06-17,0,TEN,23079.0,21881.0
2017-06-17,1,TEN,22071.0,20957.0
2017-06-17,2,TEN,21614.0,20325.0
2017-06-17,3,TEN,20583.0,19739.0
2017-06-17,4,TEN,19019.0,18583.0
2017-06-17,5,TEN,17347.0,17344.0
2017-06-17,6,TEN,16204.0,16148.0
2017-06-17,7,TEN,15298.0,15200.0
2017-06-17,8,TEN,14624.0,14549.0
2017-06-17,9,TEN,14237.0,14419.0
2017-06-17,10,TEN,14089.0,14177.0
2017-06-17,11,TEN,14070.0,14233.0
2017-06-17,12,TEN,14413.0,14759.0
2017-06-17,13,TEN,15685.0,15853.0
2017-06-17,14,TEN,17170.0,17350.0
2017-06-17,15,TEN,18962.0,19025.0
2017-06-17,16,TEN,20376.0,19764.0
2017-06-17,17,TEN,21711.0,20527.0
2017-06-17,18,TEN,22955.0,21849.0
2017-06-17,19,TEN,23897.0,22834.0
2017-06-17,20,TEN,24604.0,23474.0
2017-06-17,21,TEN,25131.0,23934.0
2017-06-17,22,TEN,25289.0,24033.0
2017-06-17,23,TEN,25115.0,23677.0
2017-06-18,0,TEN,24421.0,23186.0
2017-06-18,1,TEN,23234.0,22016.0
2017-06-18,2,TEN,22509.0,21266.0
2017-06-18,3,TEN,21362.0,20582.0
2017-06-18,4,TEN,19801.0,19387.0
2017-06-18,5,TEN,18200.0,18195.0
2017-06-18,6,TEN,16940.0,16974.0
2017-06-18,7,TEN,16022.0,16044.0
2017-06-18,8,TEN,15359.0,15345.0
2017-06-18,9,TEN,14990.0,14952.0
2017-06-18,10,TEN,14802.0,14780.0
2017-06-18,11,TEN,14610.0,14699.0
2017-06-18,12,TEN,14872.0,15059.0
2017-06-18,13,TEN,16096.0,16368.0
2017-06-18,14,TEN,17848.0,18014.0
2017-06-18,15,TEN,19423.0,19561.0
2017-06-18,16,TEN,20667.0,20442.0
2017-06-18,17,TEN,21734.0,21383.0
2017-06-18,18,TEN,22559.0,22341.0
2017-06-18,19,TEN,22806.0,22564.0
2017-06-18,20,TEN,22685.0,22374.0
2017-06-18,21,TEN,22198.0,21900.0
2017-06-18,22,TEN,21898.0,21719.0
2017-06-18,23,TEN,21343.0,21124.0
2017-06-19,0,TEN,20582.0,20257.0
2017-06-19,1,TEN,20149.0,19917.0
2017-06-19,2,TEN,20094.0,19841.0
2017-06-19,3,TEN,19281.0,19177.0
2017-06-19,4,TEN,18085.0,18059.0
2017-06-19,5,TEN,16807.0,16926.0
2017-06-19,6,TEN,15887.0,15983.0
2017-06-19,7,TEN,15314.0,15397.0
2017-06-19,8,TEN,14962.0,15044.0
2017-06-19,9,TEN,14877.0,14977.0
2017-06-19,10,TEN,15321.0,15365.0
2017-06-19,11,TEN,16101.0,16311.0
2017-06-19,12,TEN,17076.0,17535.0
2017-06-19,13,TEN,17988.0,18338.0
2017-06-19,14,TEN,18886.0,19341.0
2017-06-19,15,TEN,19762.0,20275.0
2017-06-19,16,TEN,20685.0,21079.0
2017-06-19,17,TEN,21498.0,22006.0
2017-06-19,18,TEN,22096.0,22527.0
2017-06-19,19,TEN,22716.0,23126.0
2017-06-19,20,TEN,23215.0,23628.0
2017-06-19,21,TEN,23523.0,23997.0
2017-06-19,22,TEN,23709.0,24159.0
2017-06-19,23,TEN,23495.0,23938.0
2017-06-20,0,TEN,22986.0,23459.0
2017-06-20,1,TEN,22242.0,22733.0
2017-06-20,2,TEN,21677.0,22102.0
2017-06-20,3,TEN,20660.0,21159.0
2017-06-20,4,TEN,18810.0,19328.0
2017-06-20,5,TEN,17127.0,17480.0
2017-06-20,6,TEN,15947.0,15998.0
2017-06-20,7,TEN,15206.0,15207.0
2017-06-20,8,TEN,14696.0,14681.0
2017-06-20,9,TEN,14476.0,14595.0
2017-06-20,10,TEN,14665.0,14734.0
2017-06-20,11,TEN,15195.0,15440.0
2017-06-20,12,TEN,15973.0,16314.0
2017-06-20,13,TEN,17098.0,17449.0
2017-06-20,14,TEN,18188.0,18458.0
2017-06-20,15,TEN,19657.0,19938.0
2017-06-20,16,TEN,21104.0,21388.0
2017-06-20,17,TEN,22391.0,22600.0
2017-06-20,18,TEN,23326.0,23546.0
2017-06-20,19,TEN,24232.0,24037.0
2017-06-20,20,TEN,24945.0,24573.0
2017-06-20,21,TEN,25271.0,24745.0
2017-06-20,22,TEN,25344.0,24743.0
2017-06-20,23,TEN,24901.0,24595.0
2017-06-21,0,TEN,24073.0,24288.0
2017-06-21,1,TEN,23169.0,23245.0
2017-06-21,2,TEN,22502.0,22415.0
2017-06-21,3,TEN,21454.0,21390.0
2017-06-21,4,TEN,19513.0,19623.0
2017-06-21,5,TEN,17743.0,17867.0
2017-06-21,6,TEN,16651.0,16561.0
2017-06-21,7,TEN,15741.0,15770.0
2017-06-21,8,TEN,15122.0,15242.0
2017-06-21,9,TEN,14797.0,14878.0
2017-06-21,10,TEN,14955.0,15150.0
2017-06-21,11,TEN,15498.0,15757.0
2017-06-21,12,TEN,16367.0,16674.0
2017-06-21,13,TEN,17408.0,17607.0
2017-06-21,14,TEN,18403.0,18780.0
2017-06-21,15,TEN,19501.0,19889.0
2017-06-21,16,TEN,20734.0,21143.0
2017-06-21,17,TEN,21962.0,22342.0
2017-06-21,18,TEN,22972.0,23368.0
2017-06-21,19,TEN,23729.0,24086.0
2017-06-21,20,TEN,24227.0,24382.0
2017-06-21,21,TEN,24336.0,24367.0
2017-06-21,22,TEN,24149.0,24199.0
2017-06-21,23,TEN,23598.0,23762.0
2017-06-22,0,TEN,22939.0,23306.0
2017-06-22,1,TEN,22265.0,22806.0
2017-06-22,2,TEN,22121.0,22586.0
2017-06-22,3,TEN,20973.0,21392.0
2017-06-22,4,TEN,19468.0,19804.0
2017-06-22,5,TEN,17988.0,18088.0
2017-06-22,6,TEN,16822.0,16834.0
2017-06-22,7,TEN,16205.0,16202.0
2017-06-22,8,TEN,15806.0,15818.0
2017-06-22,9,TEN,15499.0,15539.0
2017-06-22,10,TEN,15819.0,15746.0
2017-06-22,11,TEN,16614.0,16826.0
2017-06-22,12,TEN,17445.0,17882.0
2017-06-22,13,TEN,18228.0,18721.0
2017-06-22,14,TEN,18847.0,19422.0
2017-06-22,15,TEN,19231.0,19803.0
2017-06-22,16,TEN,19823.0,20404.0
2017-06-22,17,TEN,20243.0,20781.0
2017-06-22,18,TEN,20666.0,21230.0
2017-06-22,19,TEN,21051.0,21724.0
2017-06-22,20,TEN,21398.0,21994.0
2017-06-22,21,TEN,21667.0,22275.0
2017-06-22,22,TEN,21949.0,22440.0
2017-06-22,23,TEN,21855.0,22158.0
2017-06-23,0,TEN,21599.0,21804.0
2017-06-23,1,TEN,21236.0,21737.0
2017-06-23,2,TEN,21223.0,21613.0
2017-06-23,3,TEN,20581.0,20810.0
2017-06-23,4,TEN,19411.0,19674.0
2017-06-23,5,TEN,18178.0,18515.0
2017-06-23,6,TEN,17305.0,17453.0
2017-06-23,7,TEN,16561.0,16753.0
2017-06-23,8,TEN,16296.0,16508.0
2017-06-23,9,TEN,16104.0,16315.0
2017-06-23,10,TEN,16392.0,16637.0
2017-06-23,11,TEN,17004.0,17431.0
2017-06-23,12,TEN,17803.0,18375.0
2017-06-23,13,TEN,18957.0,19705.0
2017-06-23,14,TEN,19828.0,20354.0
2017-06-23,15,TEN,20616.0,21191.0
2017-06-23,16,TEN,21410.0,22025.0
2017-06-23,17,TEN,21884.0,22554.0
2017-06-23,18,TEN,22335.0,22972.0
2017-06-23,19,TEN,22428.0,23058.0
2017-06-23,20,TEN,22494.0,23162.0
2017-06-23,21,TEN,22297.0,22967.0
2017-06-23,22,TEN,22341.0,23013.0
2017-06-23,23,TEN,22044.0,22653.0
2017-06-24,0,TEN,21525.0,22193.0
2017-06-24,1,TEN,20873.0,21590.0
2017-06-24,2,TEN,20699.0,21308.0
2017-06-24,3,TEN,19895.0,20413.0
2017-06-24,4,TEN,18727.0,19103.0
2017-06-24,5,TEN,17367.0,17778.0
2017-06-24,6,TEN,16331.0,16569.0
2017-06-24,7,TEN,15610.0,15775.0
2017-06-24,8,TEN,15093.0,15305.0
2017-06-24,9,TEN,14770.0,14948.0
2017-06-24,10,TEN,14624.0,14849.0
2017-06-24,11,TEN,14674.0,15011.0
2017-06-24,12,TEN,14848.0,15196.0
2017-06-24,13,TEN,15709.0,16133.0
2017-06-24,14,TEN,16940.0,17305.0
2017-06-24,15,TEN,18260.0,18625.0
2017-06-24,16,TEN,19428.0,19796.0
2017-06-24,17,TEN,20419.0,20847.0
2017-06-24,18,TEN,21246.0,21375.0
2017-06-24,19,TEN,21901.0,21896.0
2017-06-24,20,TEN,22351.0,22265.0
2017-06-24,21,TEN,22668.0,22751.0
2017-06-24,22,TEN,22788.0,22765.0
2017-06-24,23,TEN,22408.0,22443.0
2017-06-25,0,TEN,21471.0,21446.0
2017-06-25,1,TEN,20174.0,20201.0
2017-06-25,2,TEN,18960.0,19154.0
2017-06-25,3,TEN,18545.0,18665.0
2017-06-25,4,TEN,17136.0,17320.0
2017-06-25,5,TEN,15703.0,15951.0
2017-06-25,6,TEN,14575.0,14808.0
2017-06-25,7,TEN,13828.0,14048.0
2017-06-25,8,TEN,13260.0,13435.0
2017-06-25,9,TEN,12933.0,13128.0
2017-06-25,10,TEN,12809.0,13032.0
2017-06-25,11,TEN,12722.0,13015.0
2017-06-25,12,TEN,12897.0,13103.0
2017-06-25,13,TEN,13851.0,14271.0
2017-06-25,14,TEN,14982.0,15387.0
2017-06-25,15,TEN,15921.0,16394.0
2017-06-25,16,TEN,16573.0,17077.0
2017-06-25,17,TEN,17315.0,17779.0
2017-06-25,18,TEN,18118.0,18548.0
2017-06-25,19,TEN,18873.0,19290.0
2017-06-25,20,TEN,19609.0,20046.0
2017-06-25,21,TEN,20371.0,20793.0
2017-06-25,22,TEN,20875.0,21047.0
2017-06-25,23,TEN,21000.0,21250.0
2017-06-26,0,TEN,20606.0,20923.0
2017-06-26,1,TEN,19442.0,19752.0
2017-06-26,2,TEN,18666.0,18975.0
2017-06-26,3,TEN,17782.0,18021.0
2017-06-26,4,TEN,16406.0,16647.0
2017-06-26,5,TEN,14907.0,15134.0
2017-06-26,6,TEN,13966.0,14277.0
2017-06-26,7,TEN,13358.0,13849.0
2017-06-26,8,TEN,12909.0,13462.0
2017-06-26,9,TEN,12871.0,13316.0
2017-06-26,10,TEN,13127.0,13538.0
2017-06-26,11,TEN,13893.0,14325.0
2017-06-26,12,TEN,14653.0,15184.0
2017-06-26,13,TEN,15558.0,16120.0
2017-06-26,14,TEN,16258.0,16794.0
2017-06-26,15,TEN,17216.0,17724.0
2017-06-26,16,TEN,18081.0,18679.0
2017-06-26,17,TEN,18953.0,19629.0
2017-06-26,18,TEN,19840.0,20188.0
2017-06-26,19,TEN,20444.0,20789.0
2017-06-26,20,TEN,21091.0,21412.0
2017-06-26,21,TEN,21669.0,22039.0
2017-06-26,22,TEN,22044.0,22334.0
2017-06-26,23,TEN,22089.0,22325.0
2017-06-27,0,TEN,21651.0,21925.0
2017-06-27,1,TEN,20755.0,20942.0
2017-06-27,2,TEN,20230.0,20589.0
2017-06-27,3,TEN,19185.0,19488.0
2017-06-27,4,TEN,17616.0,17998.0
2017-06-27,5,TEN,16063.0,16382.0
2017-06-27,6,TEN,14977.0,15263.0
2017-06-27,7,TEN,14204.0,14496.0
2017-06-27,8,TEN,13671.0,13833.0
2017-06-27,9,TEN,13542.0,13722.0
2017-06-27,10,TEN,13803.0,14022.0
2017-06-27,11,TEN,14462.0,14712.0
2017-06-27,12,TEN,15311.0,15692.0
2017-06-27,13,TEN,16184.0,16704.0
2017-06-27,14,TEN,16874.0,17282.0
2017-06-27,15,TEN,17757.0,18139.0
2017-06-27,16,TEN,18628.0,19098.0
2017-06-27,17,TEN,19542.0,20124.0
2017-06-27,18,TEN,20399.0,20671.0
2017-06-27,19,TEN,21240.0,21003.0
2017-06-27,20,TEN,21972.0,21836.0
2017-06-27,21,TEN,22562.0,22410.0
2017-06-27,22,TEN,22969.0,22504.0
2017-06-27,23,TEN,22942.0,22646.0
2017-06-28,0,TEN,22365.0,22387.0
2017-06-28,1,TEN,21351.0,21495.0
2017-06-28,2,TEN,20606.0,20815.0
2017-06-28,3,TEN,19495.0,19818.0
2017-06-28,4,TEN,17668.0,18029.0
2017-06-28,5,TEN,16083.0,16340.0
2017-06-28,6,TEN,14983.0,15352.0
2017-06-28,7,TEN,14171.0,14666.0
2017-06-28,8,TEN,13732.0,14355.0
2017-06-28,9,TEN,13557.0,14218.0
2017-06-28,10,TEN,13706.0,14374.0
2017-06-28,11,TEN,14210.0,14657.0
2017-06-28,12,TEN,14990.0,15572.0
2017-06-28,13,TEN,15948.0,16555.0
2017-06-28,14,TEN,16931.0,17468.0
2017-06-28,15,TEN,17866.0,18447.0
2017-06-28,16,TEN,19118.0,19547.0
2017-06-28,17,TEN,20409.0,20499.0
2017-06-28,18,TEN,21681.0,21511.0
2017-06-28,19,TEN,22700.0,21950.0
2017-06-28,20,TEN,23678.0,22515.0
2017-06-28,21,TEN,24482.0,23272.0
2017-06-28,22,TEN,24852.0,23299.0
2017-06-28,23,TEN,24738.0,23223.0
2017-06-29,0,TEN,24213.0,22847.0
2017-06-29,1,TEN,23082.0,22071.0
2017-06-29,2,TEN,22354.0,21305.0
2017-06-29,3,TEN,21096.0,20298.0
2017-06-29,4,TEN,19324.0,19409.0
2017-06-29,5,TEN,17643.0,18102.0
2017-06-29,6,TEN,16455.0,16781.0
2017-06-29,7,TEN,15551.0,15813.0
2017-06-29,8,TEN,14961.0,15188.0
2017-06-29,9,TEN,14808.0,15015.0
2017-06-29,10,TEN,14965.0,15237.0
2017-06-29,11,TEN,15399.0,15964.0
2017-06-29,12,TEN,16394.0,16871.0
2017-06-29,13,TEN,17589.0,18190.0
2017-06-29,14,TEN,18924.0,19374.0
2017-06-29,15,TEN,20211.0,20794.0
2017-06-29,16,TEN,21571.0,21921.0
2017-06-29,17,TEN,22562.0,22996.0
2017-06-29,18,TEN,23405.0,23808.0
2017-06-29,19,TEN,24086.0,24108.0
2017-06-29,20,TEN,24547.0,24253.0
2017-06-29,21,TEN,24705.0,24473.0
2017-06-29,22,TEN,24539.0,24283.0
2017-06-29,23,TEN,24037.0,23645.0
2017-06-30,0,TEN,23394.0,23148.0
2017-06-30,1,TEN,22622.0,22824.0
2017-06-30,2,TEN,22290.0,22411.0
2017-06-30,3,TEN,21396.0,21293.0
2017-06-30,4,TEN,19757.0,19509.0
2017-06-30,5,TEN,18167.0,18309.0
2017-06-30,6,TEN,17016.0,17264.0
2017-06-30,7,TEN,16204.0,16586.0
2017-06-30,8,TEN,15685.0,16046.0
2017-06-30,9,TEN,15505.0,15924.0
2017-06-30,10,TEN,15712.0,16124.0
2017-06-30,11,TEN,16352.0,16538.0
2017-06-30,12,TEN,17143.0,17027.0
2017-06-30,13,TEN,18115.0,17968.0
2017-06-30,14,TEN,18978.0,18870.0
2017-06-30,15,TEN,19776.0,19683.0
2017-06-30,16,TEN,20510.0,20133.0
2017-06-30,17,TEN,21458.0,21152.0
2017-06-30,18,TEN,22230.0,21842.0
2017-06-30,19,TEN,22996.0,22810.0
2017-06-30,20,TEN,23323.0,23092.0
2017-06-30,21,TEN,23816.0,23530.0
2017-06-30,22,TEN,24166.0,23386.0
2017-06-30,23,TEN,24117.0,23592.0
2017-07-01,0,TEN,23520.0,23133.0
2017-07-01,1,TEN,22626.0,22405.0
2017-07-01,2,TEN,22151.0,21619.0
2017-07-01,3,TEN,21282.0,20645.0
2017-07-01,4,TEN,19916.0,19465.0
2017-07-01,5,TEN,18379.0,18229.0
2017-07-01,6,TEN,17204.0,16719.0
2017-07-01,7,TEN,16352.0,16345.0
2017-07-01,8,TEN,15726.0,16038.0
2017-07-01,9,TEN,15286.0,15625.0
2017-07-01,10,TEN,15171.0,15511.0
2017-07-01,11,TEN,15228.0,15586.0
2017-07-01,12,TEN,15263.0,15379.0
2017-07-01,13,TEN,16365.0,16268.0
2017-07-01,14,TEN,17923.0,17481.0
2017-07-01,15,TEN,19563.0,19279.0
2017-07-01,16,TEN,21123.0,20468.0
2017-07-01,17,TEN,22403.0,21393.0
2017-07-01,18,TEN,23273.0,22324.0
2017-07-01,19,TEN,23916.0,22906.0
2017-07-01,20,TEN,24240.0,23471.0
2017-07-01,21,TEN,23903.0,23271.0
2017-07-01,22,TEN,23302.0,22752.0
2017-07-01,23,TEN,22475.0,21869.0
2017-07-02,0,TEN,21763.0,21159.0
2017-07-02,1,TEN,20953.0,20277.0
2017-07-02,2,TEN,20378.0,19695.0
2017-07-02,3,TEN,19556.0,19258.0
2017-07-02,4,TEN,18319.0,18308.0
2017-07-02,5,TEN,16996.0,17348.0
2017-07-02,6,TEN,15879.0,16176.0
2017-07-02,7,TEN,15025.0,15187.0
2017-07-02,8,TEN,14426.0,14564.0
2017-07-02,9,TEN,14012.0,14194.0
2017-07-02,10,TEN,13872.0,14086.0
2017-07-02,11,TEN,13812.0,14093.0
2017-07-02,12,TEN,13906.0,14173.0
2017-07-02,13,TEN,14962.0,14920.0
2017-07-02,14,TEN,16459.0,16328.0
2017-07-02,15,TEN,17607.0,17525.0
2017-07-02,16,TEN,18515.0,18455.0
2017-07-02,17,TEN,19741.0,19680.0
2017-07-02,18,TEN,20949.0,20778.0
2017-07-02,19,TEN,21677.0,21525.0
2017-07-02,20,TEN,22314.0,21710.0
2017-07-02,21,TEN,22631.0,22054.0
2017-07-02,22,TEN,22690.0,22065.0
2017-07-02,23,TEN,22489.0,21874.0
2017-07-03,0,TEN,21995.0,21358.0
2017-07-03,1,TEN,21250.0,21047.0
2017-07-03,2,TEN,20747.0,20571.0
2017-07-03,3,TEN,19833.0,19642.0
2017-07-03,4,TEN,18519.0,18539.0
2017-07-03,5,TEN,16946.0,17420.0
2017-07-03,6,TEN,15924.0,17420.0
2017-07-03,7,TEN,15169.0,15187.0
2017-07-03,8,TEN,14656.0,14564.0
2017-07-03,9,TEN,14408.0,14194.0
2017-07-03,10,TEN,14495.0,14086.0
2017-07-03,11,TEN,14876.0,14093.0
2017-07-03,12,TEN,15507.0,14173.0
2017-07-03,13,TEN,16661.0,14920.0
2017-07-03,14,TEN,17999.0,16328.0
2017-07-03,15,TEN,19407.0,17525.0
2017-07-03,16,TEN,20809.0,18455.0
2017-07-03,17,TEN,22023.0,19680.0
2017-07-03,18,TEN,23074.0,20778.0
2017-07-03,19,TEN,23608.0,21525.0
2017-07-03,20,TEN,23981.0,21710.0
2017-07-03,21,TEN,24278.0,22054.0
2017-07-03,22,TEN,24471.0,22065.0
2017-07-03,23,TEN,24321.0,21874.0
2017-07-04,0,TEN,23671.0,21358.0
2017-07-04,1,TEN,22547.0,21047.0
2017-07-04,2,TEN,22106.0,20571.0
2017-07-04,3,TEN,20751.0,19642.0
2017-07-04,4,TEN,19315.0,18539.0
2017-07-04,5,TEN,17804.0,17420.0
2017-07-04,6,TEN,15451.0,15859.0
2017-07-04,7,TEN,14675.0,15140.0
2017-07-04,8,TEN,14104.0,14549.0
2017-07-04,9,TEN,13859.0,14233.0
2017-07-04,10,TEN,13806.0,14250.0
2017-07-04,11,TEN,13869.0,14314.0
2017-07-04,12,TEN,13875.0,14047.0
2017-07-04,13,TEN,14620.0,14641.0
2017-07-04,14,TEN,15940.0,16127.0
2017-07-04,15,TEN,17286.0,17400.0
2017-07-04,16,TEN,18527.0,18733.0
2017-07-04,17,TEN,19812.0,20055.0
2017-07-04,18,TEN,20683.0,20956.0
2017-07-04,19,TEN,21611.0,21722.0
2017-07-04,20,TEN,22182.0,22390.0
2017-07-04,21,TEN,22623.0,22801.0
2017-07-04,22,TEN,22831.0,22825.0
2017-07-04,23,TEN,22474.0,22412.0
2017-07-05,0,TEN,21643.0,21618.0
2017-07-05,1,TEN,20622.0,20372.0
2017-07-05,2,TEN,19756.0,19691.0
2017-07-05,3,TEN,18948.0,18788.0
2017-07-05,4,TEN,18055.0,18320.0
2017-07-05,5,TEN,16844.0,17178.0
2017-07-05,6,TEN,15762.0,16077.0
2017-07-05,7,TEN,14974.0,15361.0
2017-07-05,8,TEN,14566.0,14939.0
2017-07-05,9,TEN,14412.0,14780.0
2017-07-05,10,TEN,14579.0,15017.0
2017-07-05,11,TEN,15325.0,15696.0
2017-07-05,12,TEN,16124.0,16009.0
2017-07-05,13,TEN,17513.0,17377.0
2017-07-05,14,TEN,18876.0,18761.0
2017-07-05,15,TEN,20230.0,19913.0
2017-07-05,16,TEN,21337.0,20984.0
2017-07-05,17,TEN,22203.0,21243.0
2017-07-05,18,TEN,22949.0,22049.0
2017-07-05,19,TEN,23215.0,22400.0
2017-07-05,20,TEN,23052.0,22593.0
2017-07-05,21,TEN,22665.0,22328.0
2017-07-05,22,TEN,22481.0,22082.0
2017-07-05,23,TEN,22203.0,21839.0
2017-07-06,0,TEN,21916.0,21768.0
2017-07-06,1,TEN,23169.0,21768.0
2017-07-06,2,TEN,21023.0,20424.0
2017-07-06,3,TEN,20138.0,19865.0
2017-07-06,4,TEN,18619.0,18715.0
2017-07-06,5,TEN,17053.0,17509.0
2017-07-06,6,TEN,16110.0,16427.0
2017-07-06,7,TEN,15394.0,15826.0
2017-07-06,8,TEN,14733.0,15150.0
2017-07-06,9,TEN,14535.0,14958.0
2017-07-06,10,TEN,14834.0,15278.0
2017-07-06,11,TEN,15359.0,15922.0
2017-07-06,12,TEN,16196.0,16793.0
2017-07-06,13,TEN,17432.0,17971.0
2017-07-06,14,TEN,18662.0,19197.0
2017-07-06,15,TEN,19922.0,20443.0
2017-07-06,16,TEN,21333.0,21763.0
2017-07-06,17,TEN,22550.0,23008.0
2017-07-06,18,TEN,23600.0,24060.0
2017-07-06,19,TEN,24124.0,24583.0
2017-07-06,20,TEN,24472.0,24932.0
2017-07-06,21,TEN,24764.0,25174.0
2017-07-06,22,TEN,24768.0,25104.0
2017-07-06,23,TEN,24334.0,24611.0
2017-07-07,0,TEN,23639.0,23910.0
2017-07-07,1,TEN,22684.0,22866.0
2017-07-07,2,TEN,22134.0,22332.0
2017-07-07,3,TEN,20959.0,21049.0
2017-07-07,4,TEN,19388.0,19606.0
2017-07-07,5,TEN,17838.0,18040.0
2017-07-07,6,TEN,16613.0,16835.0
2017-07-07,7,TEN,15896.0,16133.0
2017-07-07,8,TEN,15359.0,15906.0
2017-07-07,9,TEN,15081.0,15545.0
2017-07-07,10,TEN,15267.0,15903.0
2017-07-07,11,TEN,15820.0,16267.0
2017-07-07,12,TEN,16712.0,17352.0
2017-07-07,13,TEN,17719.0,18346.0
2017-07-07,14,TEN,18816.0,19524.0
2017-07-07,15,TEN,20190.0,20831.0
2017-07-07,16,TEN,21520.0,22174.0
2017-07-07,17,TEN,22893.0,23435.0
2017-07-07,18,TEN,24045.0,24641.0
2017-07-07,19,TEN,24915.0,24912.0
2017-07-07,20,TEN,25637.0,25514.0
2017-07-07,21,TEN,26184.0,25995.0
2017-07-07,22,TEN,26388.0,26189.0
2017-07-07,23,TEN,26112.0,26124.0
2017-07-08,0,TEN,25473.0,25964.0
2017-07-08,1,TEN,24396.0,24590.0
2017-07-08,2,TEN,23631.0,23638.0
2017-07-08,3,TEN,22362.0,22298.0
2017-07-08,4,TEN,20737.0,20657.0
2017-07-08,5,TEN,19010.0,19345.0
2017-07-08,6,TEN,17744.0,17930.0
2017-07-08,7,TEN,16711.0,17016.0
2017-07-08,8,TEN,15964.0,16247.0
2017-07-08,9,TEN,15368.0,15713.0
2017-07-08,10,TEN,15240.0,15733.0
2017-07-08,11,TEN,15204.0,15747.0
2017-07-08,12,TEN,15268.0,16026.0
2017-07-08,13,TEN,16376.0,16988.0
2017-07-08,14,TEN,17746.0,18287.0
2017-07-08,15,TEN,19176.0,19825.0
2017-07-08,16,TEN,20565.0,21272.0
2017-07-08,17,TEN,21662.0,22376.0
2017-07-08,18,TEN,22640.0,23324.0
2017-07-08,19,TEN,23175.0,23826.0
2017-07-08,20,TEN,23488.0,24120.0
2017-07-08,21,TEN,23789.0,24518.0
2017-07-08,22,TEN,23961.0,24584.0
2017-07-08,23,TEN,23861.0,24394.0
2017-07-09,0,TEN,23213.0,23782.0
2017-07-09,1,TEN,22211.0,22716.0
2017-07-09,2,TEN,21331.0,21797.0
2017-07-09,3,TEN,20240.0,20517.0
2017-07-09,4,TEN,18643.0,18886.0
2017-07-09,5,TEN,16951.0,17294.0
2017-07-09,6,TEN,15716.0,15966.0
2017-07-09,7,TEN,14703.0,15008.0
2017-07-09,8,TEN,14059.0,14421.0
2017-07-09,9,TEN,13735.0,14111.0
2017-07-09,10,TEN,13549.0,14042.0
2017-07-09,11,TEN,13404.0,14020.0
2017-07-09,12,TEN,13514.0,14290.0
2017-07-09,13,TEN,14697.0,15410.0
2017-07-09,14,TEN,16548.0,17004.0
2017-07-09,15,TEN,18229.0,18956.0
2017-07-09,16,TEN,19687.0,20454.0
2017-07-09,17,TEN,20942.0,21679.0
2017-07-09,18,TEN,22104.0,22622.0
2017-07-09,19,TEN,22945.0,23491.0
2017-07-09,20,TEN,23665.0,24119.0
2017-07-09,21,TEN,24335.0,24500.0
2017-07-09,22,TEN,24876.0,24617.0
2017-07-09,23,TEN,24912.0,24555.0
2017-07-10,0,TEN,24426.0,24207.0
2017-07-10,1,TEN,23192.0,23157.0
2017-07-10,2,TEN,22389.0,22376.0
2017-07-10,3,TEN,21091.0,21322.0
2017-07-10,4,TEN,19281.0,19589.0
2017-07-10,5,TEN,17485.0,17393.0
2017-07-10,6,TEN,16274.0,16552.0
2017-07-10,7,TEN,15276.0,15680.0
2017-07-10,8,TEN,14800.0,15102.0
2017-07-10,9,TEN,14320.0,14763.0
2017-07-10,10,TEN,14611.0,15002.0
2017-07-10,11,TEN,15179.0,15629.0
2017-07-10,12,TEN,16018.0,16558.0
2017-07-10,13,TEN,17391.0,18067.0
2017-07-10,14,TEN,19113.0,19771.0
2017-07-10,15,TEN,20930.0,21567.0
2017-07-10,16,TEN,22608.0,23049.0
2017-07-10,17,TEN,24202.0,24575.0
2017-07-10,18,TEN,25332.0,25639.0
2017-07-10,19,TEN,26198.0,25842.0
2017-07-10,20,TEN,26940.0,26152.0
2017-07-10,21,TEN,27438.0,26526.0
2017-07-10,22,TEN,27515.0,26638.0
2017-07-10,23,TEN,27417.0,26712.0
2017-07-11,0,TEN,26797.0,26333.0
2017-07-11,1,TEN,25440.0,25549.0
2017-07-11,2,TEN,24455.0,24469.0
2017-07-11,3,TEN,23042.0,23123.0
2017-07-11,4,TEN,20915.0,20901.0
2017-07-11,5,TEN,18873.0,19047.0
2017-07-11,6,TEN,17528.0,17921.0
2017-07-11,7,TEN,16539.0,16977.0
2017-07-11,8,TEN,15688.0,16226.0
2017-07-11,9,TEN,15385.0,15968.0
2017-07-11,10,TEN,15537.0,16100.0
2017-07-11,11,TEN,16063.0,16586.0
2017-07-11,12,TEN,16780.0,17032.0
2017-07-11,13,TEN,18187.0,18299.0
2017-07-11,14,TEN,19558.0,19718.0
2017-07-11,15,TEN,21430.0,21615.0
2017-07-11,16,TEN,23254.0,23237.0
2017-07-11,17,TEN,24832.0,24814.0
2017-07-11,18,TEN,26114.0,25818.0
2017-07-11,19,TEN,26927.0,26339.0
2017-07-11,20,TEN,27535.0,26588.0
2017-07-11,21,TEN,27928.0,26667.0
2017-07-11,22,TEN,28028.0,26844.0
2017-07-11,23,TEN,27780.0,26878.0
2017-07-12,0,TEN,27206.0,26392.0
2017-07-12,1,TEN,26088.0,25547.0
2017-07-12,2,TEN,25367.0,24889.0
2017-07-12,3,TEN,23845.0,23244.0
2017-07-12,4,TEN,21888.0,21579.0
2017-07-12,5,TEN,19951.0,19724.0
2017-07-12,6,TEN,18583.0,18661.0
2017-07-12,7,TEN,17442.0,17915.0
2017-07-12,8,TEN,16872.0,17269.0
2017-07-12,9,TEN,16370.0,16863.0
2017-07-12,10,TEN,16382.0,16978.0
2017-07-12,11,TEN,16968.0,17560.0
2017-07-12,12,TEN,17700.0,17958.0
2017-07-12,13,TEN,19142.0,19217.0
2017-07-12,14,TEN,20934.0,21100.0
2017-07-12,15,TEN,22726.0,22883.0
2017-07-12,16,TEN,24484.0,24232.0
2017-07-12,17,TEN,25879.0,25433.0
2017-07-12,18,TEN,27001.0,26394.0
2017-07-12,19,TEN,27685.0,27054.0
2017-07-12,20,TEN,28178.0,27279.0
2017-07-12,21,TEN,28552.0,27449.0
2017-07-12,22,TEN,28736.0,27609.0
2017-07-12,23,TEN,28464.0,27338.0
2017-07-13,0,TEN,27757.0,26666.0
2017-07-13,1,TEN,26716.0,26139.0
2017-07-13,2,TEN,26072.0,25374.0
2017-07-13,3,TEN,24738.0,24414.0
2017-07-13,4,TEN,22639.0,22175.0
2017-07-13,5,TEN,20945.0,20730.0
2017-07-13,6,TEN,19593.0,19452.0
2017-07-13,7,TEN,18516.0,18596.0
2017-07-13,8,TEN,17731.0,17838.0
2017-07-13,9,TEN,17340.0,17492.0
2017-07-13,10,TEN,17384.0,17607.0
2017-07-13,11,TEN,17935.0,18071.0
2017-07-13,12,TEN,18741.0,18750.0
2017-07-13,13,TEN,20157.0,19508.0
2017-07-13,14,TEN,21914.0,20972.0
2017-07-13,15,TEN,23806.0,22815.0
2017-07-13,16,TEN,25415.0,24633.0
2017-07-13,17,TEN,26543.0,25566.0
2017-07-13,18,TEN,27342.0,25420.0
2017-07-13,19,TEN,27586.0,25917.0
2017-07-13,20,TEN,27586.0,26509.0
2017-07-13,21,TEN,27858.0,26735.0
2017-07-13,22,TEN,27991.0,27003.0
2017-07-13,23,TEN,27683.0,26632.0
2017-07-14,0,TEN,27171.0,26319.0
2017-07-14,1,TEN,26318.0,25913.0
2017-07-14,2,TEN,25712.0,25469.0
2017-07-14,3,TEN,24430.0,24124.0
2017-07-14,4,TEN,22602.0,22447.0
2017-07-14,5,TEN,20750.0,20728.0
2017-07-14,6,TEN,19419.0,19375.0
2017-07-14,7,TEN,18293.0,18377.0
2017-07-14,8,TEN,17662.0,17858.0
2017-07-14,9,TEN,17250.0,17515.0
2017-07-14,10,TEN,17337.0,17611.0
2017-07-14,11,TEN,17794.0,17875.0
2017-07-14,12,TEN,18565.0,18087.0
2017-07-14,13,TEN,20081.0,19302.0
2017-07-14,14,TEN,21719.0,20976.0
2017-07-14,15,TEN,23538.0,22711.0
2017-07-14,16,TEN,25269.0,24540.0
2017-07-14,17,TEN,26186.0,25110.0
2017-07-14,18,TEN,26811.0,25775.0
2017-07-14,19,TEN,27199.0,26069.0
2017-07-14,20,TEN,27076.0,25896.0
2017-07-14,21,TEN,26855.0,25717.0
2017-07-14,22,TEN,26514.0,25717.0
2017-07-14,23,TEN,25878.0,25431.0
2017-07-15,0,TEN,25046.0,24841.0
2017-07-15,1,TEN,23873.0,23421.0
2017-07-15,2,TEN,23258.0,22657.0
2017-07-15,3,TEN,22223.0,21448.0
2017-07-15,4,TEN,20643.0,20276.0
2017-07-15,5,TEN,19101.0,18993.0
2017-07-15,6,TEN,18061.0,18027.0
2017-07-15,7,TEN,17008.0,17342.0
2017-07-15,8,TEN,16471.0,16764.0
2017-07-15,9,TEN,15965.0,16339.0
2017-07-15,10,TEN,15855.0,16150.0
2017-07-15,11,TEN,15762.0,16107.0
2017-07-15,12,TEN,15829.0,16189.0
2017-07-15,13,TEN,16801.0,17094.0
2017-07-15,14,TEN,18092.0,18210.0
2017-07-15,15,TEN,19338.0,19031.0
2017-07-15,16,TEN,20618.0,20331.0
2017-07-15,17,TEN,21499.0,21042.0
2017-07-15,18,TEN,22229.0,21716.0
2017-07-15,19,TEN,22779.0,22555.0
2017-07-15,20,TEN,23267.0,22858.0
2017-07-15,21,TEN,23662.0,23219.0
2017-07-15,22,TEN,23808.0,23421.0
2017-07-15,23,TEN,23714.0,23420.0
2017-07-16,0,TEN,23046.0,22816.0
2017-07-16,1,TEN,22193.0,22004.0
2017-07-16,2,TEN,21695.0,21627.0
2017-07-16,3,TEN,20674.0,20903.0
2017-07-16,4,TEN,19093.0,19526.0
2017-07-16,5,TEN,17711.0,17956.0
2017-07-16,6,TEN,16538.0,16777.0
2017-07-16,7,TEN,15674.0,16005.0
2017-07-16,8,TEN,15169.0,15467.0
2017-07-16,9,TEN,14762.0,15069.0
2017-07-16,10,TEN,14551.0,14880.0
2017-07-16,11,TEN,14639.0,14873.0
2017-07-16,12,TEN,14675.0,15142.0
2017-07-16,13,TEN,15929.0,16190.0
2017-07-16,14,TEN,17632.0,17909.0
2017-07-16,15,TEN,19228.0,19607.0
2017-07-16,16,TEN,20559.0,21096.0
2017-07-16,17,TEN,21867.0,22409.0
2017-07-16,18,TEN,23241.0,23744.0
2017-07-16,19,TEN,24293.0,24661.0
2017-07-16,20,TEN,24923.0,24990.0
2017-07-16,21,TEN,25348.0,25068.0
2017-07-16,22,TEN,25674.0,25390.0
2017-07-16,23,TEN,25673.0,25505.0
2017-07-17,0,TEN,25131.0,25197.0
2017-07-17,1,TEN,23922.0,24375.0
2017-07-17,2,TEN,23167.0,23487.0
2017-07-17,3,TEN,21869.0,22146.0
2017-07-17,4,TEN,20009.0,20169.0
2017-07-17,5,TEN,18221.0,18513.0
2017-07-17,6,TEN,16877.0,17175.0
2017-07-17,7,TEN,16189.0,16443.0
2017-07-17,8,TEN,15599.0,15943.0
2017-07-17,9,TEN,15259.0,15654.0
2017-07-17,10,TEN,15389.0,15946.0
2017-07-17,11,TEN,15983.0,16550.0
2017-07-17,12,TEN,16851.0,17621.0
2017-07-17,13,TEN,18190.0,18923.0
2017-07-17,14,TEN,19805.0,20548.0
2017-07-17,15,TEN,21386.0,21783.0
2017-07-17,16,TEN,23101.0,23355.0
2017-07-17,17,TEN,24637.0,24925.0
2017-07-17,18,TEN,26014.0,26184.0
2017-07-17,19,TEN,26840.0,26919.0
2017-07-17,20,TEN,27284.0,26993.0
2017-07-17,21,TEN,27848.0,27169.0
2017-07-17,22,TEN,28003.0,27265.0
2017-07-17,23,TEN,27811.0,27434.0
2017-07-18,0,TEN,27007.0,26844.0
2017-07-18,1,TEN,25755.0,25348.0
2017-07-18,2,TEN,24890.0,24334.0
2017-07-18,3,TEN,23353.0,22869.0
2017-07-18,4,TEN,21225.0,21065.0
2017-07-18,5,TEN,19273.0,19532.0
2017-07-18,6,TEN,17978.0,18412.0
2017-07-18,7,TEN,17025.0,17567.0
2017-07-18,8,TEN,16388.0,16917.0
2017-07-18,9,TEN,15967.0,16627.0
2017-07-18,10,TEN,15987.0,16757.0
2017-07-18,11,TEN,16629.0,17307.0
2017-07-18,12,TEN,17294.0,17907.0
2017-07-18,13,TEN,18801.0,19267.0
2017-07-18,14,TEN,20361.0,20806.0
2017-07-18,15,TEN,22305.0,22757.0
2017-07-18,16,TEN,24048.0,24315.0
2017-07-18,17,TEN,25741.0,26072.0
2017-07-18,18,TEN,26961.0,27363.0
2017-07-18,19,TEN,27911.0,27920.0
2017-07-18,20,TEN,28524.0,28120.0
2017-07-18,21,TEN,28758.0,28116.0
2017-07-18,22,TEN,28848.0,28248.0
2017-07-18,23,TEN,28467.0,28097.0
2017-07-19,0,TEN,27768.0,27526.0
2017-07-19,1,TEN,26680.0,26587.0
2017-07-19,2,TEN,25958.0,25997.0
2017-07-19,3,TEN,24407.0,24415.0
2017-07-19,4,TEN,22146.0,22177.0
2017-07-19,5,TEN,20437.0,20626.0
2017-07-19,6,TEN,19072.0,19483.0
2017-07-19,7,TEN,18006.0,18410.0
2017-07-19,8,TEN,17081.0,17599.0
2017-07-19,9,TEN,16649.0,17216.0
2017-07-19,10,TEN,16717.0,17402.0
2017-07-19,11,TEN,17318.0,18031.0
2017-07-19,12,TEN,17959.0,18202.0
2017-07-19,13,TEN,19346.0,19130.0
2017-07-19,14,TEN,20990.0,20680.0
2017-07-19,15,TEN,23033.0,22738.0
2017-07-19,16,TEN,25011.0,25075.0
2017-07-19,17,TEN,26580.0,26580.0
2017-07-19,18,TEN,27664.0,27550.0
2017-07-19,19,TEN,28460.0,28466.0
2017-07-19,20,TEN,28898.0,28808.0
2017-07-19,21,TEN,29318.0,28696.0
2017-07-19,22,TEN,29262.0,28451.0
2017-07-19,23,TEN,28822.0,28329.0
2017-07-20,0,TEN,27969.0,27926.0
2017-07-20,1,TEN,26784.0,26676.0
2017-07-20,2,TEN,26164.0,25961.0
2017-07-20,3,TEN,24651.0,24391.0
2017-07-20,4,TEN,22474.0,22397.0
2017-07-20,5,TEN,20616.0,20636.0
2017-07-20,6,TEN,19260.0,19648.0
2017-07-20,7,TEN,18106.0,18555.0
2017-07-20,8,TEN,17347.0,17914.0
2017-07-20,9,TEN,16946.0,17478.0
2017-07-20,10,TEN,17049.0,17651.0
2017-07-20,11,TEN,17688.0,18284.0
2017-07-20,12,TEN,18470.0,18605.0
2017-07-20,13,TEN,19854.0,19838.0
2017-07-20,14,TEN,21547.0,21462.0
2017-07-20,15,TEN,23503.0,23305.0
2017-07-20,16,TEN,25375.0,25431.0
2017-07-20,17,TEN,26938.0,27002.0
2017-07-20,18,TEN,28009.0,28054.0
2017-07-20,19,TEN,28674.0,28161.0
2017-07-20,20,TEN,29054.0,28502.0
2017-07-20,21,TEN,29323.0,28593.0
2017-07-20,22,TEN,29254.0,28608.0
2017-07-20,23,TEN,28995.0,28531.0
2017-07-21,0,TEN,28213.0,27912.0
2017-07-21,1,TEN,27351.0,27235.0
2017-07-21,2,TEN,26836.0,26619.0
2017-07-21,3,TEN,25435.0,25153.0
2017-07-21,4,TEN,23412.0,23574.0
2017-07-21,5,TEN,21533.0,21933.0
2017-07-21,6,TEN,20219.0,20597.0
2017-07-21,7,TEN,18865.0,19272.0
2017-07-21,8,TEN,18209.0,18616.0
2017-07-21,9,TEN,17658.0,18078.0
2017-07-21,10,TEN,17548.0,18035.0
2017-07-21,11,TEN,18162.0,18565.0
2017-07-21,12,TEN,18785.0,18331.0
2017-07-21,13,TEN,20131.0,19232.0
2017-07-21,14,TEN,21893.0,20762.0
2017-07-21,15,TEN,24050.0,22768.0
2017-07-21,16,TEN,25939.0,24852.0
2017-07-21,17,TEN,27447.0,26477.0
2017-07-21,18,TEN,28567.0,27670.0
2017-07-21,19,TEN,29163.0,28221.0
2017-07-21,20,TEN,29498.0,28615.0
2017-07-21,21,TEN,29804.0,28810.0
2017-07-21,22,TEN,29845.0,28766.0
2017-07-21,23,TEN,29522.0,28354.0
2017-07-22,0,TEN,28676.0,27727.0
2017-07-22,1,TEN,27625.0,26496.0
2017-07-22,2,TEN,26951.0,25703.0
2017-07-22,3,TEN,25635.0,24372.0
2017-07-22,4,TEN,23756.0,23165.0
2017-07-22,5,TEN,21843.0,21902.0
2017-07-22,6,TEN,20388.0,20657.0
2017-07-22,7,TEN,19121.0,19512.0
2017-07-22,8,TEN,18489.0,18910.0
2017-07-22,9,TEN,17761.0,18229.0
2017-07-22,10,TEN,17420.0,17894.0
2017-07-22,11,TEN,17351.0,17824.0
2017-07-22,12,TEN,17412.0,18018.0
2017-07-22,13,TEN,18712.0,19405.0
2017-07-22,14,TEN,20950.0,21033.0
2017-07-22,15,TEN,23417.0,23266.0
2017-07-22,16,TEN,25441.0,25277.0
2017-07-22,17,TEN,27004.0,26341.0
2017-07-22,18,TEN,27857.0,27238.0
2017-07-22,19,TEN,28490.0,27617.0
2017-07-22,20,TEN,28983.0,27909.0
2017-07-22,21,TEN,29060.0,27867.0
2017-07-22,22,TEN,28981.0,27899.0
2017-07-22,23,TEN,28522.0,27532.0
2017-07-23,0,TEN,27925.0,27237.0
2017-07-23,1,TEN,26881.0,26413.0
2017-07-23,2,TEN,26291.0,25795.0
2017-07-23,3,TEN,24983.0,25247.0
2017-07-23,4,TEN,23218.0,23498.0
2017-07-23,5,TEN,21467.0,21856.0
2017-07-23,6,TEN,20117.0,20477.0
2017-07-23,7,TEN,19039.0,19433.0
2017-07-23,8,TEN,18234.0,18589.0
2017-07-23,9,TEN,17669.0,17992.0
2017-07-23,10,TEN,17307.0,17782.0
2017-07-23,11,TEN,17145.0,17572.0
2017-07-23,12,TEN,17018.0,17528.0
2017-07-23,13,TEN,18359.0,18845.0
2017-07-23,14,TEN,20102.0,20091.0
2017-07-23,15,TEN,21849.0,21608.0
2017-07-23,16,TEN,23305.0,22744.0
2017-07-23,17,TEN,24516.0,24040.0
2017-07-23,18,TEN,25812.0,25246.0
2017-07-23,19,TEN,26542.0,26334.0
2017-07-23,20,TEN,27166.0,27150.0
2017-07-23,21,TEN,27559.0,27551.0
2017-07-23,22,TEN,27722.0,27636.0
2017-07-23,23,TEN,27260.0,27192.0
2017-07-24,0,TEN,26235.0,26170.0
2017-07-24,1,TEN,25107.0,25015.0
2017-07-24,2,TEN,24392.0,24282.0
2017-07-24,3,TEN,23052.0,23308.0
2017-07-24,4,TEN,21170.0,21578.0
2017-07-24,5,TEN,19575.0,19931.0
2017-07-24,6,TEN,18461.0,18712.0
2017-07-24,7,TEN,17456.0,17793.0
2017-07-24,8,TEN,16838.0,17205.0
2017-07-24,9,TEN,16551.0,16909.0
2017-07-24,10,TEN,16622.0,17076.0
2017-07-24,11,TEN,17333.0,17733.0
2017-07-24,12,TEN,18013.0,18540.0
2017-07-24,13,TEN,19175.0,19802.0
2017-07-24,14,TEN,20475.0,21054.0
2017-07-24,15,TEN,21941.0,22520.0
2017-07-24,16,TEN,23677.0,24079.0
2017-07-24,17,TEN,25212.0,25212.0
2017-07-24,18,TEN,26351.0,26294.0
2017-07-24,19,TEN,27239.0,26831.0
2017-07-24,20,TEN,27831.0,27123.0
2017-07-24,21,TEN,28287.0,27388.0
2017-07-24,22,TEN,28258.0,27411.0
2017-07-24,23,TEN,27780.0,26962.0
2017-07-25,0,TEN,27082.0,26550.0
2017-07-25,1,TEN,26174.0,26057.0
2017-07-25,2,TEN,25462.0,25257.0
2017-07-25,3,TEN,23932.0,23898.0
2017-07-25,4,TEN,21987.0,22265.0
2017-07-25,5,TEN,20210.0,20413.0
2017-07-25,6,TEN,18947.0,19270.0
2017-07-25,7,TEN,17964.0,18277.0
2017-07-25,8,TEN,17325.0,17717.0
2017-07-25,9,TEN,16919.0,17368.0
2017-07-25,10,TEN,17108.0,17544.0
2017-07-25,11,TEN,17727.0,18216.0
2017-07-25,12,TEN,18405.0,18564.0
2017-07-25,13,TEN,19523.0,19414.0
2017-07-25,14,TEN,21204.0,21007.0
2017-07-25,15,TEN,23037.0,22925.0
2017-07-25,16,TEN,25016.0,25098.0
2017-07-25,17,TEN,26480.0,26266.0
2017-07-25,18,TEN,27717.0,26899.0
2017-07-25,19,TEN,28489.0,27434.0
2017-07-25,20,TEN,29025.0,27895.0
2017-07-25,21,TEN,29160.0,27944.0
2017-07-25,22,TEN,29023.0,27919.0
2017-07-25,23,TEN,28526.0,27770.0
2017-07-26,0,TEN,27687.0,26956.0
2017-07-26,1,TEN,26624.0,25638.0
2017-07-26,2,TEN,26018.0,25254.0
2017-07-26,3,TEN,24566.0,24166.0
2017-07-26,4,TEN,22578.0,22627.0
2017-07-26,5,TEN,20719.0,20930.0
2017-07-26,6,TEN,19514.0,19882.0
2017-07-26,7,TEN,18258.0,18714.0
2017-07-26,8,TEN,17568.0,18018.0
2017-07-26,9,TEN,17198.0,17650.0
2017-07-26,10,TEN,17051.0,17594.0
2017-07-26,11,TEN,17669.0,18209.0
2017-07-26,12,TEN,18225.0,18445.0
2017-07-26,13,TEN,19651.0,19668.0
2017-07-26,14,TEN,21211.0,20995.0
2017-07-26,15,TEN,23280.0,23142.0
2017-07-26,16,TEN,25387.0,25241.0
2017-07-26,17,TEN,27005.0,26761.0
2017-07-26,18,TEN,28172.0,27898.0
2017-07-26,19,TEN,28955.0,28736.0
2017-07-26,20,TEN,29391.0,28738.0
2017-07-26,21,TEN,29663.0,28586.0
2017-07-26,22,TEN,29840.0,28724.0
2017-07-26,23,TEN,29425.0,28474.0
2017-07-27,0,TEN,28800.0,27974.0
2017-07-27,1,TEN,27593.0,27425.0
2017-07-27,2,TEN,27022.0,26705.0
2017-07-27,3,TEN,25474.0,25159.0
2017-07-27,4,TEN,23351.0,23468.0
2017-07-27,5,TEN,21522.0,22063.0
2017-07-27,6,TEN,20274.0,20778.0
2017-07-27,7,TEN,19203.0,19460.0
2017-07-27,8,TEN,18449.0,18930.0
2017-07-27,9,TEN,17958.0,18546.0
2017-07-27,10,TEN,18011.0,18594.0
2017-07-27,11,TEN,18600.0,19121.0
2017-07-27,12,TEN,19321.0,19333.0
2017-07-27,13,TEN,20378.0,20020.0
2017-07-27,14,TEN,21858.0,21306.0
2017-07-27,15,TEN,23615.0,23233.0
2017-07-27,16,TEN,25369.0,25033.0
2017-07-27,17,TEN,26943.0,26570.0
2017-07-27,18,TEN,27907.0,27581.0
2017-07-27,19,TEN,28220.0,27490.0
2017-07-27,20,TEN,28425.0,27274.0
2017-07-27,21,TEN,28320.0,26746.0
2017-07-27,22,TEN,27873.0,26182.0
2017-07-27,23,TEN,27120.0,25840.0
2017-07-28,0,TEN,26150.0,25504.0
2017-07-28,1,TEN,25451.0,24910.0
2017-07-28,2,TEN,25058.0,24346.0
2017-07-28,3,TEN,23588.0,23168.0
2017-07-28,4,TEN,22001.0,22075.0
2017-07-28,5,TEN,20359.0,20811.0
2017-07-28,6,TEN,19232.0,19625.0
2017-07-28,7,TEN,18350.0,18854.0
2017-07-28,8,TEN,17785.0,18281.0
2017-07-28,9,TEN,17489.0,18075.0
2017-07-28,10,TEN,17543.0,18142.0
2017-07-28,11,TEN,18374.0,18952.0
2017-07-28,12,TEN,19036.0,19557.0
2017-07-28,13,TEN,19975.0,20427.0
2017-07-28,14,TEN,20783.0,21257.0
2017-07-28,15,TEN,21420.0,21666.0
2017-07-28,16,TEN,22083.0,22437.0
2017-07-28,17,TEN,22453.0,22819.0
2017-07-28,18,TEN,22764.0,23467.0
2017-07-28,19,TEN,23014.0,23721.0
2017-07-28,20,TEN,23205.0,23928.0
2017-07-28,21,TEN,23164.0,24186.0
2017-07-28,22,TEN,23229.0,24208.0
2017-07-28,23,TEN,23167.0,24193.0
2017-07-29,0,TEN,22792.0,23710.0
2017-07-29,1,TEN,22238.0,23061.0
2017-07-29,2,TEN,22071.0,22772.0
2017-07-29,3,TEN,21196.0,21798.0
2017-07-29,4,TEN,19919.0,20349.0
2017-07-29,5,TEN,18328.0,18782.0
2017-07-29,6,TEN,17314.0,17671.0
2017-07-29,7,TEN,16527.0,16861.0
2017-07-29,8,TEN,15703.0,16025.0
2017-07-29,9,TEN,15363.0,15619.0
2017-07-29,10,TEN,15205.0,15554.0
2017-07-29,11,TEN,15336.0,15611.0
2017-07-29,12,TEN,15414.0,15764.0
2017-07-29,13,TEN,16443.0,16813.0
2017-07-29,14,TEN,17874.0,18195.0
2017-07-29,15,TEN,19139.0,19245.0
2017-07-29,16,TEN,20485.0,20431.0
2017-07-29,17,TEN,21491.0,21494.0
2017-07-29,18,TEN,22222.0,22333.0
2017-07-29,19,TEN,22779.0,22984.0
2017-07-29,20,TEN,23151.0,23365.0
2017-07-29,21,TEN,23398.0,23973.0
2017-07-29,22,TEN,23378.0,23978.0
2017-07-29,23,TEN,23034.0,23478.0
2017-07-30,0,TEN,22131.0,22523.0
2017-07-30,1,TEN,21014.0,21298.0
2017-07-30,2,TEN,20398.0,21065.0
2017-07-30,3,TEN,19226.0,19877.0
2017-07-30,4,TEN,17713.0,18069.0
2017-07-30,5,TEN,16248.0,16543.0
2017-07-30,6,TEN,15121.0,15350.0
2017-07-30,7,TEN,14375.0,14593.0
2017-07-30,8,TEN,13846.0,14182.0
2017-07-30,9,TEN,13411.0,13744.0
2017-07-30,10,TEN,13280.0,13574.0
2017-07-30,11,TEN,13274.0,13562.0
2017-07-30,12,TEN,13340.0,13760.0
2017-07-30,13,TEN,14389.0,14873.0
2017-07-30,14,TEN,15923.0,16239.0
2017-07-30,15,TEN,17010.0,17359.0
2017-07-30,16,TEN,18276.0,18717.0
2017-07-30,17,TEN,19528.0,19899.0
2017-07-30,18,TEN,20748.0,21242.0
2017-07-30,19,TEN,21653.0,22363.0
2017-07-30,20,TEN,22535.0,23173.0
2017-07-30,21,TEN,23230.0,23541.0
2017-07-30,22,TEN,23734.0,24263.0
2017-07-30,23,TEN,23715.0,24146.0
2017-07-31,0,TEN,22901.0,23418.0
2017-07-31,1,TEN,21717.0,22117.0
2017-07-31,2,TEN,20956.0,21388.0
2017-07-31,3,TEN,19598.0,19934.0
2017-07-31,4,TEN,17951.0,18271.0
2017-07-31,5,TEN,16291.0,16685.0
2017-07-31,6,TEN,15229.0,15563.0
2017-07-31,7,TEN,14539.0,14899.0
2017-07-31,8,TEN,14076.0,14460.0
2017-07-31,9,TEN,13862.0,14331.0
2017-07-31,10,TEN,14134.0,14588.0
2017-07-31,11,TEN,14914.0,15362.0
2017-07-31,12,TEN,15584.0,16164.0
2017-07-31,13,TEN,16674.0,17325.0
2017-07-31,14,TEN,18065.0,18880.0
2017-07-31,15,TEN,19623.0,20419.0
2017-07-31,16,TEN,21228.0,21960.0
2017-07-31,17,TEN,22686.0,23516.0
2017-07-31,18,TEN,23866.0,24607.0
2017-07-31,19,TEN,24866.0,25408.0
2017-07-31,20,TEN,25552.0,25758.0
2017-07-31,21,TEN,26196.0,26438.0
2017-07-31,22,TEN,26472.0,26615.0
2017-07-31,23,TEN,26192.0,26192.0
2017-08-01,0,TEN,25325.0,25323.0
2017-08-01,1,TEN,24103.0,24454.0
2017-08-01,2,TEN,23297.0,23678.0
2017-08-01,3,TEN,21799.0,22167.0
2017-08-01,4,TEN,19686.0,20059.0
2017-08-01,5,TEN,18023.0,18468.0
2017-08-01,6,TEN,16747.0,17083.0
2017-08-01,7,TEN,15914.0,16294.0
2017-08-01,8,TEN,15325.0,15784.0
2017-08-01,9,TEN,14961.0,15493.0
2017-08-01,10,TEN,15276.0,15791.0
2017-08-01,11,TEN,16034.0,16617.0
2017-08-01,12,TEN,16736.0,17472.0
2017-08-01,13,TEN,17699.0,18445.0
2017-08-01,14,TEN,18641.0,19510.0
2017-08-01,15,TEN,19742.0,20617.0
2017-08-01,16,TEN,21022.0,21797.0
2017-08-01,17,TEN,22138.0,22864.0
2017-08-01,18,TEN,23079.0,23830.0
2017-08-01,19,TEN,23822.0,24646.0
2017-08-01,20,TEN,24124.0,25174.0
2017-08-01,21,TEN,24334.0,25350.0
2017-08-01,22,TEN,24094.0,25161.0
2017-08-01,23,TEN,23781.0,24753.0
2017-08-02,0,TEN,23082.0,24085.0
2017-08-02,1,TEN,22601.0,23576.0
2017-08-02,2,TEN,22437.0,23254.0
2017-08-02,3,TEN,21276.0,22113.0
2017-08-02,4,TEN,19529.0,20369.0
2017-08-02,5,TEN,17962.0,18916.0
2017-08-02,6,TEN,16930.0,17364.0
2017-08-02,7,TEN,16104.0,16486.0
2017-08-02,8,TEN,15694.0,16134.0
2017-08-02,9,TEN,15284.0,15788.0
2017-08-02,10,TEN,15529.0,16066.0
2017-08-02,11,TEN,16242.0,16843.0
2017-08-02,12,TEN,17107.0,17679.0
2017-08-02,13,TEN,17799.0,18450.0
2017-08-02,14,TEN,18868.0,19552.0
2017-08-02,15,TEN,20165.0,21024.0
2017-08-02,16,TEN,21474.0,22425.0
2017-08-02,17,TEN,22905.0,23742.0
2017-08-02,18,TEN,23982.0,25066.0
2017-08-02,19,TEN,24554.0,25307.0
2017-08-02,20,TEN,24981.0,25662.0
2017-08-02,21,TEN,25180.0,25430.0
2017-08-02,22,TEN,25180.0,25424.0
2017-08-02,23,TEN,24861.0,25576.0
2017-08-03,0,TEN,23991.0,24496.0
2017-08-03,1,TEN,22963.0,23481.0
2017-08-03,2,TEN,22734.0,23173.0
2017-08-03,3,TEN,21390.0,21977.0
2017-08-03,4,TEN,19529.0,20082.0
2017-08-03,5,TEN,17886.0,18584.0
2017-08-03,6,TEN,16802.0,17267.0
2017-08-03,7,TEN,15941.0,16516.0
2017-08-03,8,TEN,15418.0,15936.0
2017-08-03,9,TEN,15124.0,15698.0
2017-08-03,10,TEN,15292.0,15850.0
2017-08-03,11,TEN,16079.0,16623.0
2017-08-03,12,TEN,16874.0,17525.0
2017-08-03,13,TEN,17831.0,18539.0
2017-08-03,14,TEN,18890.0,19681.0
2017-08-03,15,TEN,20539.0,21421.0
2017-08-03,16,TEN,22110.0,22854.0
2017-08-03,17,TEN,23653.0,24057.0
2017-08-03,18,TEN,24869.0,25446.0
2017-08-03,19,TEN,25667.0,26386.0
2017-08-03,20,TEN,26253.0,26812.0
2017-08-03,21,TEN,26762.0,27112.0
2017-08-03,22,TEN,26868.0,27250.0
2017-08-03,23,TEN,26533.0,27055.0
2017-08-04,0,TEN,25739.0,26253.0
2017-08-04,1,TEN,24582.0,25166.0
2017-08-04,2,TEN,24035.0,24469.0
2017-08-04,3,TEN,22501.0,22847.0
2017-08-04,4,TEN,20584.0,20807.0
2017-08-04,5,TEN,18717.0,19144.0
2017-08-04,6,TEN,17512.0,18005.0
2017-08-04,7,TEN,16672.0,17134.0
2017-08-04,8,TEN,15958.0,16429.0
2017-08-04,9,TEN,15588.0,16130.0
2017-08-04,10,TEN,15880.0,16373.0
2017-08-04,11,TEN,16654.0,17132.0
2017-08-04,12,TEN,17418.0,17971.0
2017-08-04,13,TEN,18305.0,18848.0
2017-08-04,14,TEN,19296.0,19836.0
2017-08-04,15,TEN,20311.0,20619.0
2017-08-04,16,TEN,21376.0,21851.0
2017-08-04,17,TEN,22529.0,23061.0
2017-08-04,18,TEN,23656.0,24410.0
2017-08-04,19,TEN,24221.0,25041.0
2017-08-04,20,TEN,24291.0,25070.0
2017-08-04,21,TEN,24101.0,24888.0
2017-08-04,22,TEN,23807.0,24617.0
2017-08-04,23,TEN,23294.0,24066.0
2017-08-05,0,TEN,22454.0,23158.0
2017-08-05,1,TEN,21502.0,22362.0
2017-08-05,2,TEN,21142.0,21790.0
2017-08-05,3,TEN,19869.0,20280.0
2017-08-05,4,TEN,18329.0,18798.0
2017-08-05,5,TEN,16870.0,17390.0
2017-08-05,6,TEN,15707.0,16156.0
2017-08-05,7,TEN,14783.0,15331.0
2017-08-05,8,TEN,14234.0,14661.0
2017-08-05,9,TEN,13789.0,14312.0
2017-08-05,10,TEN,13634.0,14112.0
2017-08-05,11,TEN,13850.0,14271.0
2017-08-05,12,TEN,13741.0,14429.0
2017-08-05,13,TEN,14592.0,15010.0
2017-08-05,14,TEN,15882.0,16214.0
2017-08-05,15,TEN,16976.0,17434.0
2017-08-05,16,TEN,17932.0,18326.0
2017-08-05,17,TEN,18881.0,19555.0
2017-08-05,18,TEN,19837.0,20555.0
2017-08-05,19,TEN,20785.0,21512.0
2017-08-05,20,TEN,21646.0,22398.0
2017-08-05,21,TEN,22353.0,22982.0
2017-08-05,22,TEN,22851.0,23422.0
2017-08-05,23,TEN,22810.0,23286.0
2017-08-06,0,TEN,21870.0,22632.0
2017-08-06,1,TEN,20553.0,21674.0
2017-08-06,2,TEN,20065.0,21213.0
2017-08-06,3,TEN,18819.0,19978.0
2017-08-06,4,TEN,17244.0,17754.0
2017-08-06,5,TEN,15803.0,16261.0
2017-08-06,6,TEN,14843.0,15226.0
2017-08-06,7,TEN,14032.0,14487.0
2017-08-06,8,TEN,13664.0,14045.0
2017-08-06,9,TEN,13266.0,13698.0
2017-08-06,10,TEN,13235.0,13697.0
2017-08-06,11,TEN,13209.0,13662.0
2017-08-06,12,TEN,13299.0,13744.0
2017-08-06,13,TEN,14246.0,14617.0
2017-08-06,14,TEN,15668.0,16054.0
2017-08-06,15,TEN,16923.0,17379.0
2017-08-06,16,TEN,18362.0,18885.0
2017-08-06,17,TEN,19874.0,20614.0
2017-08-06,18,TEN,21439.0,22165.0
2017-08-06,19,TEN,22804.0,23482.0
2017-08-06,20,TEN,23545.0,24274.0
2017-08-06,21,TEN,23660.0,24313.0
2017-08-06,22,TEN,23620.0,24150.0
2017-08-06,23,TEN,23293.0,23867.0
2017-08-07,0,TEN,22403.0,23199.0
2017-08-07,1,TEN,21822.0,22641.0
2017-08-07,2,TEN,21445.0,22441.0
2017-08-07,3,TEN,20244.0,21129.0
2017-08-07,4,TEN,18802.0,19346.0
2017-08-07,5,TEN,17482.0,17979.0
2017-08-07,6,TEN,16522.0,17105.0
2017-08-07,7,TEN,15966.0,16518.0
2017-08-07,8,TEN,15684.0,16254.0
2017-08-07,9,TEN,15653.0,16240.0
2017-08-07,10,TEN,15889.0,16425.0
2017-08-07,11,TEN,17157.0,17721.0
2017-08-07,12,TEN,18137.0,18662.0
2017-08-07,13,TEN,18739.0,19288.0
2017-08-07,14,TEN,19464.0,20131.0
2017-08-07,15,TEN,20247.0,21054.0
2017-08-07,16,TEN,21011.0,21817.0
2017-08-07,17,TEN,21542.0,22227.0
2017-08-07,18,TEN,21967.0,22620.0
2017-08-07,19,TEN,22192.0,23112.0
2017-08-07,20,TEN,22291.0,23251.0
2017-08-07,21,TEN,22391.0,23508.0
2017-08-07,22,TEN,22372.0,23606.0
2017-08-07,23,TEN,22071.0,23233.0
2017-08-08,0,TEN,21578.0,22690.0
2017-08-08,1,TEN,21384.0,22419.0
2017-08-08,2,TEN,21259.0,22102.0
2017-08-08,3,TEN,20198.0,21062.0
2017-08-08,4,TEN,18520.0,18860.0
2017-08-08,5,TEN,17075.0,17599.0
2017-08-08,6,TEN,16149.0,16657.0
2017-08-08,7,TEN,15521.0,16011.0
2017-08-08,8,TEN,15153.0,15677.0
2017-08-08,9,TEN,14991.0,15531.0
2017-08-08,10,TEN,15342.0,15909.0
2017-08-08,11,TEN,16395.0,17047.0
2017-08-08,12,TEN,17311.0,17984.0
2017-08-08,13,TEN,17794.0,18451.0
2017-08-08,14,TEN,18615.0,19329.0
2017-08-08,15,TEN,19545.0,20308.0
2017-08-08,16,TEN,20657.0,21452.0
2017-08-08,17,TEN,21762.0,22536.0
2017-08-08,18,TEN,22666.0,23436.0
2017-08-08,19,TEN,23324.0,24054.0
2017-08-08,20,TEN,23831.0,24578.0
2017-08-08,21,TEN,24119.0,24923.0
2017-08-08,22,TEN,24325.0,25078.0
2017-08-08,23,TEN,24083.0,24819.0
2017-08-09,0,TEN,23374.0,23983.0
2017-08-09,1,TEN,22538.0,23057.0
2017-08-09,2,TEN,22027.0,22377.0
2017-08-09,3,TEN,20558.0,20913.0
2017-08-09,4,TEN,18728.0,19062.0
2017-08-09,5,TEN,17077.0,17587.0
2017-08-09,6,TEN,15957.0,16385.0
2017-08-09,7,TEN,15208.0,15589.0
2017-08-09,8,TEN,14785.0,15047.0
2017-08-09,9,TEN,14563.0,14837.0
2017-08-09,10,TEN,14673.0,15060.0
2017-08-09,11,TEN,15532.0,16197.0
2017-08-09,12,TEN,16495.0,17115.0
2017-08-09,13,TEN,17134.0,17921.0
2017-08-09,14,TEN,18030.0,18852.0
2017-08-09,15,TEN,19000.0,19839.0
2017-08-09,16,TEN,20131.0,20935.0
2017-08-09,17,TEN,21284.0,21990.0
2017-08-09,18,TEN,22404.0,23087.0
2017-08-09,19,TEN,23251.0,23961.0
2017-08-09,20,TEN,23859.0,24626.0
2017-08-09,21,TEN,24471.0,24810.0
2017-08-09,22,TEN,24892.0,25209.0
2017-08-09,23,TEN,24704.0,25065.0
2017-08-10,0,TEN,23979.0,24465.0
2017-08-10,1,TEN,23169.0,24044.0
2017-08-10,2,TEN,22775.0,23566.0
2017-08-10,3,TEN,21408.0,21741.0
2017-08-10,4,TEN,19642.0,20058.0
2017-08-10,5,TEN,17953.0,18316.0
2017-08-10,6,TEN,16927.0,17385.0
2017-08-10,7,TEN,15997.0,16544.0
2017-08-10,8,TEN,15445.0,15921.0
2017-08-10,9,TEN,15115.0,15700.0
2017-08-10,10,TEN,15463.0,16057.0
2017-08-10,11,TEN,16583.0,17326.0
2017-08-10,12,TEN,17525.0,18230.0
2017-08-10,13,TEN,18179.0,18939.0
2017-08-10,14,TEN,18965.0,19827.0
2017-08-10,15,TEN,19984.0,20898.0
2017-08-10,16,TEN,21239.0,22012.0
2017-08-10,17,TEN,22468.0,23307.0
2017-08-10,18,TEN,23552.0,24324.0
2017-08-10,19,TEN,24528.0,25326.0
2017-08-10,20,TEN,25052.0,25906.0
2017-08-10,21,TEN,25511.0,26281.0
2017-08-10,22,TEN,25701.0,26513.0
2017-08-10,23,TEN,25471.0,26329.0
2017-08-11,0,TEN,24807.0,25672.0
2017-08-11,1,TEN,24138.0,25104.0
2017-08-11,2,TEN,23617.0,24446.0
2017-08-11,3,TEN,22172.0,22720.0
2017-08-11,4,TEN,20148.0,20792.0
2017-08-11,5,TEN,18538.0,19075.0
2017-08-11,6,TEN,17401.0,17893.0
2017-08-11,7,TEN,16580.0,17140.0
2017-08-11,8,TEN,16006.0,16578.0
2017-08-11,9,TEN,15679.0,16300.0
2017-08-11,10,TEN,15987.0,16668.0
2017-08-11,11,TEN,17008.0,17686.0
2017-08-11,12,TEN,17913.0,18499.0
2017-08-11,13,TEN,18705.0,19335.0
2017-08-11,14,TEN,19511.0,20436.0
2017-08-11,15,TEN,20735.0,21617.0
2017-08-11,16,TEN,21980.0,22809.0
2017-08-11,17,TEN,23062.0,24043.0
2017-08-11,18,TEN,23876.0,24820.0
2017-08-11,19,TEN,24425.0,25457.0
2017-08-11,20,TEN,24370.0,25528.0
2017-08-11,21,TEN,24154.0,25377.0
2017-08-11,22,TEN,23846.0,25045.0
2017-08-11,23,TEN,23167.0,24465.0
2017-08-12,0,TEN,22536.0,23915.0
2017-08-12,1,TEN,22071.0,23158.0
2017-08-12,2,TEN,21583.0,22764.0
2017-08-12,3,TEN,20468.0,21355.0
2017-08-12,4,TEN,19111.0,20025.0
2017-08-12,5,TEN,17680.0,18435.0
2017-08-12,6,TEN,16652.0,17082.0
2017-08-12,7,TEN,15949.0,16387.0
2017-08-12,8,TEN,15423.0,15896.0
2017-08-12,9,TEN,15153.0,15627.0
2017-08-12,10,TEN,15113.0,15590.0
2017-08-12,11,TEN,15328.0,15787.0
2017-08-12,12,TEN,15564.0,16197.0
2017-08-12,13,TEN,16305.0,16997.0
2017-08-12,14,TEN,17686.0,18174.0
2017-08-12,15,TEN,19090.0,19723.0
2017-08-12,16,TEN,20415.0,21219.0
2017-08-12,17,TEN,21702.0,22602.0
2017-08-12,18,TEN,22711.0,23647.0
2017-08-12,19,TEN,23462.0,24336.0
2017-08-12,20,TEN,23866.0,24771.0
2017-08-12,21,TEN,24180.0,24880.0
2017-08-12,22,TEN,24351.0,24914.0
2017-08-12,23,TEN,24084.0,24785.0
2017-08-13,0,TEN,23208.0,23884.0
2017-08-13,1,TEN,22170.0,22802.0
2017-08-13,2,TEN,21495.0,21900.0
2017-08-13,3,TEN,20082.0,20403.0
2017-08-13,4,TEN,18670.0,19018.0
2017-08-13,5,TEN,17089.0,17285.0
2017-08-13,6,TEN,16019.0,16371.0
2017-08-13,7,TEN,15193.0,15484.0
2017-08-13,8,TEN,14584.0,15014.0
2017-08-13,9,TEN,14161.0,14859.0
2017-08-13,10,TEN,13965.0,14690.0
2017-08-13,11,TEN,14062.0,14707.0
2017-08-13,12,TEN,14196.0,15064.0
2017-08-13,13,TEN,15191.0,15939.0
2017-08-13,14,TEN,16705.0,17325.0
2017-08-13,15,TEN,18094.0,18847.0
2017-08-13,16,TEN,19316.0,20059.0
2017-08-13,17,TEN,20545.0,21263.0
2017-08-13,18,TEN,21720.0,22989.0
2017-08-13,19,TEN,22633.0,23899.0
2017-08-13,20,TEN,23143.0,24410.0
2017-08-13,21,TEN,23462.0,24723.0
2017-08-13,22,TEN,23455.0,24769.0
2017-08-13,23,TEN,23107.0,24376.0
2017-08-14,0,TEN,22472.0,23653.0
2017-08-14,1,TEN,21927.0,23074.0
2017-08-14,2,TEN,21753.0,22530.0
2017-08-14,3,TEN,20566.0,21205.0
2017-08-14,4,TEN,18977.0,19612.0
2017-08-14,5,TEN,17507.0,18273.0
2017-08-14,6,TEN,16536.0,16932.0
2017-08-14,7,TEN,15892.0,16334.0
2017-08-14,8,TEN,15524.0,16243.0
2017-08-14,9,TEN,15321.0,16114.0
2017-08-14,10,TEN,15813.0,16470.0
2017-08-14,11,TEN,16944.0,17359.0
2017-08-14,12,TEN,18055.0,18456.0
2017-08-14,13,TEN,18635.0,19141.0
2017-08-14,14,TEN,19367.0,19935.0
2017-08-14,15,TEN,20051.0,20716.0
2017-08-14,16,TEN,20921.0,21443.0
2017-08-14,17,TEN,21846.0,22642.0
2017-08-14,18,TEN,22558.0,23671.0
2017-08-14,19,TEN,22752.0,24096.0
2017-08-14,20,TEN,22736.0,24093.0
2017-08-14,21,TEN,22728.0,24136.0
2017-08-14,22,TEN,22745.0,24193.0
2017-08-14,23,TEN,22742.0,24112.0
2017-08-15,0,TEN,22373.0,23791.0
2017-08-15,1,TEN,22281.0,23320.0
2017-08-15,2,TEN,21946.0,22983.0
2017-08-15,3,TEN,20744.0,21743.0
2017-08-15,4,TEN,19122.0,20263.0
2017-08-15,5,TEN,17690.0,18553.0
2017-08-15,6,TEN,16866.0,17367.0
2017-08-15,7,TEN,16217.0,16774.0
2017-08-15,8,TEN,15819.0,16423.0
2017-08-15,9,TEN,15684.0,16274.0
2017-08-15,10,TEN,15967.0,16520.0
2017-08-15,11,TEN,17218.0,17647.0
2017-08-15,12,TEN,18381.0,19176.0
2017-08-15,13,TEN,19126.0,19916.0
2017-08-15,14,TEN,19618.0,20467.0
2017-08-15,15,TEN,20828.0,21626.0
2017-08-15,16,TEN,21851.0,22847.0
2017-08-15,17,TEN,22823.0,23792.0
2017-08-15,18,TEN,23651.0,24869.0
2017-08-15,19,TEN,24590.0,25791.0
2017-08-15,20,TEN,25346.0,26577.0
2017-08-15,21,TEN,25531.0,26598.0
2017-08-15,22,TEN,25667.0,26586.0
2017-08-15,23,TEN,25434.0,26310.0
2017-08-16,0,TEN,24821.0,25889.0
2017-08-16,1,TEN,24088.0,25221.0
2017-08-16,2,TEN,23656.0,24559.0
2017-08-16,3,TEN,22136.0,23179.0
2017-08-16,4,TEN,20259.0,21268.0
2017-08-16,5,TEN,18562.0,19549.0
2017-08-16,6,TEN,17448.0,18040.0
2017-08-16,7,TEN,16666.0,17326.0
2017-08-16,8,TEN,16088.0,16798.0
2017-08-16,9,TEN,15900.0,16480.0
2017-08-16,10,TEN,16140.0,16739.0
2017-08-16,11,TEN,17161.0,17686.0
2017-08-16,12,TEN,18211.0,18850.0
2017-08-16,13,TEN,18907.0,19548.0
2017-08-16,14,TEN,19591.0,20262.0
2017-08-16,15,TEN,20672.0,21343.0
2017-08-16,16,TEN,22226.0,23044.0
2017-08-16,17,TEN,23593.0,24473.0
2017-08-16,18,TEN,24890.0,25568.0
2017-08-16,19,TEN,25855.0,26538.0
2017-08-16,20,TEN,26603.0,27255.0
2017-08-16,21,TEN,27165.0,27761.0
2017-08-16,22,TEN,27559.0,28106.0
2017-08-16,23,TEN,27477.0,28069.0
2017-08-17,0,TEN,26698.0,27345.0
2017-08-17,1,TEN,25853.0,26367.0
2017-08-17,2,TEN,25345.0,25824.0
2017-08-17,3,TEN,23335.0,23769.0
2017-08-17,4,TEN,21388.0,21913.0
2017-08-17,5,TEN,19560.0,20006.0
2017-08-17,6,TEN,18456.0,18904.0
2017-08-17,7,TEN,17475.0,18013.0
2017-08-17,8,TEN,16929.0,17545.0
2017-08-17,9,TEN,16644.0,17259.0
2017-08-17,10,TEN,16880.0,17480.0
2017-08-17,11,TEN,18027.0,18549.0
2017-08-17,12,TEN,19115.0,19643.0
2017-08-17,13,TEN,19772.0,20260.0
2017-08-17,14,TEN,20846.0,21437.0
2017-08-17,15,TEN,22223.0,22971.0
2017-08-17,16,TEN,23539.0,24238.0
2017-08-17,17,TEN,24693.0,25463.0
2017-08-17,18,TEN,25594.0,26009.0
2017-08-17,19,TEN,26397.0,26615.0
2017-08-17,20,TEN,26874.0,26899.0
2017-08-17,21,TEN,26907.0,26855.0
2017-08-17,22,TEN,26722.0,26880.0
2017-08-17,23,TEN,29587.0,29987.0
2017-08-18,0,TEN,25524.0,26198.0
2017-08-18,1,TEN,24980.0,25542.0
2017-08-18,2,TEN,24437.0,24961.0
2017-08-18,3,TEN,22941.0,23396.0
2017-08-18,4,TEN,21028.0,21544.0
2017-08-18,5,TEN,19362.0,19818.0
2017-08-18,6,TEN,18261.0,18692.0
2017-08-18,7,TEN,17447.0,17964.0
2017-08-18,8,TEN,16957.0,17492.0
2017-08-18,9,TEN,16708.0,17270.0
2017-08-18,10,TEN,16826.0,17456.0
2017-08-18,11,TEN,17929.0,18628.0
2017-08-18,12,TEN,18808.0,19451.0
2017-08-18,13,TEN,19482.0,20081.0
2017-08-18,14,TEN,20562.0,21132.0
2017-08-18,15,TEN,21895.0,22677.0
2017-08-18,16,TEN,23238.0,24154.0
2017-08-18,17,TEN,24236.0,25099.0
2017-08-18,18,TEN,25014.0,25685.0
2017-08-18,19,TEN,25810.0,26142.0
2017-08-18,20,TEN,26264.0,26404.0
2017-08-18,21,TEN,26581.0,26581.0
2017-08-18,22,TEN,26599.0,26579.0
2017-08-18,23,TEN,26216.0,26504.0
2017-08-19,0,TEN,24999.0,25721.0
2017-08-19,1,TEN,23629.0,24238.0
2017-08-19,2,TEN,22824.0,23270.0
2017-08-19,3,TEN,21228.0,21805.0
2017-08-19,4,TEN,19568.0,19972.0
2017-08-19,5,TEN,17890.0,18409.0
2017-08-19,6,TEN,16671.0,17114.0
2017-08-19,7,TEN,15726.0,16378.0
2017-08-19,8,TEN,15086.0,15690.0
2017-08-19,9,TEN,14743.0,15416.0
2017-08-19,10,TEN,14588.0,15277.0
2017-08-19,11,TEN,14661.0,15228.0
2017-08-19,12,TEN,14768.0,15329.0
2017-08-19,13,TEN,15681.0,16273.0
2017-08-19,14,TEN,17309.0,17858.0
2017-08-19,15,TEN,19144.0,19798.0
2017-08-19,16,TEN,21043.0,21664.0
2017-08-19,17,TEN,22741.0,23207.0
2017-08-19,18,TEN,24061.0,24654.0
2017-08-19,19,TEN,25072.0,25801.0
2017-08-19,20,TEN,25880.0,26228.0
2017-08-19,21,TEN,26396.0,26762.0
2017-08-19,22,TEN,26663.0,26930.0
2017-08-19,23,TEN,26441.0,26964.0
2017-08-20,0,TEN,25606.0,26053.0
2017-08-20,1,TEN,24359.0,24812.0
2017-08-20,2,TEN,23384.0,23870.0
2017-08-20,3,TEN,21899.0,22406.0
2017-08-20,4,TEN,20161.0,20360.0
2017-08-20,5,TEN,18603.0,18982.0
2017-08-20,6,TEN,17396.0,17813.0
2017-08-20,7,TEN,16353.0,16861.0
2017-08-20,8,TEN,15780.0,16176.0
2017-08-20,9,TEN,15205.0,15769.0
2017-08-20,10,TEN,14886.0,15393.0
2017-08-20,11,TEN,14944.0,15487.0
2017-08-20,12,TEN,14978.0,15638.0
2017-08-20,13,TEN,16174.0,16879.0
2017-08-20,14,TEN,17918.0,18362.0
2017-08-20,15,TEN,19970.0,20086.0
2017-08-20,16,TEN,21915.0,22022.0
2017-08-20,17,TEN,23668.0,23575.0
2017-08-20,18,TEN,25046.0,25022.0
2017-08-20,19,TEN,25975.0,26068.0
2017-08-20,20,TEN,26640.0,26560.0
2017-08-20,21,TEN,26858.0,26850.0
2017-08-20,22,TEN,26883.0,27115.0
2017-08-20,23,TEN,26552.0,26778.0
2017-08-21,0,TEN,25450.0,26038.0
2017-08-21,1,TEN,24615.0,25138.0
2017-08-21,2,TEN,23905.0,24316.0
2017-08-21,3,TEN,22195.0,22684.0
2017-08-21,4,TEN,20439.0,20778.0
2017-08-21,5,TEN,18729.0,19210.0
2017-08-21,6,TEN,17558.0,17989.0
2017-08-21,7,TEN,16683.0,17192.0
2017-08-21,8,TEN,16119.0,16698.0
2017-08-21,9,TEN,15790.0,16341.0
2017-08-21,10,TEN,15958.0,16502.0
2017-08-21,11,TEN,16865.0,17412.0
2017-08-21,12,TEN,17685.0,18252.0
2017-08-21,13,TEN,18863.0,19442.0
2017-08-21,14,TEN,20522.0,21046.0
2017-08-21,15,TEN,22472.0,23139.0
2017-08-21,16,TEN,24573.0,25372.0
2017-08-21,17,TEN,26295.0,26649.0
2017-08-21,18,TEN,27227.0,27844.0
2017-08-21,19,TEN,25875.0,26319.0
2017-08-21,20,TEN,26343.0,26202.0
2017-08-21,21,TEN,27426.0,27338.0
2017-08-21,22,TEN,27994.0,28139.0
2017-08-21,23,TEN,27873.0,28231.0
2017-08-22,0,TEN,27035.0,27429.0
2017-08-22,1,TEN,26359.0,26696.0
2017-08-22,2,TEN,25535.0,25843.0
2017-08-22,3,TEN,23572.0,23870.0
2017-08-22,4,TEN,21571.0,21769.0
2017-08-22,5,TEN,19713.0,19989.0
2017-08-22,6,TEN,18533.0,18799.0
2017-08-22,7,TEN,17685.0,18065.0
2017-08-22,8,TEN,16913.0,17469.0
2017-08-22,9,TEN,16668.0,17175.0
2017-08-22,10,TEN,16879.0,17461.0
2017-08-22,11,TEN,17875.0,18457.0
2017-08-22,12,TEN,18774.0,19143.0
2017-08-22,13,TEN,19711.0,20195.0
2017-08-22,14,TEN,21138.0,21638.0
2017-08-22,15,TEN,23014.0,23545.0
2017-08-22,16,TEN,24974.0,25322.0
2017-08-22,17,TEN,26464.0,26779.0
2017-08-22,18,TEN,27380.0,27588.0
2017-08-22,19,TEN,28001.0,28263.0
2017-08-22,20,TEN,28357.0,28562.0
2017-08-22,21,TEN,28696.0,28552.0
2017-08-22,22,TEN,28651.0,28582.0
2017-08-22,23,TEN,28003.0,28293.0
2017-08-23,0,TEN,26928.0,27280.0
2017-08-23,1,TEN,26128.0,26246.0
2017-08-23,2,TEN,25102.0,25152.0
2017-08-23,3,TEN,23203.0,23402.0
2017-08-23,4,TEN,21173.0,21396.0
2017-08-23,5,TEN,19488.0,19660.0
2017-08-23,6,TEN,18289.0,18646.0
2017-08-23,7,TEN,17390.0,17883.0
2017-08-23,8,TEN,16798.0,17312.0
2017-08-23,9,TEN,16392.0,17037.0
2017-08-23,10,TEN,16516.0,17179.0
2017-08-23,11,TEN,17385.0,18069.0
2017-08-23,12,TEN,18320.0,18911.0
2017-08-23,13,TEN,18860.0,19444.0
2017-08-23,14,TEN,19667.0,20295.0
2017-08-23,15,TEN,20756.0,21477.0
2017-08-23,16,TEN,21992.0,22960.0
2017-08-23,17,TEN,22962.0,23780.0
2017-08-23,18,TEN,23783.0,24499.0
2017-08-23,19,TEN,24175.0,24862.0
2017-08-23,20,TEN,24662.0,25397.0
2017-08-23,21,TEN,24893.0,25771.0
2017-08-23,22,TEN,24834.0,25621.0
2017-08-23,23,TEN,24216.0,25029.0
2017-08-24,0,TEN,22987.0,23736.0
2017-08-24,1,TEN,22359.0,23048.0
2017-08-24,2,TEN,21847.0,22560.0
2017-08-24,3,TEN,20158.0,21075.0
2017-08-24,4,TEN,18150.0,19041.0
2017-08-24,5,TEN,16631.0,17348.0
2017-08-24,6,TEN,15553.0,15864.0
2017-08-24,7,TEN,14777.0,15143.0
2017-08-24,8,TEN,14286.0,14862.0
2017-08-24,9,TEN,14080.0,14704.0
2017-08-24,10,TEN,14239.0,14852.0
2017-08-24,11,TEN,15371.0,15869.0
2017-08-24,12,TEN,16267.0,16734.0
2017-08-24,13,TEN,16931.0,17395.0
2017-08-24,14,TEN,17737.0,18351.0
2017-08-24,15,TEN,18800.0,19467.0
2017-08-24,16,TEN,19812.0,20437.0
2017-08-24,17,TEN,20737.0,21544.0
2017-08-24,18,TEN,21669.0,22497.0
2017-08-24,19,TEN,22426.0,23305.0
2017-08-24,20,TEN,23212.0,24092.0
2017-08-24,21,TEN,23697.0,24434.0
2017-08-24,22,TEN,23853.0,24632.0
2017-08-24,23,TEN,23531.0,24364.0
2017-08-25,0,TEN,22598.0,23654.0
2017-08-25,1,TEN,21774.0,22815.0
2017-08-25,2,TEN,21216.0,22160.0
2017-08-25,3,TEN,19586.0,20605.0
2017-08-25,4,TEN,17680.0,18545.0
2017-08-25,5,TEN,16122.0,16751.0
2017-08-25,6,TEN,15198.0,15476.0
2017-08-25,7,TEN,14398.0,14841.0
2017-08-25,8,TEN,14095.0,14645.0
2017-08-25,9,TEN,13726.0,14410.0
2017-08-25,10,TEN,13986.0,14631.0
2017-08-25,11,TEN,14943.0,15417.0
2017-08-25,12,TEN,16036.0,16371.0
2017-08-25,13,TEN,16453.0,16919.0
2017-08-25,14,TEN,17235.0,17749.0
2017-08-25,15,TEN,18176.0,18858.0
2017-08-25,16,TEN,19017.0,19840.0
2017-08-25,17,TEN,20001.0,20784.0
2017-08-25,18,TEN,21059.0,21847.0
2017-08-25,19,TEN,21820.0,22613.0
2017-08-25,20,TEN,22512.0,23281.0
2017-08-25,21,TEN,23065.0,23853.0
2017-08-25,22,TEN,23380.0,24039.0
2017-08-25,23,TEN,22942.0,23534.0
2017-08-26,0,TEN,21869.0,22550.0
2017-08-26,1,TEN,20942.0,21394.0
2017-08-26,2,TEN,20346.0,20619.0
2017-08-26,3,TEN,19148.0,19373.0
2017-08-26,4,TEN,17550.0,17887.0
2017-08-26,5,TEN,16243.0,16519.0
2017-08-26,6,TEN,15283.0,15604.0
2017-08-26,7,TEN,14468.0,14859.0
2017-08-26,8,TEN,13975.0,14258.0
2017-08-26,9,TEN,13649.0,13950.0
2017-08-26,10,TEN,13627.0,13942.0
2017-08-26,11,TEN,13875.0,14207.0
2017-08-26,12,TEN,14051.0,14317.0
2017-08-26,13,TEN,14720.0,15141.0
2017-08-26,14,TEN,15832.0,16208.0
2017-08-26,15,TEN,16951.0,17336.0
2017-08-26,16,TEN,18116.0,18458.0
2017-08-26,17,TEN,19299.0,19763.0
2017-08-26,18,TEN,20464.0,21152.0
2017-08-26,19,TEN,21600.0,22199.0
2017-08-26,20,TEN,22413.0,22796.0
2017-08-26,21,TEN,22964.0,23130.0
2017-08-26,22,TEN,23098.0,23213.0
2017-08-26,23,TEN,22855.0,23080.0
2017-08-27,0,TEN,21912.0,22236.0
2017-08-27,1,TEN,21130.0,21525.0
2017-08-27,2,TEN,20399.0,20775.0
2017-08-27,3,TEN,19035.0,19327.0
2017-08-27,4,TEN,17387.0,17720.0
2017-08-27,5,TEN,16114.0,16516.0
2017-08-27,6,TEN,15216.0,15542.0
2017-08-27,7,TEN,14519.0,14755.0
2017-08-27,8,TEN,13793.0,14110.0
2017-08-27,9,TEN,13508.0,13777.0
2017-08-27,10,TEN,13371.0,13672.0
2017-08-27,11,TEN,13518.0,13804.0
2017-08-27,12,TEN,13663.0,14042.0
2017-08-27,13,TEN,14436.0,14881.0
2017-08-27,14,TEN,15621.0,16126.0
2017-08-27,15,TEN,16955.0,17437.0
2017-08-27,16,TEN,18148.0,18734.0
2017-08-27,17,TEN,19769.0,20321.0
2017-08-27,18,TEN,21363.0,22128.0
2017-08-27,19,TEN,22643.0,23266.0
2017-08-27,20,TEN,23379.0,23322.0
2017-08-27,21,TEN,23970.0,23665.0
2017-08-27,22,TEN,24267.0,23457.0
2017-08-27,23,TEN,23870.0,23295.0
2017-08-28,0,TEN,22933.0,22573.0
2017-08-28,1,TEN,22415.0,22099.0
2017-08-28,2,TEN,21743.0,21462.0
2017-08-28,3,TEN,20161.0,19780.0
2017-08-28,4,TEN,18567.0,18790.0
2017-08-28,5,TEN,17114.0,17513.0
2017-08-28,6,TEN,16126.0,16416.0
2017-08-28,7,TEN,15459.0,15694.0
2017-08-28,8,TEN,15041.0,15383.0
2017-08-28,9,TEN,14840.0,15201.0
2017-08-28,10,TEN,15345.0,15681.0
2017-08-28,11,TEN,16376.0,16780.0
2017-08-28,12,TEN,17613.0,17899.0
2017-08-28,13,TEN,18109.0,18436.0
2017-08-28,14,TEN,18650.0,19076.0
2017-08-28,15,TEN,19246.0,19775.0
2017-08-28,16,TEN,19760.0,20298.0
2017-08-28,17,TEN,20136.0,20727.0
2017-08-28,18,TEN,20284.0,20857.0
2017-08-28,19,TEN,20246.0,21169.0
2017-08-28,20,TEN,20239.0,21025.0
2017-08-28,21,TEN,20416.0,21336.0
2017-08-28,22,TEN,20415.0,21351.0
2017-08-28,23,TEN,20250.0,21250.0
2017-08-29,0,TEN,19967.0,21270.0
2017-08-29,1,TEN,20242.0,21154.0
2017-08-29,2,TEN,19962.0,20493.0
2017-08-29,3,TEN,18656.0,19168.0
2017-08-29,4,TEN,17091.0,17561.0
2017-08-29,5,TEN,15796.0,16208.0
2017-08-29,6,TEN,15000.0,15428.0
2017-08-29,7,TEN,14008.0,14595.0
2017-08-29,8,TEN,14331.0,15030.0
2017-08-29,9,TEN,13712.0,14483.0
2017-08-29,10,TEN,14229.0,14934.0
2017-08-29,11,TEN,14994.0,15528.0
2017-08-29,12,TEN,16138.0,16703.0
2017-08-29,13,TEN,16886.0,17334.0
2017-08-29,14,TEN,17549.0,18075.0
2017-08-29,15,TEN,18486.0,19129.0
2017-08-29,16,TEN,19590.0,20177.0
2017-08-29,17,TEN,20735.0,21290.0
2017-08-29,18,TEN,21798.0,22392.0
2017-08-29,19,TEN,22713.0,23355.0
2017-08-29,20,TEN,23421.0,24287.0
2017-08-29,21,TEN,23868.0,24479.0
2017-08-29,22,TEN,24131.0,24443.0
2017-08-29,23,TEN,23773.0,24207.0
2017-08-30,0,TEN,22959.0,23588.0
2017-08-30,1,TEN,22624.0,23107.0
2017-08-30,2,TEN,21899.0,22187.0
2017-08-30,3,TEN,20194.0,20504.0
2017-08-30,4,TEN,18277.0,18721.0
2017-08-30,5,TEN,16769.0,17172.0
2017-08-30,6,TEN,15664.0,16108.0
2017-08-30,7,TEN,15105.0,15530.0
2017-08-30,8,TEN,14724.0,15243.0
2017-08-30,9,TEN,14478.0,14973.0
2017-08-30,10,TEN,14788.0,15276.0
2017-08-30,11,TEN,15918.0,16439.0
2017-08-30,12,TEN,17006.0,17490.0
2017-08-30,13,TEN,17569.0,18024.0
2017-08-30,14,TEN,18133.0,18661.0
2017-08-30,15,TEN,18883.0,19496.0
2017-08-30,16,TEN,19971.0,20520.0
2017-08-30,17,TEN,20752.0,21445.0
2017-08-30,18,TEN,21194.0,21902.0
2017-08-30,19,TEN,21231.0,21965.0
2017-08-30,20,TEN,21272.0,22022.0
2017-08-30,21,TEN,20992.0,21829.0
2017-08-30,22,TEN,20934.0,21682.0
2017-08-30,23,TEN,20483.0,21298.0
2017-08-31,0,TEN,20168.0,20979.0
2017-08-31,1,TEN,20322.0,20885.0
2017-08-31,2,TEN,20026.0,20327.0
2017-08-31,3,TEN,18989.0,19251.0
2017-08-31,4,TEN,17526.0,18080.0
2017-08-31,5,TEN,16308.0,16824.0
2017-08-31,6,TEN,15527.0,15934.0
2017-08-31,7,TEN,14977.0,15367.0
2017-08-31,8,TEN,14680.0,15081.0
2017-08-31,9,TEN,14546.0,15017.0
2017-08-31,10,TEN,14886.0,15393.0
2017-08-31,11,TEN,15979.0,16472.0
2017-08-31,12,TEN,17230.0,17708.0
2017-08-31,13,TEN,17574.0,18075.0
2017-08-31,14,TEN,18007.0,18730.0
2017-08-31,15,TEN,18686.0,19457.0
2017-08-31,16,TEN,19347.0,20412.0
2017-08-31,17,TEN,19730.0,20806.0
2017-08-31,18,TEN,20005.0,21115.0
2017-08-31,19,TEN,20207.0,21289.0
2017-08-31,20,TEN,20290.0,21435.0
2017-08-31,21,TEN,20297.0,21423.0
2017-08-31,22,TEN,20078.0,21148.0
2017-08-31,23,TEN,20031.0,21056.0
2017-09-01,0,TEN,19731.0,20808.0
2017-09-01,1,TEN,19998.0,20660.0
2017-09-01,2,TEN,19588.0,20087.0
2017-09-01,3,TEN,18571.0,19019.0
2017-09-01,4,TEN,17267.0,17747.0
2017-09-01,5,TEN,15977.0,16498.0
2017-09-01,6,TEN,15170.0,15660.0
2017-09-01,7,TEN,14588.0,15074.0
2017-09-01,8,TEN,14440.0,14907.0
2017-09-01,9,TEN,14193.0,14727.0
2017-09-01,10,TEN,14411.0,14930.0
2017-09-01,11,TEN,15437.0,15906.0
2017-09-01,12,TEN,16504.0,17020.0
2017-09-01,13,TEN,16833.0,17444.0
2017-09-01,14,TEN,17327.0,17984.0
2017-09-01,15,TEN,17625.0,18501.0
2017-09-01,16,TEN,18035.0,19100.0
2017-09-01,17,TEN,18358.0,19513.0
2017-09-01,18,TEN,18635.0,19792.0
2017-09-01,19,TEN,18629.0,19925.0
2017-09-01,20,TEN,18588.0,19886.0
2017-09-01,21,TEN,18324.0,19726.0
2017-09-01,22,TEN,18275.0,19789.0
2017-09-01,23,TEN,18079.0,19554.0
2017-09-02,0,TEN,17618.0,19466.0
2017-09-02,1,TEN,17685.0,19470.0
2017-09-02,2,TEN,17235.0,18424.0
2017-09-02,3,TEN,16592.0,17435.0
2017-09-02,4,TEN,15420.0,16623.0
2017-09-02,5,TEN,14408.0,15216.0
2017-09-02,6,TEN,13567.0,14140.0
2017-09-02,7,TEN,13024.0,13775.0
2017-09-02,8,TEN,12661.0,13539.0
2017-09-02,9,TEN,12453.0,13328.0
2017-09-02,10,TEN,12342.0,13270.0
2017-09-02,11,TEN,12586.0,13437.0
2017-09-02,12,TEN,12757.0,13606.0
2017-09-02,13,TEN,13275.0,13987.0
2017-09-02,14,TEN,14205.0,14831.0
2017-09-02,15,TEN,14917.0,15506.0
2017-09-02,16,TEN,15559.0,16255.0
2017-09-02,17,TEN,16158.0,17171.0
2017-09-02,18,TEN,16556.0,17758.0
2017-09-02,19,TEN,17107.0,18295.0
2017-09-02,20,TEN,17637.0,18895.0
2017-09-02,21,TEN,18141.0,19387.0
2017-09-02,22,TEN,18406.0,19619.0
2017-09-02,23,TEN,18353.0,19549.0
2017-09-03,0,TEN,17787.0,19082.0
2017-09-03,1,TEN,17410.0,18708.0
2017-09-03,2,TEN,16952.0,17935.0
2017-09-03,3,TEN,16003.0,16623.0
2017-09-03,4,TEN,14924.0,15509.0
2017-09-03,5,TEN,13888.0,14504.0
2017-09-03,6,TEN,13029.0,13630.0
2017-09-03,7,TEN,12484.0,13375.0
2017-09-03,8,TEN,12145.0,13167.0
2017-09-03,9,TEN,12044.0,13132.0
2017-09-03,10,TEN,11932.0,13064.0
2017-09-03,11,TEN,12085.0,13130.0
2017-09-03,12,TEN,12242.0,13075.0
2017-09-03,13,TEN,12968.0,13611.0
2017-09-03,14,TEN,13892.0,14562.0
2017-09-03,15,TEN,14587.0,15451.0
2017-09-03,16,TEN,15558.0,16219.0
2017-09-03,17,TEN,16556.0,17543.0
2017-09-03,18,TEN,17575.0,18572.0
2017-09-03,19,TEN,18603.0,19359.0
2017-09-03,20,TEN,19482.0,19874.0
2017-09-03,21,TEN,20184.0,20500.0
2017-09-03,22,TEN,20568.0,20607.0
2017-09-03,23,TEN,20492.0,20708.0
2017-09-04,0,TEN,19543.0,20085.0
2017-09-04,1,TEN,19025.0,19699.0
2017-09-04,2,TEN,18266.0,19223.0
2017-09-04,3,TEN,17111.0,17925.0
2017-09-04,4,TEN,15792.0,16443.0
2017-09-04,5,TEN,14529.0,15167.0
2017-09-04,6,TEN,13725.0,14224.0
2017-09-04,7,TEN,13077.0,13766.0
2017-09-04,8,TEN,12662.0,13322.0
2017-09-04,9,TEN,12497.0,13165.0
2017-09-04,10,TEN,12396.0,13086.0
2017-09-04,11,TEN,12569.0,13023.0
2017-09-04,12,TEN,12687.0,13372.0
2017-09-04,13,TEN,13175.0,13754.0
2017-09-04,14,TEN,14483.0,15258.0
2017-09-04,15,TEN,15830.0,16656.0
2017-09-04,16,TEN,17399.0,18153.0
2017-09-04,17,TEN,18888.0,19649.0
2017-09-04,18,TEN,20135.0,20889.0
2017-09-04,19,TEN,21053.0,21531.0
2017-09-04,20,TEN,21970.0,22130.0
2017-09-04,21,TEN,22635.0,22736.0
2017-09-04,22,TEN,22999.0,22917.0
2017-09-04,23,TEN,22770.0,22653.0
2017-09-05,0,TEN,21934.0,22095.0
2017-09-05,1,TEN,21319.0,22174.0
2017-09-05,2,TEN,20522.0,21217.0
2017-09-05,3,TEN,18864.0,19298.0
2017-09-05,4,TEN,17279.0,17718.0
2017-09-05,5,TEN,16039.0,16654.0
2017-09-05,6,TEN,15083.0,15487.0
2017-09-05,7,TEN,14530.0,14899.0
2017-09-05,8,TEN,14154.0,14532.0
2017-09-05,9,TEN,14049.0,14403.0
2017-09-05,10,TEN,14349.0,14752.0
2017-09-05,11,TEN,15471.0,16064.0
2017-09-05,12,TEN,16815.0,17358.0
2017-09-05,13,TEN,17361.0,17923.0
2017-09-05,14,TEN,17982.0,18566.0
2017-09-05,15,TEN,18594.0,19183.0
2017-09-05,16,TEN,19275.0,20121.0
2017-09-05,17,TEN,19772.0,20809.0
2017-09-05,18,TEN,20031.0,21070.0
2017-09-05,19,TEN,19952.0,21090.0
2017-09-05,20,TEN,19883.0,21218.0
2017-09-05,21,TEN,19397.0,20910.0
2017-09-05,22,TEN,19126.0,20588.0
2017-09-05,23,TEN,18812.0,20220.0
2017-09-06,0,TEN,18483.0,19888.0
2017-09-06,1,TEN,18614.0,19993.0
2017-09-06,2,TEN,18150.0,19441.0
2017-09-06,3,TEN,17020.0,18098.0
2017-09-06,4,TEN,15764.0,16410.0
2017-09-06,5,TEN,14592.0,15106.0
2017-09-06,6,TEN,13898.0,14387.0
2017-09-06,7,TEN,13399.0,13884.0
2017-09-06,8,TEN,13050.0,13589.0
2017-09-06,9,TEN,12805.0,13333.0
2017-09-06,10,TEN,13220.0,13723.0
2017-09-06,11,TEN,14134.0,14692.0
2017-09-06,12,TEN,15156.0,15702.0
2017-09-06,13,TEN,15395.0,16146.0
2017-09-06,14,TEN,15753.0,16759.0
2017-09-06,15,TEN,16245.0,17505.0
2017-09-06,16,TEN,16795.0,18375.0
2017-09-06,17,TEN,17051.0,18819.0
2017-09-06,18,TEN,17492.0,19374.0
2017-09-06,19,TEN,17586.0,19599.0
2017-09-06,20,TEN,17922.0,19845.0
2017-09-06,21,TEN,18036.0,19685.0
2017-09-06,22,TEN,18297.0,19808.0
2017-09-06,23,TEN,18184.0,19875.0
2017-09-07,0,TEN,17720.0,19570.0
2017-09-07,1,TEN,17788.0,19451.0
2017-09-07,2,TEN,17432.0,19135.0
2017-09-07,3,TEN,16467.0,17623.0
2017-09-07,4,TEN,14929.0,15931.0
2017-09-07,5,TEN,13811.0,14361.0
2017-09-07,6,TEN,13662.0,13668.0
2017-09-07,7,TEN,12426.0,13401.0
2017-09-07,8,TEN,12520.0,13173.0
2017-09-07,9,TEN,12617.0,13287.0
2017-09-07,10,TEN,12947.0,13598.0
2017-09-07,11,TEN,14091.0,14585.0
2017-09-07,12,TEN,15023.0,15543.0
2017-09-07,13,TEN,15294.0,16052.0
2017-09-07,14,TEN,15611.0,16468.0
2017-09-07,15,TEN,15950.0,16885.0
2017-09-07,16,TEN,16309.0,17626.0
2017-09-07,17,TEN,16506.0,18083.0
2017-09-07,18,TEN,16837.0,18460.0
2017-09-07,19,TEN,17063.0,19114.0
2017-09-07,20,TEN,17382.0,19641.0
2017-09-07,21,TEN,17686.0,19326.0
2017-09-07,22,TEN,17850.0,19449.0
2017-09-07,23,TEN,17726.0,19377.0
2017-09-08,0,TEN,17342.0,19052.0
2017-09-08,1,TEN,17535.0,19095.0
2017-09-08,2,TEN,17371.0,18476.0
2017-09-08,3,TEN,16237.0,16870.0
2017-09-08,4,TEN,14909.0,15488.0
2017-09-08,5,TEN,13803.0,14240.0
2017-09-08,6,TEN,13241.0,13260.0
2017-09-08,7,TEN,12656.0,12584.0
2017-09-08,8,TEN,12466.0,12439.0
2017-09-08,9,TEN,12459.0,12411.0
2017-09-08,10,TEN,12785.0,12721.0
2017-09-08,11,TEN,13873.0,13886.0
2017-09-08,12,TEN,15033.0,15122.0
2017-09-08,13,TEN,15293.0,15462.0
2017-09-08,14,TEN,15546.0,15753.0
2017-09-08,15,TEN,15950.0,16200.0
2017-09-08,16,TEN,16345.0,16588.0
2017-09-08,17,TEN,16672.0,17003.0
2017-09-08,18,TEN,17046.0,17690.0
2017-09-08,19,TEN,17457.0,18256.0
2017-09-08,20,TEN,17844.0,18761.0
2017-09-08,21,TEN,18349.0,19458.0
2017-09-08,22,TEN,18700.0,19740.0
2017-09-08,23,TEN,18506.0,19657.0
2017-09-09,0,TEN,17624.0,18409.0
2017-09-09,1,TEN,17507.0,17786.0
2017-09-09,2,TEN,17058.0,17566.0
2017-09-09,3,TEN,16126.0,16061.0
2017-09-09,4,TEN,15075.0,14956.0
2017-09-09,5,TEN,13938.0,13854.0
2017-09-09,6,TEN,13215.0,13252.0
2017-09-09,7,TEN,12736.0,12783.0
2017-09-09,8,TEN,12334.0,12375.0
2017-09-09,9,TEN,12082.0,12179.0
2017-09-09,10,TEN,12198.0,12321.0
2017-09-09,11,TEN,12499.0,12738.0
2017-09-09,12,TEN,12858.0,13195.0
2017-09-09,13,TEN,13405.0,13802.0
2017-09-09,14,TEN,14275.0,14728.0
2017-09-09,15,TEN,14896.0,15291.0
2017-09-09,16,TEN,15509.0,15872.0
2017-09-09,17,TEN,16094.0,16416.0
2017-09-09,18,TEN,16655.0,17024.0
2017-09-09,19,TEN,17352.0,17753.0
2017-09-09,20,TEN,17747.0,18139.0
2017-09-09,21,TEN,18434.0,18795.0
2017-09-09,22,TEN,18623.0,19048.0
2017-09-09,23,TEN,18452.0,18879.0
2017-09-10,0,TEN,17742.0,18192.0
2017-09-10,1,TEN,17517.0,17938.0
2017-09-10,2,TEN,16977.0,17397.0
2017-09-10,3,TEN,16063.0,16431.0
2017-09-10,4,TEN,14948.0,15136.0
2017-09-10,5,TEN,13850.0,14264.0
2017-09-10,6,TEN,12930.0,13382.0
2017-09-10,7,TEN,12413.0,12865.0
2017-09-10,8,TEN,11993.0,12471.0
2017-09-10,9,TEN,11850.0,12334.0
2017-09-10,10,TEN,11887.0,12442.0
2017-09-10,11,TEN,11923.0,12487.0
2017-09-10,12,TEN,12173.0,12839.0
2017-09-10,13,TEN,12924.0,13499.0
2017-09-10,14,TEN,13768.0,14199.0
2017-09-10,15,TEN,14494.0,14876.0
2017-09-10,16,TEN,15050.0,15400.0
2017-09-10,17,TEN,15683.0,16059.0
2017-09-10,18,TEN,16377.0,16702.0
2017-09-10,19,TEN,17013.0,17360.0
2017-09-10,20,TEN,17694.0,17970.0
2017-09-10,21,TEN,18053.0,18445.0
2017-09-10,22,TEN,18277.0,18583.0
2017-09-10,23,TEN,18094.0,18506.0
2017-09-11,0,TEN,17643.0,18061.0
2017-09-11,1,TEN,17777.0,18096.0
2017-09-11,2,TEN,17180.0,17432.0
2017-09-11,3,TEN,16111.0,16271.0
2017-09-11,4,TEN,14808.0,14937.0
2017-09-11,5,TEN,13731.0,13761.0
2017-09-11,6,TEN,12954.0,12844.0
2017-09-11,7,TEN,12541.0,12828.0
2017-09-11,8,TEN,12258.0,12612.0
2017-09-11,9,TEN,12266.0,12577.0
2017-09-11,10,TEN,12670.0,12911.0
2017-09-11,11,TEN,13781.0,13868.0
2017-09-11,12,TEN,15046.0,15053.0
2017-09-11,13,TEN,15293.0,15456.0
2017-09-11,14,TEN,15602.0,15658.0
2017-09-11,15,TEN,16037.0,16363.0
2017-09-11,16,TEN,16337.0,16649.0
2017-09-11,17,TEN,16618.0,16942.0
2017-09-11,18,TEN,16729.0,17081.0
2017-09-11,19,TEN,16683.0,16970.0
2017-09-11,20,TEN,16715.0,17068.0
2017-09-11,21,TEN,16684.0,17094.0
2017-09-11,22,TEN,16742.0,17119.0
2017-09-11,23,TEN,16776.0,17159.0
2017-09-12,0,TEN,16895.0,17276.0
2017-09-12,1,TEN,17185.0,17420.0
2017-09-12,2,TEN,16835.0,16800.0
2017-09-12,3,TEN,15882.0,15924.0
2017-09-12,4,TEN,14668.0,14633.0
2017-09-12,5,TEN,13691.0,13712.0
2017-09-12,6,TEN,13074.0,13022.0
2017-09-12,7,TEN,12680.0,12582.0
2017-09-12,8,TEN,12549.0,12466.0
2017-09-12,9,TEN,12481.0,12460.0
2017-09-12,10,TEN,12840.0,12752.0
2017-09-12,11,TEN,13883.0,13998.0
2017-09-12,12,TEN,15098.0,15255.0
2017-09-12,13,TEN,15283.0,15607.0
2017-09-12,14,TEN,15613.0,16045.0
2017-09-12,15,TEN,15876.0,16395.0
2017-09-12,16,TEN,16129.0,16290.0
2017-09-12,17,TEN,16260.0,16643.0
2017-09-12,18,TEN,16224.0,16709.0
2017-09-12,19,TEN,16287.0,16641.0
2017-09-12,20,TEN,16095.0,16713.0
2017-09-12,21,TEN,16189.0,17003.0
2017-09-12,22,TEN,16200.0,17035.0
2017-09-12,23,TEN,16288.0,17127.0
2017-09-13,0,TEN,16576.0,17361.0
2017-09-13,1,TEN,17029.0,17742.0
2017-09-13,2,TEN,16627.0,17126.0
2017-09-13,3,TEN,15689.0,16271.0
2017-09-13,4,TEN,14514.0,14852.0
2017-09-13,5,TEN,13463.0,13891.0
2017-09-13,6,TEN,13011.0,13284.0
2017-09-13,7,TEN,12736.0,13072.0
2017-09-13,8,TEN,12497.0,12888.0
2017-09-13,9,TEN,12402.0,12810.0
2017-09-13,10,TEN,12857.0,13268.0
2017-09-13,11,TEN,14021.0,14359.0
2017-09-13,12,TEN,15344.0,15812.0
2017-09-13,13,TEN,15647.0,16015.0
2017-09-13,14,TEN,15879.0,16364.0
2017-09-13,15,TEN,16069.0,16653.0
2017-09-13,16,TEN,16248.0,16815.0
2017-09-13,17,TEN,16185.0,16849.0
2017-09-13,18,TEN,16258.0,16997.0
2017-09-13,19,TEN,16078.0,16827.0
2017-09-13,20,TEN,15965.0,16741.0
2017-09-13,21,TEN,16040.0,16827.0
2017-09-13,22,TEN,16089.0,16946.0
2017-09-13,23,TEN,16082.0,16892.0
2017-09-14,0,TEN,16427.0,17202.0
2017-09-14,1,TEN,16934.0,17709.0
2017-09-14,2,TEN,16754.0,17461.0
2017-09-14,3,TEN,15817.0,16392.0
2017-09-14,4,TEN,14784.0,15163.0
2017-09-14,5,TEN,13734.0,14153.0
2017-09-14,6,TEN,13194.0,13515.0
2017-09-14,7,TEN,12762.0,13110.0
2017-09-14,8,TEN,12547.0,12950.0
2017-09-14,9,TEN,12475.0,12778.0
2017-09-14,10,TEN,13072.0,13381.0
2017-09-14,11,TEN,14224.0,14576.0
2017-09-14,12,TEN,15504.0,15855.0
2017-09-14,13,TEN,15738.0,16294.0
2017-09-14,14,TEN,15993.0,16674.0
2017-09-14,15,TEN,16507.0,17140.0
2017-09-14,16,TEN,17012.0,17580.0
2017-09-14,17,TEN,17522.0,18125.0
2017-09-14,18,TEN,18059.0,19033.0
2017-09-14,19,TEN,18592.0,19506.0
2017-09-14,20,TEN,19063.0,19855.0
2017-09-14,21,TEN,19478.0,20449.0
2017-09-14,22,TEN,19793.0,20390.0
2017-09-14,23,TEN,19607.0,20192.0
2017-09-15,0,TEN,19362.0,20037.0
2017-09-15,1,TEN,19628.0,20115.0
2017-09-15,2,TEN,19080.0,19673.0
2017-09-15,3,TEN,17864.0,18356.0
2017-09-15,4,TEN,16367.0,16695.0
2017-09-15,5,TEN,14937.0,15254.0
2017-09-15,6,TEN,14093.0,14468.0
2017-09-15,7,TEN,13424.0,13880.0
2017-09-15,8,TEN,13178.0,13631.0
2017-09-15,9,TEN,12930.0,13440.0
2017-09-15,10,TEN,13338.0,13769.0
2017-09-15,11,TEN,14529.0,15003.0
2017-09-15,12,TEN,15684.0,16236.0
2017-09-15,13,TEN,16060.0,16758.0
2017-09-15,14,TEN,16542.0,17317.0
2017-09-15,15,TEN,17365.0,18212.0
2017-09-15,16,TEN,18535.0,19223.0
2017-09-15,17,TEN,19426.0,20141.0
2017-09-15,18,TEN,20595.0,21328.0
2017-09-15,19,TEN,21255.0,21829.0
2017-09-15,20,TEN,21895.0,22533.0
2017-09-15,21,TEN,22407.0,23039.0
2017-09-15,22,TEN,22514.0,23333.0
2017-09-15,23,TEN,22150.0,22947.0
2017-09-16,0,TEN,21029.0,21896.0
2017-09-16,1,TEN,20506.0,21316.0
2017-09-16,2,TEN,19541.0,20196.0
2017-09-16,3,TEN,18256.0,18735.0
2017-09-16,4,TEN,16913.0,17190.0
2017-09-16,5,TEN,15536.0,15819.0
2017-09-16,6,TEN,14595.0,15047.0
2017-09-16,7,TEN,13820.0,14298.0
2017-09-16,8,TEN,13389.0,13874.0
2017-09-16,9,TEN,13030.0,13599.0
2017-09-16,10,TEN,12991.0,13688.0
2017-09-16,11,TEN,13270.0,13798.0
2017-09-16,12,TEN,13613.0,14209.0
2017-09-16,13,TEN,14062.0,14808.0
2017-09-16,14,TEN,15404.0,16005.0
2017-09-16,15,TEN,16770.0,17438.0
2017-09-16,16,TEN,18003.0,18777.0
2017-09-16,17,TEN,19446.0,20169.0
2017-09-16,18,TEN,20589.0,21338.0
2017-09-16,19,TEN,21609.0,22337.0
2017-09-16,20,TEN,22172.0,23004.0
2017-09-16,21,TEN,22954.0,23735.0
2017-09-16,22,TEN,22731.0,23449.0
2017-09-16,23,TEN,22333.0,23078.0
2017-09-17,0,TEN,21208.0,22050.0
2017-09-17,1,TEN,20676.0,21443.0
2017-09-17,2,TEN,19631.0,20115.0
2017-09-17,3,TEN,18296.0,18678.0
2017-09-17,4,TEN,16926.0,17289.0
2017-09-17,5,TEN,15518.0,15914.0
2017-09-17,6,TEN,14491.0,14877.0
2017-09-17,7,TEN,13818.0,14296.0
2017-09-17,8,TEN,13357.0,13794.0
2017-09-17,9,TEN,13029.0,13500.0
2017-09-17,10,TEN,12922.0,13360.0
2017-09-17,11,TEN,12958.0,13460.0
2017-09-17,12,TEN,13195.0,13657.0
2017-09-17,13,TEN,13715.0,14198.0
2017-09-17,14,TEN,15266.0,15862.0
2017-09-17,15,TEN,16614.0,17114.0
2017-09-17,16,TEN,18062.0,18816.0
2017-09-17,17,TEN,19537.0,20273.0
2017-09-17,18,TEN,20836.0,21574.0
2017-09-17,19,TEN,21655.0,22367.0
2017-09-17,20,TEN,22341.0,23027.0
2017-09-17,21,TEN,22770.0,23244.0
2017-09-17,22,TEN,23072.0,23433.0
2017-09-17,23,TEN,22907.0,23250.0
2017-09-18,0,TEN,21995.0,22709.0
2017-09-18,1,TEN,21783.0,22348.0
2017-09-18,2,TEN,20529.0,20963.0
2017-09-18,3,TEN,19004.0,19341.0
2017-09-18,4,TEN,17288.0,17601.0
2017-09-18,5,TEN,15873.0,16249.0
2017-09-18,6,TEN,14874.0,15212.0
2017-09-18,7,TEN,14293.0,14625.0
2017-09-18,8,TEN,13830.0,14213.0
2017-09-18,9,TEN,13701.0,14108.0
2017-09-18,10,TEN,14163.0,14500.0
2017-09-18,11,TEN,15338.0,15511.0
2017-09-18,12,TEN,16579.0,16900.0
2017-09-18,13,TEN,16960.0,17329.0
2017-09-18,14,TEN,17885.0,18286.0
2017-09-18,15,TEN,19117.0,19448.0
2017-09-18,16,TEN,20713.0,21361.0
2017-09-18,17,TEN,22055.0,22687.0
2017-09-18,18,TEN,23372.0,23732.0
2017-09-18,19,TEN,24326.0,24481.0
2017-09-18,20,TEN,24883.0,24815.0
2017-09-18,21,TEN,25208.0,24867.0
2017-09-18,22,TEN,24827.0,24513.0
2017-09-18,23,TEN,24153.0,24149.0
2017-09-19,0,TEN,23291.0,23356.0
2017-09-19,1,TEN,23027.0,23225.0
2017-09-19,2,TEN,21863.0,21990.0
2017-09-19,3,TEN,20152.0,20288.0
2017-09-19,4,TEN,18344.0,18478.0
2017-09-19,5,TEN,16769.0,16985.0
2017-09-19,6,TEN,15723.0,15983.0
2017-09-19,7,TEN,14981.0,15230.0
2017-09-19,8,TEN,14526.0,14868.0
2017-09-19,9,TEN,14313.0,14600.0
2017-09-19,10,TEN,14628.0,14911.0
2017-09-19,11,TEN,15688.0,16029.0
2017-09-19,12,TEN,16915.0,17279.0
2017-09-19,13,TEN,17259.0,17668.0
2017-09-19,14,TEN,18119.0,18452.0
2017-09-19,15,TEN,19250.0,19663.0
2017-09-19,16,TEN,20520.0,20995.0
2017-09-19,17,TEN,21631.0,22193.0
2017-09-19,18,TEN,22653.0,23170.0
2017-09-19,19,TEN,23119.0,23224.0
2017-09-19,20,TEN,23547.0,23979.0
2017-09-19,21,TEN,23517.0,23646.0
2017-09-19,22,TEN,23355.0,23628.0
2017-09-19,23,TEN,22902.0,23394.0
2017-09-20,0,TEN,22123.0,22660.0
2017-09-20,1,TEN,22157.0,22648.0
2017-09-20,2,TEN,21062.0,21331.0
2017-09-20,3,TEN,19668.0,20010.0
2017-09-20,4,TEN,17860.0,18074.0
2017-09-20,5,TEN,16420.0,16606.0
2017-09-20,6,TEN,15467.0,15545.0
2017-09-20,7,TEN,14761.0,14950.0
2017-09-20,8,TEN,14401.0,14542.0
2017-09-20,9,TEN,14130.0,14485.0
2017-09-20,10,TEN,14370.0,14659.0
2017-09-20,11,TEN,15350.0,15474.0
2017-09-20,12,TEN,16563.0,16935.0
2017-09-20,13,TEN,16921.0,17330.0
2017-09-20,14,TEN,17638.0,17973.0
2017-09-20,15,TEN,18758.0,19146.0
2017-09-20,16,TEN,20078.0,20400.0
2017-09-20,17,TEN,21668.0,22044.0
2017-09-20,18,TEN,23210.0,23583.0
2017-09-20,19,TEN,24234.0,24605.0
2017-09-20,20,TEN,24972.0,25364.0
2017-09-20,21,TEN,25461.0,25954.0
2017-09-20,22,TEN,25586.0,26028.0
2017-09-20,23,TEN,25104.0,25540.0
2017-09-21,0,TEN,24185.0,24616.0
2017-09-21,1,TEN,23860.0,24215.0
2017-09-21,2,TEN,22409.0,22827.0
2017-09-21,3,TEN,20826.0,21245.0
2017-09-21,4,TEN,19071.0,19413.0
2017-09-21,5,TEN,17333.0,17563.0
2017-09-21,6,TEN,16208.0,16505.0
2017-09-21,7,TEN,15435.0,15776.0
2017-09-21,8,TEN,14957.0,15248.0
2017-09-21,9,TEN,14726.0,15025.0
2017-09-21,10,TEN,15004.0,15304.0
2017-09-21,11,TEN,16075.0,16339.0
2017-09-21,12,TEN,17302.0,17730.0
2017-09-21,13,TEN,17687.0,18290.0
2017-09-21,14,TEN,18684.0,19317.0
2017-09-21,15,TEN,20059.0,20675.0
2017-09-21,16,TEN,21511.0,22258.0
2017-09-21,17,TEN,23060.0,23766.0
2017-09-21,18,TEN,24208.0,24871.0
2017-09-21,19,TEN,24890.0,25537.0
2017-09-21,20,TEN,25495.0,25964.0
2017-09-21,21,TEN,25723.0,26115.0
2017-09-21,22,TEN,25773.0,26282.0
2017-09-21,23,TEN,24999.0,25571.0
2017-09-22,0,TEN,24130.0,24717.0
2017-09-22,1,TEN,23673.0,24166.0
2017-09-22,2,TEN,22466.0,23025.0
2017-09-22,3,TEN,20827.0,21125.0
2017-09-22,4,TEN,18815.0,19110.0
2017-09-22,5,TEN,17306.0,17466.0
2017-09-22,6,TEN,16242.0,16510.0
2017-09-22,7,TEN,15217.0,15535.0
2017-09-22,8,TEN,14786.0,15108.0
2017-09-22,9,TEN,14550.0,14937.0
2017-09-22,10,TEN,14804.0,15201.0
2017-09-22,11,TEN,15767.0,16094.0
2017-09-22,12,TEN,16957.0,17327.0
2017-09-22,13,TEN,17365.0,17762.0
2017-09-22,14,TEN,18266.0,18795.0
2017-09-22,15,TEN,19585.0,20179.0
2017-09-22,16,TEN,21149.0,21718.0
2017-09-22,17,TEN,22769.0,23358.0
2017-09-22,18,TEN,23916.0,24509.0
2017-09-22,19,TEN,24494.0,25008.0
2017-09-22,20,TEN,24816.0,25492.0
2017-09-22,21,TEN,25096.0,25591.0
2017-09-22,22,TEN,24997.0,25530.0
2017-09-22,23,TEN,24525.0,25033.0
2017-09-23,0,TEN,23391.0,23968.0
2017-09-23,1,TEN,22625.0,23127.0
2017-09-23,2,TEN,21482.0,21891.0
2017-09-23,3,TEN,20048.0,20356.0
2017-09-23,4,TEN,18484.0,18742.0
2017-09-23,5,TEN,16986.0,17254.0
2017-09-23,6,TEN,15789.0,16036.0
2017-09-23,7,TEN,14991.0,15421.0
2017-09-23,8,TEN,14408.0,14726.0
2017-09-23,9,TEN,13969.0,14305.0
2017-09-23,10,TEN,13866.0,14226.0
2017-09-23,11,TEN,14093.0,14427.0
2017-09-23,12,TEN,14453.0,14663.0
2017-09-23,13,TEN,15094.0,15290.0
2017-09-23,14,TEN,16406.0,16598.0
2017-09-23,15,TEN,18119.0,18324.0
2017-09-23,16,TEN,19850.0,20041.0
2017-09-23,17,TEN,21565.0,21938.0
2017-09-23,18,TEN,22790.0,23157.0
2017-09-23,19,TEN,23668.0,24183.0
2017-09-23,20,TEN,24272.0,24701.0
2017-09-23,21,TEN,24549.0,25058.0
2017-09-23,22,TEN,24530.0,25098.0
2017-09-23,23,TEN,23786.0,24326.0
2017-09-24,0,TEN,22727.0,23234.0
2017-09-24,1,TEN,22076.0,22576.0
2017-09-24,2,TEN,20807.0,20991.0
2017-09-24,3,TEN,19328.0,19522.0
2017-09-24,4,TEN,17766.0,18060.0
2017-09-24,5,TEN,16385.0,16573.0
2017-09-24,6,TEN,15203.0,15492.0
2017-09-24,7,TEN,14476.0,14800.0
2017-09-24,8,TEN,13951.0,14302.0
2017-09-24,9,TEN,13548.0,13864.0
2017-09-24,10,TEN,13406.0,13673.0
2017-09-24,11,TEN,13432.0,13635.0
2017-09-24,12,TEN,13549.0,13768.0
2017-09-24,13,TEN,14260.0,14596.0
2017-09-24,14,TEN,15642.0,15982.0
2017-09-24,15,TEN,17235.0,17484.0
2017-09-24,16,TEN,18740.0,19088.0
2017-09-24,17,TEN,20276.0,20609.0
2017-09-24,18,TEN,21505.0,22008.0
2017-09-24,19,TEN,22447.0,23059.0
2017-09-24,20,TEN,23128.0,23699.0
2017-09-24,21,TEN,23294.0,23913.0
2017-09-24,22,TEN,23183.0,23816.0
2017-09-24,23,TEN,22806.0,23407.0
2017-09-25,0,TEN,21947.0,22547.0
2017-09-25,1,TEN,21550.0,22091.0
2017-09-25,2,TEN,20390.0,20756.0
2017-09-25,3,TEN,18916.0,19276.0
2017-09-25,4,TEN,17105.0,17334.0
2017-09-25,5,TEN,15788.0,16056.0
2017-09-25,6,TEN,14865.0,15253.0
2017-09-25,7,TEN,14113.0,14622.0
2017-09-25,8,TEN,13738.0,14253.0
2017-09-25,9,TEN,13609.0,14186.0
2017-09-25,10,TEN,14026.0,14490.0
2017-09-25,11,TEN,15241.0,15625.0
2017-09-25,12,TEN,16547.0,16767.0
2017-09-25,13,TEN,16948.0,17211.0
2017-09-25,14,TEN,17763.0,18072.0
2017-09-25,15,TEN,18928.0,19269.0
2017-09-25,16,TEN,20333.0,20656.0
2017-09-25,17,TEN,21756.0,22305.0
2017-09-25,18,TEN,23128.0,23734.0
2017-09-25,19,TEN,23976.0,24382.0
2017-09-25,20,TEN,24593.0,25009.0
2017-09-25,21,TEN,24891.0,25322.0
2017-09-25,22,TEN,24893.0,25258.0
2017-09-25,23,TEN,24231.0,24612.0
2017-09-26,0,TEN,23302.0,23740.0
2017-09-26,1,TEN,22762.0,23351.0
2017-09-26,2,TEN,21567.0,21817.0
2017-09-26,3,TEN,19761.0,20015.0
2017-09-26,4,TEN,17919.0,18279.0
2017-09-26,5,TEN,16371.0,16671.0
2017-09-26,6,TEN,15293.0,15591.0
2017-09-26,7,TEN,14628.0,14918.0
2017-09-26,8,TEN,14144.0,14449.0
2017-09-26,9,TEN,13972.0,14364.0
2017-09-26,10,TEN,14204.0,14587.0
2017-09-26,11,TEN,15395.0,15772.0
2017-09-26,12,TEN,16579.0,16570.0
2017-09-26,13,TEN,16900.0,16921.0
2017-09-26,14,TEN,17725.0,17734.0
2017-09-26,15,TEN,18949.0,18981.0
2017-09-26,16,TEN,20391.0,20459.0
2017-09-26,17,TEN,22025.0,22098.0
2017-09-26,18,TEN,23288.0,23339.0
2017-09-26,19,TEN,24278.0,24378.0
2017-09-26,20,TEN,24935.0,24965.0
2017-09-26,21,TEN,25376.0,25341.0
2017-09-26,22,TEN,25359.0,25331.0
2017-09-26,23,TEN,24603.0,24678.0
2017-09-27,0,TEN,23604.0,23629.0
2017-09-27,1,TEN,23164.0,23140.0
2017-09-27,2,TEN,21845.0,21725.0
2017-09-27,3,TEN,20074.0,19951.0
2017-09-27,4,TEN,18177.0,18372.0
2017-09-27,5,TEN,16608.0,16806.0
2017-09-27,6,TEN,15498.0,15807.0
2017-09-27,7,TEN,14729.0,15027.0
2017-09-27,8,TEN,14240.0,14625.0
2017-09-27,9,TEN,14035.0,14425.0
2017-09-27,10,TEN,14327.0,14768.0
2017-09-27,11,TEN,15423.0,15947.0
2017-09-27,12,TEN,16588.0,16990.0
2017-09-27,13,TEN,16894.0,17213.0
2017-09-27,14,TEN,17781.0,18062.0
2017-09-27,15,TEN,19009.0,19302.0
2017-09-27,16,TEN,20626.0,20962.0
2017-09-27,17,TEN,22132.0,22404.0
2017-09-27,18,TEN,23474.0,23809.0
2017-09-27,19,TEN,24266.0,24434.0
2017-09-27,20,TEN,25048.0,25034.0
2017-09-27,21,TEN,25474.0,25386.0
2017-09-27,22,TEN,25474.0,25097.0
2017-09-27,23,TEN,24843.0,24763.0
2017-09-28,0,TEN,23723.0,23922.0
2017-09-28,1,TEN,23303.0,23521.0
2017-09-28,2,TEN,21960.0,22252.0
2017-09-28,3,TEN,20351.0,20652.0
2017-09-28,4,TEN,18510.0,18815.0
2017-09-28,5,TEN,16910.0,17171.0
2017-09-28,6,TEN,15705.0,16111.0
2017-09-28,7,TEN,14969.0,15392.0
2017-09-28,8,TEN,14440.0,14894.0
2017-09-28,9,TEN,14118.0,14572.0
2017-09-28,10,TEN,14408.0,14921.0
2017-09-28,11,TEN,15632.0,16126.0
2017-09-28,12,TEN,16788.0,17272.0
2017-09-28,13,TEN,16922.0,17336.0
2017-09-28,14,TEN,17606.0,18114.0
2017-09-28,15,TEN,18503.0,19153.0
2017-09-28,16,TEN,19318.0,19906.0
2017-09-28,17,TEN,20540.0,21415.0
2017-09-28,18,TEN,21647.0,22606.0
2017-09-28,19,TEN,22491.0,23224.0
2017-09-28,20,TEN,22825.0,23045.0
2017-09-28,21,TEN,22965.0,22984.0
2017-09-28,22,TEN,22891.0,23237.0
2017-09-28,23,TEN,22042.0,22653.0
2017-09-29,0,TEN,20936.0,21681.0
2017-09-29,1,TEN,20781.0,21500.0
2017-09-29,2,TEN,19790.0,20657.0
2017-09-29,3,TEN,18301.0,18927.0
2017-09-29,4,TEN,16737.0,17428.0
2017-09-29,5,TEN,15296.0,15865.0
2017-09-29,6,TEN,14352.0,14653.0
2017-09-29,7,TEN,13701.0,14039.0
2017-09-29,8,TEN,13247.0,13636.0
2017-09-29,9,TEN,13262.0,13608.0
2017-09-29,10,TEN,13464.0,13892.0
2017-09-29,11,TEN,14520.0,15136.0
2017-09-29,12,TEN,15586.0,16200.0
2017-09-29,13,TEN,15906.0,16549.0
2017-09-29,14,TEN,16387.0,16955.0
2017-09-29,15,TEN,16924.0,17578.0
2017-09-29,16,TEN,17647.0,18408.0
2017-09-29,17,TEN,18190.0,19164.0
2017-09-29,18,TEN,18991.0,20011.0
2017-09-29,19,TEN,19660.0,20886.0
2017-09-29,20,TEN,20088.0,21519.0
2017-09-29,21,TEN,20467.0,21480.0
2017-09-29,22,TEN,20372.0,21530.0
2017-09-29,23,TEN,19709.0,20871.0
2017-09-30,0,TEN,18719.0,19792.0
2017-09-30,1,TEN,18419.0,19326.0
2017-09-30,2,TEN,17488.0,18428.0
2017-09-30,3,TEN,16463.0,16949.0
2017-09-30,4,TEN,15313.0,15779.0
2017-09-30,5,TEN,14209.0,14667.0
2017-09-30,6,TEN,13377.0,13799.0
2017-09-30,7,TEN,12756.0,13165.0
2017-09-30,8,TEN,12502.0,12934.0
2017-09-30,9,TEN,12243.0,12888.0
2017-09-30,10,TEN,12359.0,13013.0
2017-09-30,11,TEN,12656.0,13134.0
2017-09-30,12,TEN,13065.0,13607.0
2017-09-30,13,TEN,13486.0,13957.0
2017-09-30,14,TEN,14091.0,14519.0
2017-09-30,15,TEN,14612.0,15181.0
2017-09-30,16,TEN,15247.0,15762.0
2017-09-30,17,TEN,15701.0,16129.0
2017-09-30,18,TEN,16162.0,16858.0
2017-09-30,19,TEN,16721.0,17386.0
2017-09-30,20,TEN,17119.0,17763.0
2017-09-30,21,TEN,17395.0,18084.0
2017-09-30,22,TEN,17578.0,18213.0
2017-09-30,23,TEN,17275.0,17946.0
2017-10-01,0,TEN,16774.0,17633.0
2017-10-01,1,TEN,16754.0,17422.0
2017-10-01,2,TEN,15969.0,16643.0
2017-10-01,3,TEN,15058.0,15478.0
2017-10-01,4,TEN,14090.0,14405.0
2017-10-01,5,TEN,13084.0,13395.0
2017-10-01,6,TEN,12380.0,12826.0
2017-10-01,7,TEN,11934.0,12364.0
2017-10-01,8,TEN,11604.0,12046.0
2017-10-01,9,TEN,11413.0,11919.0
2017-10-01,10,TEN,11477.0,11940.0
2017-10-01,11,TEN,11709.0,12152.0
2017-10-01,12,TEN,12037.0,12469.0
2017-10-01,13,TEN,12606.0,13066.0
2017-10-01,14,TEN,13248.0,13627.0
2017-10-01,15,TEN,13857.0,14293.0
2017-10-01,16,TEN,14206.0,14741.0
2017-10-01,17,TEN,14776.0,15364.0
2017-10-01,18,TEN,15346.0,16175.0
2017-10-01,19,TEN,16113.0,16844.0
2017-10-01,20,TEN,16612.0,17422.0
2017-10-01,21,TEN,17143.0,17888.0
2017-10-01,22,TEN,17572.0,18288.0
2017-10-01,23,TEN,17463.0,18211.0
2017-10-02,0,TEN,17357.0,18005.0
2017-10-02,1,TEN,17329.0,17739.0
2017-10-02,2,TEN,16697.0,17199.0
2017-10-02,3,TEN,15639.0,16053.0
2017-10-02,4,TEN,14395.0,14782.0
2017-10-02,5,TEN,13391.0,13879.0
2017-10-02,6,TEN,12774.0,13231.0
2017-10-02,7,TEN,12356.0,12728.0
2017-10-02,8,TEN,12030.0,12331.0
2017-10-02,9,TEN,12061.0,12370.0
2017-10-02,10,TEN,12465.0,12992.0
2017-10-02,11,TEN,13642.0,14289.0
2017-10-02,12,TEN,14984.0,15568.0
2017-10-02,13,TEN,15335.0,16001.0
2017-10-02,14,TEN,15650.0,16384.0
2017-10-02,15,TEN,15926.0,16719.0
2017-10-02,16,TEN,16402.0,17190.0
2017-10-02,17,TEN,16751.0,17562.0
2017-10-02,18,TEN,17117.0,18052.0
2017-10-02,19,TEN,17289.0,18210.0
2017-10-02,20,TEN,17793.0,18783.0
2017-10-02,21,TEN,17991.0,18887.0
2017-10-02,22,TEN,18178.0,19004.0
2017-10-02,23,TEN,18007.0,18903.0
2017-10-03,0,TEN,18362.0,19124.0
2017-10-03,1,TEN,18760.0,19401.0
2017-10-03,2,TEN,17959.0,18706.0
2017-10-03,3,TEN,16920.0,17603.0
2017-10-03,4,TEN,15543.0,16287.0
2017-10-03,5,TEN,14465.0,14901.0
2017-10-03,6,TEN,13727.0,14113.0
2017-10-03,7,TEN,13241.0,13798.0
2017-10-03,8,TEN,12947.0,13634.0
2017-10-03,9,TEN,12913.0,13611.0
2017-10-03,10,TEN,13308.0,14055.0
2017-10-03,11,TEN,14516.0,15036.0
2017-10-03,12,TEN,15784.0,16562.0
2017-10-03,13,TEN,15966.0,16822.0
2017-10-03,14,TEN,16356.0,17154.0
2017-10-03,15,TEN,17124.0,17842.0
2017-10-03,16,TEN,17828.0,18477.0
2017-10-03,17,TEN,18763.0,19502.0
2017-10-03,18,TEN,19605.0,20354.0
2017-10-03,19,TEN,20343.0,21127.0
2017-10-03,20,TEN,21215.0,21825.0
2017-10-03,21,TEN,21594.0,22009.0
2017-10-03,22,TEN,21620.0,21889.0
2017-10-03,23,TEN,21279.0,21793.0
2017-10-04,0,TEN,20632.0,21461.0
2017-10-04,1,TEN,20425.0,21201.0
2017-10-04,2,TEN,19256.0,19964.0
2017-10-04,3,TEN,17916.0,18575.0
2017-10-04,4,TEN,16284.0,16843.0
2017-10-04,5,TEN,14861.0,14931.0
2017-10-04,6,TEN,13977.0,14243.0
2017-10-04,7,TEN,13311.0,13828.0
2017-10-04,8,TEN,13037.0,13525.0
2017-10-04,9,TEN,12970.0,13494.0
2017-10-04,10,TEN,13231.0,13824.0
2017-10-04,11,TEN,14267.0,14803.0
2017-10-04,12,TEN,15381.0,15763.0
2017-10-04,13,TEN,15570.0,15928.0
2017-10-04,14,TEN,15976.0,16359.0
2017-10-04,15,TEN,16701.0,17033.0
2017-10-04,16,TEN,17341.0,17856.0
2017-10-04,17,TEN,18130.0,18807.0
2017-10-04,18,TEN,19018.0,19580.0
2017-10-04,19,TEN,19938.0,20487.0
2017-10-04,20,TEN,20685.0,21333.0
2017-10-04,21,TEN,21134.0,21511.0
2017-10-04,22,TEN,21291.0,21392.0
2017-10-04,23,TEN,20510.0,20825.0
2017-10-05,0,TEN,20038.0,20739.0
2017-10-05,1,TEN,19681.0,20240.0
2017-10-05,2,TEN,18673.0,19092.0
2017-10-05,3,TEN,17309.0,17665.0
2017-10-05,4,TEN,15735.0,16227.0
2017-10-05,5,TEN,15965.0,16385.0
2017-10-05,6,TEN,13716.0,14132.0
2017-10-05,7,TEN,13101.0,13554.0
2017-10-05,8,TEN,12837.0,13332.0
2017-10-05,9,TEN,12789.0,13253.0
2017-10-05,10,TEN,13112.0,13602.0
2017-10-05,11,TEN,14209.0,14634.0
2017-10-05,12,TEN,15483.0,15969.0
2017-10-05,13,TEN,15688.0,16082.0
2017-10-05,14,TEN,16124.0,16601.0
2017-10-05,15,TEN,16794.0,17250.0
2017-10-05,16,TEN,17521.0,17983.0
2017-10-05,17,TEN,18350.0,18787.0
2017-10-05,18,TEN,19212.0,19771.0
2017-10-05,19,TEN,20098.0,20543.0
2017-10-05,20,TEN,20828.0,21490.0
2017-10-05,21,TEN,21315.0,21509.0
2017-10-05,22,TEN,21345.0,21429.0
2017-10-05,23,TEN,20730.0,20893.0
2017-10-06,0,TEN,20022.0,20589.0
2017-10-06,1,TEN,19753.0,20286.0
2017-10-06,2,TEN,18637.0,19201.0
2017-10-06,3,TEN,17333.0,17658.0
2017-10-06,4,TEN,15884.0,16148.0
2017-10-06,5,TEN,14533.0,14672.0
2017-10-06,6,TEN,13666.0,14031.0
2017-10-06,7,TEN,13059.0,13465.0
2017-10-06,8,TEN,12762.0,13207.0
2017-10-06,9,TEN,12682.0,13180.0
2017-10-06,10,TEN,12927.0,13426.0
2017-10-06,11,TEN,14152.0,14598.0
2017-10-06,12,TEN,15140.0,15420.0
2017-10-06,13,TEN,15418.0,15772.0
2017-10-06,14,TEN,15981.0,16350.0
2017-10-06,15,TEN,16683.0,17137.0
2017-10-06,16,TEN,17592.0,18097.0
2017-10-06,17,TEN,18580.0,19091.0
2017-10-06,18,TEN,19429.0,19815.0
2017-10-06,19,TEN,20218.0,20560.0
2017-10-06,20,TEN,20907.0,21188.0
2017-10-06,21,TEN,21271.0,21327.0
2017-10-06,22,TEN,21293.0,21274.0
2017-10-06,23,TEN,20671.0,20764.0
2017-10-07,0,TEN,19786.0,20228.0
2017-10-07,1,TEN,19159.0,19622.0
2017-10-07,2,TEN,18173.0,18461.0
2017-10-07,3,TEN,17071.0,17374.0
2017-10-07,4,TEN,15870.0,16142.0
2017-10-07,5,TEN,14743.0,15052.0
2017-10-07,6,TEN,13732.0,14203.0
2017-10-07,7,TEN,13237.0,13639.0
2017-10-07,8,TEN,12935.0,13267.0
2017-10-07,9,TEN,12716.0,13148.0
2017-10-07,10,TEN,12678.0,13130.0
2017-10-07,11,TEN,13156.0,13573.0
2017-10-07,12,TEN,13554.0,14103.0
2017-10-07,13,TEN,14044.0,14475.0
2017-10-07,14,TEN,14890.0,15268.0
2017-10-07,15,TEN,15708.0,16115.0
2017-10-07,16,TEN,16478.0,16775.0
2017-10-07,17,TEN,17288.0,17500.0
2017-10-07,18,TEN,18172.0,18352.0
2017-10-07,19,TEN,19106.0,19498.0
2017-10-07,20,TEN,19649.0,20073.0
2017-10-07,21,TEN,20015.0,20258.0
2017-10-07,22,TEN,19893.0,20208.0
2017-10-07,23,TEN,19618.0,19968.0
2017-10-08,0,TEN,19740.0,20131.0
2017-10-08,1,TEN,19652.0,19867.0
2017-10-08,2,TEN,18987.0,19318.0
2017-10-08,3,TEN,18235.0,18582.0
2017-10-08,4,TEN,17244.0,17653.0
2017-10-08,5,TEN,16156.0,16429.0
2017-10-08,6,TEN,15402.0,15786.0
2017-10-08,7,TEN,14747.0,15197.0
2017-10-08,8,TEN,14330.0,14742.0
2017-10-08,9,TEN,14021.0,14175.0
2017-10-08,10,TEN,14007.0,14077.0
2017-10-08,11,TEN,14140.0,14239.0
2017-10-08,12,TEN,14506.0,14560.0
2017-10-08,13,TEN,15029.0,14711.0
2017-10-08,14,TEN,15915.0,15475.0
2017-10-08,15,TEN,16586.0,15976.0
2017-10-08,16,TEN,16900.0,16227.0
2017-10-08,17,TEN,17318.0,17066.0
2017-10-08,18,TEN,17564.0,17436.0
2017-10-08,19,TEN,17895.0,18213.0
2017-10-08,20,TEN,18030.0,18351.0
2017-10-08,21,TEN,18218.0,18527.0
2017-10-08,22,TEN,18483.0,18877.0
2017-10-08,23,TEN,18579.0,18905.0
2017-10-09,0,TEN,18737.0,19048.0
2017-10-09,1,TEN,18810.0,19147.0
2017-10-09,2,TEN,18221.0,18548.0
2017-10-09,3,TEN,17359.0,17576.0
2017-10-09,4,TEN,16294.0,16636.0
2017-10-09,5,TEN,15258.0,15804.0
2017-10-09,6,TEN,14566.0,14907.0
2017-10-09,7,TEN,14123.0,14513.0
2017-10-09,8,TEN,13813.0,14182.0
2017-10-09,9,TEN,13944.0,14270.0
2017-10-09,10,TEN,14338.0,14755.0
2017-10-09,11,TEN,15331.0,15833.0
2017-10-09,12,TEN,16570.0,17112.0
2017-10-09,13,TEN,17206.0,17819.0
2017-10-09,14,TEN,18031.0,18563.0
2017-10-09,15,TEN,18946.0,19415.0
2017-10-09,16,TEN,20141.0,20563.0
2017-10-09,17,TEN,21250.0,21549.0
2017-10-09,18,TEN,22254.0,22317.0
2017-10-09,19,TEN,23191.0,22706.0
2017-10-09,20,TEN,23879.0,22819.0
2017-10-09,21,TEN,23995.0,22861.0
2017-10-09,22,TEN,23843.0,22902.0
2017-10-09,23,TEN,23117.0,22421.0
2017-10-10,0,TEN,22839.0,22422.0
2017-10-10,1,TEN,22456.0,22381.0
2017-10-10,2,TEN,21225.0,21469.0
2017-10-10,3,TEN,19913.0,20200.0
2017-10-10,4,TEN,18440.0,18549.0
2017-10-10,5,TEN,17176.0,17290.0
2017-10-10,6,TEN,16253.0,16213.0
2017-10-10,7,TEN,15601.0,15709.0
2017-10-10,8,TEN,15263.0,15607.0
2017-10-10,9,TEN,15226.0,15604.0
2017-10-10,10,TEN,15513.0,15976.0
2017-10-10,11,TEN,16450.0,16134.0
2017-10-10,12,TEN,17623.0,17306.0
2017-10-10,13,TEN,17938.0,17823.0
2017-10-10,14,TEN,18517.0,18457.0
2017-10-10,15,TEN,19337.0,19451.0
2017-10-10,16,TEN,20129.0,20521.0
2017-10-10,17,TEN,20869.0,21346.0
2017-10-10,18,TEN,21406.0,22008.0
2017-10-10,19,TEN,21952.0,22580.0
2017-10-10,20,TEN,22156.0,23038.0
2017-10-10,21,TEN,22217.0,23243.0
2017-10-10,22,TEN,22095.0,23200.0
2017-10-10,23,TEN,21862.0,23115.0
2017-10-11,0,TEN,21880.0,22956.0
2017-10-11,1,TEN,21544.0,22109.0
2017-10-11,2,TEN,20637.0,21134.0
2017-10-11,3,TEN,19351.0,19863.0
2017-10-11,4,TEN,17949.0,18425.0
2017-10-11,5,TEN,16552.0,17021.0
2017-10-11,6,TEN,15637.0,16026.0
2017-10-11,7,TEN,14894.0,15369.0
2017-10-11,8,TEN,14392.0,14867.0
2017-10-11,9,TEN,14166.0,14562.0
2017-10-11,10,TEN,14380.0,14772.0
2017-10-11,11,TEN,15341.0,15760.0
2017-10-11,12,TEN,16466.0,16982.0
2017-10-11,13,TEN,16809.0,17407.0
2017-10-11,14,TEN,17097.0,17629.0
2017-10-11,15,TEN,17491.0,18169.0
2017-10-11,16,TEN,17824.0,18371.0
2017-10-11,17,TEN,18068.0,18520.0
2017-10-11,18,TEN,18733.0,19218.0
2017-10-11,19,TEN,19134.0,19862.0
2017-10-11,20,TEN,19453.0,20074.0
2017-10-11,21,TEN,19603.0,20505.0
2017-10-11,22,TEN,19443.0,20439.0
2017-10-11,23,TEN,18958.0,20047.0
2017-10-12,0,TEN,18824.0,19863.0
2017-10-12,1,TEN,18567.0,19268.0
2017-10-12,2,TEN,17706.0,18235.0
2017-10-12,3,TEN,16570.0,17127.0
2017-10-12,4,TEN,15327.0,15604.0
2017-10-12,5,TEN,14145.0,14472.0
2017-10-12,6,TEN,13248.0,13701.0
2017-10-12,7,TEN,12730.0,13139.0
2017-10-12,8,TEN,12512.0,12939.0
2017-10-12,9,TEN,12458.0,12855.0
2017-10-12,10,TEN,12762.0,13295.0
2017-10-12,11,TEN,13793.0,14244.0
2017-10-12,12,TEN,14926.0,15569.0
2017-10-12,13,TEN,15239.0,15985.0
2017-10-12,14,TEN,15629.0,16323.0
2017-10-12,15,TEN,16002.0,16661.0
2017-10-12,16,TEN,16346.0,17076.0
2017-10-12,17,TEN,16562.0,17683.0
2017-10-12,18,TEN,17143.0,18136.0
2017-10-12,19,TEN,17495.0,18557.0
2017-10-12,20,TEN,17734.0,18850.0
2017-10-12,21,TEN,18040.0,19081.0
2017-10-12,22,TEN,17998.0,19135.0
2017-10-12,23,TEN,17638.0,18813.0
2017-10-13,0,TEN,17692.0,18819.0
2017-10-13,1,TEN,17661.0,18767.0
2017-10-13,2,TEN,16891.0,17750.0
2017-10-13,3,TEN,15948.0,16614.0
2017-10-13,4,TEN,14747.0,15222.0
2017-10-13,5,TEN,13664.0,14254.0
2017-10-13,6,TEN,13031.0,13492.0
2017-10-13,7,TEN,12536.0,13036.0
2017-10-13,8,TEN,12313.0,12787.0
2017-10-13,9,TEN,12297.0,12747.0
2017-10-13,10,TEN,12703.0,13085.0
2017-10-13,11,TEN,13590.0,14100.0
2017-10-13,12,TEN,14540.0,15220.0
2017-10-13,13,TEN,14959.0,15692.0
2017-10-13,14,TEN,15409.0,16028.0
2017-10-13,15,TEN,15856.0,16458.0
2017-10-13,16,TEN,16431.0,17004.0
2017-10-13,17,TEN,16773.0,17643.0
2017-10-13,18,TEN,17400.0,18307.0
2017-10-13,19,TEN,18226.0,19095.0
2017-10-13,20,TEN,18752.0,19664.0
2017-10-13,21,TEN,19182.0,19885.0
2017-10-13,22,TEN,19379.0,19934.0
2017-10-13,23,TEN,18771.0,19469.0
2017-10-14,0,TEN,18296.0,18973.0
2017-10-14,1,TEN,17995.0,18695.0
2017-10-14,2,TEN,17228.0,17787.0
2017-10-14,3,TEN,16216.0,16770.0
2017-10-14,4,TEN,15358.0,15291.0
2017-10-14,5,TEN,13868.0,14174.0
2017-10-14,6,TEN,13328.0,13318.0
2017-10-14,7,TEN,12772.0,12718.0
2017-10-14,8,TEN,12476.0,12331.0
2017-10-14,9,TEN,12238.0,12254.0
2017-10-14,10,TEN,12371.0,12394.0
2017-10-14,11,TEN,12654.0,12579.0
2017-10-14,12,TEN,13148.0,13249.0
2017-10-14,13,TEN,13526.0,13681.0
2017-10-14,14,TEN,14522.0,14688.0
2017-10-14,15,TEN,15427.0,15464.0
2017-10-14,16,TEN,16271.0,16329.0
2017-10-14,17,TEN,17122.0,17180.0
2017-10-14,18,TEN,17985.0,17967.0
2017-10-14,19,TEN,18619.0,18403.0
2017-10-14,20,TEN,19325.0,18961.0
2017-10-14,21,TEN,19623.0,19353.0
2017-10-14,22,TEN,19725.0,19652.0
2017-10-14,23,TEN,19262.0,18955.0
2017-10-15,0,TEN,19097.0,18917.0
2017-10-15,1,TEN,18621.0,18675.0
2017-10-15,2,TEN,17923.0,17883.0
2017-10-15,3,TEN,16885.0,16828.0
2017-10-15,4,TEN,15777.0,15709.0
2017-10-15,5,TEN,14638.0,14592.0
2017-10-15,6,TEN,13820.0,13861.0
2017-10-15,7,TEN,13120.0,13102.0
2017-10-15,8,TEN,12711.0,12716.0
2017-10-15,9,TEN,12463.0,12693.0
2017-10-15,10,TEN,12400.0,12615.0
2017-10-15,11,TEN,12611.0,12744.0
2017-10-15,12,TEN,12883.0,12925.0
2017-10-15,13,TEN,13538.0,13487.0
2017-10-15,14,TEN,14541.0,14576.0
2017-10-15,15,TEN,15454.0,15438.0
2017-10-15,16,TEN,16072.0,16174.0
2017-10-15,17,TEN,16925.0,17446.0
2017-10-15,18,TEN,17380.0,18081.0
2017-10-15,19,TEN,17817.0,18530.0
2017-10-15,20,TEN,17901.0,18638.0
2017-10-15,21,TEN,17912.0,18432.0
2017-10-15,22,TEN,17664.0,18177.0
2017-10-15,23,TEN,17402.0,17881.0
2017-10-16,0,TEN,17473.0,17931.0
2017-10-16,1,TEN,17200.0,17607.0
2017-10-16,2,TEN,16273.0,16416.0
2017-10-16,3,TEN,15168.0,15319.0
2017-10-16,4,TEN,14091.0,14085.0
2017-10-16,5,TEN,12974.0,13092.0
2017-10-16,6,TEN,12179.0,12350.0
2017-10-16,7,TEN,11786.0,12393.0
2017-10-16,8,TEN,11562.0,12227.0
2017-10-16,9,TEN,11573.0,12227.0
2017-10-16,10,TEN,12038.0,12493.0
2017-10-16,11,TEN,13111.0,13363.0
2017-10-16,12,TEN,14584.0,14659.0
2017-10-16,13,TEN,14748.0,15059.0
2017-10-16,14,TEN,14985.0,15192.0
2017-10-16,15,TEN,15286.0,15446.0
2017-10-16,16,TEN,15477.0,15670.0
2017-10-16,17,TEN,15422.0,16032.0
2017-10-16,18,TEN,15534.0,16028.0
2017-10-16,19,TEN,15534.0,16017.0
2017-10-16,20,TEN,15494.0,16032.0
2017-10-16,21,TEN,15479.0,16124.0
2017-10-16,22,TEN,15632.0,16325.0
2017-10-16,23,TEN,15584.0,16283.0
2017-10-17,0,TEN,16353.0,17083.0
2017-10-17,1,TEN,16426.0,17098.0
2017-10-17,2,TEN,15822.0,16188.0
2017-10-17,3,TEN,15008.0,15190.0
2017-10-17,4,TEN,13929.0,14100.0
2017-10-17,5,TEN,13144.0,13229.0
2017-10-17,6,TEN,12718.0,12901.0
2017-10-17,7,TEN,12426.0,12793.0
2017-10-17,8,TEN,12358.0,12779.0
2017-10-17,9,TEN,12466.0,12890.0
2017-10-17,10,TEN,12981.0,13395.0
2017-10-17,11,TEN,14439.0,14642.0
2017-10-17,12,TEN,15982.0,16222.0
2017-10-17,13,TEN,16105.0,16661.0
2017-10-17,14,TEN,16066.0,16425.0
2017-10-17,15,TEN,15933.0,16236.0
2017-10-17,16,TEN,15831.0,16174.0
2017-10-17,17,TEN,15644.0,15952.0
2017-10-17,18,TEN,15584.0,15881.0
2017-10-17,19,TEN,15577.0,15915.0
2017-10-17,20,TEN,15489.0,15886.0
2017-10-17,21,TEN,15684.0,16133.0
2017-10-17,22,TEN,15774.0,16393.0
2017-10-17,23,TEN,15804.0,16427.0
2017-10-18,0,TEN,16536.0,17230.0
2017-10-18,1,TEN,16684.0,17224.0
2017-10-18,2,TEN,16103.0,16531.0
2017-10-18,3,TEN,15179.0,15478.0
2017-10-18,4,TEN,14201.0,14507.0
2017-10-18,5,TEN,13291.0,13588.0
2017-10-18,6,TEN,12853.0,13001.0
2017-10-18,7,TEN,12556.0,12776.0
2017-10-18,8,TEN,12575.0,12902.0
2017-10-18,9,TEN,12689.0,12906.0
2017-10-18,10,TEN,13225.0,13393.0
2017-10-18,11,TEN,14581.0,14905.0
2017-10-18,12,TEN,16181.0,16470.0
2017-10-18,13,TEN,16265.0,16641.0
2017-10-18,14,TEN,16073.0,16306.0
2017-10-18,15,TEN,15952.0,16132.0
2017-10-18,16,TEN,15772.0,16098.0
2017-10-18,17,TEN,15598.0,15808.0
2017-10-18,18,TEN,15679.0,15837.0
2017-10-18,19,TEN,15693.0,15919.0
2017-10-18,20,TEN,15680.0,16029.0
2017-10-18,21,TEN,15831.0,16096.0
2017-10-18,22,TEN,16180.0,16458.0
2017-10-18,23,TEN,16132.0,16626.0
2017-10-19,0,TEN,16672.0,16915.0
2017-10-19,1,TEN,16770.0,17024.0
2017-10-19,2,TEN,16199.0,16410.0
2017-10-19,3,TEN,15231.0,15323.0
2017-10-19,4,TEN,14047.0,14290.0
2017-10-19,5,TEN,13316.0,13464.0
2017-10-19,6,TEN,12790.0,12869.0
2017-10-19,7,TEN,12483.0,12743.0
2017-10-19,8,TEN,12438.0,12701.0
2017-10-19,9,TEN,12531.0,12793.0
2017-10-19,10,TEN,13147.0,13291.0
2017-10-19,11,TEN,14540.0,14765.0
2017-10-19,12,TEN,16034.0,16242.0
2017-10-19,13,TEN,16197.0,16574.0
2017-10-19,14,TEN,16123.0,16557.0
2017-10-19,15,TEN,15961.0,16374.0
2017-10-19,16,TEN,15804.0,16187.0
2017-10-19,17,TEN,15861.0,16004.0
2017-10-19,18,TEN,15985.0,16088.0
2017-10-19,19,TEN,16128.0,16288.0
2017-10-19,20,TEN,16193.0,16310.0
2017-10-19,21,TEN,16474.0,16660.0
2017-10-19,22,TEN,16613.0,17136.0
2017-10-19,23,TEN,16494.0,17029.0
2017-10-20,0,TEN,16948.0,17512.0
2017-10-20,1,TEN,16876.0,17688.0
2017-10-20,2,TEN,16304.0,16943.0
2017-10-20,3,TEN,15285.0,15561.0
2017-10-20,4,TEN,14219.0,14323.0
2017-10-20,5,TEN,13317.0,13395.0
2017-10-20,6,TEN,12820.0,13260.0
2017-10-20,7,TEN,12413.0,13192.0
2017-10-20,8,TEN,12352.0,13115.0
2017-10-20,9,TEN,12532.0,13280.0
2017-10-20,10,TEN,13038.0,13656.0
2017-10-20,11,TEN,14423.0,14746.0
2017-10-20,12,TEN,15893.0,16100.0
2017-10-20,13,TEN,16063.0,16214.0
2017-10-20,14,TEN,15878.0,16069.0
2017-10-20,15,TEN,15738.0,15954.0
2017-10-20,16,TEN,15690.0,15982.0
2017-10-20,17,TEN,15722.0,15896.0
2017-10-20,18,TEN,15900.0,16113.0
2017-10-20,19,TEN,15933.0,16274.0
2017-10-20,20,TEN,16117.0,16300.0
2017-10-20,21,TEN,16171.0,16496.0
2017-10-20,22,TEN,16197.0,16679.0
2017-10-20,23,TEN,15868.0,16358.0
2017-10-21,0,TEN,16135.0,16488.0
2017-10-21,1,TEN,15882.0,16065.0
2017-10-21,2,TEN,15253.0,15433.0
2017-10-21,3,TEN,14726.0,14821.0
2017-10-21,4,TEN,13757.0,13963.0
2017-10-21,5,TEN,12959.0,13102.0
2017-10-21,6,TEN,12461.0,12517.0
2017-10-21,7,TEN,12026.0,12206.0
2017-10-21,8,TEN,11786.0,12160.0
2017-10-21,9,TEN,11866.0,12216.0
2017-10-21,10,TEN,11942.0,12389.0
2017-10-21,11,TEN,12468.0,12904.0
2017-10-21,12,TEN,13139.0,13596.0
2017-10-21,13,TEN,13599.0,14044.0
2017-10-21,14,TEN,14167.0,14566.0
2017-10-21,15,TEN,14463.0,14800.0
2017-10-21,16,TEN,14640.0,14982.0
2017-10-21,17,TEN,14817.0,14994.0
2017-10-21,18,TEN,14952.0,15170.0
2017-10-21,19,TEN,15193.0,15477.0
2017-10-21,20,TEN,15496.0,15821.0
2017-10-21,21,TEN,15552.0,15978.0
2017-10-21,22,TEN,15609.0,16086.0
2017-10-21,23,TEN,15624.0,16136.0
2017-10-22,0,TEN,16104.0,16387.0
2017-10-22,1,TEN,15968.0,16344.0
2017-10-22,2,TEN,15503.0,15884.0
2017-10-22,3,TEN,14762.0,15066.0
2017-10-22,4,TEN,13861.0,14092.0
2017-10-22,5,TEN,13002.0,13133.0
2017-10-22,6,TEN,12440.0,12585.0
2017-10-22,7,TEN,11986.0,12154.0
2017-10-22,8,TEN,11754.0,11858.0
2017-10-22,9,TEN,11642.0,11726.0
2017-10-22,10,TEN,11618.0,11734.0
2017-10-22,11,TEN,11980.0,12242.0
2017-10-22,12,TEN,12444.0,12764.0
2017-10-22,13,TEN,12981.0,13389.0
2017-10-22,14,TEN,13723.0,14113.0
2017-10-22,15,TEN,14218.0,14617.0
2017-10-22,16,TEN,14672.0,15040.0
2017-10-22,17,TEN,14965.0,15327.0
2017-10-22,18,TEN,15308.0,15612.0
2017-10-22,19,TEN,15458.0,15769.0
2017-10-22,20,TEN,15584.0,15897.0
2017-10-22,21,TEN,15774.0,16236.0
2017-10-22,22,TEN,16002.0,16493.0
2017-10-22,23,TEN,16170.0,16726.0
2017-10-23,0,TEN,16951.0,17465.0
2017-10-23,1,TEN,17026.0,17477.0
2017-10-23,2,TEN,16324.0,16790.0
2017-10-23,3,TEN,15453.0,15936.0
2017-10-23,4,TEN,14218.0,14510.0
2017-10-23,5,TEN,13374.0,13603.0
2017-10-23,6,TEN,12784.0,12935.0
2017-10-23,7,TEN,12339.0,12509.0
2017-10-23,8,TEN,12211.0,12369.0
2017-10-23,9,TEN,12191.0,12353.0
2017-10-23,10,TEN,12614.0,12865.0
2017-10-23,11,TEN,13877.0,14104.0
2017-10-23,12,TEN,15663.0,15458.0
2017-10-23,13,TEN,15471.0,15989.0
2017-10-23,14,TEN,15941.0,16179.0
2017-10-23,15,TEN,16112.0,16551.0
2017-10-23,16,TEN,16292.0,16578.0
2017-10-23,17,TEN,16174.0,16634.0
2017-10-23,18,TEN,16256.0,16675.0
2017-10-23,19,TEN,16099.0,16580.0
2017-10-23,20,TEN,15904.0,16503.0
2017-10-23,21,TEN,15965.0,16642.0
2017-10-23,22,TEN,16008.0,16814.0
2017-10-23,23,TEN,16030.0,16900.0
2017-10-24,0,TEN,16725.0,17590.0
2017-10-24,1,TEN,16730.0,17575.0
2017-10-24,2,TEN,16341.0,17119.0
2017-10-24,3,TEN,15410.0,16135.0
2017-10-24,4,TEN,14401.0,14726.0
2017-10-24,5,TEN,13397.0,13539.0
2017-10-24,6,TEN,12970.0,13025.0
2017-10-24,7,TEN,12592.0,12923.0
2017-10-24,8,TEN,12449.0,12784.0
2017-10-24,9,TEN,12556.0,12873.0
2017-10-24,10,TEN,12979.0,13127.0
2017-10-24,11,TEN,14295.0,14491.0
2017-10-24,12,TEN,15849.0,16069.0
2017-10-24,13,TEN,15989.0,16173.0
2017-10-24,14,TEN,15931.0,16125.0
2017-10-24,15,TEN,15937.0,16055.0
2017-10-24,16,TEN,15825.0,15945.0
2017-10-24,17,TEN,15736.0,15820.0
2017-10-24,18,TEN,15582.0,15731.0
2017-10-24,19,TEN,15472.0,15672.0
2017-10-24,20,TEN,15348.0,15583.0
2017-10-24,21,TEN,15381.0,15600.0
2017-10-24,22,TEN,15443.0,15677.0
2017-10-24,23,TEN,15915.0,16259.0
2017-10-25,0,TEN,16936.0,17464.0
2017-10-25,1,TEN,16978.0,17557.0
2017-10-25,2,TEN,16586.0,16927.0
2017-10-25,3,TEN,15800.0,16180.0
2017-10-25,4,TEN,14746.0,15118.0
2017-10-25,5,TEN,14033.0,14258.0
2017-10-25,6,TEN,13625.0,13865.0
2017-10-25,7,TEN,13478.0,13706.0
2017-10-25,8,TEN,13462.0,13693.0
2017-10-25,9,TEN,13615.0,13848.0
2017-10-25,10,TEN,14312.0,14474.0
2017-10-25,11,TEN,15795.0,16087.0
2017-10-25,12,TEN,17382.0,17464.0
2017-10-25,13,TEN,17617.0,17533.0
2017-10-25,14,TEN,17372.0,17400.0
2017-10-25,15,TEN,17061.0,17157.0
2017-10-25,16,TEN,16709.0,16786.0
2017-10-25,17,TEN,16447.0,16673.0
2017-10-25,18,TEN,16247.0,16432.0
2017-10-25,19,TEN,15913.0,15881.0
2017-10-25,20,TEN,15655.0,15763.0
2017-10-25,21,TEN,15672.0,15909.0
2017-10-25,22,TEN,16110.0,16323.0
2017-10-25,23,TEN,16502.0,16798.0
2017-10-26,0,TEN,17500.0,17823.0
2017-10-26,1,TEN,17481.0,17551.0
2017-10-26,2,TEN,17169.0,17163.0
2017-10-26,3,TEN,16452.0,16414.0
2017-10-26,4,TEN,15478.0,15456.0
2017-10-26,5,TEN,14681.0,14454.0
2017-10-26,6,TEN,14297.0,14242.0
2017-10-26,7,TEN,14239.0,14267.0
2017-10-26,8,TEN,14201.0,14253.0
2017-10-26,9,TEN,14477.0,14586.0
2017-10-26,10,TEN,15176.0,15299.0
2017-10-26,11,TEN,16719.0,16942.0
2017-10-26,12,TEN,18333.0,18576.0
2017-10-26,13,TEN,18496.0,18775.0
2017-10-26,14,TEN,17872.0,17939.0
2017-10-26,15,TEN,17324.0,17295.0
2017-10-26,16,TEN,16657.0,16676.0
2017-10-26,17,TEN,16014.0,16080.0
2017-10-26,18,TEN,15819.0,15799.0
2017-10-26,19,TEN,15820.0,15952.0
2017-10-26,20,TEN,15662.0,15927.0
2017-10-26,21,TEN,15814.0,16093.0
2017-10-26,22,TEN,15911.0,16285.0
2017-10-26,23,TEN,15971.0,16192.0
2017-10-27,0,TEN,16759.0,17092.0
2017-10-27,1,TEN,16779.0,17196.0
2017-10-27,2,TEN,16579.0,17005.0
2017-10-27,3,TEN,15786.0,16109.0
2017-10-27,4,TEN,14699.0,15078.0
2017-10-27,5,TEN,13960.0,14145.0
2017-10-27,6,TEN,13278.0,13458.0
2017-10-27,7,TEN,13088.0,13199.0
2017-10-27,8,TEN,13048.0,13277.0
2017-10-27,9,TEN,13157.0,13451.0
2017-10-27,10,TEN,13745.0,13977.0
2017-10-27,11,TEN,15087.0,15372.0
2017-10-27,12,TEN,16467.0,16716.0
2017-10-27,13,TEN,16629.0,16949.0
2017-10-27,14,TEN,16456.0,16780.0
2017-10-27,15,TEN,16357.0,16677.0
2017-10-27,16,TEN,16201.0,16490.0
2017-10-27,17,TEN,15992.0,16243.0
2017-10-27,18,TEN,15740.0,16044.0
2017-10-27,19,TEN,15755.0,15930.0
2017-10-27,20,TEN,15622.0,15883.0
2017-10-27,21,TEN,15623.0,15863.0
2017-10-27,22,TEN,15578.0,15874.0
2017-10-27,23,TEN,15753.0,16064.0
2017-10-28,0,TEN,16355.0,16634.0
2017-10-28,1,TEN,16059.0,16424.0
2017-10-28,2,TEN,15825.0,16114.0
2017-10-28,3,TEN,15203.0,15571.0
2017-10-28,4,TEN,14496.0,14828.0
2017-10-28,5,TEN,13710.0,13736.0
2017-10-28,6,TEN,13125.0,12841.0
2017-10-28,7,TEN,12882.0,12639.0
2017-10-28,8,TEN,12737.0,12493.0
2017-10-28,9,TEN,12824.0,12640.0
2017-10-28,10,TEN,13195.0,13228.0
2017-10-28,11,TEN,13641.0,13787.0
2017-10-28,12,TEN,14475.0,14621.0
2017-10-28,13,TEN,15211.0,15368.0
2017-10-28,14,TEN,15946.0,16086.0
2017-10-28,15,TEN,16309.0,16474.0
2017-10-28,16,TEN,16349.0,16493.0
2017-10-28,17,TEN,16250.0,16431.0
2017-10-28,18,TEN,15990.0,16164.0
2017-10-28,19,TEN,15851.0,16022.0
2017-10-28,20,TEN,15641.0,15905.0
2017-10-28,21,TEN,15747.0,15920.0
2017-10-28,22,TEN,15953.0,16160.0
2017-10-28,23,TEN,16495.0,16642.0
2017-10-29,0,TEN,17217.0,17231.0
2017-10-29,1,TEN,17202.0,17391.0
2017-10-29,2,TEN,17088.0,17172.0
2017-10-29,3,TEN,16551.0,16517.0
2017-10-29,4,TEN,15945.0,15579.0
2017-10-29,5,TEN,15329.0,14865.0
2017-10-29,6,TEN,14930.0,14174.0
2017-10-29,7,TEN,14759.0,13908.0
2017-10-29,8,TEN,14749.0,13921.0
2017-10-29,9,TEN,14758.0,13988.0
2017-10-29,10,TEN,15057.0,14253.0
2017-10-29,11,TEN,15536.0,14794.0
2017-10-29,12,TEN,16310.0,15524.0
2017-10-29,13,TEN,17081.0,16304.0
2017-10-29,14,TEN,17644.0,16982.0
2017-10-29,15,TEN,17820.0,17493.0
2017-10-29,16,TEN,17626.0,17320.0
2017-10-29,17,TEN,17442.0,17084.0
2017-10-29,18,TEN,17292.0,16908.0
2017-10-29,19,TEN,16970.0,16623.0
2017-10-29,20,TEN,16620.0,16207.0
2017-10-29,21,TEN,16545.0,16276.0
2017-10-29,22,TEN,16623.0,16341.0
2017-10-29,23,TEN,16917.0,16667.0
2017-10-30,0,TEN,18105.0,17777.0
2017-10-30,1,TEN,18683.0,18405.0
2017-10-30,2,TEN,18481.0,18220.0
2017-10-30,3,TEN,18136.0,17771.0
2017-10-30,4,TEN,17490.0,17004.0
2017-10-30,5,TEN,17012.0,16033.0
2017-10-30,6,TEN,16870.0,15491.0
2017-10-30,7,TEN,16937.0,15525.0
2017-10-30,8,TEN,17125.0,15552.0
2017-10-30,9,TEN,17488.0,15914.0
2017-10-30,10,TEN,18266.0,16600.0
2017-10-30,11,TEN,19718.0,17940.0
2017-10-30,12,TEN,21156.0,19388.0
2017-10-30,13,TEN,21292.0,19566.0
2017-10-30,14,TEN,20583.0,19353.0
2017-10-30,15,TEN,19489.0,18711.0
2017-10-30,16,TEN,18459.0,18295.0
2017-10-30,17,TEN,17570.0,17108.0
2017-10-30,18,TEN,16915.0,16448.0
2017-10-30,19,TEN,16365.0,16248.0
2017-10-30,20,TEN,15980.0,15947.0
2017-10-30,21,TEN,15833.0,15851.0
2017-10-30,22,TEN,15814.0,15872.0
2017-10-30,23,TEN,16166.0,16259.0
2017-10-31,0,TEN,17318.0,17374.0
2017-10-31,1,TEN,17552.0,17598.0
2017-10-31,2,TEN,17204.0,17275.0
2017-10-31,3,TEN,16524.0,16769.0
2017-10-31,4,TEN,15533.0,15888.0
2017-10-31,5,TEN,14829.0,14668.0
2017-10-31,6,TEN,14571.0,13715.0
2017-10-31,7,TEN,14526.0,13737.0
2017-10-31,8,TEN,14584.0,13858.0
2017-10-31,9,TEN,14790.0,14062.0
2017-10-31,10,TEN,15706.0,15312.0
2017-10-31,11,TEN,17293.0,17199.0
2017-10-31,12,TEN,18990.0,18459.0
2017-10-31,13,TEN,18937.0,18412.0
2017-10-31,14,TEN,18651.0,18322.0
2017-10-31,15,TEN,18022.0,18203.0
2017-10-31,16,TEN,17332.0,17541.0
2017-10-31,17,TEN,16706.0,16737.0
2017-10-31,18,TEN,16448.0,16444.0
2017-10-31,19,TEN,16122.0,16148.0
2017-10-31,20,TEN,15917.0,15917.0
2017-10-31,21,TEN,15850.0,15955.0
2017-10-31,22,TEN,15864.0,15989.0
2017-10-31,23,TEN,16082.0,16195.0
2017-11-01,0,TEN,16753.0,17137.0
2017-11-01,1,TEN,16842.0,17200.0
2017-11-01,2,TEN,16916.0,17242.0
2017-11-01,3,TEN,16540.0,16883.0
2017-11-01,4,TEN,15450.0,15813.0
2017-11-01,5,TEN,14626.0,15108.0
2017-11-01,6,TEN,14221.0,14972.0
2017-11-01,7,TEN,13968.0,14674.0
2017-11-01,8,TEN,14002.0,14681.0
2017-11-01,9,TEN,14033.0,14817.0
2017-11-01,10,TEN,14563.0,15356.0
2017-11-01,11,TEN,15674.0,16402.0
2017-11-01,12,TEN,16910.0,17504.0
2017-11-01,13,TEN,17031.0,17665.0
2017-11-01,14,TEN,16815.0,17794.0
2017-11-01,15,TEN,16740.0,18015.0
2017-11-01,16,TEN,16570.0,17296.0
2017-11-01,17,TEN,16396.0,17090.0
2017-11-01,18,TEN,16345.0,16961.0
2017-11-01,19,TEN,16208.0,17015.0
2017-11-01,20,TEN,16111.0,16945.0
2017-11-01,21,TEN,15967.0,16852.0
2017-11-01,22,TEN,16042.0,16912.0
2017-11-01,23,TEN,16511.0,17414.0
2017-11-02,0,TEN,17381.0,18278.0
2017-11-02,1,TEN,17116.0,17928.0
2017-11-02,2,TEN,16658.0,17535.0
2017-11-02,3,TEN,15834.0,16516.0
2017-11-02,4,TEN,14694.0,15424.0
2017-11-02,5,TEN,13696.0,14369.0
2017-11-02,6,TEN,13238.0,13997.0
2017-11-02,7,TEN,12883.0,13508.0
2017-11-02,8,TEN,12723.0,13379.0
2017-11-02,9,TEN,12743.0,13424.0
2017-11-02,10,TEN,13188.0,13927.0
2017-11-02,11,TEN,14460.0,15367.0
2017-11-02,12,TEN,15893.0,16792.0
2017-11-02,13,TEN,16086.0,17094.0
2017-11-02,14,TEN,15964.0,16973.0
2017-11-02,15,TEN,15980.0,17027.0
2017-11-02,16,TEN,15997.0,16931.0
2017-11-02,17,TEN,15977.0,17009.0
2017-11-02,18,TEN,16003.0,17005.0
2017-11-02,19,TEN,15991.0,16974.0
2017-11-02,20,TEN,16158.0,17082.0
2017-11-02,21,TEN,16137.0,17148.0
2017-11-02,22,TEN,16208.0,17020.0
2017-11-02,23,TEN,16598.0,17321.0
2017-11-03,0,TEN,17361.0,17794.0
2017-11-03,1,TEN,17306.0,17851.0
2017-11-03,2,TEN,16837.0,17230.0
2017-11-03,3,TEN,16090.0,16257.0
2017-11-03,4,TEN,14919.0,15074.0
2017-11-03,5,TEN,13920.0,13979.0
2017-11-03,6,TEN,13217.0,13312.0
2017-11-03,7,TEN,12846.0,12883.0
2017-11-03,8,TEN,12646.0,12783.0
2017-11-03,9,TEN,12604.0,12753.0
2017-11-03,10,TEN,12947.0,13264.0
2017-11-03,11,TEN,14232.0,14706.0
2017-11-03,12,TEN,15667.0,16358.0
2017-11-03,13,TEN,16054.0,16797.0
2017-11-03,14,TEN,16075.0,16509.0
2017-11-03,15,TEN,22810.0,23250.0
2017-11-03,16,TEN,16281.0,16694.0
2017-11-03,17,TEN,16266.0,16705.0
2017-11-03,18,TEN,16384.0,16781.0
2017-11-03,19,TEN,16432.0,16822.0
2017-11-03,20,TEN,16204.0,16720.0
2017-11-03,21,TEN,16097.0,16707.0
2017-11-03,22,TEN,16184.0,16719.0
2017-11-03,23,TEN,16409.0,16935.0
2017-11-04,0,TEN,16780.0,17276.0
2017-11-04,1,TEN,16548.0,17246.0
2017-11-04,2,TEN,16014.0,16698.0
2017-11-04,3,TEN,15338.0,15923.0
2017-11-04,4,TEN,14593.0,15106.0
2017-11-04,5,TEN,13656.0,14168.0
2017-11-04,6,TEN,12916.0,13344.0
2017-11-04,7,TEN,12414.0,12959.0
2017-11-04,8,TEN,12132.0,12676.0
2017-11-04,9,TEN,12010.0,12620.0
2017-11-04,10,TEN,12135.0,12652.0
2017-11-04,11,TEN,12533.0,13043.0
2017-11-04,12,TEN,13171.0,13425.0
2017-11-04,13,TEN,13658.0,14069.0
2017-11-04,14,TEN,14373.0,14944.0
2017-11-04,15,TEN,14945.0,15573.0
2017-11-04,16,TEN,15209.0,15771.0
2017-11-04,17,TEN,15408.0,15840.0
2017-11-04,18,TEN,15514.0,16054.0
2017-11-04,19,TEN,15763.0,16310.0
2017-11-04,20,TEN,15859.0,16569.0
2017-11-04,21,TEN,15997.0,16663.0
2017-11-04,22,TEN,16013.0,16733.0
2017-11-04,23,TEN,16095.0,16816.0
2017-11-05,0,TEN,16572.0,17194.0
2017-11-05,1,TEN,16182.0,16717.0
2017-11-05,2,TEN,15715.0,16036.0
2017-11-05,3,TEN,15182.0,15318.0
2017-11-05,4,TEN,14376.0,14484.0
2017-11-05,5,TEN,13519.0,13601.0
2017-11-05,6,TEN,12713.0,12990.0
2017-11-05,7,TEN,12312.0,12719.0
2017-11-05,8,TEN,11879.0,12252.0
2017-11-05,9,TEN,11835.0,12126.0
2017-11-05,10,TEN,11643.0,12010.0
2017-11-05,11,TEN,11858.0,12109.0
2017-11-05,12,TEN,12205.0,12320.0
2017-11-05,13,TEN,12744.0,12961.0
2017-11-05,14,TEN,13663.0,13894.0
2017-11-05,15,TEN,14707.0,15072.0
2017-11-05,16,TEN,15085.0,15388.0
2017-11-05,17,TEN,15250.0,15655.0
2017-11-05,18,TEN,15537.0,15720.0
2017-11-05,19,TEN,15941.0,16248.0
2017-11-05,20,TEN,16192.0,16432.0
2017-11-05,21,TEN,16284.0,16663.0
2017-11-05,22,TEN,16337.0,16909.0
2017-11-05,23,TEN,16583.0,16992.0
2017-11-06,0,TEN,17442.0,17590.0
2017-11-06,1,TEN,17403.0,18070.0
2017-11-06,2,TEN,17029.0,17355.0
2017-11-06,3,TEN,16341.0,16529.0
2017-11-06,4,TEN,15498.0,15611.0
2017-11-06,5,TEN,14348.0,14605.0
2017-11-06,6,TEN,1358.0,1370.0
2017-11-06,7,TEN,12931.0,13100.0
2017-11-06,8,TEN,12668.0,12807.0
2017-11-06,9,TEN,12475.0,12748.0
2017-11-06,10,TEN,12475.0,12688.0
2017-11-06,11,TEN,12737.0,12935.0
2017-11-06,12,TEN,14225.0,14702.0
2017-11-06,13,TEN,15651.0,16022.0
2017-11-06,14,TEN,15932.0,16719.0
2017-11-06,15,TEN,16172.0,16881.0
2017-11-06,16,TEN,16309.0,17124.0
2017-11-06,17,TEN,16591.0,17376.0
2017-11-06,18,TEN,16592.0,17444.0
2017-11-06,19,TEN,16634.0,17462.0
2017-11-06,20,TEN,16673.0,17532.0
2017-11-06,21,TEN,16716.0,17668.0
2017-11-06,22,TEN,16503.0,17730.0
2017-11-06,23,TEN,16969.0,18273.0
2017-11-07,0,TEN,17879.0,19076.0
2017-11-07,1,TEN,17821.0,19063.0
2017-11-07,2,TEN,17357.0,18672.0
2017-11-07,3,TEN,16691.0,17828.0
2017-11-07,4,TEN,15676.0,16516.0
2017-11-07,5,TEN,14593.0,15306.0
2017-11-07,6,TEN,13660.0,14323.0
2017-11-07,7,TEN,13098.0,13803.0
2017-11-07,8,TEN,12757.0,13486.0
2017-11-07,9,TEN,12637.0,13311.0
2017-11-07,10,TEN,12605.0,13306.0
2017-11-07,11,TEN,13101.0,13748.0
2017-11-07,12,TEN,14366.0,15264.0
2017-11-07,13,TEN,15749.0,16939.0
2017-11-07,14,TEN,15957.0,17359.0
2017-11-07,15,TEN,16262.0,17590.0
2017-11-07,16,TEN,16374.0,17603.0
2017-11-07,17,TEN,16493.0,17661.0
2017-11-07,18,TEN,16519.0,17576.0
2017-11-07,19,TEN,16402.0,17301.0
2017-11-07,20,TEN,16378.0,17290.0
2017-11-07,21,TEN,16375.0,17296.0
2017-11-07,22,TEN,16429.0,17378.0
2017-11-07,23,TEN,16970.0,18039.0
2017-11-08,0,TEN,17799.0,18865.0
2017-11-08,1,TEN,17620.0,18744.0
2017-11-08,2,TEN,17315.0,18499.0
2017-11-08,3,TEN,16685.0,17802.0
2017-11-08,4,TEN,15829.0,16741.0
2017-11-08,5,TEN,14642.0,15571.0
2017-11-08,6,TEN,13863.0,14822.0
2017-11-08,7,TEN,13368.0,14159.0
2017-11-08,8,TEN,13119.0,13979.0
2017-11-08,9,TEN,12942.0,13849.0
2017-11-08,10,TEN,12960.0,13981.0
2017-11-08,11,TEN,13598.0,14494.0
2017-11-08,12,TEN,14972.0,15720.0
2017-11-08,13,TEN,16366.0,16920.0
2017-11-08,14,TEN,16548.0,17143.0
2017-11-08,15,TEN,16725.0,17218.0
2017-11-08,16,TEN,16940.0,17644.0
2017-11-08,17,TEN,16804.0,17421.0
2017-11-08,18,TEN,16701.0,17343.0
2017-11-08,19,TEN,16732.0,17465.0
2017-11-08,20,TEN,16555.0,17220.0
2017-11-08,21,TEN,16627.0,17160.0
2017-11-08,22,TEN,16935.0,17290.0
2017-11-08,23,TEN,17709.0,18047.0
2017-11-09,0,TEN,18524.0,18932.0
2017-11-09,1,TEN,18258.0,18584.0
2017-11-09,2,TEN,18034.0,18372.0
2017-11-09,3,TEN,17482.0,18359.0
2017-11-09,4,TEN,16553.0,17397.0
2017-11-09,5,TEN,15431.0,15936.0
2017-11-09,6,TEN,14726.0,15410.0
2017-11-09,7,TEN,14314.0,14638.0
2017-11-09,8,TEN,14159.0,14271.0
2017-11-09,9,TEN,14024.0,14254.0
2017-11-09,10,TEN,14143.0,14308.0
2017-11-09,11,TEN,14833.0,14905.0
2017-11-09,12,TEN,16264.0,16895.0
2017-11-09,13,TEN,17578.0,18089.0
2017-11-09,14,TEN,17432.0,18026.0
2017-11-09,15,TEN,17159.0,17715.0
2017-11-09,16,TEN,16963.0,17701.0
2017-11-09,17,TEN,16853.0,17564.0
2017-11-09,18,TEN,16507.0,17394.0
2017-11-09,19,TEN,16326.0,17013.0
2017-11-09,20,TEN,16153.0,16931.0
2017-11-09,21,TEN,15959.0,16768.0
2017-11-09,22,TEN,15897.0,16700.0
2017-11-09,23,TEN,16400.0,17188.0
2017-11-10,0,TEN,17604.0,18409.0
2017-11-10,1,TEN,17795.0,18657.0
2017-11-10,2,TEN,17572.0,18514.0
2017-11-10,3,TEN,17280.0,18171.0
2017-11-10,4,TEN,16757.0,17628.0
2017-11-10,5,TEN,15991.0,16818.0
2017-11-10,6,TEN,15401.0,15848.0
2017-11-10,7,TEN,15259.0,15872.0
2017-11-10,8,TEN,15092.0,15749.0
2017-11-10,9,TEN,15076.0,15743.0
2017-11-10,10,TEN,15441.0,16085.0
2017-11-10,11,TEN,16083.0,17111.0
2017-11-10,12,TEN,17450.0,18185.0
2017-11-10,13,TEN,18487.0,19247.0
2017-11-10,14,TEN,18457.0,19303.0
2017-11-10,15,TEN,18148.0,18879.0
2017-11-10,16,TEN,17650.0,18398.0
2017-11-10,17,TEN,17197.0,17960.0
2017-11-10,18,TEN,16606.0,17397.0
2017-11-10,19,TEN,16343.0,17042.0
2017-11-10,20,TEN,16105.0,16809.0
2017-11-10,21,TEN,15884.0,16742.0
2017-11-10,22,TEN,15989.0,16735.0
2017-11-10,23,TEN,16831.0,17701.0
2017-11-11,0,TEN,18044.0,18721.0
2017-11-11,1,TEN,18199.0,18994.0
2017-11-11,2,TEN,18265.0,19032.0
2017-11-11,3,TEN,18088.0,18872.0
2017-11-11,4,TEN,17833.0,18555.0
2017-11-11,5,TEN,17328.0,18009.0
2017-11-11,6,TEN,16869.0,17314.0
2017-11-11,7,TEN,16532.0,16924.0
2017-11-11,8,TEN,16426.0,16806.0
2017-11-11,9,TEN,16508.0,16964.0
2017-11-11,10,TEN,16753.0,17356.0
2017-11-11,11,TEN,17236.0,17776.0
2017-11-11,12,TEN,17917.0,18667.0
2017-11-11,13,TEN,18572.0,19440.0
2017-11-11,14,TEN,18719.0,19506.0
2017-11-11,15,TEN,18224.0,19049.0
2017-11-11,16,TEN,17428.0,18225.0
2017-11-11,17,TEN,16775.0,17619.0
2017-11-11,18,TEN,15994.0,17287.0
2017-11-11,19,TEN,15415.0,16748.0
2017-11-11,20,TEN,14994.0,16276.0
2017-11-11,21,TEN,14667.0,16044.0
2017-11-11,22,TEN,14807.0,16119.0
2017-11-11,23,TEN,15476.0,16571.0
2017-11-12,0,TEN,16583.0,17606.0
2017-11-12,1,TEN,16508.0,17614.0
2017-11-12,2,TEN,16352.0,17409.0
2017-11-12,3,TEN,16176.0,17192.0
2017-11-12,4,TEN,15519.0,16432.0
2017-11-12,5,TEN,15057.0,16061.0
2017-11-12,6,TEN,14450.0,15312.0
2017-11-12,7,TEN,13980.0,14789.0
2017-11-12,8,TEN,13625.0,14340.0
2017-11-12,9,TEN,13441.0,14194.0
2017-11-12,10,TEN,13514.0,14229.0
2017-11-12,11,TEN,13674.0,14469.0
2017-11-12,12,TEN,13974.0,15009.0
2017-11-12,13,TEN,14527.0,15590.0
2017-11-12,14,TEN,15187.0,16256.0
2017-11-12,15,TEN,15821.0,16852.0
2017-11-12,16,TEN,15741.0,16734.0
2017-11-12,17,TEN,15528.0,16516.0
2017-11-12,18,TEN,15374.0,16382.0
2017-11-12,19,TEN,15315.0,16478.0
2017-11-12,20,TEN,15142.0,16141.0
2017-11-12,21,TEN,14991.0,16320.0
2017-11-12,22,TEN,15112.0,16450.0
2017-11-12,23,TEN,15762.0,16803.0
2017-11-13,0,TEN,16757.0,17763.0
2017-11-13,1,TEN,16670.0,17784.0
2017-11-13,2,TEN,16403.0,17523.0
2017-11-13,3,TEN,16009.0,17145.0
2017-11-13,4,TEN,15302.0,16461.0
2017-11-13,5,TEN,14461.0,15643.0
2017-11-13,6,TEN,13760.0,14731.0
2017-11-13,7,TEN,13438.0,14347.0
2017-11-13,8,TEN,13332.0,14299.0
2017-11-13,9,TEN,13396.0,14448.0
2017-11-13,10,TEN,13671.0,14745.0
2017-11-13,11,TEN,14408.0,15423.0
2017-11-13,12,TEN,15942.0,16895.0
2017-11-13,13,TEN,17437.0,18143.0
2017-11-13,14,TEN,17604.0,18626.0
2017-11-13,15,TEN,17511.0,18621.0
2017-11-13,16,TEN,17565.0,18596.0
2017-11-13,17,TEN,17461.0,18545.0
2017-11-13,18,TEN,17203.0,18229.0
2017-11-13,19,TEN,16959.0,17652.0
2017-11-13,20,TEN,16802.0,17341.0
2017-11-13,21,TEN,16668.0,17285.0
2017-11-13,22,TEN,16842.0,17729.0
2017-11-13,23,TEN,17705.0,18421.0
2017-11-14,0,TEN,18950.0,19577.0
2017-11-14,1,TEN,19212.0,19930.0
2017-11-14,2,TEN,19079.0,19850.0
2017-11-14,3,TEN,18684.0,19525.0
2017-11-14,4,TEN,18079.0,18926.0
2017-11-14,5,TEN,17057.0,18114.0
2017-11-14,6,TEN,16373.0,17293.0
2017-11-14,7,TEN,16122.0,16882.0
2017-11-14,8,TEN,15970.0,16740.0
2017-11-14,9,TEN,15956.0,16739.0
2017-11-14,10,TEN,16113.0,16879.0
2017-11-14,11,TEN,16709.0,17617.0
2017-11-14,12,TEN,18364.0,18771.0
2017-11-14,13,TEN,19841.0,20011.0
2017-11-14,14,TEN,19559.0,19835.0
2017-11-14,15,TEN,18832.0,19472.0
2017-11-14,16,TEN,17941.0,18679.0
2017-11-14,17,TEN,17373.0,17850.0
2017-11-14,18,TEN,16755.0,17498.0
2017-11-14,19,TEN,16489.0,17306.0
2017-11-14,20,TEN,16237.0,17171.0
2017-11-14,21,TEN,16014.0,16927.0
2017-11-14,22,TEN,16052.0,16981.0
2017-11-14,23,TEN,16642.0,17308.0
2017-11-15,0,TEN,18166.0,18546.0
2017-11-15,1,TEN,18348.0,18786.0
2017-11-15,2,TEN,18312.0,18815.0
2017-11-15,3,TEN,18078.0,18558.0
2017-11-15,4,TEN,17422.0,17951.0
2017-11-15,5,TEN,16640.0,17249.0
2017-11-15,6,TEN,15988.0,16522.0
2017-11-15,7,TEN,15750.0,16113.0
2017-11-15,8,TEN,15671.0,15788.0
2017-11-15,9,TEN,15672.0,15847.0
2017-11-15,10,TEN,15813.0,16092.0
2017-11-15,11,TEN,16551.0,17142.0
2017-11-15,12,TEN,18040.0,18636.0
2017-11-15,13,TEN,19159.0,19516.0
2017-11-15,14,TEN,19021.0,19409.0
2017-11-15,15,TEN,18312.0,18900.0
2017-11-15,16,TEN,17866.0,18436.0
2017-11-15,17,TEN,17627.0,18188.0
2017-11-15,18,TEN,17204.0,17780.0
2017-11-15,19,TEN,16997.0,17514.0
2017-11-15,20,TEN,16861.0,17360.0
2017-11-15,21,TEN,16792.0,17309.0
2017-11-15,22,TEN,17072.0,17556.0
2017-11-15,23,TEN,17809.0,18271.0
2017-11-16,0,TEN,18495.0,19097.0
2017-11-16,1,TEN,18434.0,19047.0
2017-11-16,2,TEN,18012.0,18560.0
2017-11-16,3,TEN,17453.0,17978.0
2017-11-16,4,TEN,16559.0,16995.0
2017-11-16,5,TEN,15423.0,15922.0
2017-11-16,6,TEN,14605.0,15083.0
2017-11-16,7,TEN,14170.0,14830.0
2017-11-16,8,TEN,13833.0,14612.0
2017-11-16,9,TEN,13867.0,14609.0
2017-11-16,10,TEN,14012.0,14689.0
2017-11-16,11,TEN,14541.0,15352.0
2017-11-16,12,TEN,15816.0,16584.0
2017-11-16,13,TEN,17044.0,17716.0
2017-11-16,14,TEN,17017.0,17752.0
2017-11-16,15,TEN,16775.0,17534.0
2017-11-16,16,TEN,16433.0,17201.0
2017-11-16,17,TEN,16346.0,17047.0
2017-11-16,18,TEN,15973.0,16775.0
2017-11-16,19,TEN,15829.0,16582.0
2017-11-16,20,TEN,15820.0,16590.0
2017-11-16,21,TEN,15576.0,16402.0
2017-11-16,22,TEN,15687.0,16492.0
2017-11-16,23,TEN,16350.0,17039.0
2017-11-17,0,TEN,17593.0,18281.0
2017-11-17,1,TEN,17960.0,18726.0
2017-11-17,2,TEN,17888.0,18662.0
2017-11-17,3,TEN,17853.0,18605.0
2017-11-17,4,TEN,17428.0,18184.0
2017-11-17,5,TEN,16722.0,17470.0
2017-11-17,6,TEN,16162.0,16882.0
2017-11-17,7,TEN,15956.0,16706.0
2017-11-17,8,TEN,16013.0,16764.0
2017-11-17,9,TEN,16224.0,16979.0
2017-11-17,10,TEN,16528.0,17276.0
2017-11-17,11,TEN,17329.0,17685.0
2017-11-17,12,TEN,18954.0,18797.0
2017-11-17,13,TEN,20229.0,19829.0
2017-11-17,14,TEN,20004.0,19739.0
2017-11-17,15,TEN,19146.0,19213.0
2017-11-17,16,TEN,18036.0,18723.0
2017-11-17,17,TEN,17396.0,18168.0
2017-11-17,18,TEN,16728.0,17568.0
2017-11-17,19,TEN,16247.0,16949.0
2017-11-17,20,TEN,15970.0,16728.0
2017-11-17,21,TEN,15762.0,16573.0
2017-11-17,22,TEN,15524.0,15900.0
2017-11-17,23,TEN,16256.0,16446.0
2017-11-18,0,TEN,17137.0,17346.0
2017-11-18,1,TEN,17054.0,17377.0
2017-11-18,2,TEN,16835.0,17175.0
2017-11-18,3,TEN,16528.0,16764.0
2017-11-18,4,TEN,15944.0,16022.0
2017-11-18,5,TEN,15099.0,15320.0
2017-11-18,6,TEN,14411.0,14519.0
2017-11-18,7,TEN,13857.0,13958.0
2017-11-18,8,TEN,13520.0,13753.0
2017-11-18,9,TEN,13358.0,13573.0
2017-11-18,10,TEN,13307.0,13518.0
2017-11-18,11,TEN,13491.0,13720.0
2017-11-18,12,TEN,13823.0,14165.0
2017-11-18,13,TEN,14399.0,14745.0
2017-11-18,14,TEN,14944.0,15242.0
2017-11-18,15,TEN,15551.0,15779.0
2017-11-18,16,TEN,15791.0,16079.0
2017-11-18,17,TEN,15856.0,16055.0
2017-11-18,18,TEN,15722.0,15932.0
2017-11-18,19,TEN,15532.0,15717.0
2017-11-18,20,TEN,15408.0,15596.0
2017-11-18,21,TEN,15436.0,15692.0
2017-11-18,22,TEN,15398.0,15607.0
2017-11-18,23,TEN,15780.0,16075.0
2017-11-19,0,TEN,16097.0,16329.0
2017-11-19,1,TEN,15947.0,16196.0
2017-11-19,2,TEN,15767.0,16008.0
2017-11-19,3,TEN,15547.0,15493.0
2017-11-19,4,TEN,15212.0,15119.0
2017-11-19,5,TEN,14669.0,14502.0
2017-11-19,6,TEN,14247.0,14032.0
2017-11-19,7,TEN,13887.0,13701.0
2017-11-19,8,TEN,13741.0,13889.0
2017-11-19,9,TEN,13895.0,14013.0
2017-11-19,10,TEN,14082.0,14249.0
2017-11-19,11,TEN,14488.0,14658.0
2017-11-19,12,TEN,15066.0,15079.0
2017-11-19,13,TEN,15890.0,15859.0
2017-11-19,14,TEN,16752.0,16776.0
2017-11-19,15,TEN,17269.0,17276.0
2017-11-19,16,TEN,17159.0,17171.0
2017-11-19,17,TEN,16605.0,16555.0
2017-11-19,18,TEN,16311.0,16263.0
2017-11-19,19,TEN,16030.0,16017.0
2017-11-19,20,TEN,15763.0,15763.0
2017-11-19,21,TEN,15619.0,15614.0
2017-11-19,22,TEN,15884.0,15836.0
2017-11-19,23,TEN,16966.0,16902.0
2017-11-20,0,TEN,18607.0,18536.0
2017-11-20,1,TEN,19082.0,19117.0
2017-11-20,2,TEN,19300.0,19209.0
2017-11-20,3,TEN,19267.0,19275.0
2017-11-20,4,TEN,18951.0,18545.0
2017-11-20,5,TEN,18436.0,17975.0
2017-11-20,6,TEN,18068.0,17965.0
2017-11-20,7,TEN,18071.0,17655.0
2017-11-20,8,TEN,18323.0,17920.0
2017-11-20,9,TEN,18681.0,18621.0
2017-11-20,10,TEN,19106.0,18750.0
2017-11-20,11,TEN,20122.0,19590.0
2017-11-20,12,TEN,21699.0,20540.0
2017-11-20,13,TEN,22998.0,21443.0
2017-11-20,14,TEN,22761.0,21411.0
2017-11-20,15,TEN,21541.0,20634.0
2017-11-20,16,TEN,20109.0,20030.0
2017-11-20,17,TEN,19115.0,19030.0
2017-11-20,18,TEN,18173.0,18052.0
2017-11-20,19,TEN,17599.0,17457.0
2017-11-20,20,TEN,16994.0,16885.0
2017-11-20,21,TEN,16799.0,16688.0
2017-11-20,22,TEN,16911.0,16857.0
2017-11-20,23,TEN,17800.0,17735.0
2017-11-21,0,TEN,19405.0,19184.0
2017-11-21,1,TEN,19741.0,19691.0
2017-11-21,2,TEN,19990.0,19948.0
2017-11-21,3,TEN,19856.0,19787.0
2017-11-21,4,TEN,19246.0,19316.0
2017-11-21,5,TEN,18338.0,18823.0
2017-11-21,6,TEN,17721.0,18172.0
2017-11-21,7,TEN,17570.0,17918.0
2017-11-21,8,TEN,17523.0,17909.0
2017-11-21,9,TEN,17545.0,17947.0
2017-11-21,10,TEN,17654.0,18070.0
2017-11-21,11,TEN,18397.0,19072.0
2017-11-21,12,TEN,19738.0,20373.0
2017-11-21,13,TEN,21006.0,21570.0
2017-11-21,14,TEN,20795.0,21470.0
2017-11-21,15,TEN,19705.0,20415.0
2017-11-21,16,TEN,18535.0,18925.0
2017-11-21,17,TEN,17767.0,18074.0
2017-11-21,18,TEN,17129.0,17737.0
2017-11-21,19,TEN,16740.0,17412.0
2017-11-21,20,TEN,16404.0,16966.0
2017-11-21,21,TEN,16257.0,16955.0
2017-11-21,22,TEN,16271.0,16861.0
2017-11-21,23,TEN,16921.0,17500.0
2017-11-22,0,TEN,18120.0,18696.0
2017-11-22,1,TEN,18274.0,18849.0
2017-11-22,2,TEN,18109.0,18735.0
2017-11-22,3,TEN,17859.0,18475.0
2017-11-22,4,TEN,17356.0,18028.0
2017-11-22,5,TEN,16497.0,17313.0
2017-11-22,6,TEN,15889.0,16549.0
2017-11-22,7,TEN,15455.0,15841.0
2017-11-22,8,TEN,15356.0,15751.0
2017-11-22,9,TEN,15607.0,15965.0
2017-11-22,10,TEN,15830.0,16227.0
2017-11-22,11,TEN,16523.0,17087.0
2017-11-22,12,TEN,17909.0,18227.0
2017-11-22,13,TEN,19074.0,19406.0
2017-11-22,14,TEN,19572.0,19936.0
2017-11-22,15,TEN,19450.0,19778.0
2017-11-22,16,TEN,18900.0,19305.0
2017-11-22,17,TEN,18477.0,18814.0
2017-11-22,18,TEN,17816.0,18230.0
2017-11-22,19,TEN,17481.0,17829.0
2017-11-22,20,TEN,17095.0,17493.0
2017-11-22,21,TEN,16848.0,17247.0
2017-11-22,22,TEN,16894.0,17318.0
2017-11-22,23,TEN,17757.0,18106.0
2017-11-23,0,TEN,19239.0,19455.0
2017-11-23,1,TEN,19514.0,19840.0
2017-11-23,2,TEN,19514.0,19888.0
2017-11-23,3,TEN,19504.0,19871.0
2017-11-23,4,TEN,19224.0,19694.0
2017-11-23,5,TEN,18578.0,18998.0
2017-11-23,6,TEN,18074.0,18464.0
2017-11-23,7,TEN,17699.0,18233.0
2017-11-23,8,TEN,17618.0,18045.0
2017-11-23,9,TEN,17817.0,18073.0
2017-11-23,10,TEN,18185.0,18369.0
2017-11-23,11,TEN,18627.0,18993.0
2017-11-23,12,TEN,19308.0,19592.0
2017-11-23,13,TEN,19949.0,20017.0
2017-11-23,14,TEN,20430.0,20719.0
2017-11-23,15,TEN,19927.0,20230.0
2017-11-23,16,TEN,19075.0,19343.0
2017-11-23,17,TEN,18252.0,18580.0
2017-11-23,18,TEN,16967.0,17377.0
2017-11-23,19,TEN,15663.0,16375.0
2017-11-23,20,TEN,14694.0,15435.0
2017-11-23,21,TEN,14081.0,14839.0
2017-11-23,22,TEN,13897.0,14673.0
2017-11-23,23,TEN,14378.0,15073.0
2017-11-24,0,TEN,15407.0,16056.0
2017-11-24,1,TEN,15771.0,16503.0
2017-11-24,2,TEN,16154.0,16867.0
2017-11-24,3,TEN,16365.0,17045.0
2017-11-24,4,TEN,16433.0,16928.0
2017-11-24,5,TEN,16311.0,16757.0
2017-11-24,6,TEN,16160.0,16628.0
2017-11-24,7,TEN,16115.0,16469.0
2017-11-24,8,TEN,16260.0,16591.0
2017-11-24,9,TEN,16588.0,16924.0
2017-11-24,10,TEN,16977.0,17330.0
2017-11-24,11,TEN,17417.0,17704.0
2017-11-24,12,TEN,18181.0,18398.0
2017-11-24,13,TEN,18872.0,19079.0
2017-11-24,14,TEN,18822.0,19146.0
2017-11-24,15,TEN,17994.0,18455.0
2017-11-24,16,TEN,16855.0,17542.0
2017-11-24,17,TEN,16072.0,16719.0
2017-11-24,18,TEN,15322.0,15971.0
2017-11-24,19,TEN,14708.0,15376.0
2017-11-24,20,TEN,14292.0,14914.0
2017-11-24,21,TEN,13994.0,14706.0
2017-11-24,22,TEN,14137.0,14815.0
2017-11-24,23,TEN,14675.0,15372.0
2017-11-25,0,TEN,15850.0,16439.0
2017-11-25,1,TEN,15925.0,16586.0
2017-11-25,2,TEN,16036.0,16681.0
2017-11-25,3,TEN,15928.0,16594.0
2017-11-25,4,TEN,15611.0,16329.0
2017-11-25,5,TEN,15108.0,15793.0
2017-11-25,6,TEN,14613.0,15299.0
2017-11-25,7,TEN,14301.0,14960.0
2017-11-25,8,TEN,14124.0,14792.0
2017-11-25,9,TEN,14067.0,14623.0
2017-11-25,10,TEN,14196.0,14765.0
2017-11-25,11,TEN,14410.0,15107.0
2017-11-25,12,TEN,14808.0,15363.0
2017-11-25,13,TEN,15288.0,15769.0
2017-11-25,14,TEN,15666.0,16369.0
2017-11-25,15,TEN,15881.0,16617.0
2017-11-25,16,TEN,15720.0,16550.0
2017-11-25,17,TEN,15352.0,16086.0
2017-11-25,18,TEN,14911.0,15491.0
2017-11-25,19,TEN,14328.0,14697.0
2017-11-25,20,TEN,14021.0,14446.0
2017-11-25,21,TEN,13814.0,14182.0
2017-11-25,22,TEN,13903.0,14254.0
2017-11-25,23,TEN,14498.0,14886.0
2017-11-26,0,TEN,15546.0,15921.0
2017-11-26,1,TEN,15752.0,16365.0
2017-11-26,2,TEN,15787.0,16481.0
2017-11-26,3,TEN,15750.0,16412.0
2017-11-26,4,TEN,15539.0,16123.0
2017-11-26,5,TEN,14962.0,15682.0
2017-11-26,6,TEN,14579.0,15261.0
2017-11-26,7,TEN,14392.0,15193.0
2017-11-26,8,TEN,14441.0,15213.0
2017-11-26,9,TEN,14598.0,15314.0
2017-11-26,10,TEN,14842.0,15465.0
2017-11-26,11,TEN,15339.0,15778.0
2017-11-26,12,TEN,16001.0,16599.0
2017-11-26,13,TEN,16767.0,17248.0
2017-11-26,14,TEN,17351.0,17738.0
2017-11-26,15,TEN,16954.0,17392.0
2017-11-26,16,TEN,15948.0,16458.0
2017-11-26,17,TEN,15189.0,15843.0
2017-11-26,18,TEN,14767.0,15460.0
2017-11-26,19,TEN,14389.0,15085.0
2017-11-26,20,TEN,14180.0,14859.0
2017-11-26,21,TEN,14107.0,14795.0
2017-11-26,22,TEN,14378.0,15090.0
2017-11-26,23,TEN,15263.0,16021.0
2017-11-27,0,TEN,16876.0,17361.0
2017-11-27,1,TEN,17169.0,17928.0
2017-11-27,2,TEN,17453.0,18112.0
2017-11-27,3,TEN,17393.0,18112.0
2017-11-27,4,TEN,16983.0,17673.0
2017-11-27,5,TEN,16463.0,16914.0
2017-11-27,6,TEN,16270.0,16415.0
2017-11-27,7,TEN,16226.0,16188.0
2017-11-27,8,TEN,16506.0,16526.0
2017-11-27,9,TEN,16923.0,17035.0
2017-11-27,10,TEN,17398.0,17494.0
2017-11-27,11,TEN,18449.0,18484.0
2017-11-27,12,TEN,20160.0,20078.0
2017-11-27,13,TEN,21797.0,21214.0
2017-11-27,14,TEN,21561.0,20928.0
2017-11-27,15,TEN,20096.0,19870.0
2017-11-27,16,TEN,18678.0,19025.0
2017-11-27,17,TEN,17819.0,18297.0
2017-11-27,18,TEN,17232.0,17830.0
2017-11-27,19,TEN,16748.0,17249.0
2017-11-27,20,TEN,16530.0,17013.0
2017-11-27,21,TEN,16264.0,16875.0
2017-11-27,22,TEN,16332.0,16938.0
2017-11-27,23,TEN,17183.0,17799.0
2017-11-28,0,TEN,18541.0,19111.0
2017-11-28,1,TEN,18837.0,19510.0
2017-11-28,2,TEN,18752.0,19372.0
2017-11-28,3,TEN,18656.0,19177.0
2017-11-28,4,TEN,18042.0,18564.0
2017-11-28,5,TEN,17244.0,17850.0
2017-11-28,6,TEN,16795.0,17248.0
2017-11-28,7,TEN,16677.0,17001.0
2017-11-28,8,TEN,16678.0,16963.0
2017-11-28,9,TEN,16756.0,17092.0
2017-11-28,10,TEN,17262.0,17439.0
2017-11-28,11,TEN,17932.0,18162.0
2017-11-28,12,TEN,19655.0,19650.0
2017-11-28,13,TEN,21149.0,20859.0
2017-11-28,14,TEN,20760.0,20697.0
2017-11-28,15,TEN,19441.0,19522.0
2017-11-28,16,TEN,18219.0,18146.0
2017-11-28,17,TEN,17368.0,17315.0
2017-11-28,18,TEN,16822.0,16672.0
2017-11-28,19,TEN,16447.0,16365.0
2017-11-28,20,TEN,16222.0,16309.0
2017-11-28,21,TEN,15954.0,16083.0
2017-11-28,22,TEN,16093.0,15983.0
2017-11-28,23,TEN,16811.0,17045.0
2017-11-29,0,TEN,18183.0,18295.0
2017-11-29,1,TEN,18450.0,18596.0
2017-11-29,2,TEN,18421.0,18597.0
2017-11-29,3,TEN,18189.0,18433.0
2017-11-29,4,TEN,17593.0,18023.0
2017-11-29,5,TEN,16732.0,16880.0
2017-11-29,6,TEN,16211.0,16343.0
2017-11-29,7,TEN,15892.0,16078.0
2017-11-29,8,TEN,15851.0,16044.0
2017-11-29,9,TEN,15983.0,16126.0
2017-11-29,10,TEN,16348.0,16288.0
2017-11-29,11,TEN,17047.0,17454.0
2017-11-29,12,TEN,18729.0,19472.0
2017-11-29,13,TEN,20161.0,20656.0
2017-11-29,14,TEN,19860.0,20385.0
2017-11-29,15,TEN,18606.0,19392.0
2017-11-29,16,TEN,17488.0,18263.0
2017-11-29,17,TEN,16868.0,17660.0
2017-11-29,18,TEN,16296.0,17103.0
2017-11-29,19,TEN,16017.0,16565.0
2017-11-29,20,TEN,15876.0,16604.0
2017-11-29,21,TEN,15763.0,16500.0
2017-11-29,22,TEN,15887.0,16635.0
2017-11-29,23,TEN,16633.0,17369.0
2017-11-30,0,TEN,17780.0,18479.0
2017-11-30,1,TEN,17769.0,18548.0
2017-11-30,2,TEN,17542.0,18396.0
2017-11-30,3,TEN,17365.0,17566.0
2017-11-30,4,TEN,16639.0,16922.0
2017-11-30,5,TEN,15557.0,15831.0
2017-11-30,6,TEN,14813.0,15525.0
2017-11-30,7,TEN,14463.0,15067.0
2017-11-30,8,TEN,14349.0,14920.0
2017-11-30,9,TEN,14266.0,14927.0
2017-11-30,10,TEN,14470.0,15078.0
2017-11-30,11,TEN,14961.0,15566.0
2017-11-30,12,TEN,16346.0,16845.0
2017-11-30,13,TEN,17819.0,18128.0
2017-11-30,14,TEN,17788.0,18078.0
2017-11-30,15,TEN,17502.0,17797.0
2017-11-30,16,TEN,17152.0,17582.0
2017-11-30,17,TEN,17058.0,17347.0
2017-11-30,18,TEN,16787.0,16718.0
2017-11-30,19,TEN,16637.0,16305.0
2017-11-30,20,TEN,16547.0,16249.0
2017-11-30,21,TEN,16474.0,16248.0
2017-11-30,22,TEN,16517.0,16424.0
2017-11-30,23,TEN,17126.0,17108.0
2017-12-01,0,TEN,17840.0,17966.0
2017-12-01,1,TEN,17826.0,18109.0
2017-12-01,2,TEN,17738.0,18144.0
2017-12-01,3,TEN,17286.0,17824.0
2017-12-01,4,TEN,16573.0,17293.0
2017-12-01,5,TEN,15373.0,16075.0
2017-12-01,6,TEN,14656.0,15170.0
2017-12-01,7,TEN,14231.0,14579.0
2017-12-01,8,TEN,14063.0,14419.0
2017-12-01,9,TEN,14134.0,14495.0
2017-12-01,10,TEN,14364.0,14749.0
2017-12-01,11,TEN,14893.0,15272.0
2017-12-01,12,TEN,16286.0,16668.0
2017-12-01,13,TEN,17866.0,18192.0
2017-12-01,14,TEN,18041.0,18445.0
2017-12-01,15,TEN,17600.0,18076.0
2017-12-01,16,TEN,17106.0,17540.0
2017-12-01,17,TEN,16646.0,17158.0
2017-12-01,18,TEN,16246.0,16727.0
2017-12-01,19,TEN,15997.0,16722.0
2017-12-01,20,TEN,15823.0,16499.0
2017-12-01,21,TEN,15674.0,16466.0
2017-12-01,22,TEN,15635.0,16354.0
2017-12-01,23,TEN,16414.0,16763.0
2017-12-02,0,TEN,17328.0,17713.0
2017-12-02,1,TEN,17365.0,17804.0
2017-12-02,2,TEN,17263.0,17695.0
2017-12-02,3,TEN,17156.0,17555.0
2017-12-02,4,TEN,16689.0,17159.0
2017-12-02,5,TEN,15957.0,16604.0
2017-12-02,6,TEN,15302.0,15846.0
2017-12-02,7,TEN,14864.0,15314.0
2017-12-02,8,TEN,14492.0,15056.0
2017-12-02,9,TEN,14314.0,14848.0
2017-12-02,10,TEN,14280.0,14846.0
2017-12-02,11,TEN,14572.0,15055.0
2017-12-02,12,TEN,15087.0,15591.0
2017-12-02,13,TEN,15726.0,16246.0
2017-12-02,14,TEN,16251.0,16753.0
2017-12-02,15,TEN,16574.0,17029.0
2017-12-02,16,TEN,16338.0,16450.0
2017-12-02,17,TEN,15874.0,15945.0
2017-12-02,18,TEN,15269.0,15308.0
2017-12-02,19,TEN,14908.0,14945.0
2017-12-02,20,TEN,14694.0,14872.0
2017-12-02,21,TEN,14654.0,15089.0
2017-12-02,22,TEN,14663.0,15083.0
2017-12-02,23,TEN,15360.0,15768.0
2017-12-03,0,TEN,16280.0,16759.0
2017-12-03,1,TEN,16343.0,16885.0
2017-12-03,2,TEN,16262.0,16767.0
2017-12-03,3,TEN,16225.0,16683.0
2017-12-03,4,TEN,15869.0,16333.0
2017-12-03,5,TEN,15232.0,15820.0
2017-12-03,6,TEN,14677.0,15142.0
2017-12-03,7,TEN,14413.0,14950.0
2017-12-03,8,TEN,14286.0,14806.0
2017-12-03,9,TEN,14373.0,14925.0
2017-12-03,10,TEN,14568.0,15048.0
2017-12-03,11,TEN,14959.0,15460.0
2017-12-03,12,TEN,15583.0,16092.0
2017-12-03,13,TEN,16253.0,16791.0
2017-12-03,14,TEN,16957.0,17550.0
2017-12-03,15,TEN,16982.0,17103.0
2017-12-03,16,TEN,16114.0,16292.0
2017-12-03,17,TEN,15362.0,15708.0
2017-12-03,18,TEN,14900.0,15422.0
2017-12-03,19,TEN,14709.0,15188.0
2017-12-03,20,TEN,14470.0,15031.0
2017-12-03,21,TEN,14474.0,14948.0
2017-12-03,22,TEN,14626.0,15212.0
2017-12-03,23,TEN,15414.0,16016.0
2017-12-04,0,TEN,16782.0,17263.0
2017-12-04,1,TEN,16999.0,17560.0
2017-12-04,2,TEN,17050.0,17618.0
2017-12-04,3,TEN,16765.0,17403.0
2017-12-04,4,TEN,16237.0,16825.0
2017-12-04,5,TEN,15411.0,16056.0
2017-12-04,6,TEN,14871.0,15460.0
2017-12-04,7,TEN,14510.0,15017.0
2017-12-04,8,TEN,14485.0,14884.0
2017-12-04,9,TEN,14608.0,15034.0
2017-12-04,10,TEN,14970.0,15414.0
2017-12-04,11,TEN,15521.0,16045.0
2017-12-04,12,TEN,17111.0,17574.0
2017-12-04,13,TEN,18562.0,19061.0
2017-12-04,14,TEN,18376.0,18982.0
2017-12-04,15,TEN,17637.0,18328.0
2017-12-04,16,TEN,17039.0,17598.0
2017-12-04,17,TEN,16635.0,17141.0
2017-12-04,18,TEN,16382.0,16894.0
2017-12-04,19,TEN,16181.0,16776.0
2017-12-04,20,TEN,15866.0,16438.0
2017-12-04,21,TEN,15738.0,16292.0
2017-12-04,22,TEN,15838.0,16438.0
2017-12-04,23,TEN,16803.0,17258.0
2017-12-05,0,TEN,17880.0,18472.0
2017-12-05,1,TEN,17876.0,18422.0
2017-12-05,2,TEN,17823.0,18374.0
2017-12-05,3,TEN,17390.0,18054.0
2017-12-05,4,TEN,16504.0,17324.0
2017-12-05,5,TEN,15231.0,15826.0
2017-12-05,6,TEN,14525.0,15012.0
2017-12-05,7,TEN,13834.0,14358.0
2017-12-05,8,TEN,13459.0,13968.0
2017-12-05,9,TEN,13297.0,13858.0
2017-12-05,10,TEN,13315.0,13895.0
2017-12-05,11,TEN,13718.0,14333.0
2017-12-05,12,TEN,14978.0,15419.0
2017-12-05,13,TEN,16490.0,16897.0
2017-12-05,14,TEN,16580.0,17219.0
2017-12-05,15,TEN,16609.0,17432.0
2017-12-05,16,TEN,16837.0,17660.0
2017-12-05,17,TEN,17098.0,17859.0
2017-12-05,18,TEN,17211.0,17912.0
2017-12-05,19,TEN,17301.0,17915.0
2017-12-05,20,TEN,17321.0,18081.0
2017-12-05,21,TEN,17326.0,17919.0
2017-12-05,22,TEN,17579.0,18176.0
2017-12-05,23,TEN,18581.0,19079.0
2017-12-06,0,TEN,19407.0,19907.0
2017-12-06,1,TEN,19375.0,19998.0
2017-12-06,2,TEN,19431.0,20075.0
2017-12-06,3,TEN,19196.0,19929.0
2017-12-06,4,TEN,18576.0,19242.0
2017-12-06,5,TEN,17663.0,18218.0
2017-12-06,6,TEN,17051.0,17509.0
2017-12-06,7,TEN,16824.0,17207.0
2017-12-06,8,TEN,16673.0,17092.0
2017-12-06,9,TEN,16648.0,17100.0
2017-12-06,10,TEN,16978.0,17416.0
2017-12-06,11,TEN,17717.0,18226.0
2017-12-06,12,TEN,19360.0,19785.0
2017-12-06,13,TEN,20952.0,21494.0
2017-12-06,14,TEN,20941.0,21513.0
2017-12-06,15,TEN,20621.0,21139.0
2017-12-06,16,TEN,20258.0,20755.0
2017-12-06,17,TEN,19978.0,20389.0
2017-12-06,18,TEN,19472.0,20016.0
2017-12-06,19,TEN,19017.0,19163.0
2017-12-06,20,TEN,18689.0,18806.0
2017-12-06,21,TEN,18503.0,18989.0
2017-12-06,22,TEN,18785.0,19246.0
2017-12-06,23,TEN,19978.0,20451.0
2017-12-07,0,TEN,21067.0,21518.0
2017-12-07,1,TEN,21214.0,21711.0
2017-12-07,2,TEN,21009.0,21599.0
2017-12-07,3,TEN,20597.0,21193.0
2017-12-07,4,TEN,19917.0,20583.0
2017-12-07,5,TEN,18945.0,19409.0
2017-12-07,6,TEN,18099.0,18490.0
2017-12-07,7,TEN,17724.0,18090.0
2017-12-07,8,TEN,17505.0,17912.0
2017-12-07,9,TEN,17574.0,17906.0
2017-12-07,10,TEN,17984.0,18394.0
2017-12-07,11,TEN,18597.0,19047.0
2017-12-07,12,TEN,20099.0,20533.0
2017-12-07,13,TEN,21610.0,21902.0
2017-12-07,14,TEN,21501.0,21888.0
2017-12-07,15,TEN,21082.0,21404.0
2017-12-07,16,TEN,20295.0,20651.0
2017-12-07,17,TEN,19605.0,19970.0
2017-12-07,18,TEN,19136.0,19469.0
2017-12-07,19,TEN,18871.0,19251.0
2017-12-07,20,TEN,18636.0,19071.0
2017-12-07,21,TEN,18646.0,19205.0
2017-12-07,22,TEN,19120.0,19697.0
2017-12-07,23,TEN,20307.0,20963.0
2017-12-08,0,TEN,21469.0,22068.0
2017-12-08,1,TEN,21811.0,22464.0
2017-12-08,2,TEN,21900.0,22498.0
2017-12-08,3,TEN,21647.0,22236.0
2017-12-08,4,TEN,20930.0,21533.0
2017-12-08,5,TEN,19888.0,20304.0
2017-12-08,6,TEN,19187.0,19537.0
2017-12-08,7,TEN,18811.0,19194.0
2017-12-08,8,TEN,18878.0,19058.0
2017-12-08,9,TEN,18839.0,18979.0
2017-12-08,10,TEN,19043.0,19180.0
2017-12-08,11,TEN,19775.0,20095.0
2017-12-08,12,TEN,21230.0,21583.0
2017-12-08,13,TEN,22715.0,22884.0
2017-12-08,14,TEN,22858.0,23427.0
2017-12-08,15,TEN,22826.0,23233.0
2017-12-08,16,TEN,22707.0,23228.0
2017-12-08,17,TEN,22433.0,23036.0
2017-12-08,18,TEN,21919.0,22621.0
2017-12-08,19,TEN,21628.0,21857.0
2017-12-08,20,TEN,21379.0,21546.0
2017-12-08,21,TEN,21229.0,21229.0
2017-12-08,22,TEN,21497.0,21447.0
2017-12-08,23,TEN,22418.0,22397.0
2017-12-09,0,TEN,23083.0,23229.0
2017-12-09,1,TEN,23003.0,23170.0
2017-12-09,2,TEN,22756.0,23070.0
2017-12-09,3,TEN,22455.0,22758.0
2017-12-09,4,TEN,21955.0,22240.0
2017-12-09,5,TEN,21115.0,21442.0
2017-12-09,6,TEN,20406.0,20574.0
2017-12-09,7,TEN,20065.0,20251.0
2017-12-09,8,TEN,19953.0,20148.0
2017-12-09,9,TEN,19954.0,20210.0
2017-12-09,10,TEN,20347.0,20506.0
2017-12-09,11,TEN,20882.0,21062.0
2017-12-09,12,TEN,21510.0,21689.0
2017-12-09,13,TEN,22294.0,22504.0
2017-12-09,14,TEN,22759.0,22925.0
2017-12-09,15,TEN,22508.0,22716.0
2017-12-09,16,TEN,21848.0,22058.0
2017-12-09,17,TEN,21119.0,21531.0
2017-12-09,18,TEN,20370.0,20994.0
2017-12-09,19,TEN,19865.0,20506.0
2017-12-09,20,TEN,19457.0,20297.0
2017-12-09,21,TEN,19573.0,20340.0
2017-12-09,22,TEN,19854.0,20724.0
2017-12-09,23,TEN,20798.0,21680.0
2017-12-10,0,TEN,21690.0,22389.0
2017-12-10,1,TEN,21728.0,22467.0
2017-12-10,2,TEN,21662.0,22437.0
2017-12-10,3,TEN,21591.0,22308.0
2017-12-10,4,TEN,21187.0,21933.0
2017-12-10,5,TEN,20513.0,21184.0
2017-12-10,6,TEN,19920.0,20249.0
2017-12-10,7,TEN,19913.0,20044.0
2017-12-10,8,TEN,19858.0,20048.0
2017-12-10,9,TEN,20133.0,20312.0
2017-12-10,10,TEN,20449.0,20641.0
2017-12-10,11,TEN,20888.0,21076.0
2017-12-10,12,TEN,21583.0,21804.0
2017-12-10,13,TEN,22431.0,22720.0
2017-12-10,14,TEN,22902.0,23306.0
2017-12-10,15,TEN,22381.0,22960.0
2017-12-10,16,TEN,21008.0,21588.0
2017-12-10,17,TEN,19679.0,20230.0
2017-12-10,18,TEN,18739.0,19546.0
2017-12-10,19,TEN,18076.0,18884.0
2017-12-10,20,TEN,17601.0,18449.0
2017-12-10,21,TEN,17320.0,18184.0
2017-12-10,22,TEN,17658.0,18535.0
2017-12-10,23,TEN,18817.0,19660.0
2017-12-11,0,TEN,20350.0,21241.0
2017-12-11,1,TEN,20773.0,21504.0
2017-12-11,2,TEN,20751.0,21451.0
2017-12-11,3,TEN,20476.0,21105.0
2017-12-11,4,TEN,20136.0,20778.0
2017-12-11,5,TEN,19296.0,19933.0
2017-12-11,6,TEN,18727.0,19488.0
2017-12-11,7,TEN,18478.0,19306.0
2017-12-11,8,TEN,18525.0,19362.0
2017-12-11,9,TEN,18717.0,19558.0
2017-12-11,10,TEN,19198.0,20041.0
2017-12-11,11,TEN,20078.0,20624.0
2017-12-11,12,TEN,21894.0,22130.0
2017-12-11,13,TEN,23486.0,23586.0
2017-12-11,14,TEN,23311.0,23540.0
2017-12-11,15,TEN,21921.0,22314.0
2017-12-11,16,TEN,20462.0,20905.0
2017-12-11,17,TEN,19424.0,19798.0
2017-12-11,18,TEN,18585.0,19207.0
2017-12-11,19,TEN,17970.0,18820.0
2017-12-11,20,TEN,17420.0,18353.0
2017-12-11,21,TEN,17035.0,17907.0
2017-12-11,22,TEN,17140.0,18046.0
2017-12-11,23,TEN,18152.0,19074.0
2017-12-12,0,TEN,19555.0,20419.0
2017-12-12,1,TEN,19873.0,20815.0
2017-12-12,2,TEN,19802.0,20740.0
2017-12-12,3,TEN,19520.0,20441.0
2017-12-12,4,TEN,18731.0,19637.0
2017-12-12,5,TEN,17617.0,18477.0
2017-12-12,6,TEN,16890.0,17740.0
2017-12-12,7,TEN,16461.0,17335.0
2017-12-12,8,TEN,16235.0,17142.0
2017-12-12,9,TEN,16237.0,17221.0
2017-12-12,10,TEN,16368.0,17360.0
2017-12-12,11,TEN,16875.0,17805.0
2017-12-12,12,TEN,18314.0,19271.0
2017-12-12,13,TEN,19954.0,20770.0
2017-12-12,14,TEN,20117.0,20894.0
2017-12-12,15,TEN,20099.0,20673.0
2017-12-12,16,TEN,20093.0,20686.0
2017-12-12,17,TEN,20068.0,20576.0
2017-12-12,18,TEN,19699.0,20286.0
2017-12-12,19,TEN,19367.0,20017.0
2017-12-12,20,TEN,19119.0,19717.0
2017-12-12,21,TEN,19022.0,19429.0
2017-12-12,22,TEN,19463.0,19822.0
2017-12-12,23,TEN,20701.0,21202.0
2017-12-13,0,TEN,22339.0,22437.0
2017-12-13,1,TEN,22932.0,22844.0
2017-12-13,2,TEN,23071.0,22947.0
2017-12-13,3,TEN,22875.0,23002.0
2017-12-13,4,TEN,22352.0,22577.0
2017-12-13,5,TEN,21420.0,21644.0
2017-12-13,6,TEN,21507.0,21111.0
2017-12-13,7,TEN,20807.0,20562.0
2017-12-13,8,TEN,20949.0,20623.0
2017-12-13,9,TEN,21143.0,20593.0
2017-12-13,10,TEN,21618.0,20945.0
2017-12-13,11,TEN,22420.0,21720.0
2017-12-13,12,TEN,23936.0,23294.0
2017-12-13,13,TEN,25405.0,24498.0
2017-12-13,14,TEN,25111.0,24320.0
2017-12-13,15,TEN,23777.0,23421.0
2017-12-13,16,TEN,22436.0,22578.0
2017-12-13,17,TEN,21391.0,21911.0
2017-12-13,18,TEN,20365.0,20476.0
2017-12-13,19,TEN,19662.0,19766.0
2017-12-13,20,TEN,19291.0,19426.0
2017-12-13,21,TEN,18980.0,19123.0
2017-12-13,22,TEN,19160.0,19398.0
2017-12-13,23,TEN,20321.0,20543.0
2017-12-14,0,TEN,21738.0,21908.0
2017-12-14,1,TEN,21845.0,22033.0
2017-12-14,2,TEN,21659.0,21488.0
2017-12-14,3,TEN,21327.0,21453.0
2017-12-14,4,TEN,20501.0,20738.0
2017-12-14,5,TEN,19327.0,19896.0
2017-12-14,6,TEN,18313.0,18954.0
2017-12-14,7,TEN,17842.0,18156.0
2017-12-14,8,TEN,17766.0,18259.0
2017-12-14,9,TEN,17751.0,18068.0
2017-12-14,10,TEN,18162.0,18682.0
2017-12-14,11,TEN,18946.0,19592.0
2017-12-14,12,TEN,20422.0,21088.0
2017-12-14,13,TEN,22141.0,22842.0
2017-12-14,14,TEN,22113.0,22809.0
2017-12-14,15,TEN,21286.0,21967.0
2017-12-14,16,TEN,20438.0,21082.0
2017-12-14,17,TEN,19774.0,20457.0
2017-12-14,18,TEN,19139.0,19814.0
2017-12-14,19,TEN,18717.0,19279.0
2017-12-14,20,TEN,18587.0,19053.0
2017-12-14,21,TEN,18526.0,18982.0
2017-12-14,22,TEN,18664.0,19156.0
2017-12-14,23,TEN,19822.0,19913.0
2017-12-15,0,TEN,21206.0,21331.0
2017-12-15,1,TEN,21571.0,21763.0
2017-12-15,2,TEN,21852.0,22220.0
2017-12-15,3,TEN,21807.0,22585.0
2017-12-15,4,TEN,21343.0,22128.0
2017-12-15,5,TEN,20478.0,21153.0
2017-12-15,6,TEN,19856.0,20566.0
2017-12-15,7,TEN,19584.0,20207.0
2017-12-15,8,TEN,19573.0,20062.0
2017-12-15,9,TEN,19508.0,20080.0
2017-12-15,10,TEN,19767.0,20341.0
2017-12-15,11,TEN,20551.0,21184.0
2017-12-15,12,TEN,22025.0,22384.0
2017-12-15,13,TEN,23543.0,23215.0
2017-12-15,14,TEN,23556.0,23826.0
2017-12-15,15,TEN,23252.0,23509.0
2017-12-15,16,TEN,22877.0,23406.0
2017-12-15,17,TEN,22472.0,23066.0
2017-12-15,18,TEN,21870.0,22311.0
2017-12-15,19,TEN,21123.0,21478.0
2017-12-15,20,TEN,20688.0,21165.0
2017-12-15,21,TEN,20175.0,20696.0
2017-12-15,22,TEN,20328.0,20731.0
2017-12-15,23,TEN,21380.0,21918.0
2017-12-16,0,TEN,22718.0,23318.0
2017-12-16,1,TEN,22914.0,23620.0
2017-12-16,2,TEN,22996.0,23700.0
2017-12-16,3,TEN,22976.0,23641.0
2017-12-16,4,TEN,22564.0,23090.0
2017-12-16,5,TEN,21921.0,22257.0
2017-12-16,6,TEN,21290.0,21351.0
2017-12-16,7,TEN,20836.0,20923.0
2017-12-16,8,TEN,20780.0,20514.0
2017-12-16,9,TEN,20926.0,20591.0
2017-12-16,10,TEN,21249.0,20853.0
2017-12-16,11,TEN,21688.0,21392.0
2017-12-16,12,TEN,22342.0,22524.0
2017-12-16,13,TEN,23123.0,23230.0
2017-12-16,14,TEN,23543.0,23572.0
2017-12-16,15,TEN,23006.0,23083.0
2017-12-16,16,TEN,21599.0,21612.0
2017-12-16,17,TEN,20224.0,20221.0
2017-12-16,18,TEN,18938.0,19410.0
2017-12-16,19,TEN,17968.0,18448.0
2017-12-16,20,TEN,17386.0,17895.0
2017-12-16,21,TEN,17192.0,17716.0
2017-12-16,22,TEN,17462.0,17993.0
2017-12-16,23,TEN,18638.0,19074.0
2017-12-17,0,TEN,19826.0,20343.0
2017-12-17,1,TEN,19943.0,20554.0
2017-12-17,2,TEN,19997.0,20557.0
2017-12-17,3,TEN,20054.0,20613.0
2017-12-17,4,TEN,19549.0,20098.0
2017-12-17,5,TEN,18989.0,19518.0
2017-12-17,6,TEN,18389.0,19185.0
2017-12-17,7,TEN,17951.0,18709.0
2017-12-17,8,TEN,17616.0,18338.0
2017-12-17,9,TEN,17406.0,18136.0
2017-12-17,10,TEN,17520.0,18223.0
2017-12-17,11,TEN,17632.0,18405.0
2017-12-17,12,TEN,17994.0,18644.0
2017-12-17,13,TEN,18549.0,19249.0
2017-12-17,14,TEN,19205.0,19906.0
2017-12-17,15,TEN,19692.0,20459.0
2017-12-17,16,TEN,19458.0,20158.0
2017-12-17,17,TEN,19041.0,19725.0
2017-12-17,18,TEN,18646.0,19331.0
2017-12-17,19,TEN,18470.0,19130.0
2017-12-17,20,TEN,18157.0,18876.0
2017-12-17,21,TEN,17979.0,18629.0
2017-12-17,22,TEN,18119.0,18750.0
2017-12-17,23,TEN,18924.0,19593.0
2017-12-18,0,TEN,19466.0,20285.0
2017-12-18,1,TEN,19487.0,20213.0
2017-12-18,2,TEN,19215.0,20002.0
2017-12-18,3,TEN,18764.0,19497.0
2017-12-18,4,TEN,17970.0,18696.0
2017-12-18,5,TEN,16947.0,17658.0
2017-12-18,6,TEN,16122.0,16785.0
2017-12-18,7,TEN,15679.0,16419.0
2017-12-18,8,TEN,15447.0,16211.0
2017-12-18,9,TEN,15367.0,16110.0
2017-12-18,10,TEN,15586.0,16331.0
2017-12-18,11,TEN,16085.0,16851.0
2017-12-18,12,TEN,17350.0,18094.0
2017-12-18,13,TEN,18686.0,19493.0
2017-12-18,14,TEN,18954.0,19692.0
2017-12-18,15,TEN,19012.0,19716.0
2017-12-18,16,TEN,18959.0,19666.0
2017-12-18,17,TEN,18894.0,19637.0
2017-12-18,18,TEN,18528.0,19268.0
2017-12-18,19,TEN,18345.0,19258.0
2017-12-18,20,TEN,17957.0,19112.0
2017-12-18,21,TEN,17630.0,18891.0
2017-12-18,22,TEN,17664.0,18662.0
2017-12-18,23,TEN,18393.0,19415.0
2017-12-19,0,TEN,19471.0,20509.0
2017-12-19,1,TEN,19578.0,20596.0
2017-12-19,2,TEN,19568.0,20617.0
2017-12-19,3,TEN,19300.0,20303.0
2017-12-19,4,TEN,18700.0,19622.0
2017-12-19,5,TEN,17634.0,18598.0
2017-12-19,6,TEN,16823.0,17776.0
2017-12-19,7,TEN,16242.0,17233.0
2017-12-19,8,TEN,15932.0,16933.0
2017-12-19,9,TEN,15751.0,16751.0
2017-12-19,10,TEN,15846.0,16806.0
2017-12-19,11,TEN,16262.0,17273.0
2017-12-19,12,TEN,17413.0,18461.0
2017-12-19,13,TEN,18534.0,19527.0
2017-12-19,14,TEN,18675.0,19637.0
2017-12-19,15,TEN,18614.0,19603.0
2017-12-19,16,TEN,18287.0,19280.0
2017-12-19,17,TEN,17955.0,18892.0
2017-12-19,18,TEN,17734.0,18566.0
2017-12-19,19,TEN,17585.0,18463.0
2017-12-19,20,TEN,17428.0,18334.0
2017-12-19,21,TEN,17305.0,18277.0
2017-12-19,22,TEN,17691.0,18462.0
2017-12-19,23,TEN,18481.0,19365.0
2017-12-20,0,TEN,18895.0,19703.0
2017-12-20,1,TEN,18861.0,19706.0
2017-12-20,2,TEN,18594.0,19470.0
2017-12-20,3,TEN,18061.0,18864.0
2017-12-20,4,TEN,17322.0,18105.0
2017-12-20,5,TEN,16147.0,17116.0
2017-12-20,6,TEN,15239.0,16171.0
2017-12-20,7,TEN,14707.0,15467.0
2017-12-20,8,TEN,14229.0,15027.0
2017-12-20,9,TEN,13931.0,14719.0
2017-12-20,10,TEN,13889.0,14698.0
2017-12-20,11,TEN,14358.0,15133.0
2017-12-20,12,TEN,15363.0,16108.0
2017-12-20,13,TEN,16648.0,17419.0
2017-12-20,14,TEN,17009.0,17774.0
2017-12-20,15,TEN,17216.0,17974.0
2017-12-20,16,TEN,17320.0,18103.0
2017-12-20,17,TEN,17412.0,18163.0
2017-12-20,18,TEN,17184.0,17979.0
2017-12-20,19,TEN,17124.0,17862.0
2017-12-20,20,TEN,17102.0,17806.0
2017-12-20,21,TEN,16998.0,17739.0
2017-12-20,22,TEN,17042.0,17821.0
2017-12-20,23,TEN,17836.0,18617.0
2017-12-21,0,TEN,18696.0,19416.0
2017-12-21,1,TEN,18535.0,19310.0
2017-12-21,2,TEN,18240.0,19082.0
2017-12-21,3,TEN,17797.0,18595.0
2017-12-21,4,TEN,17183.0,17941.0
2017-12-21,5,TEN,16280.0,17058.0
2017-12-21,6,TEN,15455.0,16209.0
2017-12-21,7,TEN,14953.0,15836.0
2017-12-21,8,TEN,14689.0,15617.0
2017-12-21,9,TEN,14556.0,15492.0
2017-12-21,10,TEN,14580.0,15506.0
2017-12-21,11,TEN,15008.0,15920.0
2017-12-21,12,TEN,16077.0,17026.0
2017-12-21,13,TEN,17191.0,18076.0
2017-12-21,14,TEN,17564.0,18499.0
2017-12-21,15,TEN,17712.0,18634.0
2017-12-21,16,TEN,17762.0,18596.0
2017-12-21,17,TEN,17707.0,18575.0
2017-12-21,18,TEN,17528.0,18387.0
2017-12-21,19,TEN,17327.0,18161.0
2017-12-21,20,TEN,17195.0,18054.0
2017-12-21,21,TEN,16997.0,17881.0
2017-12-21,22,TEN,16951.0,17852.0
2017-12-21,23,TEN,17632.0,18550.0
2017-12-22,0,TEN,18265.0,19260.0
2017-12-22,1,TEN,18278.0,19269.0
2017-12-22,2,TEN,18107.0,19061.0
2017-12-22,3,TEN,17695.0,18605.0
2017-12-22,4,TEN,16936.0,17824.0
2017-12-22,5,TEN,16000.0,16904.0
2017-12-22,6,TEN,15251.0,16136.0
2017-12-22,7,TEN,14635.0,15658.0
2017-12-22,8,TEN,14240.0,15174.0
2017-12-22,9,TEN,14005.0,14982.0
2017-12-22,10,TEN,14085.0,15008.0
2017-12-22,11,TEN,14410.0,15399.0
2017-12-22,12,TEN,15144.0,16174.0
2017-12-22,13,TEN,16059.0,17067.0
2017-12-22,14,TEN,16469.0,17466.0
2017-12-22,15,TEN,16741.0,17764.0
2017-12-22,16,TEN,16941.0,17922.0
2017-12-22,17,TEN,17016.0,18019.0
2017-12-22,18,TEN,16712.0,17720.0
2017-12-22,19,TEN,16531.0,17499.0
2017-12-22,20,TEN,16374.0,17203.0
2017-12-22,21,TEN,16255.0,17014.0
2017-12-22,22,TEN,16226.0,17189.0
2017-12-22,23,TEN,16874.0,17854.0
2017-12-23,0,TEN,17270.0,18263.0
2017-12-23,1,TEN,17079.0,18084.0
2017-12-23,2,TEN,16737.0,17768.0
2017-12-23,3,TEN,16247.0,17330.0
2017-12-23,4,TEN,15607.0,16656.0
2017-12-23,5,TEN,14819.0,15936.0
2017-12-23,6,TEN,13913.0,15108.0
2017-12-23,7,TEN,13264.0,14646.0
2017-12-23,8,TEN,12819.0,14550.0
2017-12-23,9,TEN,12606.0,14327.0
2017-12-23,10,TEN,12448.0,14199.0
2017-12-23,11,TEN,12593.0,14169.0
2017-12-23,12,TEN,12844.0,14343.0
2017-12-23,13,TEN,13522.0,14643.0
2017-12-23,14,TEN,14251.0,15313.0
2017-12-23,15,TEN,15013.0,16002.0
2017-12-23,16,TEN,15713.0,16696.0
2017-12-23,17,TEN,16035.0,17043.0
2017-12-23,18,TEN,16178.0,17106.0
2017-12-23,19,TEN,16180.0,17147.0
2017-12-23,20,TEN,16135.0,17127.0
2017-12-23,21,TEN,16011.0,17129.0
2017-12-23,22,TEN,16150.0,17129.0
2017-12-23,23,TEN,17112.0,18006.0
2017-12-24,0,TEN,17788.0,18758.0
2017-12-24,1,TEN,17787.0,18793.0
2017-12-24,2,TEN,17738.0,18663.0
2017-12-24,3,TEN,17608.0,18592.0
2017-12-24,4,TEN,17254.0,18146.0
2017-12-24,5,TEN,16540.0,17218.0
2017-12-24,6,TEN,15851.0,16841.0
2017-12-24,7,TEN,15259.0,16293.0
2017-12-24,8,TEN,14955.0,15932.0
2017-12-24,9,TEN,14732.0,15761.0
2017-12-24,10,TEN,14616.0,15617.0
2017-12-24,11,TEN,14876.0,15829.0
2017-12-24,12,TEN,15273.0,16311.0
2017-12-24,13,TEN,15890.0,16859.0
2017-12-24,14,TEN,16536.0,17544.0
2017-12-24,15,TEN,17288.0,18289.0
2017-12-24,16,TEN,17444.0,18398.0
2017-12-24,17,TEN,17147.0,18214.0
2017-12-24,18,TEN,17092.0,18078.0
2017-12-24,19,TEN,17030.0,17866.0
2017-12-24,20,TEN,16977.0,17934.0
2017-12-24,21,TEN,16858.0,17920.0
2017-12-24,22,TEN,16971.0,18008.0
2017-12-24,23,TEN,17621.0,18588.0
2017-12-25,0,TEN,18174.0,19141.0
2017-12-25,1,TEN,18223.0,19196.0
2017-12-25,2,TEN,18312.0,19282.0
2017-12-25,3,TEN,18498.0,19445.0
2017-12-25,4,TEN,18560.0,19594.0
2017-12-25,5,TEN,18305.0,19333.0
2017-12-25,6,TEN,17988.0,19131.0
2017-12-25,7,TEN,17809.0,18860.0
2017-12-25,8,TEN,17808.0,18860.0
2017-12-25,9,TEN,17964.0,19016.0
2017-12-25,10,TEN,18270.0,19328.0
2017-12-25,11,TEN,18692.0,19712.0
2017-12-25,12,TEN,19354.0,20481.0
2017-12-25,13,TEN,20092.0,21148.0
2017-12-25,14,TEN,20681.0,21666.0
2017-12-25,15,TEN,21050.0,22121.0
2017-12-25,16,TEN,20908.0,21942.0
2017-12-25,17,TEN,20391.0,21419.0
2017-12-25,18,TEN,19812.0,20804.0
2017-12-25,19,TEN,19132.0,20165.0
2017-12-25,20,TEN,18538.0,19587.0
2017-12-25,21,TEN,18291.0,19398.0
2017-12-25,22,TEN,18474.0,19508.0
2017-12-25,23,TEN,19321.0,20250.0
2017-12-26,0,TEN,20251.0,21314.0
2017-12-26,1,TEN,20445.0,21522.0
2017-12-26,2,TEN,20487.0,21541.0
2017-12-26,3,TEN,20560.0,21590.0
2017-12-26,4,TEN,20218.0,21194.0
2017-12-26,5,TEN,19567.0,20585.0
2017-12-26,6,TEN,18948.0,20054.0
2017-12-26,7,TEN,18566.0,19698.0
2017-12-26,8,TEN,18515.0,19551.0
2017-12-26,9,TEN,18372.0,19459.0
2017-12-26,10,TEN,18470.0,19528.0
2017-12-26,11,TEN,18859.0,19976.0
2017-12-26,12,TEN,19479.0,20589.0
2017-12-26,13,TEN,20277.0,21350.0
2017-12-26,14,TEN,20563.0,21703.0
2017-12-26,15,TEN,20691.0,21806.0
2017-12-26,16,TEN,20333.0,21460.0
2017-12-26,17,TEN,19767.0,20846.0
2017-12-26,18,TEN,19091.0,20192.0
2017-12-26,19,TEN,18393.0,19512.0
2017-12-26,20,TEN,18085.0,19236.0
2017-12-26,21,TEN,17801.0,18957.0
2017-12-26,22,TEN,18101.0,19183.0
2017-12-26,23,TEN,19236.0,20325.0
2017-12-27,0,TEN,20619.0,21659.0
2017-12-27,1,TEN,20946.0,22080.0
2017-12-27,2,TEN,20988.0,22189.0
2017-12-27,3,TEN,20866.0,21992.0
2017-12-27,4,TEN,20453.0,21599.0
2017-12-27,5,TEN,19847.0,20952.0
2017-12-27,6,TEN,19539.0,20627.0
2017-12-27,7,TEN,19378.0,20483.0
2017-12-27,8,TEN,19455.0,20532.0
2017-12-27,9,TEN,19547.0,20631.0
2017-12-27,10,TEN,19831.0,20965.0
2017-12-27,11,TEN,20464.0,21564.0
2017-12-27,12,TEN,21520.0,22508.0
2017-12-27,13,TEN,22731.0,23838.0
2017-12-27,14,TEN,23364.0,24381.0
2017-12-27,15,TEN,23703.0,24289.0
2017-12-27,16,TEN,23598.0,24441.0
2017-12-27,17,TEN,23115.0,23922.0
2017-12-27,18,TEN,22298.0,23065.0
2017-12-27,19,TEN,21555.0,22314.0
2017-12-27,20,TEN,21113.0,21900.0
2017-12-27,21,TEN,20948.0,21707.0
2017-12-27,22,TEN,21368.0,22004.0
2017-12-27,23,TEN,22772.0,23449.0
2017-12-28,0,TEN,24584.0,25381.0
2017-12-28,1,TEN,25121.0,25818.0
2017-12-28,2,TEN,25244.0,26087.0
2017-12-28,3,TEN,25070.0,25943.0
2017-12-28,4,TEN,24624.0,25502.0
2017-12-28,5,TEN,23937.0,24831.0
2017-12-28,6,TEN,23481.0,24303.0
2017-12-28,7,TEN,23297.0,24036.0
2017-12-28,8,TEN,23321.0,24002.0
2017-12-28,9,TEN,23573.0,24288.0
2017-12-28,10,TEN,23845.0,24539.0
2017-12-28,11,TEN,24440.0,25117.0
2017-12-28,12,TEN,25392.0,26103.0
2017-12-28,13,TEN,26416.0,27158.0
2017-12-28,14,TEN,26657.0,27460.0
2017-12-28,15,TEN,25946.0,26850.0
2017-12-28,16,TEN,24683.0,25556.0
2017-12-28,17,TEN,23501.0,24248.0
2017-12-28,18,TEN,22147.0,22913.0
2017-12-28,19,TEN,21054.0,21709.0
2017-12-28,20,TEN,20255.0,20994.0
2017-12-28,21,TEN,19688.0,20570.0
2017-12-28,22,TEN,19658.0,20668.0
2017-12-28,23,TEN,20871.0,22013.0
2017-12-29,0,TEN,22530.0,23286.0
2017-12-29,1,TEN,22957.0,23763.0
2017-12-29,2,TEN,23097.0,23813.0
2017-12-29,3,TEN,23123.0,23820.0
2017-12-29,4,TEN,22403.0,23129.0
2017-12-29,5,TEN,21605.0,22668.0
2017-12-29,6,TEN,21187.0,22224.0
2017-12-29,7,TEN,20976.0,21682.0
2017-12-29,8,TEN,20853.0,21568.0
2017-12-29,9,TEN,20874.0,21614.0
2017-12-29,10,TEN,21138.0,21868.0
2017-12-29,11,TEN,21549.0,22458.0
2017-12-29,12,TEN,22524.0,23322.0
2017-12-29,13,TEN,23601.0,24396.0
2017-12-29,14,TEN,24031.0,24757.0
2017-12-29,15,TEN,23332.0,24207.0
2017-12-29,16,TEN,22230.0,23135.0
2017-12-29,17,TEN,21197.0,22028.0
2017-12-29,18,TEN,20137.0,20961.0
2017-12-29,19,TEN,19153.0,19842.0
2017-12-29,20,TEN,18494.0,19276.0
2017-12-29,21,TEN,18218.0,18953.0
2017-12-29,22,TEN,18249.0,18935.0
2017-12-29,23,TEN,19282.0,19923.0
2017-12-30,0,TEN,20997.0,21873.0
2017-12-30,1,TEN,21543.0,22564.0
2017-12-30,2,TEN,21778.0,22772.0
2017-12-30,3,TEN,21796.0,22496.0
2017-12-30,4,TEN,21474.0,22215.0
2017-12-30,5,TEN,20992.0,21738.0
2017-12-30,6,TEN,20302.0,21150.0
2017-12-30,7,TEN,19813.0,20554.0
2017-12-30,8,TEN,19457.0,20247.0
2017-12-30,9,TEN,19278.0,20093.0
2017-12-30,10,TEN,19189.0,20116.0
2017-12-30,11,TEN,19322.0,20266.0
2017-12-30,12,TEN,19436.0,20295.0
2017-12-30,13,TEN,19946.0,20667.0
2017-12-30,14,TEN,20268.0,21099.0
2017-12-30,15,TEN,20734.0,21812.0
2017-12-30,16,TEN,20756.0,21730.0
2017-12-30,17,TEN,20547.0,21291.0
2017-12-30,18,TEN,20243.0,20936.0
2017-12-30,19,TEN,19888.0,20613.0
2017-12-30,20,TEN,19631.0,20413.0
2017-12-30,21,TEN,19523.0,20329.0
2017-12-30,22,TEN,19835.0,20694.0
2017-12-30,23,TEN,20669.0,21468.0
2017-12-31,0,TEN,21931.0,22736.0
2017-12-31,1,TEN,22152.0,23009.0
2017-12-31,2,TEN,22282.0,23125.0
2017-12-31,3,TEN,22158.0,23009.0
2017-12-31,4,TEN,21906.0,22667.0
2017-12-31,5,TEN,21583.0,22262.0
2017-12-31,6,TEN,21236.0,21890.0
2017-12-31,7,TEN,21083.0,21620.0
2017-12-31,8,TEN,21165.0,21834.0
2017-12-31,9,TEN,21375.0,22060.0
2017-12-31,10,TEN,21676.0,22667.0
2017-12-31,11,TEN,22164.0,23030.0
2017-12-31,12,TEN,22798.0,23579.0
2017-12-31,13,TEN,23696.0,24152.0
2017-12-31,14,TEN,24421.0,24871.0
2017-12-31,15,TEN,24968.0,25285.0
2017-12-31,16,TEN,24950.0,25321.0
2017-12-31,17,TEN,24333.0,24747.0
2017-12-31,18,TEN,23842.0,24396.0
2017-12-31,19,TEN,23521.0,24077.0
2017-12-31,20,TEN,23136.0,23659.0
2017-12-31,21,TEN,22939.0,23450.0
2017-12-31,22,TEN,23287.0,23735.0
2017-12-31,23,TEN,24511.0,25155.0
2018-01-01,0,TEN,26253.0,26826.0
2018-01-01,1,TEN,26494.0,27273.0
2018-01-01,2,TEN,26606.0,27425.0
2018-01-01,3,TEN,26589.0,27317.0
2018-01-01,4,TEN,26545.0,27198.0
2018-01-01,5,TEN,26181.0,26895.0
2018-01-01,6,TEN,26081.0,26096.0
2018-01-01,7,TEN,26146.0,25882.0
2018-01-01,8,TEN,26407.0,25953.0
2018-01-01,9,TEN,26543.0,25999.0
2018-01-01,10,TEN,26838.0,26497.0
2018-01-01,11,TEN,27086.0,26680.0
2018-01-01,12,TEN,27651.0,27143.0
2018-01-01,13,TEN,28251.0,27217.0
2018-01-01,14,TEN,28442.0,27374.0
2018-01-01,15,TEN,28560.0,27503.0
2018-01-01,16,TEN,27962.0,27291.0
2018-01-01,17,TEN,27413.0,26545.0
2018-01-01,18,TEN,26443.0,25764.0
2018-01-01,19,TEN,25537.0,24762.0
2018-01-01,20,TEN,24880.0,24310.0
2018-01-01,21,TEN,24407.0,23970.0
2018-01-01,22,TEN,24477.0,23942.0
2018-01-01,23,TEN,25948.0,25291.0
2018-01-02,0,TEN,27820.0,27015.0
2018-01-02,1,TEN,28449.0,26825.0
2018-01-02,2,TEN,28788.0,27450.0
2018-01-02,3,TEN,28891.0,27646.0
2018-01-02,4,TEN,28736.0,27265.0
2018-01-02,5,TEN,28425.0,26822.0
2018-01-02,6,TEN,28131.0,26307.0
2018-01-02,7,TEN,28112.0,26684.0
2018-01-02,8,TEN,28272.0,26603.0
2018-01-02,9,TEN,28693.0,26289.0
2018-01-02,10,TEN,29052.0,27129.0
2018-01-02,11,TEN,29469.0,29369.0
2018-01-02,12,TEN,30368.0,28816.0
2018-01-02,13,TEN,31501.0,29501.0
2018-01-02,14,TEN,31741.0,29662.0
2018-01-02,15,TEN,30775.0,29001.0
2018-01-02,16,TEN,29555.0,28039.0
2018-01-02,17,TEN,28225.0,27520.0
2018-01-02,18,TEN,26853.0,27181.0
2018-01-02,19,TEN,25734.0,25877.0
2018-01-02,20,TEN,24763.0,24981.0
2018-01-02,21,TEN,24118.0,24295.0
2018-01-02,22,TEN,24355.0,24429.0
2018-01-02,23,TEN,25658.0,25676.0
2018-01-03,0,TEN,27670.0,27766.0
2018-01-03,1,TEN,28279.0,28146.0
2018-01-03,2,TEN,28641.0,28473.0
2018-01-03,3,TEN,28676.0,29160.0
2018-01-03,4,TEN,28107.0,28679.0
2018-01-03,5,TEN,27308.0,27920.0
2018-01-03,6,TEN,26658.0,27226.0
2018-01-03,7,TEN,26252.0,26781.0
2018-01-03,8,TEN,26002.0,26507.0
2018-01-03,9,TEN,25863.0,26437.0
2018-01-03,10,TEN,25822.0,26469.0
2018-01-03,11,TEN,26240.0,26675.0
2018-01-03,12,TEN,27123.0,27294.0
2018-01-03,13,TEN,28059.0,28342.0
2018-01-03,14,TEN,28029.0,28398.0
2018-01-03,15,TEN,27464.0,27834.0
2018-01-03,16,TEN,26681.0,27000.0
2018-01-03,17,TEN,25629.0,25931.0
2018-01-03,18,TEN,24610.0,24856.0
2018-01-03,19,TEN,23681.0,24004.0
2018-01-03,20,TEN,22882.0,23256.0
2018-01-03,21,TEN,22424.0,22839.0
2018-01-03,22,TEN,22589.0,22905.0
2018-01-03,23,TEN,23812.0,24077.0
2018-01-04,0,TEN,25673.0,26021.0
2018-01-04,1,TEN,26203.0,26642.0
2018-01-04,2,TEN,26348.0,26790.0
2018-01-04,3,TEN,26116.0,26608.0
2018-01-04,4,TEN,25520.0,26292.0
2018-01-04,5,TEN,24692.0,25499.0
2018-01-04,6,TEN,24182.0,24923.0
2018-01-04,7,TEN,23916.0,24684.0
2018-01-04,8,TEN,24092.0,24762.0
2018-01-04,9,TEN,24434.0,25134.0
2018-01-04,10,TEN,24972.0,25694.0
2018-01-04,11,TEN,25856.0,26466.0
2018-01-04,12,TEN,27259.0,27048.0
2018-01-04,13,TEN,28907.0,28744.0
2018-01-04,14,TEN,29291.0,29518.0
2018-01-04,15,TEN,29120.0,29785.0
2018-01-04,16,TEN,28308.0,29004.0
2018-01-04,17,TEN,27622.0,28497.0
2018-01-04,18,TEN,26908.0,27793.0
2018-01-04,19,TEN,26157.0,27186.0
2018-01-04,20,TEN,25535.0,26456.0
2018-01-04,21,TEN,25117.0,26094.0
2018-01-04,22,TEN,25388.0,26344.0
2018-01-04,23,TEN,26640.0,27250.0
2018-01-05,0,TEN,28480.0,28946.0
2018-01-05,1,TEN,29181.0,29455.0
2018-01-05,2,TEN,29300.0,29549.0
2018-01-05,3,TEN,29193.0,29572.0
2018-01-05,4,TEN,28753.0,29423.0
2018-01-05,5,TEN,28115.0,28508.0
2018-01-05,6,TEN,27656.0,28196.0
2018-01-05,7,TEN,27433.0,27950.0
2018-01-05,8,TEN,27385.0,27550.0
2018-01-05,9,TEN,27445.0,27511.0
2018-01-05,10,TEN,27586.0,27655.0
2018-01-05,11,TEN,27749.0,27804.0
2018-01-05,12,TEN,28274.0,28100.0
2018-01-05,13,TEN,29239.0,29108.0
2018-01-05,14,TEN,29353.0,29748.0
2018-01-05,15,TEN,28739.0,29548.0
2018-01-05,16,TEN,27759.0,28548.0
2018-01-05,17,TEN,26856.0,27926.0
2018-01-05,18,TEN,25752.0,26943.0
2018-01-05,19,TEN,24861.0,25978.0
2018-01-05,20,TEN,24202.0,25288.0
2018-01-05,21,TEN,23754.0,24992.0
2018-01-05,22,TEN,23654.0,24690.0
2018-01-05,23,TEN,24635.0,25486.0
2018-01-06,0,TEN,25929.0,26833.0
2018-01-06,1,TEN,26293.0,27221.0
2018-01-06,2,TEN,26491.0,27324.0
2018-01-06,3,TEN,26490.0,27360.0
2018-01-06,4,TEN,26349.0,27338.0
2018-01-06,5,TEN,25954.0,27163.0
2018-01-06,6,TEN,25525.0,26727.0
2018-01-06,7,TEN,25379.0,26441.0
2018-01-06,8,TEN,25608.0,26615.0
2018-01-06,9,TEN,26000.0,27003.0
2018-01-06,10,TEN,26424.0,27422.0
2018-01-06,11,TEN,27015.0,28108.0
2018-01-06,12,TEN,27723.0,28803.0
2018-01-06,13,TEN,28590.0,29173.0
2018-01-06,14,TEN,28990.0,29392.0
2018-01-06,15,TEN,28289.0,28858.0
2018-01-06,16,TEN,26939.0,27556.0
2018-01-06,17,TEN,25584.0,26337.0
2018-01-06,18,TEN,24225.0,25004.0
2018-01-06,19,TEN,23127.0,23755.0
2018-01-06,20,TEN,22417.0,23112.0
2018-01-06,21,TEN,21832.0,22622.0
2018-01-06,22,TEN,21935.0,22624.0
2018-01-06,23,TEN,23195.0,23863.0
2018-01-07,0,TEN,25159.0,25821.0
2018-01-07,1,TEN,25785.0,26082.0
2018-01-07,2,TEN,26154.0,26461.0
2018-01-07,3,TEN,26426.0,26643.0
2018-01-07,4,TEN,26338.0,26748.0
2018-01-07,5,TEN,26002.0,26597.0
2018-01-07,6,TEN,25637.0,25849.0
2018-01-07,7,TEN,25552.0,25694.0
2018-01-07,8,TEN,25654.0,25820.0
2018-01-07,9,TEN,25704.0,25717.0
2018-01-07,10,TEN,25819.0,25842.0
2018-01-07,11,TEN,26009.0,25812.0
2018-01-07,12,TEN,26226.0,26081.0
2018-01-07,13,TEN,26800.0,26798.0
2018-01-07,14,TEN,26835.0,27390.0
2018-01-07,15,TEN,26259.0,26880.0
2018-01-07,16,TEN,24964.0,25635.0
2018-01-07,17,TEN,23403.0,23934.0
2018-01-07,18,TEN,22094.0,22516.0
2018-01-07,19,TEN,21273.0,21639.0
2018-01-07,20,TEN,20758.0,21344.0
2018-01-07,21,TEN,20591.0,21175.0
2018-01-07,22,TEN,20849.0,21306.0
2018-01-07,23,TEN,21740.0,21992.0
2018-01-08,0,TEN,22774.0,22591.0
2018-01-08,1,TEN,22940.0,23025.0
2018-01-08,2,TEN,22756.0,23050.0
2018-01-08,3,TEN,22282.0,22718.0
2018-01-08,4,TEN,21535.0,21877.0
2018-01-08,5,TEN,20652.0,21048.0
2018-01-08,6,TEN,20126.0,20471.0
2018-01-08,7,TEN,19674.0,20381.0
2018-01-08,8,TEN,19509.0,20497.0
2018-01-08,9,TEN,19410.0,20384.0
2018-01-08,10,TEN,19585.0,20630.0
2018-01-08,11,TEN,20126.0,21050.0
2018-01-08,12,TEN,21425.0,22308.0
2018-01-08,13,TEN,22928.0,23586.0
2018-01-08,14,TEN,23237.0,23778.0
2018-01-08,15,TEN,22984.0,23436.0
2018-01-08,16,TEN,22952.0,23466.0
2018-01-08,17,TEN,22910.0,23331.0
2018-01-08,18,TEN,22498.0,23001.0
2018-01-08,19,TEN,22303.0,22792.0
2018-01-08,20,TEN,22094.0,22652.0
2018-01-08,21,TEN,21862.0,22397.0
2018-01-08,22,TEN,21848.0,22265.0
2018-01-08,23,TEN,22361.0,23087.0
2018-01-09,0,TEN,23077.0,23943.0
2018-01-09,1,TEN,22957.0,23796.0
2018-01-09,2,TEN,22459.0,23214.0
2018-01-09,3,TEN,21724.0,22473.0
2018-01-09,4,TEN,21040.0,21727.0
2018-01-09,5,TEN,19692.0,20156.0
2018-01-09,6,TEN,18853.0,19056.0
2018-01-09,7,TEN,18361.0,18498.0
2018-01-09,8,TEN,17997.0,18379.0
2018-01-09,9,TEN,17945.0,18541.0
2018-01-09,10,TEN,18022.0,18612.0
2018-01-09,11,TEN,18506.0,19159.0
2018-01-09,12,TEN,19700.0,20344.0
2018-01-09,13,TEN,21126.0,21830.0
2018-01-09,14,TEN,21194.0,21892.0
2018-01-09,15,TEN,20834.0,21485.0
2018-01-09,16,TEN,20492.0,21243.0
2018-01-09,17,TEN,20260.0,21005.0
2018-01-09,18,TEN,19693.0,20420.0
2018-01-09,19,TEN,19385.0,20120.0
2018-01-09,20,TEN,19101.0,19898.0
2018-01-09,21,TEN,18722.0,19462.0
2018-01-09,22,TEN,18804.0,19554.0
2018-01-09,23,TEN,19424.0,19978.0
2018-01-10,0,TEN,20373.0,21114.0
2018-01-10,1,TEN,20509.0,21117.0
2018-01-10,2,TEN,20307.0,21060.0
2018-01-10,3,TEN,19743.0,20432.0
2018-01-10,4,TEN,18858.0,19420.0
2018-01-10,5,TEN,17911.0,18475.0
2018-01-10,6,TEN,17096.0,17722.0
2018-01-10,7,TEN,16671.0,17188.0
2018-01-10,8,TEN,16288.0,17039.0
2018-01-10,9,TEN,16153.0,16886.0
2018-01-10,10,TEN,16215.0,16952.0
2018-01-10,11,TEN,16792.0,17481.0
2018-01-10,12,TEN,17953.0,18669.0
2018-01-10,13,TEN,19369.0,20046.0
2018-01-10,14,TEN,19234.0,20036.0
2018-01-10,15,TEN,18699.0,19480.0
2018-01-10,16,TEN,18168.0,18862.0
2018-01-10,17,TEN,17737.0,18260.0
2018-01-10,18,TEN,17287.0,17691.0
2018-01-10,19,TEN,16947.0,17370.0
2018-01-10,20,TEN,16733.0,17506.0
2018-01-10,21,TEN,16510.0,17340.0
2018-01-10,22,TEN,16567.0,17267.0
2018-01-10,23,TEN,17074.0,17747.0
2018-01-11,0,TEN,18074.0,18828.0
2018-01-11,1,TEN,18319.0,19028.0
2018-01-11,2,TEN,18007.0,18764.0
2018-01-11,3,TEN,17613.0,18324.0
2018-01-11,4,TEN,16807.0,17410.0
2018-01-11,5,TEN,15642.0,16308.0
2018-01-11,6,TEN,14838.0,15420.0
2018-01-11,7,TEN,14265.0,14955.0
2018-01-11,8,TEN,13948.0,14627.0
2018-01-11,9,TEN,13851.0,14596.0
2018-01-11,10,TEN,13868.0,14630.0
2018-01-11,11,TEN,14323.0,15060.0
2018-01-11,12,TEN,15703.0,16456.0
2018-01-11,13,TEN,17139.0,17871.0
2018-01-11,14,TEN,17193.0,17936.0
2018-01-11,15,TEN,17071.0,17805.0
2018-01-11,16,TEN,16976.0,17693.0
2018-01-11,17,TEN,16881.0,17566.0
2018-01-11,18,TEN,16693.0,17426.0
2018-01-11,19,TEN,16628.0,17159.0
2018-01-11,20,TEN,16553.0,17288.0
2018-01-11,21,TEN,16321.0,17100.0
2018-01-11,22,TEN,16313.0,17092.0
2018-01-11,23,TEN,16759.0,17498.0
2018-01-12,0,TEN,17677.0,18460.0
2018-01-12,1,TEN,17832.0,18432.0
2018-01-12,2,TEN,17610.0,18223.0
2018-01-12,3,TEN,17207.0,17881.0
2018-01-12,4,TEN,16314.0,16943.0
2018-01-12,5,TEN,15395.0,16051.0
2018-01-12,6,TEN,14632.0,15206.0
2018-01-12,7,TEN,14071.0,14679.0
2018-01-12,8,TEN,13788.0,14483.0
2018-01-12,9,TEN,13843.0,14499.0
2018-01-12,10,TEN,14236.0,14938.0
2018-01-12,11,TEN,14911.0,15620.0
2018-01-12,12,TEN,16347.0,17108.0
2018-01-12,13,TEN,17797.0,18521.0
2018-01-12,14,TEN,18587.0,19362.0
2018-01-12,15,TEN,19364.0,20129.0
2018-01-12,16,TEN,20196.0,20728.0
2018-01-12,17,TEN,20759.0,21294.0
2018-01-12,18,TEN,21074.0,21271.0
2018-01-12,19,TEN,21378.0,21402.0
2018-01-12,20,TEN,21678.0,21968.0
2018-01-12,21,TEN,21895.0,22170.0
2018-01-12,22,TEN,22437.0,22221.0
2018-01-12,23,TEN,23306.0,23230.0
2018-01-13,0,TEN,24586.0,24112.0
2018-01-13,1,TEN,24780.0,23958.0
2018-01-13,2,TEN,24680.0,23528.0
2018-01-13,3,TEN,24369.0,23370.0
2018-01-13,4,TEN,23854.0,22954.0
2018-01-13,5,TEN,23166.0,22415.0
2018-01-13,6,TEN,22636.0,22238.0
2018-01-13,7,TEN,22323.0,21747.0
2018-01-13,8,TEN,22189.0,21891.0
2018-01-13,9,TEN,22245.0,21942.0
2018-01-13,10,TEN,22479.0,21808.0
2018-01-13,11,TEN,22794.0,22219.0
2018-01-13,12,TEN,23489.0,22743.0
2018-01-13,13,TEN,24153.0,23499.0
2018-01-13,14,TEN,24705.0,24054.0
2018-01-13,15,TEN,25533.0,24793.0
2018-01-13,16,TEN,25896.0,25392.0
2018-01-13,17,TEN,25859.0,25326.0
2018-01-13,18,TEN,25516.0,25076.0
2018-01-13,19,TEN,24955.0,24223.0
2018-01-13,20,TEN,24288.0,23355.0
2018-01-13,21,TEN,23906.0,22823.0
2018-01-13,22,TEN,23909.0,23124.0
2018-01-13,23,TEN,24765.0,24020.0
2018-01-14,0,TEN,26317.0,25476.0
2018-01-14,1,TEN,26594.0,25753.0
2018-01-14,2,TEN,26710.0,26124.0
2018-01-14,3,TEN,26463.0,25683.0
2018-01-14,4,TEN,26275.0,25793.0
2018-01-14,5,TEN,25916.0,25202.0
2018-01-14,6,TEN,25601.0,24873.0
2018-01-14,7,TEN,25496.0,24763.0
2018-01-14,8,TEN,25381.0,24711.0
2018-01-14,9,TEN,25717.0,24870.0
2018-01-14,10,TEN,26037.0,25036.0
2018-01-14,11,TEN,26483.0,25706.0
2018-01-14,12,TEN,26926.0,26215.0
2018-01-14,13,TEN,27612.0,26719.0
2018-01-14,14,TEN,28026.0,27111.0
2018-01-14,15,TEN,27757.0,27433.0
2018-01-14,16,TEN,26823.0,26977.0
2018-01-14,17,TEN,25496.0,25842.0
2018-01-14,18,TEN,24282.0,24531.0
2018-01-14,19,TEN,23221.0,23546.0
2018-01-14,20,TEN,22292.0,22224.0
2018-01-14,21,TEN,21659.0,21629.0
2018-01-14,22,TEN,21778.0,21428.0
2018-01-14,23,TEN,22739.0,22538.0
2018-01-15,0,TEN,24301.0,24556.0
2018-01-15,1,TEN,24855.0,24927.0
2018-01-15,2,TEN,24938.0,24837.0
2018-01-15,3,TEN,24832.0,25068.0
2018-01-15,4,TEN,24414.0,24679.0
2018-01-15,5,TEN,23868.0,24230.0
2018-01-15,6,TEN,23519.0,23749.0
2018-01-15,7,TEN,23243.0,23709.0
2018-01-15,8,TEN,23066.0,23450.0
2018-01-15,9,TEN,22990.0,23410.0
2018-01-15,10,TEN,22893.0,23388.0
2018-01-15,11,TEN,23314.0,23746.0
2018-01-15,12,TEN,24164.0,24521.0
2018-01-15,13,TEN,25100.0,25423.0
2018-01-15,14,TEN,25279.0,25709.0
2018-01-15,15,TEN,24795.0,25142.0
2018-01-15,16,TEN,23982.0,24334.0
2018-01-15,17,TEN,23088.0,23535.0
2018-01-15,18,TEN,22177.0,22551.0
2018-01-15,19,TEN,21357.0,21759.0
2018-01-15,20,TEN,20704.0,21146.0
2018-01-15,21,TEN,20196.0,20524.0
2018-01-15,22,TEN,20337.0,20611.0
2018-01-15,23,TEN,21052.0,21267.0
2018-01-16,0,TEN,22473.0,22755.0
2018-01-16,1,TEN,23024.0,23337.0
2018-01-16,2,TEN,23108.0,23419.0
2018-01-16,3,TEN,23208.0,23489.0
2018-01-16,4,TEN,22734.0,23117.0
2018-01-16,5,TEN,22211.0,22599.0
2018-01-16,6,TEN,21921.0,22217.0
2018-01-16,7,TEN,21867.0,22206.0
2018-01-16,8,TEN,22064.0,22394.0
2018-01-16,9,TEN,22415.0,22671.0
2018-01-16,10,TEN,22757.0,23096.0
2018-01-16,11,TEN,23469.0,23793.0
2018-01-16,12,TEN,24880.0,25177.0
2018-01-16,13,TEN,26027.0,26248.0
2018-01-16,14,TEN,26557.0,26440.0
2018-01-16,15,TEN,26827.0,26681.0
2018-01-16,16,TEN,27132.0,26978.0
2018-01-16,17,TEN,26888.0,26730.0
2018-01-16,18,TEN,26596.0,26261.0
2018-01-16,19,TEN,26567.0,26108.0
2018-01-16,20,TEN,26294.0,25850.0
2018-01-16,21,TEN,26150.0,25853.0
2018-01-16,22,TEN,26443.0,26020.0
2018-01-16,23,TEN,27221.0,26281.0
2018-01-17,0,TEN,28870.0,27174.0
2018-01-17,1,TEN,29313.0,27450.0
2018-01-17,2,TEN,29247.0,27267.0
2018-01-17,3,TEN,29069.0,27476.0
2018-01-17,4,TEN,28763.0,27130.0
2018-01-17,5,TEN,28466.0,27164.0
2018-01-17,6,TEN,28305.0,26998.0
2018-01-17,7,TEN,28410.0,27165.0
2018-01-17,8,TEN,28483.0,27199.0
2018-01-17,9,TEN,28431.0,27020.0
2018-01-17,10,TEN,29019.0,27597.0
2018-01-17,11,TEN,29562.0,27518.0
2018-01-17,12,TEN,30039.0,27790.0
2018-01-17,13,TEN,30865.0,28633.0
2018-01-17,14,TEN,31294.0,29207.0
2018-01-17,15,TEN,31640.0,29921.0
2018-01-17,16,TEN,31140.0,29174.0
2018-01-17,17,TEN,30578.0,28602.0
2018-01-17,18,TEN,29472.0,27902.0
2018-01-17,19,TEN,28326.0,27230.0
2018-01-17,20,TEN,27429.0,26763.0
2018-01-17,21,TEN,26744.0,26156.0
2018-01-17,22,TEN,26711.0,26009.0
2018-01-17,23,TEN,27747.0,26896.0
2018-01-18,0,TEN,29723.0,28561.0
2018-01-18,1,TEN,30429.0,28986.0
2018-01-18,2,TEN,30405.0,29017.0
2018-01-18,3,TEN,30476.0,29221.0
2018-01-18,4,TEN,29946.0,28694.0
2018-01-18,5,TEN,29654.0,28233.0
2018-01-18,6,TEN,29493.0,28136.0
2018-01-18,7,TEN,29537.0,28707.0
2018-01-18,8,TEN,29554.0,28737.0
2018-01-18,9,TEN,29700.0,28851.0
2018-01-18,10,TEN,30001.0,29151.0
2018-01-18,11,TEN,30472.0,29266.0
2018-01-18,12,TEN,31297.0,30431.0
2018-01-18,13,TEN,32399.0,31313.0
2018-01-18,14,TEN,32511.0,30971.0
2018-01-18,15,TEN,31152.0,29568.0
2018-01-18,16,TEN,29132.0,27738.0
2018-01-18,17,TEN,27376.0,26995.0
2018-01-18,18,TEN,25731.0,25917.0
2018-01-18,19,TEN,24319.0,24407.0
2018-01-18,20,TEN,23190.0,23406.0
2018-01-18,21,TEN,22206.0,22361.0
2018-01-18,22,TEN,22263.0,22453.0
2018-01-18,23,TEN,23065.0,23133.0
2018-01-19,0,TEN,25076.0,25240.0
2018-01-19,1,TEN,25904.0,26063.0
2018-01-19,2,TEN,26110.0,26238.0
2018-01-19,3,TEN,26230.0,26290.0
2018-01-19,4,TEN,25947.0,26015.0
2018-01-19,5,TEN,25365.0,25410.0
2018-01-19,6,TEN,24918.0,25071.0
2018-01-19,7,TEN,24998.0,25075.0
2018-01-19,8,TEN,25237.0,25240.0
2018-01-19,9,TEN,25611.0,25429.0
2018-01-19,10,TEN,26196.0,25709.0
2018-01-19,11,TEN,27023.0,26468.0
2018-01-19,12,TEN,28432.0,27981.0
2018-01-19,13,TEN,29709.0,28808.0
2018-01-19,14,TEN,29690.0,28898.0
2018-01-19,15,TEN,27779.0,27587.0
2018-01-19,16,TEN,25464.0,25594.0
2018-01-19,17,TEN,23637.0,23809.0
2018-01-19,18,TEN,22224.0,22432.0
2018-01-19,19,TEN,21162.0,21304.0
2018-01-19,20,TEN,20377.0,20481.0
2018-01-19,21,TEN,19826.0,19893.0
2018-01-19,22,TEN,19693.0,19837.0
2018-01-19,23,TEN,20336.0,20081.0
2018-01-20,0,TEN,21793.0,21540.0
2018-01-20,1,TEN,22283.0,22097.0
2018-01-20,2,TEN,22250.0,21882.0
2018-01-20,3,TEN,22071.0,22054.0
2018-01-20,4,TEN,21584.0,21506.0
2018-01-20,5,TEN,20878.0,20902.0
2018-01-20,6,TEN,20061.0,19534.0
2018-01-20,7,TEN,19365.0,19215.0
2018-01-20,8,TEN,18934.0,18803.0
2018-01-20,9,TEN,18560.0,18454.0
2018-01-20,10,TEN,18369.0,18037.0
2018-01-20,11,TEN,18572.0,18150.0
2018-01-20,12,TEN,18934.0,18695.0
2018-01-20,13,TEN,19432.0,19491.0
2018-01-20,14,TEN,19912.0,19832.0
2018-01-20,15,TEN,20118.0,20132.0
2018-01-20,16,TEN,19805.0,19740.0
2018-01-20,17,TEN,19205.0,19154.0
2018-01-20,18,TEN,18395.0,18278.0
2018-01-20,19,TEN,17548.0,17456.0
2018-01-20,20,TEN,16892.0,16882.0
2018-01-20,21,TEN,16453.0,16398.0
2018-01-20,22,TEN,16286.0,16201.0
2018-01-20,23,TEN,16627.0,16548.0
2018-01-21,0,TEN,17635.0,17595.0
2018-01-21,1,TEN,17954.0,17932.0
2018-01-21,2,TEN,17964.0,17928.0
2018-01-21,3,TEN,17712.0,17704.0
2018-01-21,4,TEN,17299.0,17260.0
2018-01-21,5,TEN,16741.0,16501.0
2018-01-21,6,TEN,16226.0,16078.0
2018-01-21,7,TEN,15784.0,15679.0
2018-01-21,8,TEN,15610.0,15528.0
2018-01-21,9,TEN,15536.0,15471.0
2018-01-21,10,TEN,15629.0,15502.0
2018-01-21,11,TEN,15866.0,15794.0
2018-01-21,12,TEN,16271.0,16184.0
2018-01-21,13,TEN,16925.0,16860.0
2018-01-21,14,TEN,17382.0,17371.0
2018-01-21,15,TEN,17623.0,17550.0
2018-01-21,16,TEN,17179.0,17144.0
2018-01-21,17,TEN,16506.0,16495.0
2018-01-21,18,TEN,15995.0,15932.0
2018-01-21,19,TEN,15568.0,15530.0
2018-01-21,20,TEN,15304.0,15183.0
2018-01-21,21,TEN,14987.0,14916.0
2018-01-21,22,TEN,14872.0,14831.0
2018-01-21,23,TEN,15328.0,15209.0
2018-01-22,0,TEN,16617.0,16448.0
2018-01-22,1,TEN,17053.0,16994.0
2018-01-22,2,TEN,17042.0,16947.0
2018-01-22,3,TEN,16666.0,16537.0
2018-01-22,4,TEN,16039.0,15928.0
2018-01-22,5,TEN,15176.0,15048.0
2018-01-22,6,TEN,14510.0,14355.0
2018-01-22,7,TEN,14232.0,14064.0
2018-01-22,8,TEN,13982.0,13893.0
2018-01-22,9,TEN,14064.0,13930.0
2018-01-22,10,TEN,14261.0,14122.0
2018-01-22,11,TEN,14995.0,14859.0
2018-01-22,12,TEN,16443.0,16340.0
2018-01-22,13,TEN,18051.0,17840.0
2018-01-22,14,TEN,18159.0,18080.0
2018-01-22,15,TEN,17945.0,17847.0
2018-01-22,16,TEN,17845.0,17689.0
2018-01-22,17,TEN,17751.0,17578.0
2018-01-22,18,TEN,17449.0,17353.0
2018-01-22,19,TEN,17297.0,17139.0
2018-01-22,20,TEN,17047.0,16970.0
2018-01-22,21,TEN,16806.0,16700.0
2018-01-22,22,TEN,16647.0,16545.0
2018-01-22,23,TEN,17061.0,17034.0
2018-01-23,0,TEN,18107.0,18097.0
2018-01-23,1,TEN,18450.0,18427.0
2018-01-23,2,TEN,18291.0,18151.0
2018-01-23,3,TEN,17820.0,17730.0
2018-01-23,4,TEN,17091.0,17005.0
2018-01-23,5,TEN,16095.0,15943.0
2018-01-23,6,TEN,15399.0,15235.0
2018-01-23,7,TEN,15019.0,14972.0
2018-01-23,8,TEN,14856.0,14824.0
2018-01-23,9,TEN,15002.0,14940.0
2018-01-23,10,TEN,15252.0,15241.0
2018-01-23,11,TEN,16029.0,16044.0
2018-01-23,12,TEN,17874.0,17851.0
2018-01-23,13,TEN,19661.0,19600.0
2018-01-23,14,TEN,19888.0,19875.0
2018-01-23,15,TEN,19355.0,19341.0
2018-01-23,16,TEN,18867.0,18820.0
2018-01-23,17,TEN,18593.0,18524.0
2018-01-23,18,TEN,18413.0,18312.0
2018-01-23,19,TEN,18171.0,18138.0
2018-01-23,20,TEN,18203.0,18110.0
2018-01-23,21,TEN,18248.0,18246.0
2018-01-23,22,TEN,18642.0,18671.0
2018-01-23,23,TEN,19470.0,19527.0
2018-01-24,0,TEN,20795.0,20799.0
2018-01-24,1,TEN,21248.0,21257.0
2018-01-24,2,TEN,21147.0,21130.0
2018-01-24,3,TEN,20904.0,20822.0
2018-01-24,4,TEN,20209.0,20139.0
2018-01-24,5,TEN,19262.0,19308.0
2018-01-24,6,TEN,18529.0,18614.0
2018-01-24,7,TEN,18201.0,18226.0
2018-01-24,8,TEN,18109.0,18196.0
2018-01-24,9,TEN,18280.0,18400.0
2018-01-24,10,TEN,18623.0,19036.0
2018-01-24,11,TEN,19365.0,19925.0
2018-01-24,12,TEN,20849.0,21577.0
2018-01-24,13,TEN,22611.0,23506.0
2018-01-24,14,TEN,22714.0,23652.0
2018-01-24,15,TEN,21851.0,22676.0
2018-01-24,16,TEN,20884.0,21353.0
2018-01-24,17,TEN,20079.0,20512.0
2018-01-24,18,TEN,19328.0,19646.0
2018-01-24,19,TEN,18804.0,19515.0
2018-01-24,20,TEN,18350.0,19048.0
2018-01-24,21,TEN,17929.0,18656.0
2018-01-24,22,TEN,18040.0,18783.0
2018-01-24,23,TEN,18837.0,19612.0
2018-01-25,0,TEN,20467.0,21297.0
2018-01-25,1,TEN,21366.0,22164.0
2018-01-25,2,TEN,21556.0,22316.0
2018-01-25,3,TEN,21526.0,22306.0
2018-01-25,4,TEN,21059.0,21829.0
2018-01-25,5,TEN,20407.0,20844.0
2018-01-25,6,TEN,19948.0,20300.0
2018-01-25,7,TEN,19929.0,20103.0
2018-01-25,8,TEN,20332.0,20369.0
2018-01-25,9,TEN,20629.0,20690.0
2018-01-25,10,TEN,21288.0,21395.0
2018-01-25,11,TEN,22212.0,22544.0
2018-01-25,12,TEN,23928.0,24059.0
2018-01-25,13,TEN,25414.0,25466.0
2018-01-25,14,TEN,25127.0,25767.0
2018-01-25,15,TEN,23480.0,24024.0
2018-01-25,16,TEN,21521.0,22109.0
2018-01-25,17,TEN,20081.0,20545.0
2018-01-25,18,TEN,18939.0,19592.0
2018-01-25,19,TEN,18185.0,18766.0
2018-01-25,20,TEN,17617.0,18285.0
2018-01-25,21,TEN,17089.0,17730.0
2018-01-25,22,TEN,17007.0,17665.0
2018-01-25,23,TEN,17509.0,18212.0
2018-01-26,0,TEN,19091.0,19801.0
2018-01-26,1,TEN,20100.0,20858.0
2018-01-26,2,TEN,20622.0,21301.0
2018-01-26,3,TEN,20649.0,21313.0
2018-01-26,4,TEN,20189.0,20846.0
2018-01-26,5,TEN,19411.0,19983.0
2018-01-26,6,TEN,19068.0,19667.0
2018-01-26,7,TEN,19010.0,19453.0
2018-01-26,8,TEN,19056.0,19575.0
2018-01-26,9,TEN,19273.0,19779.0
2018-01-26,10,TEN,19437.0,20043.0
2018-01-26,11,TEN,20228.0,20810.0
2018-01-26,12,TEN,21711.0,22407.0
2018-01-26,13,TEN,23168.0,23508.0
2018-01-26,14,TEN,23067.0,23432.0
2018-01-26,15,TEN,22110.0,22576.0
2018-01-26,16,TEN,20791.0,21207.0
2018-01-26,17,TEN,19586.0,19739.0
2018-01-26,18,TEN,18538.0,18897.0
2018-01-26,19,TEN,17783.0,18456.0
2018-01-26,20,TEN,17252.0,17901.0
2018-01-26,21,TEN,16744.0,17381.0
2018-01-26,22,TEN,16463.0,17150.0
2018-01-26,23,TEN,16889.0,17468.0
2018-01-27,0,TEN,18266.0,18861.0
2018-01-27,1,TEN,18835.0,19461.0
2018-01-27,2,TEN,18852.0,19382.0
2018-01-27,3,TEN,18739.0,19316.0
2018-01-27,4,TEN,18173.0,18800.0
2018-01-27,5,TEN,17511.0,18090.0
2018-01-27,6,TEN,16629.0,16996.0
2018-01-27,7,TEN,15744.0,16127.0
2018-01-27,8,TEN,15461.0,15858.0
2018-01-27,9,TEN,15193.0,15514.0
2018-01-27,10,TEN,15156.0,15477.0
2018-01-27,11,TEN,15379.0,15741.0
2018-01-27,12,TEN,15764.0,16384.0
2018-01-27,13,TEN,16303.0,17028.0
2018-01-27,14,TEN,16752.0,17534.0
2018-01-27,15,TEN,17298.0,17870.0
2018-01-27,16,TEN,17492.0,17937.0
2018-01-27,17,TEN,17343.0,17860.0
2018-01-27,18,TEN,17251.0,17779.0
2018-01-27,19,TEN,16866.0,17406.0
2018-01-27,20,TEN,16568.0,17249.0
2018-01-27,21,TEN,16299.0,16931.0
2018-01-27,22,TEN,16402.0,16997.0
2018-01-27,23,TEN,16701.0,17367.0
2018-01-28,0,TEN,17390.0,18082.0
2018-01-28,1,TEN,17216.0,17943.0
2018-01-28,2,TEN,16939.0,17563.0
2018-01-28,3,TEN,16356.0,16745.0
2018-01-28,4,TEN,15946.0,16270.0
2018-01-28,5,TEN,15139.0,15551.0
2018-01-28,6,TEN,14415.0,14760.0
2018-01-28,7,TEN,13829.0,14261.0
2018-01-28,8,TEN,13664.0,14077.0
2018-01-28,9,TEN,13565.0,13991.0
2018-01-28,10,TEN,13548.0,14009.0
2018-01-28,11,TEN,13689.0,14136.0
2018-01-28,12,TEN,13906.0,14677.0
2018-01-28,13,TEN,14543.0,15213.0
2018-01-28,14,TEN,15373.0,16015.0
2018-01-28,15,TEN,16205.0,16854.0
2018-01-28,16,TEN,16401.0,17073.0
2018-01-28,17,TEN,16204.0,16880.0
2018-01-28,18,TEN,16076.0,16699.0
2018-01-28,19,TEN,16185.0,16852.0
2018-01-28,20,TEN,15942.0,16611.0
2018-01-28,21,TEN,15745.0,16450.0
2018-01-28,22,TEN,15779.0,16416.0
2018-01-28,23,TEN,16173.0,16864.0
2018-01-29,0,TEN,17267.0,17838.0
2018-01-29,1,TEN,17911.0,18591.0
2018-01-29,2,TEN,17886.0,18584.0
2018-01-29,3,TEN,17810.0,18196.0
2018-01-29,4,TEN,17329.0,17717.0
2018-01-29,5,TEN,16685.0,17173.0
2018-01-29,6,TEN,16130.0,16590.0
2018-01-29,7,TEN,15821.0,16158.0
2018-01-29,8,TEN,15948.0,16289.0
2018-01-29,9,TEN,16145.0,16509.0
2018-01-29,10,TEN,16585.0,16986.0
2018-01-29,11,TEN,17486.0,17875.0
2018-01-29,12,TEN,19168.0,19816.0
2018-01-29,13,TEN,21217.0,21779.0
2018-01-29,14,TEN,21220.0,21920.0
2018-01-29,15,TEN,20340.0,21126.0
2018-01-29,16,TEN,19436.0,20197.0
2018-01-29,17,TEN,18819.0,19435.0
2018-01-29,18,TEN,18284.0,18854.0
2018-01-29,19,TEN,17936.0,18548.0
2018-01-29,20,TEN,17808.0,18428.0
2018-01-29,21,TEN,17861.0,18469.0
2018-01-29,22,TEN,18259.0,18844.0
2018-01-29,23,TEN,19109.0,19709.0
2018-01-30,0,TEN,20767.0,21289.0
2018-01-30,1,TEN,21570.0,22254.0
2018-01-30,2,TEN,21835.0,22171.0
2018-01-30,3,TEN,21742.0,22355.0
2018-01-30,4,TEN,21206.0,21644.0
2018-01-30,5,TEN,20487.0,20890.0
2018-01-30,6,TEN,19962.0,20614.0
2018-01-30,7,TEN,19789.0,20066.0
2018-01-30,8,TEN,19821.0,20029.0
2018-01-30,9,TEN,19932.0,20387.0
2018-01-30,10,TEN,20201.0,20507.0
2018-01-30,11,TEN,20894.0,21547.0
2018-01-30,12,TEN,22681.0,23303.0
2018-01-30,13,TEN,24313.0,24926.0
2018-01-30,14,TEN,24271.0,24787.0
2018-01-30,15,TEN,23607.0,24260.0
2018-01-30,16,TEN,22667.0,23393.0
2018-01-30,17,TEN,21796.0,22572.0
2018-01-30,18,TEN,20972.0,21704.0
2018-01-30,19,TEN,20322.0,21224.0
2018-01-30,20,TEN,19808.0,20703.0
2018-01-30,21,TEN,19345.0,20036.0
2018-01-30,22,TEN,19490.0,20125.0
2018-01-30,23,TEN,20411.0,21103.0
2018-01-31,0,TEN,22050.0,22783.0
2018-01-31,1,TEN,23092.0,23923.0
2018-01-31,2,TEN,23399.0,24113.0
2018-01-31,3,TEN,23300.0,24313.0
2018-01-31,4,TEN,22813.0,23792.0
2018-01-31,5,TEN,22198.0,23177.0
2018-01-31,6,TEN,21748.0,22399.0
2018-01-31,7,TEN,21497.0,22183.0
2018-01-31,8,TEN,21498.0,22125.0
2018-01-31,9,TEN,21567.0,22200.0
2018-01-31,10,TEN,21748.0,22645.0
2018-01-31,11,TEN,22259.0,23294.0
2018-01-31,12,TEN,23726.0,24823.0
2018-01-31,13,TEN,25051.0,26107.0
2018-01-31,14,TEN,24530.0,25798.0
2018-01-31,15,TEN,22886.0,24097.0
2018-01-31,16,TEN,21461.0,22557.0
2018-01-31,17,TEN,20302.0,21375.0
2018-01-31,18,TEN,19319.0,20149.0
2018-01-31,19,TEN,18509.0,19266.0
2018-01-31,20,TEN,17726.0,18431.0
2018-01-31,21,TEN,17194.0,17923.0
2018-01-31,22,TEN,17199.0,17944.0
2018-01-31,23,TEN,17654.0,18351.0
2018-02-01,0,TEN,19148.0,19855.0
2018-02-01,1,TEN,19979.0,20807.0
2018-02-01,2,TEN,20001.0,20780.0
2018-02-01,3,TEN,19902.0,20729.0
2018-02-01,4,TEN,19277.0,20030.0
2018-02-01,5,TEN,18380.0,19189.0
2018-02-01,6,TEN,17540.0,18347.0
2018-02-01,7,TEN,17197.0,18031.0
2018-02-01,8,TEN,16939.0,17820.0
2018-02-01,9,TEN,16797.0,17577.0
2018-02-01,10,TEN,16881.0,17686.0
2018-02-01,11,TEN,17364.0,18160.0
2018-02-01,12,TEN,18447.0,19337.0
2018-02-01,13,TEN,19779.0,20676.0
2018-02-01,14,TEN,19437.0,20371.0
2018-02-01,15,TEN,18957.0,19871.0
2018-02-01,16,TEN,18800.0,19720.0
2018-02-01,17,TEN,18727.0,19624.0
2018-02-01,18,TEN,18467.0,19314.0
2018-02-01,19,TEN,18287.0,19120.0
2018-02-01,20,TEN,18129.0,18996.0
2018-02-01,21,TEN,18037.0,18893.0
2018-02-01,22,TEN,18388.0,19252.0
2018-02-01,23,TEN,19106.0,20026.0
2018-02-02,0,TEN,20219.0,21145.0
2018-02-02,1,TEN,20565.0,21536.0
2018-02-02,2,TEN,20640.0,21576.0
2018-02-02,3,TEN,20665.0,21535.0
2018-02-02,4,TEN,20335.0,21209.0
2018-02-02,5,TEN,19816.0,20643.0
2018-02-02,6,TEN,19382.0,20238.0
2018-02-02,7,TEN,19480.0,20175.0
2018-02-02,8,TEN,19804.0,20498.0
2018-02-02,9,TEN,20466.0,21189.0
2018-02-02,10,TEN,21110.0,21908.0
2018-02-02,11,TEN,22053.0,22842.0
2018-02-02,12,TEN,23981.0,24646.0
2018-02-02,13,TEN,25930.0,25671.0
2018-02-02,14,TEN,26114.0,25821.0
2018-02-02,15,TEN,25528.0,25805.0
2018-02-02,16,TEN,24550.0,25232.0
2018-02-02,17,TEN,23761.0,24506.0
2018-02-02,18,TEN,22790.0,23554.0
2018-02-02,19,TEN,22099.0,22826.0
2018-02-02,20,TEN,21531.0,22226.0
2018-02-02,21,TEN,20843.0,21606.0
2018-02-02,22,TEN,20575.0,21288.0
2018-02-02,23,TEN,21300.0,21653.0
2018-02-03,0,TEN,22872.0,23192.0
2018-02-03,1,TEN,23962.0,24273.0
2018-02-03,2,TEN,24396.0,24431.0
2018-02-03,3,TEN,24445.0,24807.0
2018-02-03,4,TEN,24153.0,24504.0
2018-02-03,5,TEN,23632.0,24138.0
2018-02-03,6,TEN,23119.0,23534.0
2018-02-03,7,TEN,22716.0,23321.0
2018-02-03,8,TEN,22397.0,23064.0
2018-02-03,9,TEN,22212.0,22854.0
2018-02-03,10,TEN,22204.0,22881.0
2018-02-03,11,TEN,22329.0,23186.0
2018-02-03,12,TEN,22661.0,23477.0
2018-02-03,13,TEN,23343.0,24227.0
2018-02-03,14,TEN,23671.0,24526.0
2018-02-03,15,TEN,23553.0,24354.0
2018-02-03,16,TEN,22641.0,23233.0
2018-02-03,17,TEN,21586.0,22193.0
2018-02-03,18,TEN,20402.0,21129.0
2018-02-03,19,TEN,19372.0,20082.0
2018-02-03,20,TEN,18419.0,19181.0
2018-02-03,21,TEN,17882.0,18622.0
2018-02-03,22,TEN,17938.0,18717.0
2018-02-03,23,TEN,18476.0,19209.0
2018-02-04,0,TEN,19581.0,20382.0
2018-02-04,1,TEN,19964.0,20714.0
2018-02-04,2,TEN,19817.0,20600.0
2018-02-04,3,TEN,19437.0,20189.0
2018-02-04,4,TEN,18917.0,19668.0
2018-02-04,5,TEN,18159.0,18998.0
2018-02-04,6,TEN,17469.0,18358.0
2018-02-04,7,TEN,17044.0,17884.0
2018-02-04,8,TEN,16634.0,17544.0
2018-02-04,9,TEN,16508.0,17294.0
2018-02-04,10,TEN,16783.0,17497.0
2018-02-04,11,TEN,17051.0,17770.0
2018-02-04,12,TEN,17354.0,18011.0
2018-02-04,13,TEN,17967.0,18795.0
2018-02-04,14,TEN,18618.0,19472.0
2018-02-04,15,TEN,19219.0,20002.0
2018-02-04,16,TEN,19228.0,20018.0
2018-02-04,17,TEN,18844.0,19565.0
2018-02-04,18,TEN,18385.0,19107.0
2018-02-04,19,TEN,18041.0,18782.0
2018-02-04,20,TEN,17763.0,18518.0
2018-02-04,21,TEN,17481.0,18280.0
2018-02-04,22,TEN,17733.0,18539.0
2018-02-04,23,TEN,18211.0,19122.0
2018-02-05,0,TEN,19034.0,19847.0
2018-02-05,1,TEN,19229.0,20128.0
2018-02-05,2,TEN,19314.0,20163.0
2018-02-05,3,TEN,19351.0,20147.0
2018-02-05,4,TEN,19156.0,19919.0
2018-02-05,5,TEN,18784.0,19554.0
2018-02-05,6,TEN,18358.0,19087.0
2018-02-05,7,TEN,18307.0,19080.0
2018-02-05,8,TEN,18599.0,19416.0
2018-02-05,9,TEN,19015.0,19799.0
2018-02-05,10,TEN,19677.0,20534.0
2018-02-05,11,TEN,20707.0,21201.0
2018-02-05,12,TEN,22458.0,22841.0
2018-02-05,13,TEN,24193.0,24201.0
2018-02-05,14,TEN,24612.0,24598.0
2018-02-05,15,TEN,24364.0,24619.0
2018-02-05,16,TEN,23971.0,24382.0
2018-02-05,17,TEN,23089.0,23610.0
2018-02-05,18,TEN,21934.0,22931.0
2018-02-05,19,TEN,20923.0,21934.0
2018-02-05,20,TEN,20032.0,21007.0
2018-02-05,21,TEN,19196.0,20231.0
2018-02-05,22,TEN,19111.0,20048.0
2018-02-05,23,TEN,19617.0,20535.0
2018-02-06,0,TEN,21366.0,22293.0
2018-02-06,1,TEN,22606.0,23450.0
2018-02-06,2,TEN,22842.0,23737.0
2018-02-06,3,TEN,22576.0,23396.0
2018-02-06,4,TEN,21909.0,22798.0
2018-02-06,5,TEN,20742.0,21574.0
2018-02-06,6,TEN,19903.0,20795.0
2018-02-06,7,TEN,19370.0,20219.0
2018-02-06,8,TEN,18909.0,19865.0
2018-02-06,9,TEN,18789.0,19774.0
2018-02-06,10,TEN,18699.0,19730.0
2018-02-06,11,TEN,19054.0,20137.0
2018-02-06,12,TEN,20293.0,21335.0
2018-02-06,13,TEN,21494.0,22618.0
2018-02-06,14,TEN,21579.0,22735.0
2018-02-06,15,TEN,21423.0,22391.0
2018-02-06,16,TEN,21181.0,22117.0
2018-02-06,17,TEN,20816.0,21774.0
2018-02-06,18,TEN,20497.0,21390.0
2018-02-06,19,TEN,20180.0,21064.0
2018-02-06,20,TEN,19925.0,20940.0
2018-02-06,21,TEN,19799.0,20870.0
2018-02-06,22,TEN,19861.0,20857.0
2018-02-06,23,TEN,20423.0,21336.0
2018-02-07,0,TEN,21262.0,22063.0
2018-02-07,1,TEN,21481.0,22362.0
2018-02-07,2,TEN,21264.0,22198.0
2018-02-07,3,TEN,20704.0,21647.0
2018-02-07,4,TEN,19770.0,20588.0
2018-02-07,5,TEN,18728.0,19598.0
2018-02-07,6,TEN,17922.0,18823.0
2018-02-07,7,TEN,17372.0,18189.0
2018-02-07,8,TEN,17022.0,17892.0
2018-02-07,9,TEN,16953.0,17862.0
2018-02-07,10,TEN,16864.0,17843.0
2018-02-07,11,TEN,17171.0,18143.0
2018-02-07,12,TEN,18679.0,19502.0
2018-02-07,13,TEN,20222.0,21131.0
2018-02-07,14,TEN,20498.0,21482.0
2018-02-07,15,TEN,20544.0,21452.0
2018-02-07,16,TEN,20592.0,21579.0
2018-02-07,17,TEN,20817.0,21846.0
2018-02-07,18,TEN,20838.0,21893.0
2018-02-07,19,TEN,20744.0,21760.0
2018-02-07,20,TEN,20703.0,21495.0
2018-02-07,21,TEN,20763.0,21602.0
2018-02-07,22,TEN,21216.0,22072.0
2018-02-07,23,TEN,21851.0,22745.0
2018-02-08,0,TEN,22887.0,23435.0
2018-02-08,1,TEN,23559.0,24001.0
2018-02-08,2,TEN,23498.0,24102.0
2018-02-08,3,TEN,23277.0,24131.0
2018-02-08,4,TEN,22542.0,23445.0
2018-02-08,5,TEN,21530.0,22371.0
2018-02-08,6,TEN,20860.0,21664.0
2018-02-08,7,TEN,20655.0,21265.0
2018-02-08,8,TEN,20760.0,21321.0
2018-02-08,9,TEN,20965.0,21582.0
2018-02-08,10,TEN,21332.0,22042.0
2018-02-08,11,TEN,22256.0,22887.0
2018-02-08,12,TEN,23830.0,24516.0
2018-02-08,13,TEN,25264.0,25599.0
2018-02-08,14,TEN,25033.0,25437.0
2018-02-08,15,TEN,23744.0,24561.0
2018-02-08,16,TEN,22539.0,23320.0
2018-02-08,17,TEN,21367.0,22209.0
2018-02-08,18,TEN,20086.0,20987.0
2018-02-08,19,TEN,19345.0,20251.0
2018-02-08,20,TEN,18680.0,19665.0
2018-02-08,21,TEN,18026.0,18992.0
2018-02-08,22,TEN,17834.0,18762.0
2018-02-08,23,TEN,18308.0,19216.0
2018-02-09,0,TEN,19864.0,20836.0
2018-02-09,1,TEN,21156.0,22101.0
2018-02-09,2,TEN,21786.0,22350.0
2018-02-09,3,TEN,21262.0,22499.0
2018-02-09,4,TEN,21249.0,22138.0
2018-02-09,5,TEN,20583.0,21510.0
2018-02-09,6,TEN,20130.0,21016.0
2018-02-09,7,TEN,20093.0,20899.0
2018-02-09,8,TEN,20135.0,20922.0
2018-02-09,9,TEN,20315.0,21200.0
2018-02-09,10,TEN,20558.0,21445.0
2018-02-09,11,TEN,21292.0,22200.0
2018-02-09,12,TEN,22767.0,23611.0
2018-02-09,13,TEN,24191.0,24920.0
2018-02-09,14,TEN,23734.0,24572.0
2018-02-09,15,TEN,21980.0,22787.0
2018-02-09,16,TEN,20270.0,21327.0
2018-02-09,17,TEN,19024.0,19891.0
2018-02-09,18,TEN,18009.0,18868.0
2018-02-09,19,TEN,17298.0,18143.0
2018-02-09,20,TEN,16748.0,17605.0
2018-02-09,21,TEN,16241.0,17131.0
2018-02-09,22,TEN,16050.0,16784.0
2018-02-09,23,TEN,16309.0,17084.0
2018-02-10,0,TEN,17199.0,18016.0
2018-02-10,1,TEN,17769.0,18528.0
2018-02-10,2,TEN,17653.0,18433.0
2018-02-10,3,TEN,17354.0,18141.0
2018-02-10,4,TEN,16867.0,17760.0
2018-02-10,5,TEN,16159.0,17071.0
2018-02-10,6,TEN,15342.0,16327.0
2018-02-10,7,TEN,14909.0,16000.0
2018-02-10,8,TEN,14412.0,15546.0
2018-02-10,9,TEN,14314.0,15356.0
2018-02-10,10,TEN,14209.0,15224.0
2018-02-10,11,TEN,14412.0,15496.0
2018-02-10,12,TEN,14735.0,15766.0
2018-02-10,13,TEN,15388.0,16485.0
2018-02-10,14,TEN,15927.0,17077.0
2018-02-10,15,TEN,16801.0,17977.0
2018-02-10,16,TEN,17314.0,18405.0
2018-02-10,17,TEN,17415.0,18577.0
2018-02-10,18,TEN,17289.0,18397.0
2018-02-10,19,TEN,16992.0,18135.0
2018-02-10,20,TEN,16785.0,17908.0
2018-02-10,21,TEN,16604.0,17717.0
2018-02-10,22,TEN,16600.0,17744.0
2018-02-10,23,TEN,16690.0,17766.0
2018-02-11,0,TEN,17384.0,18471.0
2018-02-11,1,TEN,17471.0,18594.0
2018-02-11,2,TEN,16999.0,18124.0
2018-02-11,3,TEN,16691.0,17816.0
2018-02-11,4,TEN,16088.0,17112.0
2018-02-11,5,TEN,15281.0,16364.0
2018-02-11,6,TEN,14505.0,15552.0
2018-02-11,7,TEN,13953.0,14822.0
2018-02-11,8,TEN,13616.0,14497.0
2018-02-11,9,TEN,13355.0,14211.0
2018-02-11,10,TEN,13333.0,14157.0
2018-02-11,11,TEN,13419.0,14265.0
2018-02-11,12,TEN,13733.0,14601.0
2018-02-11,13,TEN,14310.0,15215.0
2018-02-11,14,TEN,14952.0,15887.0
2018-02-11,15,TEN,15716.0,16695.0
2018-02-11,16,TEN,15974.0,16934.0
2018-02-11,17,TEN,16066.0,17028.0
2018-02-11,18,TEN,15973.0,16973.0
2018-02-11,19,TEN,16087.0,17030.0
2018-02-11,20,TEN,16091.0,16972.0
2018-02-11,21,TEN,16151.0,17107.0
2018-02-11,22,TEN,16453.0,17403.0
2018-02-11,23,TEN,17026.0,17929.0
2018-02-12,0,TEN,18007.0,18923.0
2018-02-12,1,TEN,18703.0,19233.0
2018-02-12,2,TEN,18595.0,19144.0
2018-02-12,3,TEN,18410.0,18957.0
2018-02-12,4,TEN,17756.0,18215.0
2018-02-12,5,TEN,17027.0,17501.0
2018-02-12,6,TEN,16473.0,17460.0
2018-02-12,7,TEN,16268.0,17101.0
2018-02-12,8,TEN,16328.0,16769.0
2018-02-12,9,TEN,16578.0,17012.0
2018-02-12,10,TEN,16960.0,17401.0
2018-02-12,11,TEN,17979.0,18654.0
2018-02-12,12,TEN,19601.0,20411.0
2018-02-12,13,TEN,21540.0,22263.0
2018-02-12,14,TEN,21774.0,22517.0
2018-02-12,15,TEN,21898.0,22527.0
2018-02-12,16,TEN,21795.0,22505.0
2018-02-12,17,TEN,21542.0,22197.0
2018-02-12,18,TEN,21125.0,21470.0
2018-02-12,19,TEN,20715.0,20978.0
2018-02-12,20,TEN,20378.0,20574.0
2018-02-12,21,TEN,20085.0,20335.0
2018-02-12,22,TEN,20070.0,20360.0
2018-02-12,23,TEN,20377.0,20873.0
2018-02-13,0,TEN,21515.0,22016.0
2018-02-13,1,TEN,22213.0,22540.0
2018-02-13,2,TEN,21970.0,22299.0
2018-02-13,3,TEN,21506.0,21990.0
2018-02-13,4,TEN,20656.0,21357.0
2018-02-13,5,TEN,19487.0,20236.0
2018-02-13,6,TEN,18617.0,19409.0
2018-02-13,7,TEN,18184.0,19051.0
2018-02-13,8,TEN,17853.0,18728.0
2018-02-13,9,TEN,17675.0,18569.0
2018-02-13,10,TEN,17708.0,18580.0
2018-02-13,11,TEN,18197.0,19083.0
2018-02-13,12,TEN,19582.0,20435.0
2018-02-13,13,TEN,20836.0,21559.0
2018-02-13,14,TEN,20756.0,21472.0
2018-02-13,15,TEN,20461.0,21238.0
2018-02-13,16,TEN,19942.0,20681.0
2018-02-13,17,TEN,19419.0,20221.0
2018-02-13,18,TEN,18736.0,19674.0
2018-02-13,19,TEN,18095.0,19028.0
2018-02-13,20,TEN,17685.0,18602.0
2018-02-13,21,TEN,17227.0,17972.0
2018-02-13,22,TEN,17163.0,17841.0
2018-02-13,23,TEN,17377.0,18071.0
2018-02-14,0,TEN,18317.0,19088.0
2018-02-14,1,TEN,18835.0,19576.0
2018-02-14,2,TEN,18719.0,19450.0
2018-02-14,3,TEN,18401.0,19187.0
2018-02-14,4,TEN,17501.0,18413.0
2018-02-14,5,TEN,16406.0,17209.0
2018-02-14,6,TEN,15484.0,16389.0
2018-02-14,7,TEN,14959.0,15790.0
2018-02-14,8,TEN,14656.0,15520.0
2018-02-14,9,TEN,14495.0,15128.0
2018-02-14,10,TEN,14558.0,15190.0
2018-02-14,11,TEN,15002.0,15545.0
2018-02-14,12,TEN,16182.0,17018.0
2018-02-14,13,TEN,17604.0,18729.0
2018-02-14,14,TEN,17568.0,18791.0
2018-02-14,15,TEN,17398.0,18443.0
2018-02-14,16,TEN,17365.0,18275.0
2018-02-14,17,TEN,17328.0,18472.0
2018-02-14,18,TEN,17042.0,18136.0
2018-02-14,19,TEN,16915.0,17962.0
2018-02-14,20,TEN,16765.0,17824.0
2018-02-14,21,TEN,16631.0,17731.0
2018-02-14,22,TEN,16649.0,17787.0
2018-02-14,23,TEN,17102.0,18140.0
2018-02-15,0,TEN,17796.0,18770.0
2018-02-15,1,TEN,17931.0,18950.0
2018-02-15,2,TEN,17623.0,18540.0
2018-02-15,3,TEN,17135.0,17933.0
2018-02-15,4,TEN,16363.0,17227.0
2018-02-15,5,TEN,15316.0,16366.0
2018-02-15,6,TEN,14380.0,15178.0
2018-02-15,7,TEN,13793.0,14485.0
2018-02-15,8,TEN,13418.0,14128.0
2018-02-15,9,TEN,13195.0,13815.0
2018-02-15,10,TEN,13143.0,13809.0
2018-02-15,11,TEN,13622.0,14358.0
2018-02-15,12,TEN,14822.0,15672.0
2018-02-15,13,TEN,16168.0,17068.0
2018-02-15,14,TEN,16164.0,17139.0
2018-02-15,15,TEN,16271.0,17249.0
2018-02-15,16,TEN,16381.0,17359.0
2018-02-15,17,TEN,16415.0,17418.0
2018-02-15,18,TEN,16385.0,17405.0
2018-02-15,19,TEN,16359.0,17422.0
2018-02-15,20,TEN,16254.0,17223.0
2018-02-15,21,TEN,16233.0,17178.0
2018-02-15,22,TEN,16156.0,17080.0
2018-02-15,23,TEN,16228.0,17108.0
2018-02-16,0,TEN,16905.0,17784.0
2018-02-16,1,TEN,17596.0,18524.0
2018-02-16,2,TEN,17420.0,18294.0
2018-02-16,3,TEN,17016.0,17931.0
2018-02-16,4,TEN,16128.0,17012.0
2018-02-16,5,TEN,14958.0,15896.0
2018-02-16,6,TEN,14030.0,14438.0
2018-02-16,7,TEN,13385.0,13796.0
2018-02-16,8,TEN,12864.0,13640.0
2018-02-16,9,TEN,12695.0,13691.0
2018-02-16,10,TEN,12708.0,13691.0
2018-02-16,11,TEN,13135.0,13805.0
2018-02-16,12,TEN,14212.0,14220.0
2018-02-16,13,TEN,15486.0,15462.0
2018-02-16,14,TEN,15770.0,15739.0
2018-02-16,15,TEN,16061.0,16081.0
2018-02-16,16,TEN,16186.0,16255.0
2018-02-16,17,TEN,16299.0,16327.0
2018-02-16,18,TEN,16455.0,16522.0
2018-02-16,19,TEN,16447.0,16537.0
2018-02-16,20,TEN,16529.0,16565.0
2018-02-16,21,TEN,16706.0,16660.0
2018-02-16,22,TEN,16809.0,16873.0
2018-02-16,23,TEN,17272.0,17272.0
2018-02-17,0,TEN,17994.0,17976.0
2018-02-17,1,TEN,18317.0,18155.0
2018-02-17,2,TEN,18191.0,18115.0
2018-02-17,3,TEN,17852.0,17887.0
2018-02-17,4,TEN,17348.0,17345.0
2018-02-17,5,TEN,16634.0,16639.0
2018-02-17,6,TEN,15911.0,15932.0
2018-02-17,7,TEN,15385.0,15246.0
2018-02-17,8,TEN,15015.0,14803.0
2018-02-17,9,TEN,14813.0,14677.0
2018-02-17,10,TEN,14879.0,14706.0
2018-02-17,11,TEN,15143.0,15027.0
2018-02-17,12,TEN,15635.0,15369.0
2018-02-17,13,TEN,16237.0,16162.0
2018-02-17,14,TEN,16837.0,16775.0
2018-02-17,15,TEN,17657.0,17542.0
2018-02-17,16,TEN,18093.0,18008.0
2018-02-17,17,TEN,18287.0,18183.0
2018-02-17,18,TEN,18099.0,18083.0
2018-02-17,19,TEN,17864.0,17796.0
2018-02-17,20,TEN,17461.0,17392.0
2018-02-17,21,TEN,17191.0,17112.0
2018-02-17,22,TEN,17117.0,17038.0
2018-02-17,23,TEN,17223.0,17285.0
2018-02-18,0,TEN,17798.0,17813.0
2018-02-18,1,TEN,17963.0,17817.0
2018-02-18,2,TEN,17640.0,17529.0
2018-02-18,3,TEN,17321.0,17155.0
2018-02-18,4,TEN,16770.0,16638.0
2018-02-18,5,TEN,16044.0,15898.0
2018-02-18,6,TEN,15377.0,15239.0
2018-02-18,7,TEN,15009.0,14878.0
2018-02-18,8,TEN,14964.0,14818.0
2018-02-18,9,TEN,15062.0,14952.0
2018-02-18,10,TEN,15440.0,15257.0
2018-02-18,11,TEN,15882.0,15745.0
2018-02-18,12,TEN,16654.0,16478.0
2018-02-18,13,TEN,17362.0,17378.0
2018-02-18,14,TEN,17821.0,17860.0
2018-02-18,15,TEN,17609.0,17596.0
2018-02-18,16,TEN,16744.0,16729.0
2018-02-18,17,TEN,15933.0,15939.0
2018-02-18,18,TEN,15476.0,15539.0
2018-02-18,19,TEN,15086.0,15025.0
2018-02-18,20,TEN,14718.0,14773.0
2018-02-18,21,TEN,14525.0,14547.0
2018-02-18,22,TEN,14573.0,14588.0
2018-02-18,23,TEN,14977.0,14917.0
2018-02-19,0,TEN,15957.0,15915.0
2018-02-19,1,TEN,16542.0,16534.0
2018-02-19,2,TEN,16386.0,16364.0
2018-02-19,3,TEN,16032.0,15968.0
2018-02-19,4,TEN,15418.0,15499.0
2018-02-19,5,TEN,14638.0,14652.0
2018-02-19,6,TEN,13872.0,14321.0
2018-02-19,7,TEN,13395.0,13799.0
2018-02-19,8,TEN,13087.0,13497.0
2018-02-19,9,TEN,12975.0,13417.0
2018-02-19,10,TEN,13005.0,13189.0
2018-02-19,11,TEN,13603.0,13744.0
2018-02-19,12,TEN,14602.0,14810.0
2018-02-19,13,TEN,15636.0,15743.0
2018-02-19,14,TEN,15970.0,16086.0
2018-02-19,15,TEN,16137.0,16247.0
2018-02-19,16,TEN,16184.0,16303.0
2018-02-19,17,TEN,16192.0,16318.0
2018-02-19,18,TEN,16222.0,16343.0
2018-02-19,19,TEN,16117.0,16226.0
2018-02-19,20,TEN,16139.0,16260.0
2018-02-19,21,TEN,15962.0,16363.0
2018-02-19,22,TEN,15948.0,16301.0
2018-02-19,23,TEN,16028.0,16153.0
2018-02-20,0,TEN,16670.0,16686.0
2018-02-20,1,TEN,17406.0,17471.0
2018-02-20,2,TEN,17183.0,17269.0
2018-02-20,3,TEN,16502.0,16621.0
2018-02-20,4,TEN,15680.0,15819.0
2018-02-20,5,TEN,14585.0,14769.0
2018-02-20,6,TEN,13562.0,13788.0
2018-02-20,7,TEN,13059.0,13175.0
2018-02-20,8,TEN,12708.0,12858.0
2018-02-20,9,TEN,12511.0,12696.0
2018-02-20,10,TEN,12402.0,12665.0
2018-02-20,11,TEN,13001.0,13124.0
2018-02-20,12,TEN,14322.0,14532.0
2018-02-20,13,TEN,15675.0,16039.0
2018-02-20,14,TEN,15817.0,16299.0
2018-02-20,15,TEN,15810.0,16330.0
2018-02-20,16,TEN,15951.0,16349.0
2018-02-20,17,TEN,16111.0,16316.0
2018-02-20,18,TEN,16342.0,16560.0
2018-02-20,19,TEN,16423.0,16568.0
2018-02-20,20,TEN,16481.0,16688.0
2018-02-20,21,TEN,16549.0,16721.0
2018-02-20,22,TEN,16554.0,16691.0
2018-02-20,23,TEN,16473.0,16644.0
2018-02-21,0,TEN,17024.0,17132.0
2018-02-21,1,TEN,17657.0,17830.0
2018-02-21,2,TEN,17368.0,17507.0
2018-02-21,3,TEN,16849.0,17048.0
2018-02-21,4,TEN,15999.0,16156.0
2018-02-21,5,TEN,14893.0,15066.0
2018-02-21,6,TEN,13923.0,14018.0
2018-02-21,7,TEN,13300.0,13460.0
2018-02-21,8,TEN,12880.0,13239.0
2018-02-21,9,TEN,12583.0,13177.0
2018-02-21,10,TEN,12510.0,13086.0
2018-02-21,11,TEN,12902.0,13227.0
2018-02-21,12,TEN,14019.0,14107.0
2018-02-21,13,TEN,15276.0,15329.0
2018-02-21,14,TEN,15476.0,15563.0
2018-02-21,15,TEN,15666.0,15824.0
2018-02-21,16,TEN,15854.0,16063.0
2018-02-21,17,TEN,16189.0,16341.0
2018-02-21,18,TEN,16261.0,16397.0
2018-02-21,19,TEN,16358.0,16573.0
2018-02-21,20,TEN,16348.0,16595.0
2018-02-21,21,TEN,16275.0,16491.0
2018-02-21,22,TEN,16500.0,16708.0
2018-02-21,23,TEN,16862.0,17075.0
2018-02-22,0,TEN,17592.0,17895.0
2018-02-22,1,TEN,18093.0,18350.0
2018-02-22,2,TEN,17855.0,18077.0
2018-02-22,3,TEN,17312.0,17481.0
2018-02-22,4,TEN,16327.0,16487.0
2018-02-22,5,TEN,15220.0,15380.0
2018-02-22,6,TEN,14320.0,14404.0
2018-02-22,7,TEN,13624.0,13833.0
2018-02-22,8,TEN,13245.0,13667.0
2018-02-22,9,TEN,13109.0,13790.0
2018-02-22,10,TEN,13211.0,13859.0
2018-02-22,11,TEN,13616.0,13988.0
2018-02-22,12,TEN,14891.0,15061.0
2018-02-22,13,TEN,16238.0,16302.0
2018-02-22,14,TEN,16458.0,16524.0
2018-02-22,15,TEN,16621.0,16709.0
2018-02-22,16,TEN,16805.0,16880.0
2018-02-22,17,TEN,16880.0,17021.0
2018-02-22,18,TEN,17020.0,17083.0
2018-02-22,19,TEN,17039.0,17093.0
2018-02-22,20,TEN,16917.0,17055.0
2018-02-22,21,TEN,16768.0,16993.0
2018-02-22,22,TEN,16773.0,16853.0
2018-02-22,23,TEN,16928.0,16976.0
2018-02-23,0,TEN,17261.0,17126.0
2018-02-23,1,TEN,17904.0,17727.0
2018-02-23,2,TEN,17475.0,17160.0
2018-02-23,3,TEN,17010.0,16783.0
2018-02-23,4,TEN,16120.0,16279.0
2018-02-23,5,TEN,14950.0,15080.0
2018-02-23,6,TEN,14010.0,14066.0
2018-02-23,7,TEN,13300.0,13396.0
2018-02-23,8,TEN,12904.0,13049.0
2018-02-23,9,TEN,12642.0,12771.0
2018-02-23,10,TEN,12720.0,12815.0
2018-02-23,11,TEN,13240.0,13217.0
2018-02-23,12,TEN,14450.0,14572.0
2018-02-23,13,TEN,15532.0,15496.0
2018-02-23,14,TEN,15716.0,15550.0
2018-02-23,15,TEN,15918.0,15736.0
2018-02-23,16,TEN,16047.0,15934.0
2018-02-23,17,TEN,16293.0,16176.0
2018-02-23,18,TEN,16548.0,16442.0
2018-02-23,19,TEN,16627.0,16658.0
2018-02-23,20,TEN,16670.0,16785.0
2018-02-23,21,TEN,16690.0,16825.0
2018-02-23,22,TEN,16728.0,16880.0
2018-02-23,23,TEN,16709.0,16877.0
2018-02-24,0,TEN,16736.0,16546.0
2018-02-24,1,TEN,17059.0,16706.0
2018-02-24,2,TEN,16625.0,16438.0
2018-02-24,3,TEN,16082.0,16203.0
2018-02-24,4,TEN,15400.0,15624.0
2018-02-24,5,TEN,14487.0,14612.0
2018-02-24,6,TEN,13619.0,13771.0
2018-02-24,7,TEN,12861.0,12994.0
2018-02-24,8,TEN,12517.0,12617.0
2018-02-24,9,TEN,12203.0,12577.0
2018-02-24,10,TEN,12121.0,12550.0
2018-02-24,11,TEN,12235.0,12619.0
2018-02-24,12,TEN,12635.0,12899.0
2018-02-24,13,TEN,13148.0,13360.0
2018-02-24,14,TEN,13672.0,13845.0
2018-02-24,15,TEN,14592.0,14770.0
2018-02-24,16,TEN,15193.0,15348.0
2018-02-24,17,TEN,15562.0,15715.0
2018-02-24,18,TEN,15730.0,15923.0
2018-02-24,19,TEN,15642.0,15901.0
2018-02-24,20,TEN,15342.0,15623.0
2018-02-24,21,TEN,15265.0,15414.0
2018-02-24,22,TEN,15369.0,15499.0
2018-02-24,23,TEN,15398.0,15535.0
2018-02-25,0,TEN,15879.0,16028.0
2018-02-25,1,TEN,16341.0,16503.0
2018-02-25,2,TEN,15889.0,16120.0
2018-02-25,3,TEN,15336.0,15537.0
2018-02-25,4,TEN,14672.0,14903.0
2018-02-25,5,TEN,13886.0,14196.0
2018-02-25,6,TEN,13089.0,13309.0
2018-02-25,7,TEN,12430.0,13004.0
2018-02-25,8,TEN,12051.0,13016.0
2018-02-25,9,TEN,11767.0,13008.0
2018-02-25,10,TEN,11718.0,12971.0
2018-02-25,11,TEN,11694.0,12870.0
2018-02-25,12,TEN,12015.0,12854.0
2018-02-25,13,TEN,12493.0,12918.0
2018-02-25,14,TEN,13253.0,13505.0
2018-02-25,15,TEN,14111.0,14364.0
2018-02-25,16,TEN,14406.0,14617.0
2018-02-25,17,TEN,14465.0,14749.0
2018-02-25,18,TEN,14468.0,14744.0
2018-02-25,19,TEN,14492.0,14754.0
2018-02-25,20,TEN,14432.0,14735.0
2018-02-25,21,TEN,14362.0,14645.0
2018-02-25,22,TEN,14700.0,14936.0
2018-02-25,23,TEN,15085.0,15470.0
2018-02-26,0,TEN,15946.0,16379.0
2018-02-26,1,TEN,16602.0,16877.0
2018-02-26,2,TEN,16425.0,16753.0
2018-02-26,3,TEN,16052.0,16343.0
2018-02-26,4,TEN,15148.0,15442.0
2018-02-26,5,TEN,14333.0,14538.0
2018-02-26,6,TEN,13689.0,13816.0
2018-02-26,7,TEN,13231.0,13349.0
2018-02-26,8,TEN,13097.0,13201.0
2018-02-26,9,TEN,13002.0,13175.0
2018-02-26,10,TEN,13232.0,13431.0
2018-02-26,11,TEN,13762.0,13935.0
2018-02-26,12,TEN,15348.0,15526.0
2018-02-26,13,TEN,16787.0,16974.0
2018-02-26,14,TEN,16936.0,17155.0
2018-02-26,15,TEN,16619.0,16886.0
2018-02-26,16,TEN,16637.0,16846.0
2018-02-26,17,TEN,16550.0,16762.0
2018-02-26,18,TEN,16331.0,16579.0
2018-02-26,19,TEN,16088.0,16256.0
2018-02-26,20,TEN,15859.0,16011.0
2018-02-26,21,TEN,15649.0,15836.0
2018-02-26,22,TEN,15566.0,15754.0
2018-02-26,23,TEN,15829.0,15946.0
2018-02-27,0,TEN,16506.0,16673.0
2018-02-27,1,TEN,17647.0,17828.0
2018-02-27,2,TEN,17672.0,17858.0
2018-02-27,3,TEN,17385.0,17575.0
2018-02-27,4,TEN,16780.0,16952.0
2018-02-27,5,TEN,15909.0,16076.0
2018-02-27,6,TEN,15426.0,15581.0
2018-02-27,7,TEN,15163.0,15177.0
2018-02-27,8,TEN,15217.0,15259.0
2018-02-27,9,TEN,15290.0,15308.0
2018-02-27,10,TEN,15709.0,15690.0
2018-02-27,11,TEN,16502.0,16556.0
2018-02-27,12,TEN,18179.0,18238.0
2018-02-27,13,TEN,19637.0,19229.0
2018-02-27,14,TEN,19110.0,18674.0
2018-02-27,15,TEN,18058.0,17954.0
2018-02-27,16,TEN,17165.0,17061.0
2018-02-27,17,TEN,16642.0,16508.0
2018-02-27,18,TEN,16267.0,16209.0
2018-02-27,19,TEN,15955.0,15978.0
2018-02-27,20,TEN,15806.0,15732.0
2018-02-27,21,TEN,15595.0,15541.0
2018-02-27,22,TEN,15564.0,15582.0
2018-02-27,23,TEN,15572.0,15544.0
2018-02-28,0,TEN,16383.0,16363.0
2018-02-28,1,TEN,17259.0,17202.0
2018-02-28,2,TEN,17087.0,17061.0
2018-02-28,3,TEN,16779.0,16745.0
2018-02-28,4,TEN,15977.0,15926.0
2018-02-28,5,TEN,14957.0,14937.0
2018-02-28,6,TEN,14031.0,14103.0
2018-02-28,7,TEN,13660.0,13813.0
2018-02-28,8,TEN,13506.0,13691.0
2018-02-28,9,TEN,13357.0,13555.0
2018-02-28,10,TEN,13386.0,13586.0
2018-02-28,11,TEN,13919.0,14164.0
2018-02-28,12,TEN,15297.0,15553.0
2018-02-28,13,TEN,16620.0,16746.0
2018-02-28,14,TEN,16732.0,16896.0
2018-02-28,15,TEN,16713.0,16944.0
2018-02-28,16,TEN,16695.0,16977.0
2018-02-28,17,TEN,16690.0,16786.0
2018-02-28,18,TEN,16594.0,16777.0
2018-02-28,19,TEN,16551.0,16742.0
2018-02-28,20,TEN,16402.0,16605.0
2018-02-28,21,TEN,16315.0,16500.0
2018-02-28,22,TEN,16420.0,16630.0
2018-02-28,23,TEN,16803.0,16964.0
2018-03-01,0,TEN,17467.0,17586.0
2018-03-01,1,TEN,17893.0,17655.0
2018-03-01,2,TEN,17511.0,17333.0
2018-03-01,3,TEN,17096.0,17116.0
2018-03-01,4,TEN,16239.0,16294.0
2018-03-01,5,TEN,15178.0,15207.0
2018-03-01,6,TEN,14238.0,14325.0
2018-03-01,7,TEN,13745.0,13892.0
2018-03-01,8,TEN,13433.0,13638.0
2018-03-01,9,TEN,13319.0,13543.0
2018-03-01,10,TEN,13313.0,13568.0
2018-03-01,11,TEN,13823.0,14081.0
2018-03-01,12,TEN,15028.0,15318.0
2018-03-01,13,TEN,16383.0,16644.0
2018-03-01,14,TEN,16636.0,17004.0
2018-03-01,15,TEN,16626.0,16965.0
2018-03-01,16,TEN,16595.0,16616.0
2018-03-01,17,TEN,16700.0,16686.0
2018-03-01,18,TEN,16611.0,16610.0
2018-03-01,19,TEN,16490.0,16433.0
2018-03-01,20,TEN,16358.0,16190.0
2018-03-01,21,TEN,16249.0,16122.0
2018-03-01,22,TEN,16217.0,16178.0
2018-03-01,23,TEN,16341.0,16265.0
2018-03-02,0,TEN,16888.0,16629.0
2018-03-02,1,TEN,17783.0,17378.0
2018-03-02,2,TEN,17753.0,17373.0
2018-03-02,3,TEN,17387.0,17244.0
2018-03-02,4,TEN,16677.0,16703.0
2018-03-02,5,TEN,15770.0,15825.0
2018-03-02,6,TEN,14964.0,14991.0
2018-03-02,7,TEN,14685.0,14623.0
2018-03-02,8,TEN,14585.0,14437.0
2018-03-02,9,TEN,14684.0,14549.0
2018-03-02,10,TEN,14914.0,14826.0
2018-03-02,11,TEN,15883.0,15721.0
2018-03-02,12,TEN,17534.0,17433.0
2018-03-02,13,TEN,18955.0,18815.0
2018-03-02,14,TEN,18746.0,18563.0
2018-03-02,15,TEN,18135.0,18007.0
2018-03-02,16,TEN,17599.0,17417.0
2018-03-02,17,TEN,17217.0,17096.0
2018-03-02,18,TEN,16865.0,16691.0
2018-03-02,19,TEN,16385.0,16266.0
2018-03-02,20,TEN,16075.0,15900.0
2018-03-02,21,TEN,15834.0,15714.0
2018-03-02,22,TEN,15638.0,15528.0
2018-03-02,23,TEN,15818.0,15716.0
2018-03-03,0,TEN,16509.0,16390.0
2018-03-03,1,TEN,17531.0,17365.0
2018-03-03,2,TEN,17616.0,17503.0
2018-03-03,3,TEN,17619.0,17470.0
2018-03-03,4,TEN,17354.0,17241.0
2018-03-03,5,TEN,16830.0,16663.0
2018-03-03,6,TEN,16398.0,16190.0
2018-03-03,7,TEN,16190.0,15907.0
2018-03-03,8,TEN,16170.0,15886.0
2018-03-03,9,TEN,16215.0,15946.0
2018-03-03,10,TEN,16544.0,16201.0
2018-03-03,11,TEN,17031.0,16592.0
2018-03-03,12,TEN,17779.0,17361.0
2018-03-03,13,TEN,18344.0,17633.0
2018-03-03,14,TEN,18484.0,17720.0
2018-03-03,15,TEN,18148.0,17357.0
2018-03-03,16,TEN,17614.0,16804.0
2018-03-03,17,TEN,17007.0,16183.0
2018-03-03,18,TEN,16146.0,15863.0
2018-03-03,19,TEN,15577.0,15301.0
2018-03-03,20,TEN,15024.0,14753.0
2018-03-03,21,TEN,14718.0,14478.0
2018-03-03,22,TEN,14609.0,14370.0
2018-03-03,23,TEN,14759.0,14611.0
2018-03-04,0,TEN,15294.0,15202.0
2018-03-04,1,TEN,16601.0,16415.0
2018-03-04,2,TEN,16851.0,16668.0
2018-03-04,3,TEN,16918.0,16744.0
2018-03-04,4,TEN,16625.0,16415.0
2018-03-04,5,TEN,16248.0,16003.0
2018-03-04,6,TEN,15818.0,15566.0
2018-03-04,7,TEN,15634.0,15437.0
2018-03-04,8,TEN,15646.0,15428.0
2018-03-04,9,TEN,15781.0,15506.0
2018-03-04,10,TEN,15969.0,15771.0
2018-03-04,11,TEN,16364.0,16126.0
2018-03-04,12,TEN,17124.0,16889.0
2018-03-04,13,TEN,17694.0,17484.0
2018-03-04,14,TEN,17826.0,17628.0
2018-03-04,15,TEN,17314.0,17063.0
2018-03-04,16,TEN,16388.0,16147.0
2018-03-04,17,TEN,15491.0,15233.0
2018-03-04,18,TEN,14921.0,14702.0
2018-03-04,19,TEN,14517.0,14281.0
2018-03-04,20,TEN,14260.0,14073.0
2018-03-04,21,TEN,14082.0,13902.0
2018-03-04,22,TEN,14054.0,13870.0
2018-03-04,23,TEN,14293.0,14143.0
2018-03-05,0,TEN,15124.0,14964.0
2018-03-05,1,TEN,16323.0,16127.0
2018-03-05,2,TEN,16509.0,16319.0
2018-03-05,3,TEN,16268.0,16052.0
2018-03-05,4,TEN,15763.0,15577.0
2018-03-05,5,TEN,15077.0,14850.0
2018-03-05,6,TEN,14609.0,14484.0
2018-03-05,7,TEN,14299.0,14227.0
2018-03-05,8,TEN,14369.0,14204.0
2018-03-05,9,TEN,14488.0,14347.0
2018-03-05,10,TEN,14839.0,14640.0
2018-03-05,11,TEN,15511.0,15359.0
2018-03-05,12,TEN,16990.0,16912.0
2018-03-05,13,TEN,18388.0,18394.0
2018-03-05,14,TEN,18473.0,18058.0
2018-03-05,15,TEN,18206.0,17996.0
2018-03-05,16,TEN,17930.0,17950.0
2018-03-05,17,TEN,17741.0,17755.0
2018-03-05,18,TEN,17388.0,17417.0
2018-03-05,19,TEN,16986.0,17014.0
2018-03-05,20,TEN,16743.0,16742.0
2018-03-05,21,TEN,16509.0,16556.0
2018-03-05,22,TEN,16517.0,16577.0
2018-03-05,23,TEN,16834.0,16819.0
2018-03-06,0,TEN,17612.0,17575.0
2018-03-06,1,TEN,18294.0,18353.0
2018-03-06,2,TEN,18003.0,18039.0
2018-03-06,3,TEN,17234.0,17280.0
2018-03-06,4,TEN,16325.0,16253.0
2018-03-06,5,TEN,15281.0,15139.0
2018-03-06,6,TEN,14605.0,14328.0
2018-03-06,7,TEN,14159.0,14065.0
2018-03-06,8,TEN,13916.0,13930.0
2018-03-06,9,TEN,13828.0,13968.0
2018-03-06,10,TEN,14028.0,14126.0
2018-03-06,11,TEN,14659.0,14739.0
2018-03-06,12,TEN,16145.0,16046.0
2018-03-06,13,TEN,17451.0,17322.0
2018-03-06,14,TEN,17378.0,17250.0
2018-03-06,15,TEN,17074.0,17046.0
2018-03-06,16,TEN,16817.0,16828.0
2018-03-06,17,TEN,16548.0,16717.0
2018-03-06,18,TEN,16333.0,16577.0
2018-03-06,19,TEN,16076.0,16324.0
2018-03-06,20,TEN,15836.0,16179.0
2018-03-06,21,TEN,15626.0,15839.0
2018-03-06,22,TEN,15541.0,15855.0
2018-03-06,23,TEN,15662.0,16031.0
2018-03-07,0,TEN,16211.0,16693.0
2018-03-07,1,TEN,17506.0,17946.0
2018-03-07,2,TEN,17742.0,18243.0
2018-03-07,3,TEN,17436.0,17972.0
2018-03-07,4,TEN,16864.0,17437.0
2018-03-07,5,TEN,16029.0,16733.0
2018-03-07,6,TEN,15421.0,16090.0
2018-03-07,7,TEN,15204.0,15918.0
2018-03-07,8,TEN,15272.0,16001.0
2018-03-07,9,TEN,15490.0,16183.0
2018-03-07,10,TEN,15933.0,16604.0
2018-03-07,11,TEN,16805.0,17351.0
2018-03-07,12,TEN,18412.0,18900.0
2018-03-07,13,TEN,19876.0,20394.0
2018-03-07,14,TEN,19957.0,20435.0
2018-03-07,15,TEN,19616.0,20111.0
2018-03-07,16,TEN,19550.0,20089.0
2018-03-07,17,TEN,19485.0,20007.0
2018-03-07,18,TEN,19171.0,19691.0
2018-03-07,19,TEN,18932.0,19452.0
2018-03-07,20,TEN,18814.0,19308.0
2018-03-07,21,TEN,18470.0,19005.0
2018-03-07,22,TEN,18662.0,19175.0
2018-03-07,23,TEN,19121.0,19527.0
2018-03-08,0,TEN,19943.0,20327.0
2018-03-08,1,TEN,20839.0,21147.0
2018-03-08,2,TEN,20790.0,21071.0
2018-03-08,3,TEN,20489.0,20962.0
2018-03-08,4,TEN,19770.0,20258.0
2018-03-08,5,TEN,18937.0,19412.0
2018-03-08,6,TEN,18284.0,18761.0
2018-03-08,7,TEN,18021.0,18427.0
2018-03-08,8,TEN,17979.0,18362.0
2018-03-08,9,TEN,17978.0,18480.0
2018-03-08,10,TEN,18220.0,18793.0
2018-03-08,11,TEN,19075.0,19663.0
2018-03-08,12,TEN,20591.0,20278.0
2018-03-08,13,TEN,21888.0,20849.0
2018-03-08,14,TEN,21654.0,20835.0
2018-03-08,15,TEN,21189.0,20638.0
2018-03-08,16,TEN,20740.0,20774.0
2018-03-08,17,TEN,20499.0,20471.0
2018-03-08,18,TEN,20038.0,19863.0
2018-03-08,19,TEN,19592.0,19636.0
2018-03-08,20,TEN,19167.0,19476.0
2018-03-08,21,TEN,18829.0,19010.0
2018-03-08,22,TEN,18833.0,19037.0
2018-03-08,23,TEN,19018.0,19300.0
2018-03-09,0,TEN,19861.0,19823.0
2018-03-09,1,TEN,21285.0,21084.0
2018-03-09,2,TEN,21513.0,21229.0
2018-03-09,3,TEN,21600.0,21466.0
2018-03-09,4,TEN,20930.0,21176.0
2018-03-09,5,TEN,20231.0,20271.0
2018-03-09,6,TEN,19796.0,20144.0
2018-03-09,7,TEN,19732.0,19763.0
2018-03-09,8,TEN,19830.0,19889.0
2018-03-09,9,TEN,20015.0,19995.0
2018-03-09,10,TEN,20331.0,20278.0
2018-03-09,11,TEN,21144.0,20776.0
2018-03-09,12,TEN,22613.0,21867.0
2018-03-09,13,TEN,23614.0,21997.0
2018-03-09,14,TEN,22687.0,21235.0
2018-03-09,15,TEN,20923.0,20096.0
2018-03-09,16,TEN,19827.0,19450.0
2018-03-09,17,TEN,18918.0,18761.0
2018-03-09,18,TEN,18053.0,17934.0
2018-03-09,19,TEN,17333.0,17170.0
2018-03-09,20,TEN,16710.0,16538.0
2018-03-09,21,TEN,16279.0,16116.0
2018-03-09,22,TEN,16197.0,16011.0
2018-03-09,23,TEN,16360.0,16193.0
2018-03-10,0,TEN,16838.0,16609.0
2018-03-10,1,TEN,17651.0,17511.0
2018-03-10,2,TEN,17651.0,17555.0
2018-03-10,3,TEN,17482.0,17578.0
2018-03-10,4,TEN,17065.0,17159.0
2018-03-10,5,TEN,16366.0,16601.0
2018-03-10,6,TEN,15720.0,16070.0
2018-03-10,7,TEN,15267.0,16201.0
2018-03-10,8,TEN,15000.0,15913.0
2018-03-10,9,TEN,14832.0,15713.0
2018-03-10,10,TEN,14801.0,15759.0
2018-03-10,11,TEN,14961.0,15881.0
2018-03-10,12,TEN,15229.0,16175.0
2018-03-10,13,TEN,15746.0,16660.0
2018-03-10,14,TEN,16395.0,17350.0
2018-03-10,15,TEN,16771.0,17738.0
2018-03-10,16,TEN,16814.0,17723.0
2018-03-10,17,TEN,16447.0,17328.0
2018-03-10,18,TEN,16015.0,16983.0
2018-03-10,19,TEN,15602.0,16560.0
2018-03-10,20,TEN,15260.0,16183.0
2018-03-10,21,TEN,15035.0,15974.0
2018-03-10,22,TEN,14977.0,15912.0
2018-03-10,23,TEN,15105.0,16052.0
2018-03-11,0,TEN,15544.0,16527.0
2018-03-11,1,TEN,16245.0,17231.0
2018-03-11,2,TEN,16075.0,17100.0
2018-03-11,3,TEN,15819.0,16717.0
2018-03-11,4,TEN,15305.0,16235.0
2018-03-11,5,TEN,14577.0,15523.0
2018-03-11,6,TEN,13933.0,14904.0
2018-03-11,7,TEN,13453.0,14455.0
2018-03-11,8,TEN,13453.0,14455.0
2018-03-11,9,TEN,13370.0,15713.0
2018-03-11,10,TEN,14801.0,15759.0
2018-03-11,11,TEN,14961.0,15881.0
2018-03-11,12,TEN,15229.0,16175.0
2018-03-11,13,TEN,15746.0,16660.0
2018-03-11,14,TEN,16395.0,17350.0
2018-03-11,15,TEN,16771.0,17738.0
2018-03-11,16,TEN,16814.0,17723.0
2018-03-11,17,TEN,16447.0,17328.0
2018-03-11,18,TEN,16015.0,16983.0
2018-03-11,19,TEN,15602.0,16560.0
2018-03-11,20,TEN,15260.0,16183.0
2018-03-11,21,TEN,15035.0,15974.0
2018-03-11,22,TEN,14977.0,15912.0
2018-03-11,23,TEN,15105.0,16052.0
2018-03-12,0,TEN,15544.0,16527.0
2018-03-12,1,TEN,16245.0,17231.0
2018-03-12,2,TEN,16075.0,17100.0
2018-03-12,3,TEN,15819.0,16717.0
2018-03-12,4,TEN,15305.0,16235.0
2018-03-12,5,TEN,14577.0,15523.0
2018-03-12,6,TEN,15553.0,16484.0
2018-03-12,7,TEN,15595.0,16663.0
2018-03-12,8,TEN,15817.0,16781.0
2018-03-12,9,TEN,16311.0,17218.0
2018-03-12,10,TEN,17299.0,18010.0
2018-03-12,11,TEN,18658.0,19314.0
2018-03-12,12,TEN,20396.0,20958.0
2018-03-12,13,TEN,21080.0,21632.0
2018-03-12,14,TEN,21225.0,21850.0
2018-03-12,15,TEN,21017.0,21594.0
2018-03-12,16,TEN,20682.0,21269.0
2018-03-12,17,TEN,20189.0,20819.0
2018-03-12,18,TEN,19594.0,20233.0
2018-03-12,19,TEN,18892.0,19470.0
2018-03-12,20,TEN,18342.0,18927.0
2018-03-12,21,TEN,18202.0,18740.0
2018-03-12,22,TEN,18246.0,18858.0
2018-03-12,23,TEN,18586.0,19097.0
2018-03-13,0,TEN,19497.0,20002.0
2018-03-13,1,TEN,20387.0,20958.0
2018-03-13,2,TEN,20364.0,20964.0
2018-03-13,3,TEN,19895.0,20455.0
2018-03-13,4,TEN,18993.0,19646.0
2018-03-13,5,TEN,18282.0,19006.0
2018-03-13,6,TEN,18047.0,19033.0
2018-03-13,7,TEN,17976.0,18915.0
2018-03-13,8,TEN,18088.0,19056.0
2018-03-13,9,TEN,18462.0,19479.0
2018-03-13,10,TEN,19195.0,20114.0
2018-03-13,11,TEN,20657.0,21175.0
2018-03-13,12,TEN,22304.0,22796.0
2018-03-13,13,TEN,22618.0,22914.0
2018-03-13,14,TEN,21641.0,22324.0
2018-03-13,15,TEN,20449.0,21249.0
2018-03-13,16,TEN,19466.0,20296.0
2018-03-13,17,TEN,18677.0,19504.0
2018-03-13,18,TEN,18170.0,19077.0
2018-03-13,19,TEN,17813.0,18807.0
2018-03-13,20,TEN,17336.0,18317.0
2018-03-13,21,TEN,17066.0,18131.0
2018-03-13,22,TEN,17038.0,18066.0
2018-03-13,23,TEN,17395.0,18379.0
2018-03-14,0,TEN,18172.0,19040.0
2018-03-14,1,TEN,19478.0,20274.0
2018-03-14,2,TEN,19700.0,20481.0
2018-03-14,3,TEN,19322.0,20112.0
2018-03-14,4,TEN,18460.0,19472.0
2018-03-14,5,TEN,17799.0,18818.0
2018-03-14,6,TEN,17512.0,18491.0
2018-03-14,7,TEN,17637.0,18661.0
2018-03-14,8,TEN,17848.0,18889.0
2018-03-14,9,TEN,18200.0,19032.0
2018-03-14,10,TEN,18988.0,19833.0
2018-03-14,11,TEN,20484.0,21298.0
2018-03-14,12,TEN,22170.0,22673.0
2018-03-14,13,TEN,22377.0,22660.0
2018-03-14,14,TEN,21734.0,22501.0
2018-03-14,15,TEN,20942.0,21881.0
2018-03-14,16,TEN,20294.0,21147.0
2018-03-14,17,TEN,19496.0,20361.0
2018-03-14,18,TEN,18891.0,19969.0
2018-03-14,19,TEN,18353.0,19751.0
2018-03-14,20,TEN,17825.0,19350.0
2018-03-14,21,TEN,17523.0,19086.0
2018-03-14,22,TEN,17446.0,18954.0
2018-03-14,23,TEN,17645.0,19151.0
2018-03-15,0,TEN,18146.0,19540.0
2018-03-15,1,TEN,19606.0,20969.0
2018-03-15,2,TEN,20031.0,21380.0
2018-03-15,3,TEN,19618.0,20846.0
2018-03-15,4,TEN,19011.0,20061.0
2018-03-15,5,TEN,18446.0,19475.0
2018-03-15,6,TEN,18182.0,19120.0
2018-03-15,7,TEN,18207.0,19086.0
2018-03-15,8,TEN,18273.0,19202.0
2018-03-15,9,TEN,18564.0,19458.0
2018-03-15,10,TEN,19193.0,19984.0
2018-03-15,11,TEN,20583.0,21310.0
2018-03-15,12,TEN,21940.0,22649.0
2018-03-15,13,TEN,21874.0,22095.0
2018-03-15,14,TEN,20696.0,21419.0
2018-03-15,15,TEN,19451.0,20302.0
2018-03-15,16,TEN,18490.0,19369.0
2018-03-15,17,TEN,17432.0,18489.0
2018-03-15,18,TEN,17004.0,18019.0
2018-03-15,19,TEN,16468.0,17606.0
2018-03-15,20,TEN,16152.0,17240.0
2018-03-15,21,TEN,15882.0,16938.0
2018-03-15,22,TEN,15599.0,16766.0
2018-03-15,23,TEN,15572.0,16815.0
2018-03-16,0,TEN,15923.0,17120.0
2018-03-16,1,TEN,17043.0,18110.0
2018-03-16,2,TEN,17124.0,18180.0
2018-03-16,3,TEN,16592.0,17685.0
2018-03-16,4,TEN,15731.0,16828.0
2018-03-16,5,TEN,14940.0,15963.0
2018-03-16,6,TEN,14433.0,15512.0
2018-03-16,7,TEN,14258.0,15365.0
2018-03-16,8,TEN,14375.0,15439.0
2018-03-16,9,TEN,14643.0,15733.0
2018-03-16,10,TEN,15299.0,16354.0
2018-03-16,11,TEN,16616.0,17737.0
2018-03-16,12,TEN,18075.0,19310.0
2018-03-16,13,TEN,18343.0,19509.0
2018-03-16,14,TEN,17886.0,19078.0
2018-03-16,15,TEN,17365.0,18474.0
2018-03-16,16,TEN,16950.0,18115.0
2018-03-16,17,TEN,16386.0,17606.0
2018-03-16,18,TEN,16054.0,17215.0
2018-03-16,19,TEN,15880.0,16978.0
2018-03-16,20,TEN,15634.0,16782.0
2018-03-16,21,TEN,15472.0,16592.0
2018-03-16,22,TEN,15385.0,16625.0
2018-03-16,23,TEN,15412.0,16581.0
2018-03-17,0,TEN,15526.0,16688.0
2018-03-17,1,TEN,16224.0,17393.0
2018-03-17,2,TEN,16128.0,17268.0
2018-03-17,3,TEN,15625.0,16736.0
2018-03-17,4,TEN,14740.0,15831.0
2018-03-17,5,TEN,14001.0,15069.0
2018-03-17,6,TEN,13368.0,14343.0
2018-03-17,7,TEN,12976.0,13973.0
2018-03-17,8,TEN,12818.0,13780.0
2018-03-17,9,TEN,12812.0,13790.0
2018-03-17,10,TEN,12908.0,14101.0
2018-03-17,11,TEN,13234.0,14487.0
2018-03-17,12,TEN,13786.0,15173.0
2018-03-17,13,TEN,14297.0,15634.0
2018-03-17,14,TEN,15045.0,16496.0
2018-03-17,15,TEN,15299.0,16439.0
2018-03-17,16,TEN,15390.0,16397.0
2018-03-17,17,TEN,15091.0,16156.0
2018-03-17,18,TEN,14852.0,15814.0
2018-03-17,19,TEN,14780.0,15634.0
2018-03-17,20,TEN,14772.0,15646.0
2018-03-17,21,TEN,14892.0,15820.0
2018-03-17,22,TEN,14874.0,15897.0
2018-03-17,23,TEN,14936.0,15918.0
2018-03-18,0,TEN,14822.0,15844.0
2018-03-18,1,TEN,15447.0,16399.0
2018-03-18,2,TEN,15150.0,16173.0
2018-03-18,3,TEN,14750.0,15820.0
2018-03-18,4,TEN,13789.0,14753.0
2018-03-18,5,TEN,12914.0,13833.0
2018-03-18,6,TEN,12248.0,13073.0
2018-03-18,7,TEN,11891.0,12739.0
2018-03-18,8,TEN,11811.0,12710.0
2018-03-18,9,TEN,11824.0,12723.0
2018-03-18,10,TEN,12044.0,12903.0
2018-03-18,11,TEN,12315.0,13260.0
2018-03-18,12,TEN,13090.0,14011.0
2018-03-18,13,TEN,13853.0,14791.0
2018-03-18,14,TEN,14644.0,15695.0
2018-03-18,15,TEN,14828.0,15699.0
2018-03-18,16,TEN,14639.0,15537.0
2018-03-18,17,TEN,14578.0,15442.0
2018-03-18,18,TEN,14365.0,15274.0
2018-03-18,19,TEN,14141.0,14960.0
2018-03-18,20,TEN,13928.0,14844.0
2018-03-18,21,TEN,13898.0,14816.0
2018-03-18,22,TEN,14150.0,15096.0
2018-03-18,23,TEN,14514.0,15448.0
2018-03-19,0,TEN,14875.0,15820.0
2018-03-19,1,TEN,15733.0,16627.0
2018-03-19,2,TEN,15689.0,16568.0
2018-03-19,3,TEN,15077.0,15960.0
2018-03-19,4,TEN,14156.0,15127.0
2018-03-19,5,TEN,13306.0,14272.0
2018-03-19,6,TEN,12922.0,13836.0
2018-03-19,7,TEN,12739.0,13731.0
2018-03-19,8,TEN,12605.0,13604.0
2018-03-19,9,TEN,12788.0,13715.0
2018-03-19,10,TEN,13473.0,14475.0
2018-03-19,11,TEN,14953.0,16034.0
2018-03-19,12,TEN,16428.0,17373.0
2018-03-19,13,TEN,16826.0,17537.0
2018-03-19,14,TEN,16788.0,17486.0
2018-03-19,15,TEN,16715.0,17405.0
2018-03-19,16,TEN,16690.0,17359.0
2018-03-19,17,TEN,16620.0,17356.0
2018-03-19,18,TEN,16447.0,17100.0
2018-03-19,19,TEN,16321.0,16936.0
2018-03-19,20,TEN,16131.0,16676.0
2018-03-19,21,TEN,16033.0,16586.0
2018-03-19,22,TEN,16127.0,16661.0
2018-03-19,23,TEN,16321.0,16873.0
2018-03-20,0,TEN,16325.0,16921.0
2018-03-20,1,TEN,16881.0,17460.0
2018-03-20,2,TEN,16652.0,17200.0
2018-03-20,3,TEN,15719.0,16536.0
2018-03-20,4,TEN,14747.0,15625.0
2018-03-20,5,TEN,13810.0,14782.0
2018-03-20,6,TEN,13300.0,14304.0
2018-03-20,7,TEN,13107.0,14119.0
2018-03-20,8,TEN,13055.0,14047.0
2018-03-20,9,TEN,13120.0,14137.0
2018-03-20,10,TEN,13727.0,14611.0
2018-03-20,11,TEN,15021.0,15748.0
2018-03-20,12,TEN,16614.0,17276.0
2018-03-20,13,TEN,16858.0,17518.0
2018-03-20,14,TEN,16919.0,17512.0
2018-03-20,15,TEN,16883.0,17554.0
2018-03-20,16,TEN,17060.0,17696.0
2018-03-20,17,TEN,17187.0,17760.0
2018-03-20,18,TEN,17310.0,17944.0
2018-03-20,19,TEN,17390.0,18163.0
2018-03-20,20,TEN,17357.0,18011.0
2018-03-20,21,TEN,17705.0,18364.0
2018-03-20,22,TEN,18051.0,18830.0
2018-03-20,23,TEN,18542.0,19047.0
2018-03-21,0,TEN,19148.0,19847.0
2018-03-21,1,TEN,19958.0,20478.0
2018-03-21,2,TEN,19978.0,20524.0
2018-03-21,3,TEN,19347.0,20016.0
2018-03-21,4,TEN,18299.0,19008.0
2018-03-21,5,TEN,17657.0,18320.0
2018-03-21,6,TEN,17276.0,17870.0
2018-03-21,7,TEN,17296.0,17863.0
2018-03-21,8,TEN,17390.0,17770.0
2018-03-21,9,TEN,17686.0,18080.0
2018-03-21,10,TEN,18346.0,18633.0
2018-03-21,11,TEN,19719.0,20001.0
2018-03-21,12,TEN,21221.0,21034.0
2018-03-21,13,TEN,21430.0,20983.0
2018-03-21,14,TEN,21105.0,20991.0
2018-03-21,15,TEN,20691.0,21143.0
2018-03-21,16,TEN,20236.0,20771.0
2018-03-21,17,TEN,19837.0,20684.0
2018-03-21,18,TEN,19386.0,20352.0
2018-03-21,19,TEN,19067.0,20030.0
2018-03-21,20,TEN,18734.0,19705.0
2018-03-21,21,TEN,18560.0,19520.0
2018-03-21,22,TEN,18454.0,19491.0
2018-03-21,23,TEN,18608.0,19584.0
2018-03-22,0,TEN,19097.0,19898.0
2018-03-22,1,TEN,20145.0,20846.0
2018-03-22,2,TEN,20338.0,20960.0
2018-03-22,3,TEN,19873.0,20508.0
2018-03-22,4,TEN,18975.0,19613.0
2018-03-22,5,TEN,18287.0,18848.0
2018-03-22,6,TEN,18101.0,18264.0
2018-03-22,7,TEN,18240.0,18366.0
2018-03-22,8,TEN,18442.0,18574.0
2018-03-22,9,TEN,18870.0,19025.0
2018-03-22,10,TEN,19857.0,19726.0
2018-03-22,11,TEN,21415.0,21284.0
2018-03-22,12,TEN,23058.0,22231.0
2018-03-22,13,TEN,22947.0,22224.0
2018-03-22,14,TEN,21463.0,21133.0
2018-03-22,15,TEN,19951.0,19996.0
2018-03-22,16,TEN,18884.0,18969.0
2018-03-22,17,TEN,18114.0,18228.0
2018-03-22,18,TEN,17542.0,17633.0
2018-03-22,19,TEN,17003.0,17131.0
2018-03-22,20,TEN,16638.0,16674.0
2018-03-22,21,TEN,16298.0,16363.0
2018-03-22,22,TEN,16226.0,16308.0
2018-03-22,23,TEN,16299.0,16411.0
2018-03-23,0,TEN,16900.0,17085.0
2018-03-23,1,TEN,18224.0,18252.0
2018-03-23,2,TEN,18597.0,18671.0
2018-03-23,3,TEN,18078.0,18163.0
2018-03-23,4,TEN,17260.0,17410.0
2018-03-23,5,TEN,16663.0,16689.0
2018-03-23,6,TEN,16487.0,16792.0
2018-03-23,7,TEN,16463.0,16994.0
2018-03-23,8,TEN,16549.0,17121.0
2018-03-23,9,TEN,16878.0,17455.0
2018-03-23,10,TEN,17544.0,18033.0
2018-03-23,11,TEN,18848.0,19130.0
2018-03-23,12,TEN,20217.0,20141.0
2018-03-23,13,TEN,20157.0,20084.0
2018-03-23,14,TEN,19509.0,19746.0
2018-03-23,15,TEN,18815.0,19333.0
2018-03-23,16,TEN,18058.0,18684.0
2018-03-23,17,TEN,17453.0,18082.0
2018-03-23,18,TEN,16959.0,17444.0
2018-03-23,19,TEN,16523.0,17079.0
2018-03-23,20,TEN,16200.0,16780.0
2018-03-23,21,TEN,16025.0,16817.0
2018-03-23,22,TEN,16098.0,16857.0
2018-03-23,23,TEN,16295.0,17035.0
2018-03-24,0,TEN,16618.0,17367.0
2018-03-24,1,TEN,17195.0,17876.0
2018-03-24,2,TEN,17012.0,17929.0
2018-03-24,3,TEN,16405.0,17131.0
2018-03-24,4,TEN,15686.0,16387.0
2018-03-24,5,TEN,14974.0,15682.0
2018-03-24,6,TEN,14608.0,15483.0
2018-03-24,7,TEN,14260.0,15065.0
2018-03-24,8,TEN,14204.0,15091.0
2018-03-24,9,TEN,14226.0,15126.0
2018-03-24,10,TEN,14448.0,15352.0
2018-03-24,11,TEN,14906.0,15969.0
2018-03-24,12,TEN,15454.0,16521.0
2018-03-24,13,TEN,16017.0,17094.0
2018-03-24,14,TEN,16711.0,17714.0
2018-03-24,15,TEN,16939.0,18105.0
2018-03-24,16,TEN,16995.0,18061.0
2018-03-24,17,TEN,16702.0,17740.0
2018-03-24,18,TEN,16463.0,17206.0
2018-03-24,19,TEN,16176.0,16909.0
2018-03-24,20,TEN,15886.0,16551.0
2018-03-24,21,TEN,15877.0,16472.0
2018-03-24,22,TEN,15882.0,16487.0
2018-03-24,23,TEN,16025.0,16720.0
2018-03-25,0,TEN,16253.0,16929.0
2018-03-25,1,TEN,16530.0,17338.0
2018-03-25,2,TEN,16215.0,17207.0
2018-03-25,3,TEN,15787.0,16717.0
2018-03-25,4,TEN,15144.0,16009.0
2018-03-25,5,TEN,14269.0,15202.0
2018-03-25,6,TEN,13753.0,14416.0
2018-03-25,7,TEN,13479.0,14267.0
2018-03-25,8,TEN,13271.0,14254.0
2018-03-25,9,TEN,13349.0,14344.0
2018-03-25,10,TEN,13433.0,14490.0
2018-03-25,11,TEN,13723.0,14817.0
2018-03-25,12,TEN,14371.0,15481.0
2018-03-25,13,TEN,15261.0,16273.0
2018-03-25,14,TEN,15934.0,16965.0
2018-03-25,15,TEN,16055.0,17101.0
2018-03-25,16,TEN,15806.0,16900.0
2018-03-25,17,TEN,15620.0,16670.0
2018-03-25,18,TEN,15461.0,16512.0
2018-03-25,19,TEN,15290.0,16364.0
2018-03-25,20,TEN,15013.0,16069.0
2018-03-25,21,TEN,14949.0,16023.0
2018-03-25,22,TEN,15119.0,16144.0
2018-03-25,23,TEN,15387.0,16517.0
2018-03-26,0,TEN,15698.0,16816.0
2018-03-26,1,TEN,16597.0,17609.0
2018-03-26,2,TEN,16539.0,17576.0
2018-03-26,3,TEN,15981.0,17014.0
2018-03-26,4,TEN,15163.0,16221.0
2018-03-26,5,TEN,14395.0,15453.0
2018-03-26,6,TEN,13930.0,14818.0
2018-03-26,7,TEN,13856.0,14756.0
2018-03-26,8,TEN,13846.0,14778.0
2018-03-26,9,TEN,14051.0,15019.0
2018-03-26,10,TEN,14792.0,15539.0
2018-03-26,11,TEN,16200.0,16782.0
2018-03-26,12,TEN,17640.0,18101.0
2018-03-26,13,TEN,17835.0,18496.0
2018-03-26,14,TEN,17938.0,18475.0
2018-03-26,15,TEN,17713.0,18273.0
2018-03-26,16,TEN,17485.0,18010.0
2018-03-26,17,TEN,17285.0,17735.0
2018-03-26,18,TEN,17038.0,17648.0
2018-03-26,19,TEN,16725.0,17249.0
2018-03-26,20,TEN,16631.0,17214.0
2018-03-26,21,TEN,16570.0,17178.0
2018-03-26,22,TEN,16589.0,17307.0
2018-03-26,23,TEN,16942.0,17704.0
2018-03-27,0,TEN,17370.0,18126.0
2018-03-27,1,TEN,18044.0,18712.0
2018-03-27,2,TEN,17802.0,18553.0
2018-03-27,3,TEN,17035.0,18036.0
2018-03-27,4,TEN,15969.0,16972.0
2018-03-27,5,TEN,15133.0,16122.0
2018-03-27,6,TEN,14543.0,15405.0
2018-03-27,7,TEN,14344.0,15201.0
2018-03-27,8,TEN,14215.0,15052.0
2018-03-27,9,TEN,14351.0,15237.0
2018-03-27,10,TEN,14902.0,15823.0
2018-03-27,11,TEN,16219.0,17183.0
2018-03-27,12,TEN,17577.0,18557.0
2018-03-27,13,TEN,17859.0,18597.0
2018-03-27,14,TEN,17590.0,18405.0
2018-03-27,15,TEN,17516.0,18412.0
2018-03-27,16,TEN,17317.0,18190.0
2018-03-27,17,TEN,16945.0,17578.0
2018-03-27,18,TEN,16637.0,17278.0
2018-03-27,19,TEN,16374.0,17079.0
2018-03-27,20,TEN,16134.0,16939.0
2018-03-27,21,TEN,15955.0,16861.0
2018-03-27,22,TEN,15942.0,16829.0
2018-03-27,23,TEN,16059.0,16858.0
2018-03-28,0,TEN,16231.0,17156.0
2018-03-28,1,TEN,17119.0,18077.0
2018-03-28,2,TEN,16973.0,17896.0
2018-03-28,3,TEN,16183.0,17118.0
2018-03-28,4,TEN,14943.0,15913.0
2018-03-28,5,TEN,14063.0,14943.0
2018-03-28,6,TEN,13504.0,14387.0
2018-03-28,7,TEN,13150.0,14056.0
2018-03-28,8,TEN,13062.0,13936.0
2018-03-28,9,TEN,12912.0,13870.0
2018-03-28,10,TEN,13405.0,14281.0
2018-03-28,11,TEN,14574.0,15376.0
2018-03-28,12,TEN,15732.0,16595.0
2018-03-28,13,TEN,15879.0,16782.0
2018-03-28,14,TEN,15982.0,16883.0
2018-03-28,15,TEN,16056.0,16963.0
2018-03-28,16,TEN,16109.0,16966.0
2018-03-28,17,TEN,16028.0,16979.0
2018-03-28,18,TEN,15941.0,16876.0
2018-03-28,19,TEN,15845.0,16683.0
2018-03-28,20,TEN,15766.0,16666.0
2018-03-28,21,TEN,15709.0,16542.0
2018-03-28,22,TEN,15830.0,16634.0
2018-03-28,23,TEN,15982.0,16834.0
2018-03-29,0,TEN,16238.0,17090.0
2018-03-29,1,TEN,16813.0,17699.0
2018-03-29,2,TEN,16616.0,17483.0
2018-03-29,3,TEN,15877.0,16766.0
2018-03-29,4,TEN,14698.0,15550.0
2018-03-29,5,TEN,13660.0,14505.0
2018-03-29,6,TEN,13217.0,14030.0
2018-03-29,7,TEN,12761.0,13636.0
2018-03-29,8,TEN,12483.0,13342.0
2018-03-29,9,TEN,12468.0,13319.0
2018-03-29,10,TEN,12934.0,13792.0
2018-03-29,11,TEN,14077.0,14977.0
2018-03-29,12,TEN,15346.0,16156.0
2018-03-29,13,TEN,15707.0,16668.0
2018-03-29,14,TEN,15826.0,16797.0
2018-03-29,15,TEN,16150.0,17152.0
2018-03-29,16,TEN,16314.0,17297.0
2018-03-29,17,TEN,16330.0,17316.0
2018-03-29,18,TEN,16342.0,17346.0
2018-03-29,19,TEN,16165.0,17087.0
2018-03-29,20,TEN,16079.0,16999.0
2018-03-29,21,TEN,15948.0,16872.0
2018-03-29,22,TEN,15997.0,16953.0
2018-03-29,23,TEN,15935.0,16892.0
2018-03-30,0,TEN,15964.0,16930.0
2018-03-30,1,TEN,16329.0,17304.0
2018-03-30,2,TEN,16214.0,17117.0
2018-03-30,3,TEN,15564.0,16492.0
2018-03-30,4,TEN,14599.0,15429.0
2018-03-30,5,TEN,13760.0,14624.0
2018-03-30,6,TEN,13103.0,13988.0
2018-03-30,7,TEN,12771.0,13739.0
2018-03-30,8,TEN,12646.0,13611.0
2018-03-30,9,TEN,12614.0,13653.0
2018-03-30,10,TEN,12865.0,13953.0
2018-03-30,11,TEN,13759.0,14824.0
2018-03-30,12,TEN,14681.0,15750.0
2018-03-30,13,TEN,15204.0,16211.0
2018-03-30,14,TEN,15759.0,16749.0
2018-03-30,15,TEN,15947.0,17017.0
2018-03-30,16,TEN,15916.0,16922.0
2018-03-30,17,TEN,15659.0,16671.0
2018-03-30,18,TEN,15342.0,16363.0
2018-03-30,19,TEN,15095.0,16118.0
2018-03-30,20,TEN,14832.0,15829.0
2018-03-30,21,TEN,14725.0,15718.0
2018-03-30,22,TEN,14615.0,15671.0
2018-03-30,23,TEN,14654.0,15680.0
2018-03-31,0,TEN,14844.0,15855.0
2018-03-31,1,TEN,15589.0,16589.0
2018-03-31,2,TEN,15950.0,16843.0
2018-03-31,3,TEN,15559.0,16504.0
2018-03-31,4,TEN,15075.0,16077.0
2018-03-31,5,TEN,14513.0,15439.0
2018-03-31,6,TEN,14249.0,15171.0
2018-03-31,7,TEN,14222.0,15229.0
2018-03-31,8,TEN,14243.0,15244.0
2018-03-31,9,TEN,14518.0,15513.0
2018-03-31,10,TEN,15014.0,16044.0
2018-03-31,11,TEN,15725.0,16618.0
2018-03-31,12,TEN,16541.0,17249.0
2018-03-31,13,TEN,17035.0,17668.0
2018-03-31,14,TEN,16808.0,17476.0
2018-03-31,15,TEN,16106.0,16909.0
2018-03-31,16,TEN,15458.0,16288.0
2018-03-31,17,TEN,14929.0,15777.0
2018-03-31,18,TEN,14329.0,15212.0
2018-03-31,19,TEN,13895.0,14717.0
2018-03-31,20,TEN,13822.0,14681.0
2018-03-31,21,TEN,13722.0,14590.0
2018-03-31,22,TEN,13904.0,14788.0
2018-03-31,23,TEN,14104.0,14929.0
2018-04-01,0,TEN,14158.0,15036.0
2018-04-01,1,TEN,14920.0,15794.0
2018-04-01,2,TEN,14952.0,15825.0
2018-04-01,3,TEN,14573.0,15387.0
2018-04-01,4,TEN,13915.0,14897.0
2018-04-01,5,TEN,13231.0,14217.0
2018-04-01,6,TEN,12693.0,13734.0
2018-04-01,7,TEN,12400.0,13446.0
2018-04-01,8,TEN,12209.0,13249.0
2018-04-01,9,TEN,12166.0,13239.0
2018-04-01,10,TEN,12490.0,13529.0
2018-04-01,11,TEN,13001.0,14108.0
2018-04-01,12,TEN,13571.0,14566.0
2018-04-01,13,TEN,14267.0,15236.0
2018-04-01,14,TEN,14732.0,15676.0
2018-04-01,15,TEN,14600.0,15524.0
2018-04-01,16,TEN,14155.0,15104.0
2018-04-01,17,TEN,14042.0,14953.0
2018-04-01,18,TEN,13899.0,14820.0
2018-04-01,19,TEN,13619.0,14526.0
2018-04-01,20,TEN,13465.0,14410.0
2018-04-01,21,TEN,13530.0,14474.0
2018-04-01,22,TEN,13580.0,14520.0
2018-04-01,23,TEN,13781.0,14686.0
2018-04-02,0,TEN,14048.0,14976.0
2018-04-02,1,TEN,14841.0,15720.0
2018-04-02,2,TEN,14916.0,15806.0
2018-04-02,3,TEN,14380.0,15275.0
2018-04-02,4,TEN,13572.0,14465.0
2018-04-02,5,TEN,12722.0,13640.0
2018-04-02,6,TEN,12319.0,13139.0
2018-04-02,7,TEN,12092.0,12925.0
2018-04-02,8,TEN,11970.0,12864.0
2018-04-02,9,TEN,12334.0,13201.0
2018-04-02,10,TEN,13018.0,13912.0
2018-04-02,11,TEN,14342.0,15097.0
2018-04-02,12,TEN,15784.0,16550.0
2018-04-02,13,TEN,16328.0,17002.0
2018-04-02,14,TEN,16526.0,17219.0
2018-04-02,15,TEN,16658.0,17378.0
2018-04-02,16,TEN,16778.0,17484.0
2018-04-02,17,TEN,16669.0,17351.0
2018-04-02,18,TEN,16575.0,17220.0
2018-04-02,19,TEN,16374.0,17064.0
2018-04-02,20,TEN,16160.0,16822.0
2018-04-02,21,TEN,16171.0,16866.0
2018-04-02,22,TEN,16378.0,17112.0
2018-04-02,23,TEN,16421.0,17173.0
2018-04-03,0,TEN,16635.0,17378.0
2018-04-03,1,TEN,17148.0,17815.0
2018-04-03,2,TEN,16982.0,17641.0
2018-04-03,3,TEN,16227.0,16953.0
2018-04-03,4,TEN,15028.0,15750.0
2018-04-03,5,TEN,14119.0,14878.0
2018-04-03,6,TEN,13377.0,14222.0
2018-04-03,7,TEN,12970.0,13780.0
2018-04-03,8,TEN,12841.0,13659.0
2018-04-03,9,TEN,12971.0,13809.0
2018-04-03,10,TEN,13423.0,14310.0
2018-04-03,11,TEN,14691.0,15601.0
2018-04-03,12,TEN,15895.0,16641.0
2018-04-03,13,TEN,16125.0,16806.0
2018-04-03,14,TEN,16187.0,16922.0
2018-04-03,15,TEN,16164.0,16903.0
2018-04-03,16,TEN,16272.0,16987.0
2018-04-03,17,TEN,16239.0,16912.0
2018-04-03,18,TEN,16235.0,16889.0
2018-04-03,19,TEN,16509.0,17113.0
2018-04-03,20,TEN,16535.0,17189.0
2018-04-03,21,TEN,16802.0,17333.0
2018-04-03,22,TEN,16870.0,17531.0
2018-04-03,23,TEN,17075.0,17668.0
2018-04-04,0,TEN,17082.0,17677.0
2018-04-04,1,TEN,17809.0,18367.0
2018-04-04,2,TEN,17503.0,18179.0
2018-04-04,3,TEN,16383.0,17082.0
2018-04-04,4,TEN,15117.0,15915.0
2018-04-04,5,TEN,13872.0,14688.0
2018-04-04,6,TEN,13073.0,13741.0
2018-04-04,7,TEN,12669.0,13380.0
2018-04-04,8,TEN,12496.0,13258.0
2018-04-04,9,TEN,12530.0,13319.0
2018-04-04,10,TEN,13087.0,13882.0
2018-04-04,11,TEN,14300.0,15091.0
2018-04-04,12,TEN,15999.0,16188.0
2018-04-04,13,TEN,16643.0,16733.0
2018-04-04,14,TEN,16816.0,16954.0
2018-04-04,15,TEN,16849.0,16956.0
2018-04-04,16,TEN,16728.0,16808.0
2018-04-04,17,TEN,16401.0,16592.0
2018-04-04,18,TEN,16162.0,16498.0
2018-04-04,19,TEN,15784.0,16492.0
2018-04-04,20,TEN,15671.0,16442.0
2018-04-04,21,TEN,15510.0,16332.0
2018-04-04,22,TEN,15595.0,16464.0
2018-04-04,23,TEN,15781.0,16622.0
2018-04-05,0,TEN,16245.0,17094.0
2018-04-05,1,TEN,17495.0,18283.0
2018-04-05,2,TEN,17972.0,18719.0
2018-04-05,3,TEN,17453.0,18089.0
2018-04-05,4,TEN,16683.0,17225.0
2018-04-05,5,TEN,16118.0,16691.0
2018-04-05,6,TEN,15824.0,16045.0
2018-04-05,7,TEN,15849.0,16061.0
2018-04-05,8,TEN,16080.0,16293.0
2018-04-05,9,TEN,16602.0,16711.0
2018-04-05,10,TEN,17452.0,17509.0
2018-04-05,11,TEN,19191.0,18707.0
2018-04-05,12,TEN,20795.0,20177.0
2018-04-05,13,TEN,20660.0,19899.0
2018-04-05,14,TEN,19641.0,19154.0
2018-04-05,15,TEN,18788.0,18753.0
2018-04-05,16,TEN,17938.0,18122.0
2018-04-05,17,TEN,17216.0,17408.0
2018-04-05,18,TEN,16692.0,16874.0
2018-04-05,19,TEN,16236.0,16377.0
2018-04-05,20,TEN,15863.0,16059.0
2018-04-05,21,TEN,15671.0,15728.0
2018-04-05,22,TEN,15572.0,15715.0
2018-04-05,23,TEN,15593.0,15693.0
2018-04-06,0,TEN,15871.0,15988.0
2018-04-06,1,TEN,16878.0,16953.0
2018-04-06,2,TEN,17132.0,17209.0
2018-04-06,3,TEN,16708.0,16835.0
2018-04-06,4,TEN,15857.0,16171.0
2018-04-06,5,TEN,15094.0,15509.0
2018-04-06,6,TEN,15066.0,15769.0
2018-04-06,7,TEN,14759.0,15607.0
2018-04-06,8,TEN,14694.0,15424.0
2018-04-06,9,TEN,15002.0,15717.0
2018-04-06,10,TEN,15597.0,16380.0
2018-04-06,11,TEN,16882.0,17469.0
2018-04-06,12,TEN,18102.0,18718.0
2018-04-06,13,TEN,18015.0,18703.0
2018-04-06,14,TEN,17832.0,18377.0
2018-04-06,15,TEN,17777.0,18276.0
2018-04-06,16,TEN,17399.0,18061.0
2018-04-06,17,TEN,17043.0,17439.0
2018-04-06,18,TEN,16747.0,17318.0
2018-04-06,19,TEN,16317.0,17012.0
2018-04-06,20,TEN,16258.0,16971.0
2018-04-06,21,TEN,16262.0,17041.0
2018-04-06,22,TEN,16583.0,17357.0
2018-04-06,23,TEN,16546.0,17488.0
2018-04-07,0,TEN,16852.0,17732.0
2018-04-07,1,TEN,17160.0,18007.0
2018-04-07,2,TEN,17019.0,17778.0
2018-04-07,3,TEN,16386.0,16785.0
2018-04-07,4,TEN,15637.0,15905.0
2018-04-07,5,TEN,14997.0,15080.0
2018-04-07,6,TEN,14556.0,14742.0
2018-04-07,7,TEN,14272.0,14483.0
2018-04-07,8,TEN,14237.0,14453.0
2018-04-07,9,TEN,14335.0,14627.0
2018-04-07,10,TEN,14755.0,14832.0
2018-04-07,11,TEN,15345.0,15213.0
2018-04-07,12,TEN,16318.0,16134.0
2018-04-07,13,TEN,17223.0,17018.0
2018-04-07,14,TEN,18279.0,18116.0
2018-04-07,15,TEN,19048.0,18873.0
2018-04-07,16,TEN,19477.0,18964.0
2018-04-07,17,TEN,19497.0,18994.0
2018-04-07,18,TEN,19304.0,18656.0
2018-04-07,19,TEN,19067.0,18693.0
2018-04-07,20,TEN,18831.0,18467.0
2018-04-07,21,TEN,18891.0,18630.0
2018-04-07,22,TEN,18885.0,18688.0
2018-04-07,23,TEN,18968.0,18511.0
2018-04-08,0,TEN,19138.0,18640.0
2018-04-08,1,TEN,19769.0,19275.0
2018-04-08,2,TEN,19852.0,19376.0
2018-04-08,3,TEN,19519.0,18520.0
2018-04-08,4,TEN,18976.0,17998.0
2018-04-08,5,TEN,18451.0,17167.0
2018-04-08,6,TEN,18103.0,16861.0
2018-04-08,7,TEN,18104.0,17174.0
2018-04-08,8,TEN,18239.0,17586.0
2018-04-08,9,TEN,18367.0,17471.0
2018-04-08,10,TEN,18756.0,17849.0
2018-04-08,11,TEN,19301.0,18743.0
2018-04-08,12,TEN,19853.0,19178.0
2018-04-08,13,TEN,20334.0,19831.0
2018-04-08,14,TEN,20005.0,19852.0
2018-04-08,15,TEN,19057.0,18917.0
2018-04-08,16,TEN,18036.0,17889.0
2018-04-08,17,TEN,17306.0,17137.0
2018-04-08,18,TEN,16805.0,16595.0
2018-04-08,19,TEN,16355.0,16476.0
2018-04-08,20,TEN,16018.0,16110.0
2018-04-08,21,TEN,15923.0,16035.0
2018-04-08,22,TEN,16229.0,16356.0
2018-04-08,23,TEN,16586.0,16825.0
2018-04-09,0,TEN,17078.0,16925.0
2018-04-09,1,TEN,17903.0,17768.0
2018-04-09,2,TEN,17989.0,17835.0
2018-04-09,3,TEN,17428.0,17305.0
2018-04-09,4,TEN,16488.0,16448.0
2018-04-09,5,TEN,15735.0,15625.0
2018-04-09,6,TEN,15277.0,15166.0
2018-04-09,7,TEN,14987.0,14896.0
2018-04-09,8,TEN,15075.0,14968.0
2018-04-09,9,TEN,15314.0,15221.0
2018-04-09,10,TEN,16106.0,15935.0
2018-04-09,11,TEN,17535.0,17347.0
2018-04-09,12,TEN,19077.0,18873.0
2018-04-09,13,TEN,19271.0,18755.0
2018-04-09,14,TEN,18338.0,18322.0
2018-04-09,15,TEN,17907.0,17869.0
2018-04-09,16,TEN,17355.0,17301.0
2018-04-09,17,TEN,17234.0,17284.0
2018-04-09,18,TEN,16975.0,16972.0
2018-04-09,19,TEN,16588.0,16529.0
2018-04-09,20,TEN,16209.0,16159.0
2018-04-09,21,TEN,16063.0,16141.0
2018-04-09,22,TEN,16001.0,16250.0
2018-04-09,23,TEN,16046.0,16192.0
2018-04-10,0,TEN,16184.0,16315.0
2018-04-10,1,TEN,17145.0,17069.0
2018-04-10,2,TEN,17425.0,17413.0
2018-04-10,3,TEN,16708.0,16820.0
2018-04-10,4,TEN,15646.0,15756.0
2018-04-10,5,TEN,15019.0,15133.0
2018-04-10,6,TEN,14651.0,14767.0
2018-04-10,7,TEN,14630.0,14700.0
2018-04-10,8,TEN,14654.0,14745.0
2018-04-10,9,TEN,14959.0,15118.0
2018-04-10,10,TEN,15791.0,15720.0
2018-04-10,11,TEN,17416.0,17173.0
2018-04-10,12,TEN,19014.0,18737.0
2018-04-10,13,TEN,18945.0,18562.0
2018-04-10,14,TEN,18160.0,17870.0
2018-04-10,15,TEN,17446.0,17223.0
2018-04-10,16,TEN,16914.0,16735.0
2018-04-10,17,TEN,16597.0,16404.0
2018-04-10,18,TEN,16293.0,16091.0
2018-04-10,19,TEN,16052.0,15861.0
2018-04-10,20,TEN,15799.0,15610.0
2018-04-10,21,TEN,15777.0,15820.0
2018-04-10,22,TEN,15788.0,15828.0
2018-04-10,23,TEN,15851.0,15928.0
2018-04-11,0,TEN,16177.0,16246.0
2018-04-11,1,TEN,17143.0,17169.0
2018-04-11,2,TEN,17577.0,17652.0
2018-04-11,3,TEN,16937.0,17002.0
2018-04-11,4,TEN,16005.0,16290.0
2018-04-11,5,TEN,15290.0,15634.0
2018-04-11,6,TEN,15116.0,15341.0
2018-04-11,7,TEN,15142.0,15349.0
2018-04-11,8,TEN,15349.0,15537.0
2018-04-11,9,TEN,15840.0,15915.0
2018-04-11,10,TEN,16701.0,16508.0
2018-04-11,11,TEN,18365.0,17918.0
2018-04-11,12,TEN,19834.0,19097.0
2018-04-11,13,TEN,19480.0,18646.0
2018-04-11,14,TEN,18452.0,18002.0
2018-04-11,15,TEN,17528.0,17497.0
2018-04-11,16,TEN,16884.0,16872.0
2018-04-11,17,TEN,16359.0,16482.0
2018-04-11,18,TEN,15951.0,15895.0
2018-04-11,19,TEN,15718.0,15670.0
2018-04-11,20,TEN,15611.0,15785.0
2018-04-11,21,TEN,15575.0,15764.0
2018-04-11,22,TEN,15703.0,15877.0
2018-04-11,23,TEN,15799.0,16025.0
2018-04-12,0,TEN,15844.0,16035.0
2018-04-12,1,TEN,16632.0,16605.0
2018-04-12,2,TEN,16864.0,16788.0
2018-04-12,3,TEN,16046.0,16023.0
2018-04-12,4,TEN,14956.0,15037.0
2018-04-12,5,TEN,14209.0,14464.0
2018-04-12,6,TEN,13701.0,13823.0
2018-04-12,7,TEN,13491.0,13624.0
2018-04-12,8,TEN,13461.0,13604.0
2018-04-12,9,TEN,13617.0,13755.0
2018-04-12,10,TEN,14348.0,14424.0
2018-04-12,11,TEN,15971.0,16003.0
2018-04-12,12,TEN,17248.0,17360.0
2018-04-12,13,TEN,17150.0,17250.0
2018-04-12,14,TEN,16667.0,16567.0
2018-04-12,15,TEN,16366.0,15965.0
2018-04-12,16,TEN,16167.0,15416.0
2018-04-12,17,TEN,16022.0,15622.0
2018-04-12,18,TEN,16125.0,15531.0
2018-04-12,19,TEN,16141.0,15423.0
2018-04-12,20,TEN,16283.0,15683.0
2018-04-12,21,TEN,16482.0,15907.0
2018-04-12,22,TEN,16656.0,15910.0
2018-04-12,23,TEN,16754.0,16272.0
2018-04-13,0,TEN,16749.0,16295.0
2018-04-13,1,TEN,17222.0,16620.0
2018-04-13,2,TEN,17412.0,16840.0
2018-04-13,3,TEN,16562.0,16182.0
2018-04-13,4,TEN,15233.0,14957.0
2018-04-13,5,TEN,13972.0,13767.0
2018-04-13,6,TEN,13246.0,13096.0
2018-04-13,7,TEN,12751.0,12613.0
2018-04-13,8,TEN,12667.0,12484.0
2018-04-13,9,TEN,12814.0,12712.0
2018-04-13,10,TEN,13246.0,13160.0
2018-04-13,11,TEN,14385.0,14277.0
2018-04-13,12,TEN,15574.0,15210.0
2018-04-13,13,TEN,15768.0,15404.0
2018-04-13,14,TEN,15961.0,15502.0
2018-04-13,15,TEN,16159.0,15861.0
2018-04-13,16,TEN,16327.0,16013.0
2018-04-13,17,TEN,16429.0,16139.0
2018-04-13,18,TEN,16623.0,16266.0
2018-04-13,19,TEN,16879.0,16566.0
2018-04-13,20,TEN,17141.0,16815.0
2018-04-13,21,TEN,17291.0,16836.0
2018-04-13,22,TEN,17444.0,16963.0
2018-04-13,23,TEN,17470.0,16952.0
2018-04-14,0,TEN,17156.0,16830.0
2018-04-14,1,TEN,17336.0,16813.0
2018-04-14,2,TEN,17349.0,16960.0
2018-04-14,3,TEN,16489.0,16127.0
2018-04-14,4,TEN,15300.0,15035.0
2018-04-14,5,TEN,14231.0,13881.0
2018-04-14,6,TEN,13505.0,13294.0
2018-04-14,7,TEN,13048.0,12858.0
2018-04-14,8,TEN,12545.0,12288.0
2018-04-14,9,TEN,12332.0,12116.0
2018-04-14,10,TEN,12504.0,12301.0
2018-04-14,11,TEN,12903.0,12655.0
2018-04-14,12,TEN,13257.0,12895.0
2018-04-14,13,TEN,13732.0,13027.0
2018-04-14,14,TEN,14559.0,13668.0
2018-04-14,15,TEN,15201.0,14758.0
2018-04-14,16,TEN,15450.0,15044.0
2018-04-14,17,TEN,15517.0,15014.0
2018-04-14,18,TEN,15821.0,15366.0
2018-04-14,19,TEN,15744.0,15261.0
2018-04-14,20,TEN,15517.0,15112.0
2018-04-14,21,TEN,15520.0,15211.0
2018-04-14,22,TEN,15653.0,15281.0
2018-04-14,23,TEN,15632.0,15318.0
2018-04-15,0,TEN,15647.0,15373.0
2018-04-15,1,TEN,15780.0,15574.0
2018-04-15,2,TEN,15559.0,15283.0
2018-04-15,3,TEN,14980.0,14761.0
2018-04-15,4,TEN,14037.0,13855.0
2018-04-15,5,TEN,13185.0,13043.0
2018-04-15,6,TEN,12493.0,12367.0
2018-04-15,7,TEN,12160.0,12067.0
2018-04-15,8,TEN,11965.0,11867.0
2018-04-15,9,TEN,11937.0,11860.0
2018-04-15,10,TEN,11948.0,11798.0
2018-04-15,11,TEN,12354.0,12208.0
2018-04-15,12,TEN,12817.0,12697.0
2018-04-15,13,TEN,13723.0,13579.0
2018-04-15,14,TEN,14748.0,14780.0
2018-04-15,15,TEN,15143.0,15059.0
2018-04-15,16,TEN,15201.0,15066.0
2018-04-15,17,TEN,15368.0,15277.0
2018-04-15,18,TEN,15485.0,15358.0
2018-04-15,19,TEN,15525.0,15393.0
2018-04-15,20,TEN,15694.0,15562.0
2018-04-15,21,TEN,15826.0,15741.0
2018-04-15,22,TEN,16216.0,16095.0
2018-04-15,23,TEN,16607.0,16464.0
2018-04-16,0,TEN,16920.0,16675.0
2018-04-16,1,TEN,17615.0,17192.0
2018-04-16,2,TEN,17662.0,17323.0
2018-04-16,3,TEN,17100.0,16796.0
2018-04-16,4,TEN,16264.0,16177.0
2018-04-16,5,TEN,15592.0,15391.0
2018-04-16,6,TEN,15288.0,15139.0
2018-04-16,7,TEN,15288.0,15137.0
2018-04-16,8,TEN,15313.0,15182.0
2018-04-16,9,TEN,15675.0,15350.0
2018-04-16,10,TEN,16529.0,16236.0
2018-04-16,11,TEN,18148.0,17791.0
2018-04-16,12,TEN,19739.0,18697.0
2018-04-16,13,TEN,20177.0,19211.0
2018-04-16,14,TEN,20307.0,19366.0
2018-04-16,15,TEN,20256.0,19496.0
2018-04-16,16,TEN,20236.0,19768.0
2018-04-16,17,TEN,19873.0,19520.0
2018-04-16,18,TEN,19462.0,19045.0
2018-04-16,19,TEN,19116.0,18696.0
2018-04-16,20,TEN,18666.0,18245.0
2018-04-16,21,TEN,18381.0,18071.0
2018-04-16,22,TEN,18546.0,18207.0
2018-04-16,23,TEN,18598.0,18246.0
2018-04-17,0,TEN,18865.0,18168.0
2018-04-17,1,TEN,19637.0,18586.0
2018-04-17,2,TEN,19938.0,18911.0
2018-04-17,3,TEN,19283.0,18723.0
2018-04-17,4,TEN,18359.0,17982.0
2018-04-17,5,TEN,17823.0,17677.0
2018-04-17,6,TEN,17581.0,17368.0
2018-04-17,7,TEN,17587.0,17305.0
2018-04-17,8,TEN,17786.0,17473.0
2018-04-17,9,TEN,18108.0,17749.0
2018-04-17,10,TEN,18827.0,18269.0
2018-04-17,11,TEN,20393.0,19261.0
2018-04-17,12,TEN,21419.0,20225.0
2018-04-17,13,TEN,20728.0,19674.0
2018-04-17,14,TEN,19374.0,19049.0
2018-04-17,15,TEN,18311.0,18075.0
2018-04-17,16,TEN,17605.0,17502.0
2018-04-17,17,TEN,16898.0,16826.0
2018-04-17,18,TEN,16565.0,16353.0
2018-04-17,19,TEN,16238.0,15985.0
2018-04-17,20,TEN,15937.0,15732.0
2018-04-17,21,TEN,15915.0,15643.0
2018-04-17,22,TEN,16084.0,15879.0
2018-04-17,23,TEN,16147.0,15912.0
2018-04-18,0,TEN,16263.0,16158.0
2018-04-18,1,TEN,16825.0,16638.0
2018-04-18,2,TEN,17238.0,17021.0
2018-04-18,3,TEN,16397.0,16184.0
2018-04-18,4,TEN,15107.0,15226.0
2018-04-18,5,TEN,14051.0,14162.0
2018-04-18,6,TEN,13364.0,13314.0
2018-04-18,7,TEN,13044.0,13060.0
2018-04-18,8,TEN,12831.0,13209.0
2018-04-18,9,TEN,12878.0,13498.0
2018-04-18,10,TEN,13459.0,14174.0
2018-04-18,11,TEN,14723.0,15326.0
2018-04-18,12,TEN,15830.0,16364.0
2018-04-18,13,TEN,15954.0,16607.0
2018-04-18,14,TEN,15762.0,16293.0
2018-04-18,15,TEN,15839.0,16215.0
2018-04-18,16,TEN,15814.0,16165.0
2018-04-18,17,TEN,15961.0,16288.0
2018-04-18,18,TEN,16072.0,16432.0
2018-04-18,19,TEN,16196.0,16679.0
2018-04-18,20,TEN,16385.0,16952.0
2018-04-18,21,TEN,16562.0,17122.0
2018-04-18,22,TEN,16957.0,17457.0
2018-04-18,23,TEN,17047.0,17589.0
2018-04-19,0,TEN,16912.0,17416.0
2018-04-19,1,TEN,17123.0,17680.0
2018-04-19,2,TEN,17557.0,17916.0
2018-04-19,3,TEN,16619.0,17026.0
2018-04-19,4,TEN,15299.0,15788.0
2018-04-19,5,TEN,14156.0,14606.0
2018-04-19,6,TEN,13208.0,13964.0
2018-04-19,7,TEN,12783.0,13896.0
2018-04-19,8,TEN,12456.0,13621.0
2018-04-19,9,TEN,12607.0,13756.0
2018-04-19,10,TEN,13131.0,13933.0
2018-04-19,11,TEN,14503.0,15219.0
2018-04-19,12,TEN,15997.0,16377.0
2018-04-19,13,TEN,16553.0,16987.0
2018-04-19,14,TEN,16776.0,17134.0
2018-04-19,15,TEN,16957.0,17585.0
2018-04-19,16,TEN,16958.0,17602.0
2018-04-19,17,TEN,16696.0,17441.0
2018-04-19,18,TEN,16373.0,17014.0
2018-04-19,19,TEN,16124.0,16915.0
2018-04-19,20,TEN,15894.0,16550.0
2018-04-19,21,TEN,15723.0,16641.0
2018-04-19,22,TEN,15789.0,16931.0
2018-04-19,23,TEN,15858.0,16790.0
2018-04-20,0,TEN,16167.0,16690.0
2018-04-20,1,TEN,17117.0,17695.0
2018-04-20,2,TEN,17734.0,18431.0
2018-04-20,3,TEN,17238.0,17929.0
2018-04-20,4,TEN,16279.0,17104.0
2018-04-20,5,TEN,15524.0,17104.0
2018-04-20,6,TEN,15319.0,16449.0
2018-04-20,7,TEN,15314.0,16403.0
2018-04-20,8,TEN,15401.0,16528.0
2018-04-20,9,TEN,15882.0,16936.0
2018-04-20,10,TEN,16792.0,17788.0
2018-04-20,11,TEN,18388.0,19127.0
2018-04-20,12,TEN,19808.0,20109.0
2018-04-20,13,TEN,19389.0,19532.0
2018-04-20,14,TEN,18297.0,18948.0
2018-04-20,15,TEN,17563.0,18280.0
2018-04-20,16,TEN,16978.0,17650.0
2018-04-20,17,TEN,16385.0,17058.0
2018-04-20,18,TEN,16015.0,16866.0
2018-04-20,19,TEN,15673.0,16575.0
2018-04-20,20,TEN,15409.0,16408.0
2018-04-20,21,TEN,15620.0,16307.0
2018-04-20,22,TEN,15209.0,16393.0
2018-04-20,23,TEN,15449.0,16413.0
2018-04-21,0,TEN,15313.0,16309.0
2018-04-21,1,TEN,15769.0,16733.0
2018-04-21,2,TEN,16063.0,17042.0
2018-04-21,3,TEN,15510.0,16510.0
2018-04-21,4,TEN,14776.0,15555.0
2018-04-21,5,TEN,14131.0,15117.0
2018-04-21,6,TEN,13622.0,14402.0
2018-04-21,7,TEN,13532.0,14243.0
2018-04-21,8,TEN,13555.0,14247.0
2018-04-21,9,TEN,13798.0,14441.0
2018-04-21,10,TEN,14194.0,14765.0
2018-04-21,11,TEN,14883.0,15544.0
2018-04-21,12,TEN,15525.0,16223.0
2018-04-21,13,TEN,15847.0,16576.0
2018-04-21,14,TEN,15868.0,16541.0
2018-04-21,15,TEN,15473.0,16187.0
2018-04-21,16,TEN,15139.0,15804.0
2018-04-21,17,TEN,14782.0,15473.0
2018-04-21,18,TEN,14595.0,15282.0
2018-04-21,19,TEN,14601.0,15281.0
2018-04-21,20,TEN,14631.0,15340.0
2018-04-21,21,TEN,14957.0,15442.0
2018-04-21,22,TEN,14956.0,15643.0
2018-04-21,23,TEN,15051.0,15721.0
2018-04-22,0,TEN,14989.0,15681.0
2018-04-22,1,TEN,15271.0,15956.0
2018-04-22,2,TEN,15411.0,16080.0
2018-04-22,3,TEN,14856.0,15501.0
2018-04-22,4,TEN,13834.0,14357.0
2018-04-22,5,TEN,13010.0,13701.0
2018-04-22,6,TEN,12320.0,13335.0
2018-04-22,7,TEN,12005.0,12907.0
2018-04-22,8,TEN,11858.0,12861.0
2018-04-22,9,TEN,11780.0,12804.0
2018-04-22,10,TEN,11967.0,12915.0
2018-04-22,11,TEN,12369.0,13371.0
2018-04-22,12,TEN,12616.0,13273.0
2018-04-22,13,TEN,13333.0,14003.0
2018-04-22,14,TEN,13980.0,14607.0
2018-04-22,15,TEN,14420.0,15030.0
2018-04-22,16,TEN,14495.0,15130.0
2018-04-22,17,TEN,14625.0,15289.0
2018-04-22,18,TEN,14738.0,15395.0
2018-04-22,19,TEN,14769.0,15457.0
2018-04-22,20,TEN,14702.0,15381.0
2018-04-22,21,TEN,14752.0,15431.0
2018-04-22,22,TEN,14941.0,15577.0
2018-04-22,23,TEN,15234.0,15875.0
2018-04-23,0,TEN,15394.0,16049.0
2018-04-23,1,TEN,15843.0,16215.0
2018-04-23,2,TEN,15764.0,16183.0
2018-04-23,3,TEN,15114.0,15674.0
2018-04-23,4,TEN,13954.0,14522.0
2018-04-23,5,TEN,13156.0,13738.0
2018-04-23,6,TEN,12792.0,13464.0
2018-04-23,7,TEN,12599.0,13264.0
2018-04-23,8,TEN,12394.0,13101.0
2018-04-23,9,TEN,12523.0,13250.0
2018-04-23,10,TEN,13130.0,13765.0
2018-04-23,11,TEN,14325.0,14979.0
2018-04-23,12,TEN,15759.0,16465.0
2018-04-23,13,TEN,16190.0,16922.0
2018-04-23,14,TEN,16262.0,16992.0
2018-04-23,15,TEN,16400.0,17207.0
2018-04-23,16,TEN,16476.0,17411.0
2018-04-23,17,TEN,16433.0,17335.0
2018-04-23,18,TEN,16500.0,17443.0
2018-04-23,19,TEN,16354.0,17340.0
2018-04-23,20,TEN,16263.0,17266.0
2018-04-23,21,TEN,16209.0,17177.0
2018-04-23,22,TEN,16284.0,17271.0
2018-04-23,23,TEN,16463.0,17422.0
2018-04-24,0,TEN,16534.0,17443.0
2018-04-24,1,TEN,16974.0,17855.0
2018-04-24,2,TEN,16951.0,17682.0
2018-04-24,3,TEN,16113.0,16920.0
2018-04-24,4,TEN,14822.0,15561.0
2018-04-24,5,TEN,13926.0,14694.0
2018-04-24,6,TEN,13374.0,14272.0
2018-04-24,7,TEN,13015.0,13974.0
2018-04-24,8,TEN,12846.0,13792.0
2018-04-24,9,TEN,12989.0,13974.0
2018-04-24,10,TEN,13509.0,14399.0
2018-04-24,11,TEN,14795.0,15420.0
2018-04-24,12,TEN,16078.0,16732.0
2018-04-24,13,TEN,16412.0,17143.0
2018-04-24,14,TEN,16467.0,17203.0
2018-04-24,15,TEN,16607.0,17346.0
2018-04-24,16,TEN,16612.0,17329.0
2018-04-24,17,TEN,16437.0,17153.0
2018-04-24,18,TEN,16299.0,17110.0
2018-04-24,19,TEN,16167.0,17043.0
2018-04-24,20,TEN,16054.0,16763.0
2018-04-24,21,TEN,15991.0,16625.0
2018-04-24,22,TEN,16194.0,16758.0
2018-04-24,23,TEN,16265.0,16963.0
2018-04-25,0,TEN,16361.0,17043.0
2018-04-25,1,TEN,16769.0,17447.0
2018-04-25,2,TEN,16845.0,17538.0
2018-04-25,3,TEN,15935.0,16544.0
2018-04-25,4,TEN,14855.0,15634.0
2018-04-25,5,TEN,13914.0,14791.0
2018-04-25,6,TEN,13250.0,13875.0
2018-04-25,7,TEN,12966.0,13720.0
2018-04-25,8,TEN,12776.0,13455.0
2018-04-25,9,TEN,12821.0,13438.0
2018-04-25,10,TEN,13317.0,13861.0
2018-04-25,11,TEN,14651.0,15300.0
2018-04-25,12,TEN,15841.0,16543.0
2018-04-25,13,TEN,16060.0,16783.0
2018-04-25,14,TEN,16099.0,16830.0
2018-04-25,15,TEN,16140.0,16869.0
2018-04-25,16,TEN,16200.0,16900.0
2018-04-25,17,TEN,16129.0,16864.0
2018-04-25,18,TEN,16129.0,16843.0
2018-04-25,19,TEN,16110.0,16818.0
2018-04-25,20,TEN,15970.0,16740.0
2018-04-25,21,TEN,16006.0,16739.0
2018-04-25,22,TEN,16025.0,16819.0
2018-04-25,23,TEN,16264.0,17057.0
2018-04-26,0,TEN,16260.0,17047.0
2018-04-26,1,TEN,16738.0,17496.0
2018-04-26,2,TEN,16928.0,17658.0
2018-04-26,3,TEN,16122.0,16830.0
2018-04-26,4,TEN,14880.0,15577.0
2018-04-26,5,TEN,13913.0,14554.0
2018-04-26,6,TEN,13299.0,13957.0
2018-04-26,7,TEN,12989.0,13662.0
2018-04-26,8,TEN,12953.0,13632.0
2018-04-26,9,TEN,12990.0,13683.0
2018-04-26,10,TEN,13480.0,14205.0
2018-04-26,11,TEN,14851.0,15584.0
2018-04-26,12,TEN,16090.0,16823.0
2018-04-26,13,TEN,16386.0,17141.0
2018-04-26,14,TEN,16521.0,17181.0
2018-04-26,15,TEN,16613.0,17294.0
2018-04-26,16,TEN,16623.0,17426.0
2018-04-26,17,TEN,16597.0,17421.0
2018-04-26,18,TEN,16450.0,17253.0
2018-04-26,19,TEN,16285.0,17061.0
2018-04-26,20,TEN,16148.0,16887.0
2018-04-26,21,TEN,16156.0,16857.0
2018-04-26,22,TEN,16161.0,16902.0
2018-04-26,23,TEN,16266.0,17012.0
2018-04-27,0,TEN,16438.0,17163.0
2018-04-27,1,TEN,16767.0,17506.0
2018-04-27,2,TEN,16998.0,17759.0
2018-04-27,3,TEN,16295.0,17183.0
2018-04-27,4,TEN,15181.0,16014.0
2018-04-27,5,TEN,14363.0,15246.0
2018-04-27,6,TEN,13787.0,14614.0
2018-04-27,7,TEN,13492.0,14328.0
2018-04-27,8,TEN,13388.0,14229.0
2018-04-27,9,TEN,13536.0,14355.0
2018-04-27,10,TEN,14128.0,14889.0
2018-04-27,11,TEN,15336.0,16185.0
2018-04-27,12,TEN,16522.0,17244.0
2018-04-27,13,TEN,16642.0,17169.0
2018-04-27,14,TEN,16305.0,16882.0
2018-04-27,15,TEN,16333.0,17081.0
2018-04-27,16,TEN,16192.0,16949.0
2018-04-27,17,TEN,15986.0,16874.0
2018-04-27,18,TEN,15993.0,16751.0
2018-04-27,19,TEN,15938.0,16740.0
2018-04-27,20,TEN,15835.0,16574.0
2018-04-27,21,TEN,15702.0,16506.0
2018-04-27,22,TEN,15764.0,16472.0
2018-04-27,23,TEN,15678.0,16432.0
2018-04-28,0,TEN,15758.0,16444.0
2018-04-28,1,TEN,15680.0,16368.0
2018-04-28,2,TEN,15967.0,16819.0
2018-04-28,3,TEN,15295.0,16075.0
2018-04-28,4,TEN,14245.0,15082.0
2018-04-28,5,TEN,13309.0,14210.0
2018-04-28,6,TEN,12818.0,13808.0
2018-04-28,7,TEN,12534.0,13572.0
2018-04-28,8,TEN,12371.0,13377.0
2018-04-28,9,TEN,12435.0,13415.0
2018-04-28,10,TEN,12670.0,13654.0
2018-04-28,11,TEN,13164.0,14211.0
2018-04-28,12,TEN,13576.0,14576.0
2018-04-28,13,TEN,14299.0,15348.0
2018-04-28,14,TEN,14697.0,15747.0
2018-04-28,15,TEN,14829.0,15869.0
2018-04-28,16,TEN,14797.0,15875.0
2018-04-28,17,TEN,14780.0,15846.0
2018-04-28,18,TEN,14754.0,15715.0
2018-04-28,19,TEN,14742.0,15690.0
2018-04-28,20,TEN,14781.0,15728.0
2018-04-28,21,TEN,15088.0,16071.0
2018-04-28,22,TEN,15238.0,16228.0
2018-04-28,23,TEN,15324.0,16342.0
2018-04-29,0,TEN,15149.0,16138.0
2018-04-29,1,TEN,15109.0,16082.0
2018-04-29,2,TEN,15286.0,16297.0
2018-04-29,3,TEN,14634.0,15560.0
2018-04-29,4,TEN,13924.0,15045.0
2018-04-29,5,TEN,13057.0,14035.0
2018-04-29,6,TEN,12406.0,13478.0
2018-04-29,7,TEN,12102.0,13305.0
2018-04-29,8,TEN,12017.0,12919.0
2018-04-29,9,TEN,12146.0,13068.0
2018-04-29,10,TEN,12327.0,13293.0
2018-04-29,11,TEN,12780.0,13734.0
2018-04-29,12,TEN,13257.0,14229.0
2018-04-29,13,TEN,14055.0,15045.0
2018-04-29,14,TEN,14465.0,15430.0
2018-04-29,15,TEN,14442.0,15431.0
2018-04-29,16,TEN,14096.0,15135.0
2018-04-29,17,TEN,14320.0,15278.0
2018-04-29,18,TEN,13980.0,14970.0
2018-04-29,19,TEN,13958.0,14941.0
2018-04-29,20,TEN,13926.0,14921.0
2018-04-29,21,TEN,14072.0,15072.0
2018-04-29,22,TEN,14326.0,15317.0
2018-04-29,23,TEN,14707.0,15703.0
2018-04-30,0,TEN,14866.0,15863.0
2018-04-30,1,TEN,15267.0,16276.0
2018-04-30,2,TEN,15827.0,16769.0
2018-04-30,3,TEN,15165.0,16350.0
2018-04-30,4,TEN,14216.0,15277.0
2018-04-30,5,TEN,13359.0,14355.0
2018-04-30,6,TEN,12990.0,14096.0
2018-04-30,7,TEN,12860.0,13970.0
2018-04-30,8,TEN,12979.0,14138.0
2018-04-30,9,TEN,13395.0,14516.0
2018-04-30,10,TEN,14356.0,15451.0
2018-04-30,11,TEN,16004.0,16975.0
2018-04-30,12,TEN,17458.0,18570.0
2018-04-30,13,TEN,17343.0,18409.0
2018-04-30,14,TEN,16805.0,17900.0
2018-04-30,15,TEN,16415.0,17530.0
2018-04-30,16,TEN,16119.0,17220.0
2018-04-30,17,TEN,16031.0,17157.0
2018-04-30,18,TEN,16128.0,17157.0
2018-04-30,19,TEN,16205.0,17323.0
2018-04-30,20,TEN,16269.0,17313.0
2018-04-30,21,TEN,16543.0,17603.0
2018-04-30,22,TEN,16832.0,17848.0
2018-04-30,23,TEN,16998.0,18069.0
2018-05-01,0,TEN,16904.0,17900.0
2018-05-01,1,TEN,17073.0,18095.0
2018-05-01,2,TEN,17222.0,18274.0
2018-05-01,3,TEN,16299.0,17401.0
2018-05-01,4,TEN,14883.0,15951.0
2018-05-01,5,TEN,13638.0,14670.0
2018-05-01,6,TEN,12936.0,13797.0
2018-05-01,7,TEN,12670.0,13582.0
2018-05-01,8,TEN,12522.0,13453.0
2018-05-01,9,TEN,12632.0,13514.0
2018-05-01,10,TEN,13242.0,14137.0
2018-05-01,11,TEN,14470.0,15421.0
2018-05-01,12,TEN,15676.0,16573.0
2018-05-01,13,TEN,15866.0,16804.0
2018-05-01,14,TEN,15755.0,16723.0
2018-05-01,15,TEN,15802.0,16766.0
2018-05-01,16,TEN,16065.0,17016.0
2018-05-01,17,TEN,16321.0,17299.0
2018-05-01,18,TEN,16685.0,17572.0
2018-05-01,19,TEN,17074.0,17975.0
2018-05-01,20,TEN,17497.0,18364.0
2018-05-01,21,TEN,17901.0,18876.0
2018-05-01,22,TEN,18275.0,19162.0
2018-05-01,23,TEN,18354.0,19241.0
2018-05-02,0,TEN,18204.0,19140.0
2018-05-02,1,TEN,18208.0,18993.0
2018-05-02,2,TEN,18300.0,18956.0
2018-05-02,3,TEN,17167.0,18035.0
2018-05-02,4,TEN,15780.0,16546.0
2018-05-02,5,TEN,14449.0,15294.0
2018-05-02,6,TEN,13447.0,14252.0
2018-05-02,7,TEN,12900.0,13795.0
2018-05-02,8,TEN,12632.0,13316.0
2018-05-02,9,TEN,12573.0,12838.0
2018-05-02,10,TEN,12942.0,13450.0
2018-05-02,11,TEN,13820.0,14293.0
2018-05-02,12,TEN,14887.0,15498.0
2018-05-02,13,TEN,15383.0,16175.0
2018-05-02,14,TEN,15757.0,16567.0
2018-05-02,15,TEN,16321.0,17161.0
2018-05-02,16,TEN,16947.0,17819.0
2018-05-02,17,TEN,17588.0,18341.0
2018-05-02,18,TEN,18175.0,18635.0
2018-05-02,19,TEN,18792.0,19390.0
2018-05-02,20,TEN,19363.0,19942.0
2018-05-02,21,TEN,19765.0,20306.0
2018-05-02,22,TEN,20192.0,20465.0
2018-05-02,23,TEN,20452.0,20701.0
2018-05-03,0,TEN,20290.0,20661.0
2018-05-03,1,TEN,19790.0,20414.0
2018-05-03,2,TEN,19685.0,20208.0
2018-05-03,3,TEN,18368.0,19113.0
2018-05-03,4,TEN,16711.0,17653.0
2018-05-03,5,TEN,15266.0,16229.0
2018-05-03,6,TEN,14257.0,14736.0
2018-05-03,7,TEN,13606.0,14387.0
2018-05-03,8,TEN,13203.0,14076.0
2018-05-03,9,TEN,13072.0,14058.0
2018-05-03,10,TEN,13506.0,14442.0
2018-05-03,11,TEN,14557.0,15334.0
2018-05-03,12,TEN,15570.0,15689.0
2018-05-03,13,TEN,16075.0,16312.0
2018-05-03,14,TEN,16635.0,16875.0
2018-05-03,15,TEN,17335.0,17581.0
2018-05-03,16,TEN,18011.0,18170.0
2018-05-03,17,TEN,18610.0,18762.0
2018-05-03,18,TEN,19270.0,19304.0
2018-05-03,19,TEN,19964.0,19597.0
2018-05-03,20,TEN,20525.0,20256.0
2018-05-03,21,TEN,21009.0,20593.0
2018-05-03,22,TEN,21305.0,20817.0
2018-05-03,23,TEN,21091.0,20912.0
2018-05-04,0,TEN,20615.0,20493.0
2018-05-04,1,TEN,20388.0,20534.0
2018-05-04,2,TEN,20183.0,20421.0
2018-05-04,3,TEN,18909.0,18804.0
2018-05-04,4,TEN,17216.0,17764.0
2018-05-04,5,TEN,15738.0,16612.0
2018-05-04,6,TEN,14768.0,15701.0
2018-05-04,7,TEN,14134.0,15100.0
2018-05-04,8,TEN,13717.0,14657.0
2018-05-04,9,TEN,13583.0,14563.0
2018-05-04,10,TEN,13722.0,14716.0
2018-05-04,11,TEN,14822.0,15776.0
2018-05-04,12,TEN,15819.0,16847.0
2018-05-04,13,TEN,16461.0,17441.0
2018-05-04,14,TEN,17051.0,18031.0
2018-05-04,15,TEN,17501.0,18330.0
2018-05-04,16,TEN,18242.0,18834.0
2018-05-04,17,TEN,18701.0,19325.0
2018-05-04,18,TEN,19057.0,19679.0
2018-05-04,19,TEN,19215.0,19855.0
2018-05-04,20,TEN,19694.0,20057.0
2018-05-04,21,TEN,19493.0,20139.0
2018-05-04,22,TEN,19367.0,20048.0
2018-05-04,23,TEN,19241.0,19876.0
2018-05-05,0,TEN,18667.0,19647.0
2018-05-05,1,TEN,18645.0,19640.0
2018-05-05,2,TEN,18515.0,19456.0
2018-05-05,3,TEN,17574.0,18543.0
2018-05-05,4,TEN,16390.0,17199.0
2018-05-05,5,TEN,15038.0,15994.0
2018-05-05,6,TEN,14174.0,15085.0
2018-05-05,7,TEN,13455.0,14363.0
2018-05-05,8,TEN,13016.0,13978.0
2018-05-05,9,TEN,12782.0,13732.0
2018-05-05,10,TEN,12799.0,13787.0
2018-05-05,11,TEN,13058.0,14060.0
2018-05-05,12,TEN,13316.0,14334.0
2018-05-05,13,TEN,13929.0,14914.0
2018-05-05,14,TEN,14758.0,15799.0
2018-05-05,15,TEN,15464.0,16500.0
2018-05-05,16,TEN,15834.0,17048.0
2018-05-05,17,TEN,16122.0,17516.0
2018-05-05,18,TEN,16263.0,17696.0
2018-05-05,19,TEN,16226.0,17880.0
2018-05-05,20,TEN,16206.0,17805.0
2018-05-05,21,TEN,16104.0,17751.0
2018-05-05,22,TEN,16092.0,17761.0
2018-05-05,23,TEN,15920.0,17616.0
2018-05-06,0,TEN,15708.0,17389.0
2018-05-06,1,TEN,15745.0,17458.0
2018-05-06,2,TEN,15879.0,17485.0
2018-05-06,3,TEN,15172.0,16483.0
2018-05-06,4,TEN,14313.0,15417.0
2018-05-06,5,TEN,13221.0,14418.0
2018-05-06,6,TEN,12529.0,13515.0
2018-05-06,7,TEN,12030.0,13023.0
2018-05-06,8,TEN,11744.0,12777.0
2018-05-06,9,TEN,11647.0,12669.0
2018-05-06,10,TEN,11601.0,12665.0
2018-05-06,11,TEN,11772.0,12804.0
2018-05-06,12,TEN,11950.0,13039.0
2018-05-06,13,TEN,12698.0,13851.0
2018-05-06,14,TEN,13586.0,14752.0
2018-05-06,15,TEN,14188.0,15322.0
2018-05-06,16,TEN,14600.0,15724.0
2018-05-06,17,TEN,15071.0,16217.0
2018-05-06,18,TEN,15661.0,16879.0
2018-05-06,19,TEN,16310.0,17801.0
2018-05-06,20,TEN,16885.0,18199.0
2018-05-06,21,TEN,17460.0,18615.0
2018-05-06,22,TEN,17910.0,18572.0
2018-05-06,23,TEN,17726.0,18262.0
2018-05-07,0,TEN,17396.0,17840.0
2018-05-07,1,TEN,17103.0,17358.0
2018-05-07,2,TEN,17198.0,17459.0
2018-05-07,3,TEN,16220.0,16908.0
2018-05-07,4,TEN,14871.0,15912.0
2018-05-07,5,TEN,13623.0,14353.0
2018-05-07,6,TEN,12885.0,13807.0
2018-05-07,7,TEN,12426.0,13358.0
2018-05-07,8,TEN,12218.0,13184.0
2018-05-07,9,TEN,12242.0,13190.0
2018-05-07,10,TEN,12704.0,13750.0
2018-05-07,11,TEN,13922.0,15065.0
2018-05-07,12,TEN,14974.0,15931.0
2018-05-07,13,TEN,15581.0,16270.0
2018-05-07,14,TEN,16091.0,16671.0
2018-05-07,15,TEN,16668.0,17369.0
2018-05-07,16,TEN,17336.0,17881.0
2018-05-07,17,TEN,17923.0,18274.0
2018-05-07,18,TEN,18615.0,18984.0
2018-05-07,19,TEN,19241.0,19501.0
2018-05-07,20,TEN,19575.0,19752.0
2018-05-07,21,TEN,20108.0,20409.0
2018-05-07,22,TEN,20405.0,20805.0
2018-05-07,23,TEN,20395.0,21022.0
2018-05-08,0,TEN,19897.0,20577.0
2018-05-08,1,TEN,19331.0,19943.0
2018-05-08,2,TEN,19166.0,19783.0
2018-05-08,3,TEN,17744.0,18501.0
2018-05-08,4,TEN,15996.0,16732.0
2018-05-08,5,TEN,14588.0,15272.0
2018-05-08,6,TEN,13587.0,14137.0
2018-05-08,7,TEN,13016.0,13553.0
2018-05-08,8,TEN,12609.0,13263.0
2018-05-08,9,TEN,12515.0,13110.0
2018-05-08,10,TEN,12993.0,13585.0
2018-05-08,11,TEN,14040.0,14696.0
2018-05-08,12,TEN,15126.0,15573.0
2018-05-08,13,TEN,15751.0,16186.0
2018-05-08,14,TEN,16150.0,16588.0
2018-05-08,15,TEN,16810.0,17236.0
2018-05-08,16,TEN,17285.0,17703.0
2018-05-08,17,TEN,17891.0,18288.0
2018-05-08,18,TEN,18559.0,18968.0
2018-05-08,19,TEN,19313.0,19774.0
2018-05-08,20,TEN,19983.0,20383.0
2018-05-08,21,TEN,20462.0,20953.0
2018-05-08,22,TEN,21063.0,21527.0
2018-05-08,23,TEN,20943.0,21378.0
2018-05-09,0,TEN,20491.0,20972.0
2018-05-09,1,TEN,19840.0,20271.0
2018-05-09,2,TEN,19487.0,19901.0
2018-05-09,3,TEN,18187.0,18642.0
2018-05-09,4,TEN,16386.0,17289.0
2018-05-09,5,TEN,14867.0,15707.0
2018-05-09,6,TEN,13903.0,14557.0
2018-05-09,7,TEN,13187.0,13918.0
2018-05-09,8,TEN,12819.0,13469.0
2018-05-09,9,TEN,12659.0,13280.0
2018-05-09,10,TEN,12988.0,13595.0
2018-05-09,11,TEN,14075.0,14632.0
2018-05-09,12,TEN,15113.0,15732.0
2018-05-09,13,TEN,15758.0,16360.0
2018-05-09,14,TEN,16238.0,16809.0
2018-05-09,15,TEN,16720.0,17395.0
2018-05-09,16,TEN,17701.0,18320.0
2018-05-09,17,TEN,18522.0,19184.0
2018-05-09,18,TEN,19239.0,19936.0
2018-05-09,19,TEN,20031.0,20548.0
2018-05-09,20,TEN,20711.0,21274.0
2018-05-09,21,TEN,21244.0,21464.0
2018-05-09,22,TEN,21511.0,21679.0
2018-05-09,23,TEN,21563.0,21871.0
2018-05-10,0,TEN,21114.0,21877.0
2018-05-10,1,TEN,20588.0,21342.0
2018-05-10,2,TEN,20410.0,21085.0
2018-05-10,3,TEN,19138.0,19916.0
2018-05-10,4,TEN,17316.0,17982.0
2018-05-10,5,TEN,15802.0,16462.0
2018-05-10,6,TEN,14713.0,15376.0
2018-05-10,7,TEN,14152.0,14842.0
2018-05-10,8,TEN,13715.0,14382.0
2018-05-10,9,TEN,13538.0,14264.0
2018-05-10,10,TEN,13861.0,14609.0
2018-05-10,11,TEN,14926.0,15682.0
2018-05-10,12,TEN,15919.0,16151.0
2018-05-10,13,TEN,16588.0,16786.0
2018-05-10,14,TEN,17272.0,17717.0
2018-05-10,15,TEN,18083.0,18812.0
2018-05-10,16,TEN,19081.0,19859.0
2018-05-10,17,TEN,19923.0,20677.0
2018-05-10,18,TEN,20594.0,21081.0
2018-05-10,19,TEN,21341.0,21611.0
2018-05-10,20,TEN,21824.0,21992.0
2018-05-10,21,TEN,22282.0,22431.0
2018-05-10,22,TEN,22590.0,22552.0
2018-05-10,23,TEN,22452.0,22823.0
2018-05-11,0,TEN,21670.0,22207.0
2018-05-11,1,TEN,21061.0,21662.0
2018-05-11,2,TEN,20852.0,21548.0
2018-05-11,3,TEN,19490.0,20297.0
2018-05-11,4,TEN,17642.0,18362.0
2018-05-11,5,TEN,15931.0,16692.0
2018-05-11,6,TEN,14973.0,15641.0
2018-05-11,7,TEN,14258.0,14961.0
2018-05-11,8,TEN,13773.0,14501.0
2018-05-11,9,TEN,13466.0,14230.0
2018-05-11,10,TEN,13769.0,14471.0
2018-05-11,11,TEN,14662.0,15316.0
2018-05-11,12,TEN,15731.0,16177.0
2018-05-11,13,TEN,16562.0,17057.0
2018-05-11,14,TEN,17516.0,18036.0
2018-05-11,15,TEN,18643.0,19168.0
2018-05-11,16,TEN,19747.0,20266.0
2018-05-11,17,TEN,20769.0,21358.0
2018-05-11,18,TEN,21825.0,22252.0
2018-05-11,19,TEN,22614.0,23173.0
2018-05-11,20,TEN,23133.0,23677.0
2018-05-11,21,TEN,23620.0,23828.0
2018-05-11,22,TEN,23694.0,23804.0
2018-05-11,23,TEN,23359.0,23970.0
2018-05-12,0,TEN,22525.0,23240.0
2018-05-12,1,TEN,21516.0,22030.0
2018-05-12,2,TEN,20907.0,21546.0
2018-05-12,3,TEN,19660.0,20290.0
2018-05-12,4,TEN,18154.0,18804.0
2018-05-12,5,TEN,16452.0,17033.0
2018-05-12,6,TEN,14940.0,15489.0
2018-05-12,7,TEN,14155.0,14789.0
2018-05-12,8,TEN,13547.0,14231.0
2018-05-12,9,TEN,13168.0,13899.0
2018-05-12,10,TEN,13046.0,13792.0
2018-05-12,11,TEN,13018.0,13963.0
2018-05-12,12,TEN,13262.0,14290.0
2018-05-12,13,TEN,14442.0,15107.0
2018-05-12,14,TEN,15994.0,16710.0
2018-05-12,15,TEN,17421.0,18119.0
2018-05-12,16,TEN,18779.0,19452.0
2018-05-12,17,TEN,19941.0,20726.0
2018-05-12,18,TEN,20752.0,21620.0
2018-05-12,19,TEN,21683.0,22466.0
2018-05-12,20,TEN,22314.0,22677.0
2018-05-12,21,TEN,22674.0,22838.0
2018-05-12,22,TEN,22947.0,23051.0
2018-05-12,23,TEN,22614.0,22896.0
2018-05-13,0,TEN,21774.0,22566.0
2018-05-13,1,TEN,20728.0,21430.0
2018-05-13,2,TEN,20187.0,20712.0
2018-05-13,3,TEN,18797.0,19462.0
2018-05-13,4,TEN,17033.0,17640.0
2018-05-13,5,TEN,15591.0,16178.0
2018-05-13,6,TEN,14365.0,14937.0
2018-05-13,7,TEN,13405.0,14089.0
2018-05-13,8,TEN,12902.0,13637.0
2018-05-13,9,TEN,12527.0,13296.0
2018-05-13,10,TEN,12400.0,13329.0
2018-05-13,11,TEN,12451.0,13302.0
2018-05-13,12,TEN,12659.0,13521.0
2018-05-13,13,TEN,13858.0,14559.0
2018-05-13,14,TEN,15491.0,16212.0
2018-05-13,15,TEN,16878.0,17719.0
2018-05-13,16,TEN,18228.0,18897.0
2018-05-13,17,TEN,19521.0,20224.0
2018-05-13,18,TEN,20793.0,21423.0
2018-05-13,19,TEN,21657.0,22271.0
2018-05-13,20,TEN,22488.0,22894.0
2018-05-13,21,TEN,23142.0,23303.0
2018-05-13,22,TEN,23360.0,23525.0
2018-05-13,23,TEN,23429.0,23566.0
2018-05-14,0,TEN,22897.0,23208.0
2018-05-14,1,TEN,22038.0,22807.0
2018-05-14,2,TEN,21628.0,22274.0
2018-05-14,3,TEN,20188.0,20912.0
2018-05-14,4,TEN,18236.0,18881.0
2018-05-14,5,TEN,16521.0,17399.0
2018-05-14,6,TEN,15444.0,16313.0
2018-05-14,7,TEN,14576.0,15474.0
2018-05-14,8,TEN,14069.0,15022.0
2018-05-14,9,TEN,13885.0,14874.0
2018-05-14,10,TEN,14245.0,15211.0
2018-05-14,11,TEN,15242.0,16229.0
2018-05-14,12,TEN,16300.0,16948.0
2018-05-14,13,TEN,17338.0,17738.0
2018-05-14,14,TEN,18615.0,18773.0
2018-05-14,15,TEN,20181.0,20143.0
2018-05-14,16,TEN,21760.0,22078.0
2018-05-14,17,TEN,23174.0,23350.0
2018-05-14,18,TEN,24273.0,24549.0
2018-05-14,19,TEN,25143.0,25078.0
2018-05-14,20,TEN,25746.0,25306.0
2018-05-14,21,TEN,26142.0,25652.0
2018-05-14,22,TEN,26397.0,25798.0
2018-05-14,23,TEN,26205.0,25796.0
2018-05-15,0,TEN,25477.0,25411.0
2018-05-15,1,TEN,24491.0,24742.0
2018-05-15,2,TEN,24036.0,24223.0
2018-05-15,3,TEN,22188.0,22386.0
2018-05-15,4,TEN,20033.0,20707.0
2018-05-15,5,TEN,18175.0,18924.0
2018-05-15,6,TEN,16771.0,17380.0
2018-05-15,7,TEN,15886.0,16469.0
2018-05-15,8,TEN,15320.0,15929.0
2018-05-15,9,TEN,14958.0,15613.0
2018-05-15,10,TEN,15132.0,15697.0
2018-05-15,11,TEN,16042.0,16645.0
2018-05-15,12,TEN,17026.0,17763.0
2018-05-15,13,TEN,18027.0,18838.0
2018-05-15,14,TEN,18995.0,19690.0
2018-05-15,15,TEN,20461.0,21133.0
2018-05-15,16,TEN,21809.0,22586.0
2018-05-15,17,TEN,23078.0,23748.0
2018-05-15,18,TEN,24304.0,24969.0
2018-05-15,19,TEN,24936.0,25388.0
2018-05-15,20,TEN,25386.0,25502.0
2018-05-15,21,TEN,25599.0,25628.0
2018-05-15,22,TEN,25365.0,25487.0
2018-05-15,23,TEN,24411.0,24967.0
2018-05-16,0,TEN,23340.0,23983.0
2018-05-16,1,TEN,22640.0,23394.0
2018-05-16,2,TEN,22124.0,22733.0
2018-05-16,3,TEN,20616.0,21204.0
2018-05-16,4,TEN,18848.0,19393.0
2018-05-16,5,TEN,17170.0,17752.0
2018-05-16,6,TEN,16043.0,16652.0
2018-05-16,7,TEN,15197.0,15886.0
2018-05-16,8,TEN,14698.0,15373.0
2018-05-16,9,TEN,14533.0,15226.0
2018-05-16,10,TEN,14773.0,15476.0
2018-05-16,11,TEN,15636.0,16358.0
2018-05-16,12,TEN,16611.0,17294.0
2018-05-16,13,TEN,17301.0,18133.0
2018-05-16,14,TEN,18045.0,18744.0
2018-05-16,15,TEN,18994.0,19699.0
2018-05-16,16,TEN,19889.0,20551.0
2018-05-16,17,TEN,20791.0,21645.0
2018-05-16,18,TEN,21695.0,22629.0
2018-05-16,19,TEN,22236.0,23088.0
2018-05-16,20,TEN,22628.0,23346.0
2018-05-16,21,TEN,22909.0,23681.0
2018-05-16,22,TEN,22887.0,23668.0
2018-05-16,23,TEN,22552.0,23280.0
2018-05-17,0,TEN,21747.0,22497.0
2018-05-17,1,TEN,21212.0,21885.0
2018-05-17,2,TEN,21005.0,21683.0
2018-05-17,3,TEN,19669.0,20334.0
2018-05-17,4,TEN,18071.0,18657.0
2018-05-17,5,TEN,16506.0,17404.0
2018-05-17,6,TEN,15416.0,16385.0
2018-05-17,7,TEN,14556.0,15516.0
2018-05-17,8,TEN,14245.0,15286.0
2018-05-17,9,TEN,13991.0,15079.0
2018-05-17,10,TEN,14394.0,15428.0
2018-05-17,11,TEN,15392.0,16541.0
2018-05-17,12,TEN,16395.0,17487.0
2018-05-17,13,TEN,17155.0,18177.0
2018-05-17,14,TEN,17911.0,18933.0
2018-05-17,15,TEN,18682.0,19810.0
2018-05-17,16,TEN,19453.0,20458.0
2018-05-17,17,TEN,20113.0,21033.0
2018-05-17,18,TEN,20706.0,21757.0
2018-05-17,19,TEN,21531.0,22770.0
2018-05-17,20,TEN,21917.0,23058.0
2018-05-17,21,TEN,21848.0,22973.0
2018-05-17,22,TEN,21156.0,22267.0
2018-05-17,23,TEN,20291.0,21385.0
2018-05-18,0,TEN,19728.0,20926.0
2018-05-18,1,TEN,19430.0,20473.0
2018-05-18,2,TEN,19331.0,20400.0
2018-05-18,3,TEN,18434.0,19539.0
2018-05-18,4,TEN,17035.0,18087.0
2018-05-18,5,TEN,15636.0,16592.0
2018-05-18,6,TEN,14706.0,15630.0
2018-05-18,7,TEN,14069.0,15061.0
2018-05-18,8,TEN,13809.0,14704.0
2018-05-18,9,TEN,13757.0,14731.0
2018-05-18,10,TEN,14107.0,14971.0
2018-05-18,11,TEN,15171.0,16059.0
2018-05-18,12,TEN,16185.0,17180.0
2018-05-18,13,TEN,16884.0,17953.0
2018-05-18,14,TEN,17453.0,18433.0
2018-05-18,15,TEN,18112.0,19101.0
2018-05-18,16,TEN,19080.0,20130.0
2018-05-18,17,TEN,19926.0,21047.0
2018-05-18,18,TEN,20641.0,21427.0
2018-05-18,19,TEN,21165.0,21627.0
2018-05-18,20,TEN,21541.0,22229.0
2018-05-18,21,TEN,21732.0,22546.0
2018-05-18,22,TEN,21724.0,22772.0
2018-05-18,23,TEN,21127.0,22242.0
2018-05-19,0,TEN,20296.0,21414.0
2018-05-19,1,TEN,19707.0,20770.0
2018-05-19,2,TEN,19414.0,20486.0
2018-05-19,3,TEN,18471.0,19622.0
2018-05-19,4,TEN,17162.0,18223.0
2018-05-19,5,TEN,15794.0,16770.0
2018-05-19,6,TEN,14782.0,15565.0
2018-05-19,7,TEN,14076.0,14841.0
2018-05-19,8,TEN,13617.0,14369.0
2018-05-19,9,TEN,13257.0,13989.0
2018-05-19,10,TEN,13366.0,14149.0
2018-05-19,11,TEN,13608.0,14374.0
2018-05-19,12,TEN,13905.0,14692.0
2018-05-19,13,TEN,14928.0,15783.0
2018-05-19,14,TEN,16494.0,17314.0
2018-05-19,15,TEN,18055.0,18827.0
2018-05-19,16,TEN,19430.0,20236.0
2018-05-19,17,TEN,20457.0,21068.0
2018-05-19,18,TEN,21228.0,21608.0
2018-05-19,19,TEN,21883.0,22255.0
2018-05-19,20,TEN,22394.0,22784.0
2018-05-19,21,TEN,22694.0,23115.0
2018-05-19,22,TEN,22925.0,23301.0
2018-05-19,23,TEN,22679.0,23096.0
2018-05-20,0,TEN,21777.0,22564.0
2018-05-20,1,TEN,20732.0,21543.0
2018-05-20,2,TEN,20129.0,20893.0
2018-05-20,3,TEN,18871.0,19680.0
2018-05-20,4,TEN,17352.0,18095.0
2018-05-20,5,TEN,15880.0,16593.0
2018-05-20,6,TEN,14776.0,15476.0
2018-05-20,7,TEN,14146.0,14818.0
2018-05-20,8,TEN,13638.0,14428.0
2018-05-20,9,TEN,13351.0,14157.0
2018-05-20,10,TEN,13147.0,14079.0
2018-05-20,11,TEN,13090.0,14259.0
2018-05-20,12,TEN,13478.0,14533.0
2018-05-20,13,TEN,14727.0,15536.0
2018-05-20,14,TEN,16372.0,17160.0
2018-05-20,15,TEN,17984.0,18763.0
2018-05-20,16,TEN,19506.0,20154.0
2018-05-20,17,TEN,21017.0,21691.0
2018-05-20,18,TEN,22359.0,23119.0
2018-05-20,19,TEN,23253.0,23845.0
2018-05-20,20,TEN,23800.0,24191.0
2018-05-20,21,TEN,23801.0,24213.0
2018-05-20,22,TEN,23205.0,23502.0
2018-05-20,23,TEN,22366.0,22687.0
2018-05-21,0,TEN,21169.0,21994.0
2018-05-21,1,TEN,20554.0,21344.0
2018-05-21,2,TEN,20035.0,20757.0
2018-05-21,3,TEN,18881.0,19684.0
2018-05-21,4,TEN,17434.0,18169.0
2018-05-21,5,TEN,16027.0,16709.0
2018-05-21,6,TEN,14917.0,15497.0
2018-05-21,7,TEN,14329.0,14924.0
2018-05-21,8,TEN,13941.0,14566.0
2018-05-21,9,TEN,13779.0,14479.0
2018-05-21,10,TEN,14218.0,14833.0
2018-05-21,11,TEN,15196.0,15811.0
2018-05-21,12,TEN,16341.0,16878.0
2018-05-21,13,TEN,17298.0,17904.0
2018-05-21,14,TEN,18164.0,18517.0
2018-05-21,15,TEN,19157.0,19550.0
2018-05-21,16,TEN,20256.0,20502.0
2018-05-21,17,TEN,21241.0,21585.0
2018-05-21,18,TEN,22226.0,22588.0
2018-05-21,19,TEN,22805.0,23215.0
2018-05-21,20,TEN,23080.0,23467.0
2018-05-21,21,TEN,23262.0,23838.0
2018-05-21,22,TEN,23620.0,24247.0
2018-05-21,23,TEN,23104.0,23717.0
2018-05-22,0,TEN,22536.0,23555.0
2018-05-22,1,TEN,21678.0,22848.0
2018-05-22,2,TEN,21365.0,22414.0
2018-05-22,3,TEN,20064.0,21274.0
2018-05-22,4,TEN,18374.0,19222.0
2018-05-22,5,TEN,16842.0,17377.0
2018-05-22,6,TEN,15702.0,16274.0
2018-05-22,7,TEN,14909.0,15484.0
2018-05-22,8,TEN,14461.0,15081.0
2018-05-22,9,TEN,14281.0,14968.0
2018-05-22,10,TEN,14589.0,15280.0
2018-05-22,11,TEN,15419.0,16150.0
2018-05-22,12,TEN,16563.0,17249.0
2018-05-22,13,TEN,17498.0,18306.0
2018-05-22,14,TEN,18307.0,19057.0
2018-05-22,15,TEN,19370.0,20124.0
2018-05-22,16,TEN,20499.0,21156.0
2018-05-22,17,TEN,21557.0,22232.0
2018-05-22,18,TEN,22543.0,23259.0
2018-05-22,19,TEN,23416.0,24060.0
2018-05-22,20,TEN,23597.0,24230.0
2018-05-22,21,TEN,23732.0,24272.0
2018-05-22,22,TEN,23406.0,23929.0
2018-05-22,23,TEN,22663.0,23365.0
2018-05-23,0,TEN,21856.0,22569.0
2018-05-23,1,TEN,21132.0,21822.0
2018-05-23,2,TEN,20751.0,21398.0
2018-05-23,3,TEN,19596.0,20228.0
2018-05-23,4,TEN,17986.0,18844.0
2018-05-23,5,TEN,16421.0,17353.0
2018-05-23,6,TEN,15367.0,16306.0
2018-05-23,7,TEN,14657.0,15638.0
2018-05-23,8,TEN,14234.0,15251.0
2018-05-23,9,TEN,13953.0,15161.0
2018-05-23,10,TEN,14292.0,15366.0
2018-05-23,11,TEN,15062.0,16067.0
2018-05-23,12,TEN,16027.0,16740.0
2018-05-23,13,TEN,17011.0,17683.0
2018-05-23,14,TEN,18161.0,18759.0
2018-05-23,15,TEN,19523.0,20110.0
2018-05-23,16,TEN,20999.0,21699.0
2018-05-23,17,TEN,22290.0,23082.0
2018-05-23,18,TEN,23321.0,24137.0
2018-05-23,19,TEN,24259.0,24714.0
2018-05-23,20,TEN,24913.0,25229.0
2018-05-23,21,TEN,25302.0,25457.0
2018-05-23,22,TEN,25448.0,25152.0
2018-05-23,23,TEN,24959.0,24887.0
2018-05-24,0,TEN,24120.0,24452.0
2018-05-24,1,TEN,23171.0,23509.0
2018-05-24,2,TEN,22472.0,22825.0
2018-05-24,3,TEN,21095.0,21402.0
2018-05-24,4,TEN,19129.0,19841.0
2018-05-24,5,TEN,17334.0,18065.0
2018-05-24,6,TEN,16059.0,16628.0
2018-05-24,7,TEN,15121.0,15784.0
2018-05-24,8,TEN,14610.0,15304.0
2018-05-24,9,TEN,14321.0,15198.0
2018-05-24,10,TEN,14480.0,15277.0
2018-05-24,11,TEN,15239.0,15958.0
2018-05-24,12,TEN,16306.0,17110.0
2018-05-24,13,TEN,17540.0,18447.0
2018-05-24,14,TEN,18707.0,19801.0
2018-05-24,15,TEN,20119.0,21128.0
2018-05-24,16,TEN,21740.0,22620.0
2018-05-24,17,TEN,23158.0,23879.0
2018-05-24,18,TEN,24256.0,24916.0
2018-05-24,19,TEN,25079.0,25367.0
2018-05-24,20,TEN,25377.0,25421.0
2018-05-24,21,TEN,25497.0,25463.0
2018-05-24,22,TEN,25377.0,25623.0
2018-05-24,23,TEN,24920.0,25350.0
2018-05-25,0,TEN,24141.0,24800.0
2018-05-25,1,TEN,23118.0,23835.0
2018-05-25,2,TEN,22587.0,23309.0
2018-05-25,3,TEN,21165.0,21901.0
2018-05-25,4,TEN,19404.0,20133.0
2018-05-25,5,TEN,17734.0,18457.0
2018-05-25,6,TEN,16408.0,17123.0
2018-05-25,7,TEN,15522.0,16299.0
2018-05-25,8,TEN,14808.0,15812.0
2018-05-25,9,TEN,14534.0,15625.0
2018-05-25,10,TEN,14608.0,15708.0
2018-05-25,11,TEN,15340.0,16119.0
2018-05-25,12,TEN,16232.0,17122.0
2018-05-25,13,TEN,17564.0,18484.0
2018-05-25,14,TEN,18835.0,19777.0
2018-05-25,15,TEN,20327.0,21238.0
2018-05-25,16,TEN,21857.0,22552.0
2018-05-25,17,TEN,23130.0,23830.0
2018-05-25,18,TEN,24125.0,24844.0
2018-05-25,19,TEN,24696.0,25367.0
2018-05-25,20,TEN,25055.0,25690.0
2018-05-25,21,TEN,24883.0,25585.0
2018-05-25,22,TEN,24197.0,24942.0
2018-05-25,23,TEN,23229.0,23986.0
2018-05-26,0,TEN,21891.0,22664.0
2018-05-26,1,TEN,20917.0,21709.0
2018-05-26,2,TEN,20521.0,21235.0
2018-05-26,3,TEN,19434.0,20306.0
2018-05-26,4,TEN,18028.0,18928.0
2018-05-26,5,TEN,16526.0,17576.0
2018-05-26,6,TEN,15493.0,16451.0
2018-05-26,7,TEN,14648.0,15609.0
2018-05-26,8,TEN,14137.0,15188.0
2018-05-26,9,TEN,13767.0,14971.0
2018-05-26,10,TEN,13624.0,14838.0
2018-05-26,11,TEN,13788.0,15061.0
2018-05-26,12,TEN,14029.0,15078.0
2018-05-26,13,TEN,14908.0,16024.0
2018-05-26,14,TEN,16018.0,17073.0
2018-05-26,15,TEN,17093.0,18197.0
2018-05-26,16,TEN,18164.0,19297.0
2018-05-26,17,TEN,19221.0,20347.0
2018-05-26,18,TEN,20301.0,21651.0
2018-05-26,19,TEN,20930.0,22597.0
2018-05-26,20,TEN,21246.0,22803.0
2018-05-26,21,TEN,21491.0,23128.0
2018-05-26,22,TEN,21709.0,23313.0
2018-05-26,23,TEN,21517.0,23110.0
2018-05-27,0,TEN,20891.0,22672.0
2018-05-27,1,TEN,20085.0,21771.0
2018-05-27,2,TEN,19799.0,21436.0
2018-05-27,3,TEN,18758.0,20397.0
2018-05-27,4,TEN,17420.0,19010.0
2018-05-27,5,TEN,16074.0,17811.0
2018-05-27,6,TEN,15012.0,16678.0
2018-05-27,7,TEN,14270.0,15587.0
2018-05-27,8,TEN,13765.0,14817.0
2018-05-27,9,TEN,13406.0,14357.0
2018-05-27,10,TEN,13219.0,14390.0
2018-05-27,11,TEN,13179.0,14342.0
2018-05-27,12,TEN,13582.0,14564.0
2018-05-27,13,TEN,14875.0,15947.0
2018-05-27,14,TEN,16501.0,17498.0
2018-05-27,15,TEN,18013.0,19248.0
2018-05-27,16,TEN,19308.0,20417.0
2018-05-27,17,TEN,20439.0,21442.0
2018-05-27,18,TEN,21368.0,22332.0
2018-05-27,19,TEN,22109.0,22961.0
2018-05-27,20,TEN,22646.0,23497.0
2018-05-27,21,TEN,22709.0,23347.0
2018-05-27,22,TEN,22429.0,23053.0
2018-05-27,23,TEN,21729.0,22763.0
2018-05-28,0,TEN,20815.0,21892.0
2018-05-28,1,TEN,20027.0,21035.0
2018-05-28,2,TEN,19627.0,20653.0
2018-05-28,3,TEN,18531.0,19476.0
2018-05-28,4,TEN,17270.0,18316.0
2018-05-28,5,TEN,15983.0,16994.0
2018-05-28,6,TEN,14872.0,15892.0
2018-05-28,7,TEN,14100.0,15134.0
2018-05-28,8,TEN,13687.0,14987.0
2018-05-28,9,TEN,13329.0,14832.0
2018-05-28,10,TEN,13387.0,14890.0
2018-05-28,11,TEN,13383.0,14946.0
2018-05-28,12,TEN,13510.0,14988.0
2018-05-28,13,TEN,14390.0,15808.0
2018-05-28,14,TEN,15776.0,16891.0
2018-05-28,15,TEN,17337.0,18441.0
2018-05-28,16,TEN,18712.0,19828.0
2018-05-28,17,TEN,19588.0,20620.0
2018-05-28,18,TEN,20199.0,21230.0
2018-05-28,19,TEN,20356.0,21450.0
2018-05-28,20,TEN,20382.0,21415.0
2018-05-28,21,TEN,20269.0,21423.0
2018-05-28,22,TEN,20109.0,21251.0
2018-05-28,23,TEN,19936.0,21057.0
2018-05-29,0,TEN,19381.0,20563.0
2018-05-29,1,TEN,19035.0,20083.0
2018-05-29,2,TEN,19031.0,20138.0
2018-05-29,3,TEN,18188.0,19295.0
2018-05-29,4,TEN,16976.0,18103.0
2018-05-29,5,TEN,15699.0,16785.0
2018-05-29,6,TEN,14787.0,16257.0
2018-05-29,7,TEN,14360.0,15738.0
2018-05-29,8,TEN,13994.0,15435.0
2018-05-29,9,TEN,13860.0,15318.0
2018-05-29,10,TEN,14312.0,15753.0
2018-05-29,11,TEN,15235.0,16889.0
2018-05-29,12,TEN,16098.0,17405.0
2018-05-29,13,TEN,17155.0,18256.0
2018-05-29,14,TEN,17948.0,19052.0
2018-05-29,15,TEN,18721.0,19831.0
2018-05-29,16,TEN,19516.0,20745.0
2018-05-29,17,TEN,20091.0,21030.0
2018-05-29,18,TEN,20647.0,21703.0
2018-05-29,19,TEN,21228.0,22243.0
2018-05-29,20,TEN,21452.0,22538.0
2018-05-29,21,TEN,21567.0,22768.0
2018-05-29,22,TEN,21513.0,22665.0
2018-05-29,23,TEN,21239.0,22369.0
2018-05-30,0,TEN,20834.0,21948.0
2018-05-30,1,TEN,20481.0,21553.0
2018-05-30,2,TEN,20257.0,21386.0
2018-05-30,3,TEN,19409.0,20456.0
2018-05-30,4,TEN,18117.0,19373.0
2018-05-30,5,TEN,16973.0,18092.0
2018-05-30,6,TEN,16067.0,17194.0
2018-05-30,7,TEN,15407.0,16647.0
2018-05-30,8,TEN,15084.0,16536.0
2018-05-30,9,TEN,14880.0,16455.0
2018-05-30,10,TEN,15050.0,16534.0
2018-05-30,11,TEN,15773.0,16964.0
2018-05-30,12,TEN,16666.0,17715.0
2018-05-30,13,TEN,17624.0,18302.0
2018-05-30,14,TEN,18512.0,19313.0
2018-05-30,15,TEN,19584.0,20408.0
2018-05-30,16,TEN,20787.0,21727.0
2018-05-30,17,TEN,21713.0,22364.0
2018-05-30,18,TEN,22695.0,23293.0
2018-05-30,19,TEN,23609.0,24215.0
2018-05-30,20,TEN,24054.0,24745.0
2018-05-30,21,TEN,24491.0,25080.0
2018-05-30,22,TEN,24613.0,25393.0
2018-05-30,23,TEN,24416.0,25294.0
2018-05-31,0,TEN,23482.0,24328.0
2018-05-31,1,TEN,22480.0,23260.0
2018-05-31,2,TEN,21801.0,22446.0
2018-05-31,3,TEN,20730.0,21731.0
2018-05-31,4,TEN,19072.0,20082.0
2018-05-31,5,TEN,17583.0,18634.0
2018-05-31,6,TEN,16447.0,17402.0
2018-05-31,7,TEN,15677.0,16569.0
2018-05-31,8,TEN,15261.0,16133.0
2018-05-31,9,TEN,14889.0,15817.0
2018-05-31,10,TEN,15006.0,15871.0
2018-05-31,11,TEN,15830.0,16718.0
2018-05-31,12,TEN,16767.0,17495.0
2018-05-31,13,TEN,18024.0,18748.0
2018-05-31,14,TEN,19121.0,19977.0
2018-05-31,15,TEN,20686.0,21421.0
2018-05-31,16,TEN,22203.0,23021.0
2018-05-31,17,TEN,23441.0,24095.0
2018-05-31,18,TEN,24522.0,25221.0
2018-05-31,19,TEN,25397.0,26160.0
2018-05-31,20,TEN,25245.0,25962.0
2018-05-31,21,TEN,24938.0,25661.0
2018-05-31,22,TEN,24771.0,25504.0
2018-05-31,23,TEN,24338.0,24920.0
2018-06-01,0,TEN,23665.0,24379.0
2018-06-01,1,TEN,22799.0,23527.0
2018-06-01,2,TEN,22355.0,23057.0
2018-06-01,3,TEN,21263.0,22062.0
2018-06-01,4,TEN,19690.0,20505.0
2018-06-01,5,TEN,18025.0,18880.0
2018-06-01,6,TEN,16746.0,17409.0
2018-06-01,7,TEN,16219.0,16834.0
2018-06-01,8,TEN,15449.0,16346.0
2018-06-01,9,TEN,15132.0,16120.0
2018-06-01,10,TEN,15324.0,16184.0
2018-06-01,11,TEN,15764.0,16526.0
2018-06-01,12,TEN,16457.0,17227.0
2018-06-01,13,TEN,17242.0,17976.0
2018-06-01,14,TEN,17992.0,18743.0
2018-06-01,15,TEN,19048.0,19835.0
2018-06-01,16,TEN,20015.0,20950.0
2018-06-01,17,TEN,20714.0,21883.0
2018-06-01,18,TEN,21264.0,22568.0
2018-06-01,19,TEN,21619.0,23005.0
2018-06-01,20,TEN,22071.0,23582.0
2018-06-01,21,TEN,22608.0,23681.0
2018-06-01,22,TEN,22845.0,23945.0
2018-06-01,23,TEN,22907.0,24150.0
2018-06-02,0,TEN,22469.0,23391.0
2018-06-02,1,TEN,21566.0,22539.0
2018-06-02,2,TEN,21081.0,21990.0
2018-06-02,3,TEN,20246.0,21213.0
2018-06-02,4,TEN,18660.0,19586.0
2018-06-02,5,TEN,17134.0,18055.0
2018-06-02,6,TEN,15992.0,17023.0
2018-06-02,7,TEN,15100.0,16209.0
2018-06-02,8,TEN,14678.0,16186.0
2018-06-02,9,TEN,14259.0,16035.0
2018-06-02,10,TEN,14228.0,16047.0
2018-06-02,11,TEN,14181.0,16030.0
2018-06-02,12,TEN,14454.0,16160.0
2018-06-02,13,TEN,15731.0,17044.0
2018-06-02,14,TEN,17261.0,18431.0
2018-06-02,15,TEN,19025.0,20090.0
2018-06-02,16,TEN,20611.0,21438.0
2018-06-02,17,TEN,22078.0,22852.0
2018-06-02,18,TEN,23205.0,23969.0
2018-06-02,19,TEN,24128.0,24733.0
2018-06-02,20,TEN,24692.0,25108.0
2018-06-02,21,TEN,24892.0,25191.0
2018-06-02,22,TEN,24984.0,25168.0
2018-06-02,23,TEN,24842.0,25383.0
2018-06-03,0,TEN,24110.0,24856.0
2018-06-03,1,TEN,23095.0,23891.0
2018-06-03,2,TEN,22439.0,23286.0
2018-06-03,3,TEN,21315.0,22241.0
2018-06-03,4,TEN,19754.0,20760.0
2018-06-03,5,TEN,18000.0,19015.0
2018-06-03,6,TEN,16756.0,17874.0
2018-06-03,7,TEN,15777.0,16854.0
2018-06-03,8,TEN,15290.0,16495.0
2018-06-03,9,TEN,14725.0,16198.0
2018-06-03,10,TEN,14555.0,16279.0
2018-06-03,11,TEN,14373.0,16168.0
2018-06-03,12,TEN,14663.0,16346.0
2018-06-03,13,TEN,15882.0,17067.0
2018-06-03,14,TEN,17316.0,18474.0
2018-06-03,15,TEN,18849.0,20066.0
2018-06-03,16,TEN,19851.0,20965.0
2018-06-03,17,TEN,20810.0,21599.0
2018-06-03,18,TEN,21925.0,22686.0
2018-06-03,19,TEN,22578.0,23403.0
2018-06-03,20,TEN,22913.0,23703.0
2018-06-03,21,TEN,22853.0,23741.0
2018-06-03,22,TEN,23185.0,23930.0
2018-06-03,23,TEN,22961.0,23831.0
2018-06-04,0,TEN,22330.0,23156.0
2018-06-04,1,TEN,21041.0,21903.0
2018-06-04,2,TEN,20372.0,21350.0
2018-06-04,3,TEN,19099.0,20169.0
2018-06-04,4,TEN,17304.0,18419.0
2018-06-04,5,TEN,15717.0,16799.0
2018-06-04,6,TEN,14551.0,15734.0
2018-06-04,7,TEN,13814.0,15293.0
2018-06-04,8,TEN,13386.0,15238.0
2018-06-04,9,TEN,13147.0,15099.0
2018-06-04,10,TEN,13469.0,15290.0
2018-06-04,11,TEN,13848.0,15242.0
2018-06-04,12,TEN,15020.0,16236.0
2018-06-04,13,TEN,16117.0,17338.0
2018-06-04,14,TEN,17146.0,18308.0
2018-06-04,15,TEN,18279.0,19498.0
2018-06-04,16,TEN,19427.0,20621.0
2018-06-04,17,TEN,20275.0,21393.0
2018-06-04,18,TEN,21307.0,22295.0
2018-06-04,19,TEN,22084.0,22974.0
2018-06-04,20,TEN,22745.0,23854.0
2018-06-04,21,TEN,23250.0,24158.0
2018-06-04,22,TEN,23335.0,24171.0
2018-06-04,23,TEN,22995.0,23922.0
2018-06-05,0,TEN,22047.0,23134.0
2018-06-05,1,TEN,21056.0,22421.0
2018-06-05,2,TEN,20456.0,21934.0
2018-06-05,3,TEN,19099.0,20443.0
2018-06-05,4,TEN,17289.0,18480.0
2018-06-05,5,TEN,15926.0,17037.0
2018-06-05,6,TEN,14839.0,15895.0
2018-06-05,7,TEN,13990.0,15568.0
2018-06-05,8,TEN,13720.0,15561.0
2018-06-05,9,TEN,13529.0,15545.0
2018-06-05,10,TEN,13865.0,15829.0
2018-06-05,11,TEN,14534.0,15997.0
2018-06-05,12,TEN,15323.0,16335.0
2018-06-05,13,TEN,16079.0,17054.0
2018-06-05,14,TEN,16983.0,17988.0
2018-06-05,15,TEN,17866.0,18847.0
2018-06-05,16,TEN,19106.0,20064.0
2018-06-05,17,TEN,19946.0,20993.0
2018-06-05,18,TEN,20817.0,21786.0
2018-06-05,19,TEN,21746.0,22493.0
2018-06-05,20,TEN,22508.0,23246.0
2018-06-05,21,TEN,23271.0,23770.0
2018-06-05,22,TEN,23653.0,23908.0
2018-06-05,23,TEN,23606.0,24040.0
2018-06-06,0,TEN,23059.0,23823.0
2018-06-06,1,TEN,21717.0,22538.0
2018-06-06,2,TEN,20970.0,21876.0
2018-06-06,3,TEN,19702.0,20621.0
2018-06-06,4,TEN,17722.0,18813.0
2018-06-06,5,TEN,16118.0,17085.0
2018-06-06,6,TEN,15006.0,16016.0
2018-06-06,7,TEN,14171.0,15437.0
2018-06-06,8,TEN,13737.0,15334.0
2018-06-06,9,TEN,13532.0,15226.0
2018-06-06,10,TEN,13647.0,15206.0
2018-06-06,11,TEN,14110.0,15425.0
2018-06-06,12,TEN,14951.0,16009.0
2018-06-06,13,TEN,16117.0,17089.0
2018-06-06,14,TEN,17143.0,18234.0
2018-06-06,15,TEN,18383.0,19434.0
2018-06-06,16,TEN,19768.0,20736.0
2018-06-06,17,TEN,21008.0,21796.0
2018-06-06,18,TEN,22224.0,22893.0
2018-06-06,19,TEN,23408.0,23961.0
2018-06-06,20,TEN,24434.0,24500.0
2018-06-06,21,TEN,25215.0,24849.0
2018-06-06,22,TEN,25662.0,25160.0
2018-06-06,23,TEN,25429.0,25110.0
2018-06-07,0,TEN,24703.0,24944.0
2018-06-07,1,TEN,23524.0,24306.0
2018-06-07,2,TEN,22666.0,23410.0
2018-06-07,3,TEN,21197.0,21940.0
2018-06-07,4,TEN,19126.0,20035.0
2018-06-07,5,TEN,17417.0,18401.0
2018-06-07,6,TEN,16011.0,16961.0
2018-06-07,7,TEN,15097.0,16043.0
2018-06-07,8,TEN,14583.0,15363.0
2018-06-07,9,TEN,14230.0,15108.0
2018-06-07,10,TEN,14367.0,15189.0
2018-06-07,11,TEN,14889.0,15743.0
2018-06-07,12,TEN,15784.0,16602.0
2018-06-07,13,TEN,17086.0,17994.0
2018-06-07,14,TEN,18360.0,19285.0
2018-06-07,15,TEN,19978.0,20934.0
2018-06-07,16,TEN,21613.0,22586.0
2018-06-07,17,TEN,23025.0,23897.0
2018-06-07,18,TEN,24273.0,25121.0
2018-06-07,19,TEN,25100.0,25910.0
2018-06-07,20,TEN,25789.0,26227.0
2018-06-07,21,TEN,26322.0,26401.0
2018-06-07,22,TEN,26549.0,26488.0
2018-06-07,23,TEN,26123.0,26364.0
2018-06-08,0,TEN,25398.0,26226.0
2018-06-08,1,TEN,24209.0,25062.0
2018-06-08,2,TEN,23629.0,24468.0
2018-06-08,3,TEN,22088.0,23090.0
2018-06-08,4,TEN,19969.0,20846.0
2018-06-08,5,TEN,18138.0,18964.0
2018-06-08,6,TEN,16607.0,17419.0
2018-06-08,7,TEN,15795.0,16587.0
2018-06-08,8,TEN,15140.0,16031.0
2018-06-08,9,TEN,14725.0,15592.0
2018-06-08,10,TEN,14822.0,15630.0
2018-06-08,11,TEN,15153.0,15904.0
2018-06-08,12,TEN,15981.0,16770.0
2018-06-08,13,TEN,17081.0,17839.0
2018-06-08,14,TEN,18523.0,19315.0
2018-06-08,15,TEN,20427.0,21047.0
2018-06-08,16,TEN,22013.0,22677.0
2018-06-08,17,TEN,23592.0,24319.0
2018-06-08,18,TEN,25076.0,25684.0
2018-06-08,19,TEN,26033.0,26490.0
2018-06-08,20,TEN,26676.0,27196.0
2018-06-08,21,TEN,26828.0,27058.0
2018-06-08,22,TEN,26746.0,26916.0
2018-06-08,23,TEN,26356.0,26893.0
2018-06-09,0,TEN,25380.0,26224.0
2018-06-09,1,TEN,24301.0,24908.0
2018-06-09,2,TEN,23478.0,24202.0
2018-06-09,3,TEN,22063.0,22738.0
2018-06-09,4,TEN,20282.0,20885.0
2018-06-09,5,TEN,18540.0,19282.0
2018-06-09,6,TEN,17126.0,17798.0
2018-06-09,7,TEN,16176.0,16886.0
2018-06-09,8,TEN,15347.0,16099.0
2018-06-09,9,TEN,14862.0,15543.0
2018-06-09,10,TEN,14623.0,15268.0
2018-06-09,11,TEN,14536.0,15313.0
2018-06-09,12,TEN,14977.0,15764.0
2018-06-09,13,TEN,16149.0,17013.0
2018-06-09,14,TEN,18109.0,18934.0
2018-06-09,15,TEN,20085.0,20879.0
2018-06-09,16,TEN,21781.0,22292.0
2018-06-09,17,TEN,23293.0,23772.0
2018-06-09,18,TEN,24363.0,24868.0
2018-06-09,19,TEN,25181.0,25398.0
2018-06-09,20,TEN,25431.0,25144.0
2018-06-09,21,TEN,25809.0,25479.0
2018-06-09,22,TEN,25769.0,25533.0
2018-06-09,23,TEN,25269.0,25279.0
2018-06-10,0,TEN,24346.0,24751.0
2018-06-10,1,TEN,23102.0,23738.0
2018-06-10,2,TEN,22302.0,22964.0
2018-06-10,3,TEN,21028.0,21538.0
2018-06-10,4,TEN,19520.0,20285.0
2018-06-10,5,TEN,17939.0,18648.0
2018-06-10,6,TEN,16706.0,17407.0
2018-06-10,7,TEN,15616.0,16341.0
2018-06-10,8,TEN,14981.0,15589.0
2018-06-10,9,TEN,14495.0,15145.0
2018-06-10,10,TEN,14248.0,14931.0
2018-06-10,11,TEN,14075.0,14745.0
2018-06-10,12,TEN,14430.0,15178.0
2018-06-10,13,TEN,15563.0,16378.0
2018-06-10,14,TEN,17223.0,18054.0
2018-06-10,15,TEN,18626.0,19413.0
2018-06-10,16,TEN,20044.0,20629.0
2018-06-10,17,TEN,21364.0,21915.0
2018-06-10,18,TEN,22607.0,23132.0
2018-06-10,19,TEN,23488.0,23517.0
2018-06-10,20,TEN,23883.0,23887.0
2018-06-10,21,TEN,24049.0,24167.0
2018-06-10,22,TEN,24048.0,24111.0
2018-06-10,23,TEN,23599.0,23705.0
2018-06-11,0,TEN,22828.0,23411.0
2018-06-11,1,TEN,22091.0,22745.0
2018-06-11,2,TEN,21640.0,22260.0
2018-06-11,3,TEN,20703.0,21212.0
2018-06-11,4,TEN,19205.0,19871.0
2018-06-11,5,TEN,17686.0,18296.0
2018-06-11,6,TEN,16538.0,17162.0
2018-06-11,7,TEN,15848.0,16471.0
2018-06-11,8,TEN,15333.0,15944.0
2018-06-11,9,TEN,15121.0,15729.0
2018-06-11,10,TEN,15346.0,15957.0
2018-06-11,11,TEN,16026.0,16725.0
2018-06-11,12,TEN,16899.0,17713.0
2018-06-11,13,TEN,17894.0,18699.0
2018-06-11,14,TEN,19419.0,20082.0
2018-06-11,15,TEN,21015.0,21656.0
2018-06-11,16,TEN,22500.0,22760.0
2018-06-11,17,TEN,23844.0,24165.0
2018-06-11,18,TEN,24940.0,25266.0
2018-06-11,19,TEN,25568.0,25322.0
2018-06-11,20,TEN,25930.0,25192.0
2018-06-11,21,TEN,26063.0,25294.0
2018-06-11,22,TEN,25909.0,25173.0
2018-06-11,23,TEN,25437.0,24755.0
2018-06-12,0,TEN,24895.0,24831.0
2018-06-12,1,TEN,23868.0,24280.0
2018-06-12,2,TEN,23385.0,23751.0
2018-06-12,3,TEN,22169.0,22765.0
2018-06-12,4,TEN,20212.0,20863.0
2018-06-12,5,TEN,18503.0,19261.0
2018-06-12,6,TEN,17208.0,17843.0
2018-06-12,7,TEN,16287.0,16843.0
2018-06-12,8,TEN,15845.0,16500.0
2018-06-12,9,TEN,15447.0,16182.0
2018-06-12,10,TEN,15624.0,16280.0
2018-06-12,11,TEN,16151.0,16833.0
2018-06-12,12,TEN,17081.0,17869.0
2018-06-12,13,TEN,18316.0,19123.0
2018-06-12,14,TEN,19562.0,20315.0
2018-06-12,15,TEN,21081.0,21771.0
2018-06-12,16,TEN,22543.0,23218.0
2018-06-12,17,TEN,24024.0,24775.0
2018-06-12,18,TEN,25144.0,25703.0
2018-06-12,19,TEN,26125.0,25961.0
2018-06-12,20,TEN,26620.0,26297.0
2018-06-12,21,TEN,26887.0,26541.0
2018-06-12,22,TEN,26901.0,26562.0
2018-06-12,23,TEN,26508.0,26292.0
2018-06-13,0,TEN,25494.0,25769.0
2018-06-13,1,TEN,24252.0,24697.0
2018-06-13,2,TEN,23526.0,24269.0
2018-06-13,3,TEN,21970.0,22896.0
2018-06-13,4,TEN,20037.0,20735.0
2018-06-13,5,TEN,18334.0,19136.0
2018-06-13,6,TEN,17135.0,17728.0
2018-06-13,7,TEN,16360.0,17057.0
2018-06-13,8,TEN,15798.0,16476.0
2018-06-13,9,TEN,15402.0,16149.0
2018-06-13,10,TEN,15448.0,16238.0
2018-06-13,11,TEN,16085.0,16755.0
2018-06-13,12,TEN,16988.0,17755.0
2018-06-13,13,TEN,17944.0,18729.0
2018-06-13,14,TEN,18802.0,19589.0
2018-06-13,15,TEN,19613.0,20354.0
2018-06-13,16,TEN,20600.0,21337.0
2018-06-13,17,TEN,21298.0,22065.0
2018-06-13,18,TEN,21979.0,22725.0
2018-06-13,19,TEN,22508.0,23170.0
2018-06-13,20,TEN,23059.0,23458.0
2018-06-13,21,TEN,23483.0,23961.0
2018-06-13,22,TEN,23676.0,24107.0
2018-06-13,23,TEN,23693.0,24366.0
2018-06-14,0,TEN,23122.0,23845.0
2018-06-14,1,TEN,22508.0,23276.0
2018-06-14,2,TEN,22205.0,22969.0
2018-06-14,3,TEN,21213.0,21953.0
2018-06-14,4,TEN,19538.0,20321.0
2018-06-14,5,TEN,17881.0,18577.0
2018-06-14,6,TEN,16949.0,17661.0
2018-06-14,7,TEN,16006.0,16680.0
2018-06-14,8,TEN,15559.0,16339.0
2018-06-14,9,TEN,15280.0,15986.0
2018-06-14,10,TEN,15551.0,16198.0
2018-06-14,11,TEN,16225.0,16873.0
2018-06-14,12,TEN,17171.0,17947.0
2018-06-14,13,TEN,18323.0,19067.0
2018-06-14,14,TEN,19371.0,20155.0
2018-06-14,15,TEN,20513.0,21192.0
2018-06-14,16,TEN,22085.0,22817.0
2018-06-14,17,TEN,23454.0,24180.0
2018-06-14,18,TEN,24954.0,25648.0
2018-06-14,19,TEN,26065.0,26282.0
2018-06-14,20,TEN,26891.0,26415.0
2018-06-14,21,TEN,27318.0,26508.0
2018-06-14,22,TEN,27611.0,26208.0
2018-06-14,23,TEN,27356.0,25845.0
2018-06-15,0,TEN,26644.0,25607.0
2018-06-15,1,TEN,25649.0,24644.0
2018-06-15,2,TEN,24959.0,24436.0
2018-06-15,3,TEN,23507.0,23443.0
2018-06-15,4,TEN,21397.0,21753.0
2018-06-15,5,TEN,19592.0,19969.0
2018-06-15,6,TEN,18105.0,18493.0
2018-06-15,7,TEN,17026.0,17677.0
2018-06-15,8,TEN,16374.0,17218.0
2018-06-15,9,TEN,15929.0,16631.0
2018-06-15,10,TEN,15902.0,16627.0
2018-06-15,11,TEN,16432.0,17101.0
2018-06-15,12,TEN,17265.0,17790.0
2018-06-15,13,TEN,18662.0,19150.0
2018-06-15,14,TEN,20273.0,20378.0
2018-06-15,15,TEN,22091.0,22076.0
2018-06-15,16,TEN,23981.0,23692.0
2018-06-15,17,TEN,25268.0,24560.0
2018-06-15,18,TEN,26307.0,24874.0
2018-06-15,19,TEN,27076.0,25020.0
2018-06-15,20,TEN,27699.0,25118.0
2018-06-15,21,TEN,27933.0,25390.0
2018-06-15,22,TEN,27875.0,25558.0
2018-06-15,23,TEN,27067.0,25516.0
2018-06-16,0,TEN,26156.0,25363.0
2018-06-16,1,TEN,24967.0,24210.0
2018-06-16,2,TEN,24253.0,23848.0
2018-06-16,3,TEN,22852.0,22456.0
2018-06-16,4,TEN,21020.0,21140.0
2018-06-16,5,TEN,19153.0,19430.0
2018-06-16,6,TEN,17670.0,18384.0
2018-06-16,7,TEN,16663.0,17400.0
2018-06-16,8,TEN,15975.0,16679.0
2018-06-16,9,TEN,15414.0,16126.0
2018-06-16,10,TEN,15142.0,15911.0
2018-06-16,11,TEN,15179.0,15893.0
2018-06-16,12,TEN,15387.0,15843.0
2018-06-16,13,TEN,16795.0,17039.0
2018-06-16,14,TEN,18731.0,18889.0
2018-06-16,15,TEN,20750.0,20851.0
2018-06-16,16,TEN,22814.0,22895.0
2018-06-16,17,TEN,24394.0,23940.0
2018-06-16,18,TEN,25455.0,24046.0
2018-06-16,19,TEN,26233.0,24139.0
2018-06-16,20,TEN,26823.0,24132.0
2018-06-16,21,TEN,27173.0,24282.0
2018-06-16,22,TEN,27203.0,24577.0
2018-06-16,23,TEN,26976.0,24803.0
2018-06-17,0,TEN,26093.0,24593.0
2018-06-17,1,TEN,24751.0,23768.0
2018-06-17,2,TEN,23995.0,23406.0
2018-06-17,3,TEN,22738.0,22648.0
2018-06-17,4,TEN,21146.0,21435.0
2018-06-17,5,TEN,19345.0,19772.0
2018-06-17,6,TEN,18009.0,18414.0
2018-06-17,7,TEN,16912.0,17545.0
2018-06-17,8,TEN,15997.0,16708.0
2018-06-17,9,TEN,15474.0,16201.0
2018-06-17,10,TEN,15089.0,15920.0
2018-06-17,11,TEN,14943.0,15711.0
2018-06-17,12,TEN,15145.0,15731.0
2018-06-17,13,TEN,16677.0,16956.0
2018-06-17,14,TEN,18698.0,18925.0
2018-06-17,15,TEN,20620.0,20833.0
2018-06-17,16,TEN,22478.0,22313.0
2018-06-17,17,TEN,23939.0,23591.0
2018-06-17,18,TEN,25251.0,24401.0
2018-06-17,19,TEN,25998.0,24682.0
2018-06-17,20,TEN,26376.0,24999.0
2018-06-17,21,TEN,26282.0,24890.0
2018-06-17,22,TEN,25910.0,24737.0
2018-06-17,23,TEN,25413.0,24491.0
2018-06-18,0,TEN,24645.0,24097.0
2018-06-18,1,TEN,23662.0,23314.0
2018-06-18,2,TEN,23043.0,22868.0
2018-06-18,3,TEN,22066.0,22286.0
2018-06-18,4,TEN,20366.0,20931.0
2018-06-18,5,TEN,18727.0,19375.0
2018-06-18,6,TEN,17308.0,18045.0
2018-06-18,7,TEN,16281.0,16966.0
2018-06-18,8,TEN,15599.0,16395.0
2018-06-18,9,TEN,15490.0,16243.0
2018-06-18,10,TEN,15648.0,16464.0
2018-06-18,11,TEN,16278.0,16641.0
2018-06-18,12,TEN,17219.0,16722.0
2018-06-18,13,TEN,18815.0,18175.0
2018-06-18,14,TEN,20460.0,19807.0
2018-06-18,15,TEN,22383.0,21620.0
2018-06-18,16,TEN,24172.0,23550.0
2018-06-18,17,TEN,25874.0,25091.0
2018-06-18,18,TEN,27080.0,26204.0
2018-06-18,19,TEN,27978.0,26373.0
2018-06-18,20,TEN,28351.0,26362.0
2018-06-18,21,TEN,28598.0,26373.0
2018-06-18,22,TEN,28604.0,26655.0
2018-06-18,23,TEN,28215.0,26566.0
2018-06-19,0,TEN,27587.0,26501.0
2018-06-19,1,TEN,26380.0,25842.0
2018-06-19,2,TEN,25599.0,24892.0
2018-06-19,3,TEN,24257.0,23608.0
2018-06-19,4,TEN,22237.0,22172.0
2018-06-19,5,TEN,20383.0,21082.0
2018-06-19,6,TEN,18826.0,19631.0
2018-06-19,7,TEN,17806.0,18563.0
2018-06-19,8,TEN,17140.0,17891.0
2018-06-19,9,TEN,16732.0,17539.0
2018-06-19,10,TEN,16867.0,17663.0
2018-06-19,11,TEN,17312.0,18114.0
2018-06-19,12,TEN,18168.0,18445.0
2018-06-19,13,TEN,19717.0,19916.0
2018-06-19,14,TEN,21405.0,21529.0
2018-06-19,15,TEN,22910.0,23041.0
2018-06-19,16,TEN,24380.0,24433.0
2018-06-19,17,TEN,25705.0,25812.0
2018-06-19,18,TEN,26682.0,26832.0
2018-06-19,19,TEN,27309.0,27290.0
2018-06-19,20,TEN,27442.0,27202.0
2018-06-19,21,TEN,27612.0,27338.0
2018-06-19,22,TEN,27708.0,27350.0
2018-06-19,23,TEN,27506.0,27440.0
2018-06-20,0,TEN,26844.0,26945.0
2018-06-20,1,TEN,25743.0,25886.0
2018-06-20,2,TEN,25093.0,25172.0
2018-06-20,3,TEN,23757.0,23839.0
2018-06-20,4,TEN,21815.0,22575.0
2018-06-20,5,TEN,20009.0,20746.0
2018-06-20,6,TEN,18839.0,19468.0
2018-06-20,7,TEN,17760.0,18471.0
2018-06-20,8,TEN,17067.0,17780.0
2018-06-20,9,TEN,16455.0,17194.0
2018-06-20,10,TEN,16548.0,17296.0
2018-06-20,11,TEN,17215.0,17929.0
2018-06-20,12,TEN,18001.0,18138.0
2018-06-20,13,TEN,19234.0,19124.0
2018-06-20,14,TEN,20584.0,20380.0
2018-06-20,15,TEN,21809.0,21831.0
2018-06-20,16,TEN,23165.0,23298.0
2018-06-20,17,TEN,24185.0,24379.0
2018-06-20,18,TEN,25061.0,25161.0
2018-06-20,19,TEN,25579.0,25649.0
2018-06-20,20,TEN,25952.0,25939.0
2018-06-20,21,TEN,26049.0,25903.0
2018-06-20,22,TEN,25868.0,25780.0
2018-06-20,23,TEN,25559.0,25743.0
2018-06-21,0,TEN,24722.0,25105.0
2018-06-21,1,TEN,23693.0,24152.0
2018-06-21,2,TEN,23215.0,23814.0
2018-06-21,3,TEN,22034.0,22597.0
2018-06-21,4,TEN,20405.0,21300.0
2018-06-21,5,TEN,18739.0,19740.0
2018-06-21,6,TEN,17645.0,18392.0
2018-06-21,7,TEN,16833.0,17564.0
2018-06-21,8,TEN,16258.0,16992.0
2018-06-21,9,TEN,15988.0,16787.0
2018-06-21,10,TEN,16200.0,16932.0
2018-06-21,11,TEN,16812.0,17534.0
2018-06-21,12,TEN,17537.0,17797.0
2018-06-21,13,TEN,18381.0,18547.0
2018-06-21,14,TEN,18995.0,19341.0
2018-06-21,15,TEN,19693.0,20083.0
2018-06-21,16,TEN,20457.0,20829.0
2018-06-21,17,TEN,20985.0,21324.0
2018-06-21,18,TEN,21643.0,22059.0
2018-06-21,19,TEN,22323.0,22732.0
2018-06-21,20,TEN,23145.0,23533.0
2018-06-21,21,TEN,23787.0,23901.0
2018-06-21,22,TEN,24114.0,24208.0
2018-06-21,23,TEN,23947.0,24089.0
2018-06-22,0,TEN,23232.0,23353.0
2018-06-22,1,TEN,22406.0,22533.0
2018-06-22,2,TEN,22003.0,22097.0
2018-06-22,3,TEN,20902.0,20991.0
2018-06-22,4,TEN,19060.0,19866.0
2018-06-22,5,TEN,17487.0,18237.0
2018-06-22,6,TEN,16287.0,17041.0
2018-06-22,7,TEN,15562.0,16330.0
2018-06-22,8,TEN,15081.0,15885.0
2018-06-22,9,TEN,14787.0,15642.0
2018-06-22,10,TEN,15085.0,15902.0
2018-06-22,11,TEN,15623.0,16425.0
2018-06-22,12,TEN,16392.0,16809.0
2018-06-22,13,TEN,17467.0,17855.0
2018-06-22,14,TEN,18577.0,18917.0
2018-06-22,15,TEN,19667.0,19993.0
2018-06-22,16,TEN,20692.0,20745.0
2018-06-22,17,TEN,21873.0,22000.0
2018-06-22,18,TEN,22689.0,22368.0
2018-06-22,19,TEN,23265.0,22954.0
2018-06-22,20,TEN,23512.0,23100.0
2018-06-22,21,TEN,23373.0,22965.0
2018-06-22,22,TEN,23145.0,22935.0
2018-06-22,23,TEN,22870.0,22895.0
2018-06-23,0,TEN,22076.0,22278.0
2018-06-23,1,TEN,21224.0,21408.0
2018-06-23,2,TEN,20644.0,20878.0
2018-06-23,3,TEN,19811.0,20051.0
2018-06-23,4,TEN,18451.0,19124.0
2018-06-23,5,TEN,17069.0,17813.0
2018-06-23,6,TEN,16005.0,16686.0
2018-06-23,7,TEN,15230.0,15739.0
2018-06-23,8,TEN,14789.0,15382.0
2018-06-23,9,TEN,14487.0,15068.0
2018-06-23,10,TEN,14534.0,15040.0
2018-06-23,11,TEN,14624.0,15226.0
2018-06-23,12,TEN,14981.0,15770.0
2018-06-23,13,TEN,16002.0,16880.0
2018-06-23,14,TEN,17206.0,18032.0
2018-06-23,15,TEN,18322.0,19121.0
2018-06-23,16,TEN,19377.0,20169.0
2018-06-23,17,TEN,20201.0,20857.0
2018-06-23,18,TEN,21012.0,21680.0
2018-06-23,19,TEN,21367.0,22028.0
2018-06-23,20,TEN,21771.0,22381.0
2018-06-23,21,TEN,22378.0,22753.0
2018-06-23,22,TEN,22673.0,22981.0
2018-06-23,23,TEN,22695.0,22824.0
2018-06-24,0,TEN,22293.0,22573.0
2018-06-24,1,TEN,21681.0,22181.0
2018-06-24,2,TEN,21322.0,21851.0
2018-06-24,3,TEN,20446.0,20913.0
2018-06-24,4,TEN,19108.0,19605.0
2018-06-24,5,TEN,17731.0,18328.0
2018-06-24,6,TEN,16710.0,17255.0
2018-06-24,7,TEN,15997.0,16615.0
2018-06-24,8,TEN,15438.0,16055.0
2018-06-24,9,TEN,15050.0,15639.0
2018-06-24,10,TEN,14909.0,15537.0
2018-06-24,11,TEN,14770.0,15353.0
2018-06-24,12,TEN,14941.0,15791.0
2018-06-24,13,TEN,16276.0,17130.0
2018-06-24,14,TEN,17946.0,18808.0
2018-06-24,15,TEN,19484.0,20090.0
2018-06-24,16,TEN,21101.0,21778.0
2018-06-24,17,TEN,22609.0,22991.0
2018-06-24,18,TEN,23782.0,23877.0
2018-06-24,19,TEN,24542.0,24546.0
2018-06-24,20,TEN,24948.0,24869.0
2018-06-24,21,TEN,25134.0,25061.0
2018-06-24,22,TEN,24969.0,24622.0
2018-06-24,23,TEN,24587.0,24303.0
2018-06-25,0,TEN,23960.0,23820.0
2018-06-25,1,TEN,23073.0,23589.0
2018-06-25,2,TEN,22382.0,22955.0
2018-06-25,3,TEN,21272.0,21823.0
2018-06-25,4,TEN,19832.0,20273.0
2018-06-25,5,TEN,18280.0,18756.0
2018-06-25,6,TEN,17174.0,17667.0
2018-06-25,7,TEN,16345.0,16824.0
2018-06-25,8,TEN,15689.0,16213.0
2018-06-25,9,TEN,15470.0,15999.0
2018-06-25,10,TEN,15629.0,16170.0
2018-06-25,11,TEN,16524.0,17143.0
2018-06-25,12,TEN,17505.0,18235.0
2018-06-25,13,TEN,18691.0,19421.0
2018-06-25,14,TEN,20078.0,20774.0
2018-06-25,15,TEN,21765.0,22273.0
2018-06-25,16,TEN,23254.0,23737.0
2018-06-25,17,TEN,24702.0,25223.0
2018-06-25,18,TEN,25503.0,25806.0
2018-06-25,19,TEN,25471.0,24935.0
2018-06-25,20,TEN,25525.0,24415.0
2018-06-25,21,TEN,25709.0,24555.0
2018-06-25,22,TEN,25674.0,24535.0
2018-06-25,23,TEN,25515.0,24716.0
2018-06-26,0,TEN,25121.0,24631.0
2018-06-26,1,TEN,24302.0,24114.0
2018-06-26,2,TEN,23786.0,23839.0
2018-06-26,3,TEN,22769.0,22642.0
2018-06-26,4,TEN,21024.0,21208.0
2018-06-26,5,TEN,19375.0,19988.0
2018-06-26,6,TEN,18120.0,18550.0
2018-06-26,7,TEN,17207.0,17651.0
2018-06-26,8,TEN,16661.0,17104.0
2018-06-26,9,TEN,16478.0,17014.0
2018-06-26,10,TEN,16553.0,17105.0
2018-06-26,11,TEN,17092.0,17660.0
2018-06-26,12,TEN,17959.0,18332.0
2018-06-26,13,TEN,19270.0,19344.0
2018-06-26,14,TEN,20629.0,20662.0
2018-06-26,15,TEN,22340.0,22307.0
2018-06-26,16,TEN,24154.0,24174.0
2018-06-26,17,TEN,25426.0,25411.0
2018-06-26,18,TEN,26499.0,25937.0
2018-06-26,19,TEN,27095.0,26017.0
2018-06-26,20,TEN,27244.0,25529.0
2018-06-26,21,TEN,27208.0,25504.0
2018-06-26,22,TEN,26703.0,25150.0
2018-06-26,23,TEN,26053.0,24681.0
2018-06-27,0,TEN,25337.0,24731.0
2018-06-27,1,TEN,24266.0,24128.0
2018-06-27,2,TEN,23496.0,23511.0
2018-06-27,3,TEN,22278.0,22177.0
2018-06-27,4,TEN,20522.0,20665.0
2018-06-27,5,TEN,18669.0,19211.0
2018-06-27,6,TEN,17418.0,17890.0
2018-06-27,7,TEN,16540.0,16872.0
2018-06-27,8,TEN,15976.0,16348.0
2018-06-27,9,TEN,15712.0,16163.0
2018-06-27,10,TEN,15887.0,16363.0
2018-06-27,11,TEN,16454.0,16907.0
2018-06-27,12,TEN,17159.0,17285.0
2018-06-27,13,TEN,18220.0,18305.0
2018-06-27,14,TEN,19360.0,19597.0
2018-06-27,15,TEN,20781.0,20930.0
2018-06-27,16,TEN,22340.0,22603.0
2018-06-27,17,TEN,23597.0,23848.0
2018-06-27,18,TEN,24734.0,24856.0
2018-06-27,19,TEN,25461.0,25247.0
2018-06-27,20,TEN,25794.0,24982.0
2018-06-27,21,TEN,26021.0,24947.0
2018-06-27,22,TEN,25923.0,24937.0
2018-06-27,23,TEN,25293.0,24517.0
2018-06-28,0,TEN,24528.0,24189.0
2018-06-28,1,TEN,23476.0,23554.0
2018-06-28,2,TEN,23001.0,23223.0
2018-06-28,3,TEN,22130.0,22234.0
2018-06-28,4,TEN,20640.0,21087.0
2018-06-28,5,TEN,19136.0,19751.0
2018-06-28,6,TEN,18026.0,18486.0
2018-06-28,7,TEN,17305.0,17735.0
2018-06-28,8,TEN,16722.0,17122.0
2018-06-28,9,TEN,16381.0,16795.0
2018-06-28,10,TEN,16468.0,16878.0
2018-06-28,11,TEN,17120.0,17527.0
2018-06-28,12,TEN,17860.0,17996.0
2018-06-28,13,TEN,19226.0,19412.0
2018-06-28,14,TEN,20386.0,20601.0
2018-06-28,15,TEN,21627.0,21814.0
2018-06-28,16,TEN,22737.0,22899.0
2018-06-28,17,TEN,23307.0,23435.0
2018-06-28,18,TEN,23423.0,23491.0
2018-06-28,19,TEN,23269.0,22573.0
2018-06-28,20,TEN,22786.0,21756.0
2018-06-28,21,TEN,22540.0,21239.0
2018-06-28,22,TEN,22465.0,21572.0
2018-06-28,23,TEN,22294.0,22190.0
2018-06-29,0,TEN,22052.0,22074.0
2018-06-29,1,TEN,21639.0,21660.0
2018-06-29,2,TEN,21441.0,21431.0
2018-06-29,3,TEN,20504.0,20549.0
2018-06-29,4,TEN,19153.0,19495.0
2018-06-29,5,TEN,17667.0,18169.0
2018-06-29,6,TEN,16568.0,17002.0
2018-06-29,7,TEN,15607.0,16088.0
2018-06-29,8,TEN,15224.0,15628.0
2018-06-29,9,TEN,14917.0,15437.0
2018-06-29,10,TEN,15114.0,15581.0
2018-06-29,11,TEN,15624.0,16059.0
2018-06-29,12,TEN,16380.0,16443.0
2018-06-29,13,TEN,17533.0,17599.0
2018-06-29,14,TEN,18467.0,18725.0
2018-06-29,15,TEN,19731.0,20029.0
2018-06-29,16,TEN,21186.0,21683.0
2018-06-29,17,TEN,22558.0,22558.0
2018-06-29,18,TEN,23958.0,23779.0
2018-06-29,19,TEN,25141.0,24654.0
2018-06-29,20,TEN,25980.0,24932.0
2018-06-29,21,TEN,26513.0,25080.0
2018-06-29,22,TEN,26737.0,25317.0
2018-06-29,23,TEN,26516.0,25383.0
2018-06-30,0,TEN,25833.0,25187.0
2018-06-30,1,TEN,24739.0,24731.0
2018-06-30,2,TEN,23905.0,23995.0
2018-06-30,3,TEN,22630.0,22844.0
2018-06-30,4,TEN,20845.0,21514.0
2018-06-30,5,TEN,18990.0,19510.0
2018-06-30,6,TEN,17931.0,19510.0
2018-06-30,7,TEN,16880.0,16088.0
2018-06-30,8,TEN,16240.0,15628.0
2018-06-30,9,TEN,15756.0,15437.0
2018-06-30,10,TEN,15592.0,15581.0
2018-06-30,11,TEN,15493.0,16059.0
2018-06-30,12,TEN,15638.0,16443.0
2018-06-30,13,TEN,16979.0,17599.0
2018-06-30,14,TEN,18884.0,18725.0
2018-06-30,15,TEN,20895.0,20029.0
2018-06-30,16,TEN,23057.0,21683.0
2018-06-30,17,TEN,24676.0,22558.0
2018-06-30,18,TEN,25743.0,23779.0
2018-06-30,19,TEN,26401.0,24654.0
2018-06-30,20,TEN,26732.0,24932.0
2018-06-30,21,TEN,26908.0,25080.0
2018-06-30,22,TEN,27000.0,25317.0
2018-06-30,23,TEN,26711.0,25383.0
2018-07-01,6,TEN,17204.0,16719.0
2018-07-01,7,TEN,16336.0,16345.0
2018-07-01,8,TEN,15673.0,16038.0
2018-07-01,9,TEN,15286.0,15625.0
2018-07-01,10,TEN,15171.0,15511.0
2018-07-01,11,TEN,15344.0,15586.0
2018-07-01,12,TEN,16077.0,16399.0
2018-07-01,13,TEN,16919.0,17355.0
2018-07-01,14,TEN,18000.0,18587.0
2018-07-01,15,TEN,19563.0,19891.0
2018-07-01,16,TEN,21123.0,21176.0
2018-07-01,17,TEN,22403.0,22412.0
2018-07-01,18,TEN,23534.0,22944.0
2018-07-01,19,TEN,24134.0,22923.0
2018-07-01,20,TEN,24240.0,23471.0
2018-07-01,21,TEN,23903.0,23271.0
2018-07-01,22,TEN,23302.0,22752.0
2018-07-01,23,TEN,22475.0,21981.0
2018-07-01,00,TEN,25792.0,25187.0
2018-07-01,01,TEN,24707.0,24731.0
2018-07-01,02,TEN,24020.0,23995.0
2018-07-01,03,TEN,22942.0,22844.0
2018-07-01,04,TEN,21238.0,21514.0
2018-07-01,05,TEN,19574.0,19510.0
2018-07-02,0,TEN,21763.0,21350.0
2018-07-02,1,TEN,20953.0,20765.0
2018-07-02,2,TEN,20589.0,20416.0
2018-07-02,3,TEN,19829.0,19836.0
2018-07-02,4,TEN,18614.0,18391.0
2018-07-02,5,TEN,17534.0,17524.0
2018-07-02,6,TEN,16547.0,16621.0
2018-07-02,7,TEN,15864.0,15979.0
2018-07-02,8,TEN,15083.0,15323.0
2018-07-02,9,TEN,14571.0,14845.0
2018-07-02,10,TEN,14530.0,14988.0
2018-07-02,11,TEN,15305.0,15485.0
2018-07-02,12,TEN,15973.0,15807.0
2018-07-02,13,TEN,16814.0,16895.0
2018-07-02,14,TEN,17612.0,17878.0
2018-07-02,15,TEN,19089.0,19485.0
2018-07-02,16,TEN,20772.0,20883.0
2018-07-02,17,TEN,22318.0,22472.0
2018-07-02,18,TEN,23461.0,23501.0
2018-07-02,19,TEN,24283.0,24286.0
2018-07-02,20,TEN,24716.0,24837.0
2018-07-02,21,TEN,25002.0,24981.0
2018-07-02,22,TEN,25009.0,25063.0
2018-07-02,23,TEN,24651.0,25024.0
2018-07-03,0,TEN,23769.0,24109.0
2018-07-03,1,TEN,22647.0,22952.0
2018-07-03,2,TEN,22028.0,22295.0
2018-07-03,3,TEN,20925.0,21225.0
2018-07-03,4,TEN,19479.0,19613.0
2018-07-03,5,TEN,17860.0,18096.0
2018-07-03,6,TEN,16473.0,16686.0
2018-07-03,7,TEN,15600.0,15599.0
2018-07-03,8,TEN,14848.0,14795.0
2018-07-03,9,TEN,14408.0,14441.0
2018-07-03,10,TEN,14295.0,14480.0
2018-07-03,11,TEN,14230.0,14559.0
2018-07-03,12,TEN,14393.0,14703.0
2018-07-03,13,TEN,15699.0,15685.0
2018-07-03,14,TEN,17684.0,17640.0
2018-07-03,15,TEN,19584.0,19587.0
2018-07-03,16,TEN,21300.0,21546.0
2018-07-03,17,TEN,23175.0,22974.0
2018-07-03,18,TEN,23832.0,23738.0
2018-07-03,19,TEN,24852.0,24383.0
2018-07-03,20,TEN,25134.0,24427.0
2018-07-03,21,TEN,25116.0,24165.0
2018-07-03,22,TEN,24926.0,23904.0
2018-07-03,23,TEN,24535.0,23468.0
2018-07-04,0,TEN,23890.0,22791.0
2018-07-04,1,TEN,22991.0,21816.0
2018-07-04,2,TEN,22334.0,21114.0
2018-07-04,3,TEN,21213.0,20165.0
2018-07-04,4,TEN,19523.0,19294.0
2018-07-04,5,TEN,17982.0,17934.0
2018-07-04,6,TEN,16619.0,16566.0
2018-07-04,7,TEN,15486.0,15410.0
2018-07-04,8,TEN,14745.0,14680.0
2018-07-04,9,TEN,14173.0,14233.0
2018-07-04,10,TEN,13806.0,14250.0
2018-07-04,11,TEN,13869.0,14314.0
2018-07-04,12,TEN,13875.0,14047.0
2018-07-04,13,TEN,14918.0,14997.0
2018-07-04,14,TEN,16818.0,16924.0
2018-07-04,15,TEN,19092.0,19046.0
2018-07-04,16,TEN,21205.0,20995.0
2018-07-04,17,TEN,23044.0,22861.0
2018-07-04,18,TEN,24002.0,23978.0
2018-07-04,19,TEN,24344.0,24365.0
2018-07-04,20,TEN,24365.0,24489.0
2018-07-04,21,TEN,24428.0,24458.0
2018-07-04,22,TEN,24256.0,24136.0
2018-07-04,23,TEN,23648.0,23988.0
2018-07-05,0,TEN,22498.0,23063.0
2018-07-05,1,TEN,21337.0,21859.0
2018-07-05,2,TEN,20470.0,20985.0
2018-07-05,3,TEN,19608.0,19870.0
2018-07-05,4,TEN,18681.0,18938.0
2018-07-05,5,TEN,17462.0,17436.0
2018-07-05,6,TEN,16332.0,16475.0
2018-07-05,7,TEN,15328.0,15521.0
2018-07-05,8,TEN,14800.0,14939.0
2018-07-05,9,TEN,14412.0,14780.0
2018-07-05,10,TEN,14411.0,14976.0
2018-07-05,11,TEN,14693.0,15214.0
2018-07-05,12,TEN,15204.0,15696.0
2018-07-05,13,TEN,16546.0,16527.0
2018-07-05,14,TEN,18409.0,18761.0
2018-07-05,15,TEN,20150.0,19913.0
2018-07-05,16,TEN,21042.0,20984.0
2018-07-05,17,TEN,22203.0,22265.0
2018-07-05,18,TEN,23405.0,23148.0
2018-07-05,19,TEN,24441.0,23800.0
2018-07-05,20,TEN,24642.0,24120.0
2018-07-05,21,TEN,24366.0,24478.0
2018-07-05,22,TEN,24098.0,24510.0
2018-07-05,23,TEN,24000.0,24373.0
2018-07-06,0,TEN,23551.0,23961.0
2018-07-06,1,TEN,23169.0,23130.0
2018-07-06,2,TEN,22487.0,22406.0
2018-07-06,3,TEN,21525.0,20994.0
2018-07-06,4,TEN,19903.0,19431.0
2018-07-06,5,TEN,18359.0,18255.0
2018-07-06,6,TEN,17032.0,17104.0
2018-07-06,7,TEN,15946.0,15881.0
2018-07-06,8,TEN,15444.0,15336.0
2018-07-06,9,TEN,14900.0,15017.0
2018-07-06,10,TEN,14834.0,15278.0
2018-07-06,11,TEN,15359.0,15422.0
2018-07-06,12,TEN,16196.0,15866.0
2018-07-06,13,TEN,17432.0,17303.0
2018-07-06,14,TEN,18662.0,18816.0
2018-07-06,15,TEN,20256.0,20443.0
2018-07-06,16,TEN,21980.0,21957.0
2018-07-06,17,TEN,23496.0,23440.0
2018-07-06,18,TEN,24881.0,24665.0
2018-07-06,19,TEN,25598.0,25136.0
2018-07-06,20,TEN,26186.0,25695.0
2018-07-06,21,TEN,26383.0,25798.0
2018-07-06,22,TEN,26321.0,25798.0
2018-07-06,23,TEN,25295.0,25288.0
2018-07-07,0,TEN,24267.0,24725.0
2018-07-07,1,TEN,23266.0,23648.0
2018-07-07,2,TEN,22845.0,23239.0
2018-07-07,3,TEN,21792.0,21919.0
2018-07-07,4,TEN,20177.0,20429.0
2018-07-07,5,TEN,18590.0,18922.0
2018-07-07,6,TEN,17529.0,17811.0
2018-07-07,7,TEN,16664.0,16815.0
2018-07-07,8,TEN,15969.0,16463.0
2018-07-07,9,TEN,15477.0,16189.0
2018-07-07,10,TEN,15664.0,16304.0
2018-07-07,11,TEN,15946.0,16648.0
2018-07-07,12,TEN,16722.0,17355.0
2018-07-07,13,TEN,17952.0,18346.0
2018-07-07,14,TEN,19452.0,19317.0
2018-07-07,15,TEN,20876.0,20842.0
2018-07-07,16,TEN,22467.0,22336.0
2018-07-07,17,TEN,23697.0,23435.0
2018-07-07,18,TEN,24737.0,24641.0
2018-07-07,19,TEN,25567.0,24912.0
2018-07-07,20,TEN,26117.0,25514.0
2018-07-07,21,TEN,26231.0,25882.0
2018-07-07,22,TEN,26190.0,25854.0
2018-07-07,23,TEN,25610.0,25297.0
2018-07-08,0,TEN,24686.0,24332.0
2018-07-08,1,TEN,24026.0,23593.0
2018-07-08,2,TEN,23631.0,23344.0
2018-07-08,3,TEN,22362.0,22245.0
2018-07-08,4,TEN,20737.0,20600.0
2018-07-08,5,TEN,18959.0,18825.0
2018-07-08,6,TEN,17580.0,17500.0
2018-07-08,7,TEN,16607.0,16624.0
2018-07-08,8,TEN,15964.0,16247.0
2018-07-08,9,TEN,15534.0,15836.0
2018-07-08,10,TEN,15590.0,15949.0
2018-07-08,11,TEN,16185.0,16427.0
2018-07-08,12,TEN,16950.0,17235.0
2018-07-08,13,TEN,18343.0,18619.0
2018-07-08,14,TEN,20047.0,19994.0
2018-07-08,15,TEN,21723.0,21679.0
2018-07-08,16,TEN,23353.0,23560.0
2018-07-08,17,TEN,24826.0,24705.0
2018-07-08,18,TEN,25700.0,25444.0
2018-07-08,19,TEN,26024.0,25882.0
2018-07-08,20,TEN,26484.0,26216.0
2018-07-08,21,TEN,26833.0,26402.0
2018-07-08,22,TEN,27018.0,26300.0
2018-07-08,23,TEN,26970.0,25504.0
2018-07-09,0,TEN,25949.0,25284.0
2018-07-09,1,TEN,24848.0,23922.0
2018-07-09,2,TEN,24337.0,23329.0
2018-07-09,3,TEN,23121.0,22087.0
2018-07-09,4,TEN,21237.0,20428.0
2018-07-09,5,TEN,19399.0,19257.0
2018-07-09,6,TEN,18030.0,18259.0
2018-07-09,7,TEN,17073.0,17489.0
2018-07-09,8,TEN,16423.0,16836.0
2018-07-09,9,TEN,16062.0,16597.0
2018-07-09,10,TEN,16233.0,17001.0
2018-07-09,11,TEN,16826.0,17175.0
2018-07-09,12,TEN,17541.0,17042.0
2018-07-09,13,TEN,18194.0,18053.0
2018-07-09,14,TEN,19756.0,19438.0
2018-07-09,15,TEN,21255.0,19952.0
2018-07-09,16,TEN,22150.0,21338.0
2018-07-09,17,TEN,22975.0,22326.0
2018-07-09,18,TEN,24268.0,23156.0
2018-07-09,19,TEN,25498.0,24400.0
2018-07-09,20,TEN,26413.0,25419.0
2018-07-09,21,TEN,26746.0,25717.0
2018-07-09,22,TEN,26786.0,25750.0
2018-07-09,23,TEN,26251.0,25270.0
2018-07-10,0,TEN,25161.0,24207.0
2018-07-10,1,TEN,24014.0,23157.0
2018-07-10,2,TEN,23018.0,22376.0
2018-07-10,3,TEN,21916.0,21322.0
2018-07-10,4,TEN,20559.0,19896.0
2018-07-10,5,TEN,19205.0,19086.0
2018-07-10,6,TEN,18139.0,18382.0
2018-07-10,7,TEN,17148.0,17249.0
2018-07-10,8,TEN,16296.0,16561.0
2018-07-10,9,TEN,15915.0,16318.0
2018-07-10,10,TEN,15970.0,16100.0
2018-07-10,11,TEN,15951.0,16068.0
2018-07-10,12,TEN,16051.0,16558.0
2018-07-10,13,TEN,17391.0,18067.0
2018-07-10,14,TEN,19113.0,19771.0
2018-07-10,15,TEN,20930.0,21567.0
2018-07-10,16,TEN,22608.0,23049.0
2018-07-10,17,TEN,24202.0,24575.0
2018-07-10,18,TEN,25332.0,25639.0
2018-07-10,19,TEN,26198.0,25842.0
2018-07-10,20,TEN,26940.0,26152.0
2018-07-10,21,TEN,27438.0,26526.0
2018-07-10,22,TEN,27515.0,26108.0
2018-07-10,23,TEN,27251.0,25642.0
2018-07-11,0,TEN,26221.0,24854.0
2018-07-11,1,TEN,25090.0,24220.0
2018-07-11,2,TEN,24455.0,23995.0
2018-07-11,3,TEN,23042.0,22667.0
2018-07-11,4,TEN,20915.0,20552.0
2018-07-11,5,TEN,18873.0,18870.0
2018-07-11,6,TEN,17528.0,17607.0
2018-07-11,7,TEN,16539.0,16697.0
2018-07-11,8,TEN,15804.0,16031.0
2018-07-11,9,TEN,15574.0,15678.0
2018-07-11,10,TEN,15537.0,15647.0
2018-07-11,11,TEN,16048.0,16321.0
2018-07-11,12,TEN,16780.0,16593.0
2018-07-11,13,TEN,17981.0,17785.0
2018-07-11,14,TEN,18994.0,19225.0
2018-07-11,15,TEN,20909.0,20676.0
2018-07-11,16,TEN,22814.0,22060.0
2018-07-11,17,TEN,24269.0,23550.0
2018-07-11,18,TEN,25295.0,24283.0
2018-07-11,19,TEN,25969.0,24912.0
2018-07-11,20,TEN,26260.0,25535.0
2018-07-11,21,TEN,26551.0,26165.0
2018-07-11,22,TEN,26475.0,26439.0
2018-07-11,23,TEN,26390.0,26213.0
2018-07-12,0,TEN,25651.0,25723.0
2018-07-12,1,TEN,24582.0,24487.0
2018-07-12,2,TEN,23970.0,23868.0
2018-07-12,3,TEN,22708.0,22729.0
2018-07-12,4,TEN,20981.0,20966.0
2018-07-12,5,TEN,19231.0,19184.0
2018-07-12,6,TEN,17845.0,18050.0
2018-07-12,7,TEN,16724.0,17104.0
2018-07-12,8,TEN,15974.0,16281.0
2018-07-12,9,TEN,15667.0,15986.0
2018-07-12,10,TEN,15777.0,16132.0
2018-07-12,11,TEN,16439.0,16892.0
2018-07-12,12,TEN,17255.0,16897.0
2018-07-12,13,TEN,18487.0,18072.0
2018-07-12,14,TEN,19908.0,19154.0
2018-07-12,15,TEN,21416.0,21375.0
2018-07-12,16,TEN,22979.0,23184.0
2018-07-12,17,TEN,24225.0,24171.0
2018-07-12,18,TEN,25310.0,25112.0
2018-07-12,19,TEN,25941.0,25973.0
2018-07-12,20,TEN,26277.0,26253.0
2018-07-12,21,TEN,26499.0,26688.0
2018-07-12,22,TEN,26458.0,26708.0
2018-07-12,23,TEN,25967.0,26468.0
2018-07-13,0,TEN,25455.0,26078.0
2018-07-13,1,TEN,24657.0,24896.0
2018-07-13,2,TEN,24110.0,24192.0
2018-07-13,3,TEN,22965.0,23222.0
2018-07-13,4,TEN,21239.0,21532.0
2018-07-13,5,TEN,19568.0,19844.0
2018-07-13,6,TEN,18279.0,18743.0
2018-07-13,7,TEN,17414.0,17972.0
2018-07-13,8,TEN,16649.0,17214.0
2018-07-13,9,TEN,16159.0,16861.0
2018-07-13,10,TEN,16164.0,16735.0
2018-07-13,11,TEN,16720.0,17083.0
2018-07-13,12,TEN,17462.0,17289.0
2018-07-13,13,TEN,18805.0,18074.0
2018-07-13,14,TEN,19933.0,19705.0
2018-07-13,15,TEN,21125.0,21480.0
2018-07-13,16,TEN,22545.0,23408.0
2018-07-13,17,TEN,23922.0,24750.0
2018-07-13,18,TEN,24977.0,25158.0
2018-07-13,19,TEN,25685.0,25605.0
2018-07-13,20,TEN,26360.0,26040.0
2018-07-13,21,TEN,26782.0,26488.0
2018-07-13,22,TEN,26964.0,26555.0
2018-07-13,23,TEN,26706.0,26325.0
2018-07-14,0,TEN,26005.0,25822.0
2018-07-14,1,TEN,24837.0,24666.0
2018-07-14,2,TEN,23863.0,23632.0
2018-07-14,3,TEN,22413.0,22269.0
2018-07-14,4,TEN,20741.0,20241.0
2018-07-14,5,TEN,19112.0,18910.0
2018-07-14,6,TEN,17738.0,17912.0
2018-07-14,7,TEN,16830.0,17119.0
2018-07-14,8,TEN,16145.0,16655.0
2018-07-14,9,TEN,15936.0,16152.0
2018-07-14,10,TEN,15975.0,16028.0
2018-07-14,11,TEN,16283.0,16504.0
2018-07-14,12,TEN,17192.0,16636.0
2018-07-14,13,TEN,18514.0,18100.0
2018-07-14,14,TEN,20111.0,19370.0
2018-07-14,15,TEN,21781.0,20885.0
2018-07-14,16,TEN,23749.0,22840.0
2018-07-14,17,TEN,25171.0,23890.0
2018-07-14,18,TEN,25696.0,24174.0
2018-07-14,19,TEN,26504.0,24859.0
2018-07-14,20,TEN,27076.0,25601.0
2018-07-14,21,TEN,26855.0,25717.0
2018-07-14,22,TEN,26514.0,25717.0
2018-07-14,23,TEN,25878.0,25327.0
2018-07-15,0,TEN,25046.0,24126.0
2018-07-15,1,TEN,23873.0,23229.0
2018-07-15,2,TEN,23258.0,22437.0
2018-07-15,3,TEN,22223.0,21380.0
2018-07-15,4,TEN,20517.0,20060.0
2018-07-15,5,TEN,18873.0,18948.0
2018-07-15,6,TEN,17662.0,17540.0
2018-07-15,7,TEN,16572.0,16459.0
2018-07-15,8,TEN,15981.0,15944.0
2018-07-15,9,TEN,15486.0,15855.0
2018-07-15,10,TEN,15584.0,15990.0
2018-07-15,11,TEN,16144.0,16542.0
2018-07-15,12,TEN,16969.0,16933.0
2018-07-15,13,TEN,18024.0,18364.0
2018-07-15,14,TEN,19408.0,19626.0
2018-07-15,15,TEN,20789.0,20823.0
2018-07-15,16,TEN,22378.0,22366.0
2018-07-15,17,TEN,23601.0,23847.0
2018-07-15,18,TEN,24693.0,25012.0
2018-07-15,19,TEN,25644.0,25818.0
2018-07-15,20,TEN,26322.0,26188.0
2018-07-15,21,TEN,26731.0,26423.0
2018-07-15,22,TEN,26838.0,26684.0
2018-07-15,23,TEN,26497.0,26184.0
2018-07-16,0,TEN,25661.0,25737.0
2018-07-16,1,TEN,24407.0,24476.0
2018-07-16,2,TEN,23856.0,23661.0
2018-07-16,3,TEN,22633.0,22454.0
2018-07-16,4,TEN,20730.0,20881.0
2018-07-16,5,TEN,18846.0,19104.0
2018-07-16,06,TEN,16755.0,17335.0
2018-07-16,07,TEN,16141.0,16724.0
2018-07-16,08,TEN,15698.0,16405.0
2018-07-16,09,TEN,15609.0,16288.0
2018-07-16,10,TEN,15983.0,16624.0
2018-07-16,11,TEN,16824.0,17415.0
2018-07-16,12,TEN,17703.0,18070.0
2018-07-16,13,TEN,18868.0,19430.0
2018-07-16,14,TEN,19919.0,20382.0
2018-07-16,15,TEN,21031.0,21459.0
2018-07-16,16,TEN,22226.0,22567.0
2018-07-16,17,TEN,23588.0,23922.0
2018-07-16,18,TEN,24858.0,24646.0
2018-07-16,19,TEN,25919.0,24978.0
2018-07-16,20,TEN,26649.0,25317.0
2018-07-16,21,TEN,27200.0,25700.0
2018-07-16,22,TEN,27515.0,26292.0
2018-07-16,23,TEN,27413.0,26650.0
2018-07-17,00,TEN,26760.0,26169.0
2018-07-17,01,TEN,25664.0,25493.0
2018-07-17,02,TEN,24930.0,25176.0
2018-07-17,03,TEN,23521.0,23891.0
2018-07-17,04,TEN,21668.0,22185.0
2018-07-17,05,TEN,19961.0,20583.0
2018-07-17,06,TEN,18711.0,19403.0
2018-07-17,07,TEN,17768.0,18440.0
2018-07-17,08,TEN,17076.0,17801.0
2018-07-17,09,TEN,16714.0,17484.0
2018-07-17,10,TEN,16939.0,17751.0
2018-07-17,11,TEN,17592.0,18303.0
2018-07-17,12,TEN,18459.0,19057.0
2018-07-17,13,TEN,19602.0,20051.0
2018-07-17,14,TEN,20982.0,21308.0
2018-07-17,15,TEN,22529.0,22643.0
2018-07-17,16,TEN,24353.0,24270.0
2018-07-17,17,TEN,25939.0,25664.0
2018-07-17,18,TEN,27171.0,26838.0
2018-07-17,19,TEN,27628.0,26563.0
2018-07-17,20,TEN,27791.0,26475.0
2018-07-17,21,TEN,27593.0,26427.0
2018-07-17,22,TEN,27437.0,26530.0
2018-07-17,23,TEN,26976.0,26260.0
2018-07-18,00,TEN,26225.0,25827.0
2018-07-18,01,TEN,25295.0,25263.0
2018-07-18,02,TEN,24697.0,24691.0
2018-07-18,03,TEN,23284.0,23713.0
2018-07-18,04,TEN,21544.0,22420.0
2018-07-18,05,TEN,19791.0,20570.0
2018-07-18,06,TEN,18620.0,19215.0
2018-07-18,07,TEN,17505.0,18211.0
2018-07-18,08,TEN,16603.0,17308.0
2018-07-18,09,TEN,16328.0,17049.0
2018-07-18,10,TEN,16388.0,17135.0
2018-07-18,11,TEN,16946.0,17704.0
2018-07-18,12,TEN,17842.0,18479.0
2018-07-18,13,TEN,19021.0,19651.0
2018-07-18,14,TEN,20302.0,20810.0
2018-07-18,15,TEN,21934.0,22360.0
2018-07-18,16,TEN,23527.0,23798.0
2018-07-18,17,TEN,24945.0,25107.0
2018-07-18,18,TEN,26056.0,25981.0
2018-07-18,19,TEN,26669.0,26399.0
2018-07-18,20,TEN,27032.0,26516.0
2018-07-18,21,TEN,27090.0,26389.0
2018-07-18,22,TEN,27003.0,26356.0
2018-07-18,23,TEN,26334.0,25735.0
2018-07-19,00,TEN,25560.0,25477.0
2018-07-19,01,TEN,24405.0,24838.0
2018-07-19,02,TEN,23723.0,24208.0
2018-07-19,03,TEN,22482.0,23014.0
2018-07-19,04,TEN,20499.0,21466.0
2018-07-19,05,TEN,18814.0,19600.0
2018-07-19,06,TEN,17537.0,18137.0
2018-07-19,07,TEN,16528.0,17404.0
2018-07-19,08,TEN,15984.0,16896.0
2018-07-19,09,TEN,15549.0,16579.0
2018-07-19,10,TEN,15590.0,16570.0
2018-07-19,11,TEN,16246.0,16953.0
2018-07-19,12,TEN,16937.0,17556.0
2018-07-19,13,TEN,18205.0,18750.0
2018-07-19,14,TEN,19428.0,20071.0
2018-07-19,15,TEN,20771.0,21270.0
2018-07-19,16,TEN,22598.0,23044.0
2018-07-19,17,TEN,24310.0,24831.0
2018-07-19,18,TEN,25646.0,25963.0
2018-07-19,19,TEN,26753.0,26798.0
2018-07-19,20,TEN,27714.0,27240.0
2018-07-19,21,TEN,28102.0,27903.0
2018-07-19,22,TEN,28206.0,27786.0
2018-07-19,23,TEN,27763.0,27557.0
2018-07-20,00,TEN,26952.0,27088.0
2018-07-20,01,TEN,25847.0,26399.0
2018-07-20,02,TEN,25066.0,25625.0
2018-07-20,03,TEN,23373.0,23835.0
2018-07-20,04,TEN,21684.0,22467.0
2018-07-20,05,TEN,19909.0,20666.0
2018-07-20,06,TEN,18609.0,19353.0
2018-07-20,07,TEN,17691.0,18442.0
2018-07-20,08,TEN,17107.0,17830.0
2018-07-20,09,TEN,16787.0,17567.0
2018-07-20,10,TEN,16819.0,17635.0
2018-07-20,11,TEN,17416.0,18168.0
2018-07-20,12,TEN,18120.0,18829.0
2018-07-20,13,TEN,19453.0,20099.0
2018-07-20,14,TEN,20811.0,21524.0
2018-07-20,15,TEN,22470.0,23172.0
2018-07-20,16,TEN,24128.0,24647.0
2018-07-20,17,TEN,25272.0,25905.0
2018-07-20,18,TEN,26371.0,26952.0
2018-07-20,19,TEN,27405.0,27687.0
2018-07-20,20,TEN,28194.0,28127.0
2018-07-20,21,TEN,28628.0,28252.0
2018-07-20,22,TEN,28764.0,28570.0
2018-07-20,23,TEN,28503.0,28510.0
2018-07-21,00,TEN,27614.0,27879.0
2018-07-21,01,TEN,26451.0,27029.0
2018-07-21,02,TEN,25664.0,26197.0
2018-07-21,03,TEN,24289.0,24817.0
2018-07-21,04,TEN,22365.0,23170.0
2018-07-21,05,TEN,20873.0,21585.0
2018-07-21,06,TEN,19569.0,20343.0
2018-07-21,07,TEN,18430.0,19055.0
2018-07-21,08,TEN,17634.0,18332.0
2018-07-21,09,TEN,16890.0,17619.0
2018-07-21,10,TEN,16496.0,17253.0
2018-07-21,11,TEN,16389.0,17222.0
2018-07-21,12,TEN,16227.0,17079.0
2018-07-21,13,TEN,16852.0,17676.0
2018-07-21,14,TEN,18249.0,19041.0
2018-07-21,15,TEN,19858.0,20749.0
2018-07-21,16,TEN,21411.0,22274.0
2018-07-21,17,TEN,22832.0,23543.0
2018-07-21,18,TEN,23988.0,24726.0
2018-07-21,19,TEN,24830.0,25413.0
2018-07-21,20,TEN,25487.0,25603.0
2018-07-21,21,TEN,25858.0,25238.0
2018-07-21,22,TEN,25857.0,25503.0
2018-07-21,23,TEN,25470.0,25344.0
2018-07-22,00,TEN,24597.0,24792.0
2018-07-22,01,TEN,23279.0,23636.0
2018-07-22,02,TEN,22602.0,23107.0
2018-07-22,03,TEN,21324.0,21936.0
2018-07-22,04,TEN,19741.0,20584.0
2018-07-22,05,TEN,18107.0,18753.0
2018-07-22,06,TEN,16824.0,17557.0
2018-07-22,07,TEN,15950.0,16694.0
2018-07-22,08,TEN,15223.0,16047.0
2018-07-22,09,TEN,14764.0,15452.0
2018-07-22,10,TEN,14618.0,15335.0
2018-07-22,11,TEN,14490.0,15212.0
2018-07-22,12,TEN,14537.0,15288.0
2018-07-22,13,TEN,15623.0,16450.0
2018-07-22,14,TEN,17179.0,17989.0
2018-07-22,15,TEN,18326.0,19323.0
2018-07-22,16,TEN,19251.0,20216.0
2018-07-22,17,TEN,20050.0,21017.0
2018-07-22,18,TEN,20731.0,21746.0
2018-07-22,19,TEN,21314.0,22371.0
2018-07-22,20,TEN,21594.0,22799.0
2018-07-22,21,TEN,21832.0,23030.0
2018-07-22,22,TEN,22030.0,23192.0
2018-07-22,23,TEN,21854.0,22602.0
2018-07-23,00,TEN,21386.0,22120.0
2018-07-23,01,TEN,20652.0,21638.0
2018-07-23,02,TEN,20425.0,21346.0
2018-07-23,03,TEN,19522.0,20446.0
2018-07-23,04,TEN,18226.0,19046.0
2018-07-23,05,TEN,16808.0,17565.0
2018-07-23,06,TEN,15803.0,16645.0
2018-07-23,07,TEN,15206.0,16029.0
2018-07-23,08,TEN,14731.0,15577.0
2018-07-23,09,TEN,14705.0,15536.0
2018-07-23,10,TEN,15085.0,16034.0
2018-07-23,11,TEN,15827.0,16741.0
2018-07-23,12,TEN,16606.0,17313.0
2018-07-23,13,TEN,17692.0,18265.0
2018-07-23,14,TEN,18650.0,19228.0
2018-07-23,15,TEN,19529.0,20300.0
2018-07-23,16,TEN,20789.0,21605.0
2018-07-23,17,TEN,21733.0,22513.0
2018-07-23,18,TEN,22568.0,23216.0
2018-07-23,19,TEN,23254.0,23835.0
2018-07-23,20,TEN,23813.0,24177.0
2018-07-23,21,TEN,24158.0,24529.0
2018-07-23,22,TEN,24131.0,24466.0
2018-07-23,23,TEN,24031.0,24381.0
2018-07-24,00,TEN,23390.0,23943.0
2018-07-24,01,TEN,22497.0,23007.0
2018-07-24,02,TEN,22037.0,22342.0
2018-07-24,03,TEN,21029.0,21696.0
2018-07-24,04,TEN,19265.0,20107.0
2018-07-24,05,TEN,17653.0,18409.0
2018-07-24,06,TEN,16595.0,17356.0
2018-07-24,07,TEN,15692.0,16553.0
2018-07-24,08,TEN,15201.0,16194.0
2018-07-24,09,TEN,14982.0,16029.0
2018-07-24,10,TEN,15232.0,16350.0
2018-07-24,11,TEN,15911.0,16874.0
2018-07-24,12,TEN,16659.0,17357.0
2018-07-24,13,TEN,17707.0,18337.0
2018-07-24,14,TEN,18757.0,19294.0
2018-07-24,15,TEN,20130.0,20816.0
2018-07-24,16,TEN,21545.0,22166.0
2018-07-24,17,TEN,22604.0,23081.0
2018-07-24,18,TEN,23585.0,24111.0
2018-07-24,19,TEN,24325.0,24857.0
2018-07-24,20,TEN,24908.0,25371.0
2018-07-24,21,TEN,25161.0,25386.0
2018-07-24,22,TEN,24968.0,25103.0
2018-07-24,23,TEN,25047.0,25438.0
2018-07-25,00,TEN,24585.0,25014.0
2018-07-25,01,TEN,23653.0,24124.0
2018-07-25,02,TEN,23034.0,23430.0
2018-07-25,03,TEN,21916.0,22492.0
2018-07-25,04,TEN,19990.0,20755.0
2018-07-25,05,TEN,18297.0,19050.0
2018-07-25,06,TEN,17143.0,17924.0
2018-07-25,07,TEN,16193.0,17038.0
2018-07-25,08,TEN,15574.0,16371.0
2018-07-25,09,TEN,15189.0,16068.0
2018-07-25,10,TEN,15409.0,16318.0
2018-07-25,11,TEN,16072.0,16998.0
2018-07-25,12,TEN,16788.0,17489.0
2018-07-25,13,TEN,17921.0,18640.0
2018-07-25,14,TEN,19220.0,19944.0
2018-07-25,15,TEN,20741.0,21446.0
2018-07-25,16,TEN,22329.0,22878.0
2018-07-25,17,TEN,23741.0,24265.0
2018-07-25,18,TEN,24942.0,25451.0
2018-07-25,19,TEN,25774.0,26021.0
2018-07-25,20,TEN,26393.0,26166.0
2018-07-25,21,TEN,26724.0,26364.0
2018-07-25,22,TEN,26816.0,26504.0
2018-07-25,23,TEN,26658.0,26546.0
2018-07-26,00,TEN,25924.0,26114.0
2018-07-26,01,TEN,24881.0,25093.0
2018-07-26,02,TEN,23387.0,24095.0
2018-07-26,03,TEN,21933.0,22575.0
2018-07-26,04,TEN,19968.0,20847.0
2018-07-26,05,TEN,18078.0,18849.0
2018-07-26,06,TEN,16752.0,17420.0
2018-07-26,07,TEN,15980.0,16724.0
2018-07-26,08,TEN,15328.0,16049.0
2018-07-26,09,TEN,15075.0,15900.0
2018-07-26,10,TEN,15250.0,16124.0
2018-07-26,11,TEN,15776.0,16641.0
2018-07-26,12,TEN,16572.0,17199.0
2018-07-26,13,TEN,17716.0,18387.0
2018-07-26,14,TEN,19123.0,19803.0
2018-07-26,15,TEN,20832.0,21503.0
2018-07-26,16,TEN,22529.0,23035.0
2018-07-26,17,TEN,24073.0,24586.0
2018-07-26,18,TEN,25228.0,25539.0
2018-07-26,19,TEN,26006.0,25992.0
2018-07-26,20,TEN,26553.0,26266.0
2018-07-26,21,TEN,26889.0,26493.0
2018-07-26,22,TEN,26809.0,26617.0
2018-07-26,23,TEN,26291.0,26222.0
2018-07-27,00,TEN,25418.0,25824.0
2018-07-27,01,TEN,24372.0,24873.0
2018-07-27,02,TEN,23836.0,24252.0
2018-07-27,03,TEN,22278.0,22737.0
2018-07-27,04,TEN,20395.0,21189.0
2018-07-27,05,TEN,18584.0,19389.0
2018-07-27,06,TEN,17312.0,18101.0
2018-07-27,07,TEN,16548.0,17315.0
2018-07-27,08,TEN,15938.0,16696.0
2018-07-27,09,TEN,15594.0,16434.0
2018-07-27,10,TEN,15744.0,16575.0
2018-07-27,11,TEN,16327.0,17128.0
2018-07-27,12,TEN,17076.0,17740.0
2018-07-27,13,TEN,18016.0,18705.0
2018-07-27,14,TEN,19112.0,19802.0
2018-07-27,15,TEN,20335.0,21116.0
2018-07-27,16,TEN,21751.0,22324.0
2018-07-27,17,TEN,22818.0,23424.0
2018-07-27,18,TEN,23972.0,24568.0
2018-07-27,19,TEN,24682.0,24973.0
2018-07-27,20,TEN,25140.0,25260.0
2018-07-27,21,TEN,25446.0,25722.0
2018-07-27,22,TEN,25613.0,25917.0
2018-07-27,23,TEN,25259.0,25622.0
2018-07-28,00,TEN,24368.0,24654.0
2018-07-28,01,TEN,22985.0,23217.0
2018-07-28,02,TEN,22208.0,22433.0
2018-07-28,03,TEN,20863.0,21253.0
2018-07-28,04,TEN,19220.0,19746.0
2018-07-28,05,TEN,17566.0,18211.0
2018-07-28,06,TEN,16306.0,17021.0
2018-07-28,07,TEN,15354.0,16037.0
2018-07-28,08,TEN,14686.0,15375.0
2018-07-28,09,TEN,14243.0,15018.0
2018-07-28,10,TEN,14178.0,14970.0
2018-07-28,11,TEN,14112.0,14908.0
2018-07-28,12,TEN,14135.0,14964.0
2018-07-28,13,TEN,15264.0,16193.0
2018-07-28,14,TEN,16773.0,17717.0
2018-07-28,15,TEN,18295.0,19393.0
2018-07-28,16,TEN,19809.0,20685.0
2018-07-28,17,TEN,21163.0,22066.0
2018-07-28,18,TEN,22193.0,22866.0
2018-07-28,19,TEN,22898.0,23346.0
2018-07-28,20,TEN,23377.0,23383.0
2018-07-28,21,TEN,23661.0,23409.0
2018-07-28,22,TEN,23513.0,23500.0
2018-07-28,23,TEN,22988.0,23025.0
2018-07-29,00,TEN,22059.0,22567.0
2018-07-29,01,TEN,21149.0,21919.0
2018-07-29,02,TEN,20617.0,21394.0
2018-07-29,03,TEN,19495.0,20112.0
2018-07-29,04,TEN,18062.0,18845.0
2018-07-29,05,TEN,16585.0,17388.0
2018-07-29,06,TEN,15422.0,16115.0
2018-07-29,07,TEN,14567.0,15249.0
2018-07-29,08,TEN,14085.0,14738.0
2018-07-29,09,TEN,13751.0,14434.0
2018-07-29,10,TEN,13528.0,14210.0
2018-07-29,11,TEN,13578.0,14220.0
2018-07-29,12,TEN,13603.0,14321.0
2018-07-29,13,TEN,14708.0,15431.0
2018-07-29,14,TEN,16307.0,17091.0
2018-07-29,15,TEN,17795.0,18779.0
2018-07-29,16,TEN,19278.0,20136.0
2018-07-29,17,TEN,20720.0,21428.0
2018-07-29,18,TEN,22099.0,22651.0
2018-07-29,19,TEN,23205.0,23315.0
2018-07-29,20,TEN,24056.0,23770.0
2018-07-29,21,TEN,24715.0,24320.0
2018-07-29,22,TEN,25048.0,24560.0
2018-07-29,23,TEN,24969.0,24518.0
2018-07-30,00,TEN,24178.0,24139.0
2018-07-30,01,TEN,23055.0,23684.0
2018-07-30,02,TEN,22473.0,23168.0
2018-07-30,03,TEN,21010.0,21652.0
2018-07-30,04,TEN,19388.0,19978.0
2018-07-30,05,TEN,17910.0,18561.0
2018-07-30,06,TEN,16794.0,17428.0
2018-07-30,07,TEN,15988.0,16677.0
2018-07-30,08,TEN,15397.0,16112.0
2018-07-30,09,TEN,15188.0,15870.0
2018-07-30,10,TEN,15383.0,16101.0
2018-07-30,11,TEN,16088.0,16920.0
2018-07-30,12,TEN,16799.0,17495.0
2018-07-30,13,TEN,18139.0,18878.0
2018-07-30,14,TEN,19436.0,20198.0
2018-07-30,15,TEN,20994.0,21766.0
2018-07-30,16,TEN,22631.0,22919.0
2018-07-30,17,TEN,24038.0,24034.0
2018-07-30,18,TEN,25423.0,25169.0
2018-07-30,19,TEN,26175.0,25261.0
2018-07-30,20,TEN,26377.0,25005.0
2018-07-30,21,TEN,26327.0,25184.0
2018-07-30,22,TEN,25919.0,25273.0
2018-07-30,23,TEN,25223.0,24641.0
2018-07-31,00,TEN,24389.0,24285.0
2018-07-31,01,TEN,23627.0,23804.0
2018-07-31,02,TEN,23197.0,23755.0
2018-07-31,03,TEN,21937.0,22430.0
2018-07-31,04,TEN,20146.0,20891.0
2018-07-31,05,TEN,18618.0,19401.0
2018-07-31,06,TEN,17407.0,18314.0
2018-07-31,07,TEN,16615.0,17451.0
2018-07-31,08,TEN,16071.0,16954.0
2018-07-31,09,TEN,15774.0,16677.0
2018-07-31,10,TEN,15919.0,16826.0
2018-07-31,11,TEN,16832.0,17689.0
2018-07-31,12,TEN,17549.0,17935.0
2018-07-31,13,TEN,18435.0,18880.0
2018-07-31,14,TEN,19335.0,20042.0
2018-07-31,15,TEN,20408.0,21361.0
2018-07-31,16,TEN,21622.0,22389.0
2018-07-31,17,TEN,22642.0,23304.0
2018-07-31,18,TEN,23606.0,24001.0
2018-07-31,19,TEN,24185.0,24491.0
2018-07-31,20,TEN,24214.0,24525.0
2018-07-31,21,TEN,24263.0,24541.0
2018-07-31,22,TEN,24061.0,24362.0
2018-07-31,23,TEN,23487.0,23773.0
2018-08-01,0,TEN,22813.0,23410.0
2018-08-01,1,TEN,22182.0,22833.0
2018-08-01,2,TEN,21680.0,22207.0
2018-08-01,3,TEN,20502.0,21098.0
2018-08-01,4,TEN,18892.0,19818.0
2018-08-01,5,TEN,17387.0,18404.0
2018-08-01,6,TEN,16432.0,17204.0
2018-08-01,7,TEN,15641.0,16304.0
2018-08-01,8,TEN,15194.0,15898.0
2018-08-01,9,TEN,14936.0,15643.0
2018-08-01,10,TEN,15094.0,15848.0
2018-08-01,11,TEN,15934.0,16753.0
2018-08-01,12,TEN,16763.0,17685.0
2018-08-01,13,TEN,17452.0,18397.0
2018-08-01,14,TEN,18196.0,19149.0
2018-08-01,15,TEN,18927.0,20042.0
2018-08-01,16,TEN,19689.0,20832.0
2018-08-01,17,TEN,20399.0,21471.0
2018-08-01,18,TEN,21199.0,22029.0
2018-08-01,19,TEN,21752.0,22605.0
2018-08-01,20,TEN,22193.0,23057.0
2018-08-01,21,TEN,22355.0,23231.0
2018-08-01,22,TEN,22413.0,23298.0
2018-08-01,23,TEN,22253.0,23104.0
2018-08-02,0,TEN,21553.0,22446.0
2018-08-02,1,TEN,21115.0,22004.0
2018-08-02,2,TEN,20855.0,21687.0
2018-08-02,3,TEN,19823.0,20747.0
2018-08-02,4,TEN,18316.0,19196.0
2018-08-02,5,TEN,16947.0,17667.0
2018-08-02,6,TEN,15949.0,16732.0
2018-08-02,7,TEN,15243.0,16092.0
2018-08-02,8,TEN,14803.0,15620.0
2018-08-02,9,TEN,14643.0,15509.0
2018-08-02,10,TEN,14937.0,15755.0
2018-08-02,11,TEN,15722.0,16576.0
2018-08-02,12,TEN,16563.0,17405.0
2018-08-02,13,TEN,17331.0,18170.0
2018-08-02,14,TEN,18151.0,19041.0
2018-08-02,15,TEN,19284.0,20182.0
2018-08-02,16,TEN,20358.0,21119.0
2018-08-02,17,TEN,21323.0,21935.0
2018-08-02,18,TEN,22027.0,22324.0
2018-08-02,19,TEN,22575.0,22791.0
2018-08-02,20,TEN,23021.0,23347.0
2018-08-02,21,TEN,23356.0,23765.0
2018-08-02,22,TEN,23581.0,23922.0
2018-08-02,23,TEN,23518.0,23786.0
2018-08-03,0,TEN,22881.0,23424.0
2018-08-03,1,TEN,22274.0,23042.0
2018-08-03,2,TEN,21860.0,22553.0
2018-08-03,3,TEN,20574.0,21319.0
2018-08-03,4,TEN,18908.0,19608.0
2018-08-03,5,TEN,17355.0,18090.0
2018-08-03,6,TEN,16309.0,17073.0
2018-08-03,7,TEN,15564.0,16398.0
2018-08-03,8,TEN,14939.0,15808.0
2018-08-03,9,TEN,14720.0,15610.0
2018-08-03,10,TEN,14865.0,15798.0
2018-08-03,11,TEN,15660.0,16593.0
2018-08-03,12,TEN,16335.0,17263.0
2018-08-03,13,TEN,17173.0,18135.0
2018-08-03,14,TEN,18530.0,19384.0
2018-08-03,15,TEN,19946.0,20650.0
2018-08-03,16,TEN,21573.0,22285.0
2018-08-03,17,TEN,22959.0,23582.0
2018-08-03,18,TEN,24077.0,24526.0
2018-08-03,19,TEN,24939.0,24813.0
2018-08-03,20,TEN,25622.0,24511.0
2018-08-03,21,TEN,26130.0,25172.0
2018-08-03,22,TEN,26369.0,25441.0
2018-08-03,23,TEN,26036.0,25337.0
2018-08-04,0,TEN,25168.0,25084.0
2018-08-04,1,TEN,23926.0,24327.0
2018-08-04,2,TEN,23147.0,23918.0
2018-08-04,3,TEN,21647.0,22382.0
2018-08-04,4,TEN,19937.0,20634.0
2018-08-04,5,TEN,18156.0,18911.0
2018-08-04,6,TEN,16792.0,17389.0
2018-08-04,7,TEN,15922.0,16373.0
2018-08-04,8,TEN,15272.0,15737.0
2018-08-04,9,TEN,14764.0,15300.0
2018-08-04,10,TEN,14597.0,15162.0
2018-08-04,11,TEN,14696.0,15268.0
2018-08-04,12,TEN,14801.0,15617.0
2018-08-04,13,TEN,15920.0,16719.0
2018-08-04,14,TEN,17672.0,18221.0
2018-08-04,15,TEN,19721.0,20388.0
2018-08-04,16,TEN,21727.0,22448.0
2018-08-04,17,TEN,23404.0,24121.0
2018-08-04,18,TEN,24550.0,25072.0
2018-08-04,19,TEN,25274.0,25329.0
2018-08-04,20,TEN,25906.0,25438.0
2018-08-04,21,TEN,26324.0,25755.0
2018-08-04,22,TEN,26652.0,25883.0
2018-08-04,23,TEN,26397.0,25683.0
2018-08-05,0,TEN,25619.0,25703.0
2018-08-05,1,TEN,24529.0,24954.0
2018-08-05,2,TEN,23619.0,23978.0
2018-08-05,3,TEN,22155.0,22285.0
2018-08-05,4,TEN,20416.0,20557.0
2018-08-05,5,TEN,18783.0,18977.0
2018-08-05,6,TEN,17520.0,17899.0
2018-08-05,7,TEN,16486.0,16921.0
2018-08-05,8,TEN,15899.0,16282.0
2018-08-05,9,TEN,15357.0,15770.0
2018-08-05,10,TEN,15064.0,15538.0
2018-08-05,11,TEN,14957.0,15463.0
2018-08-05,12,TEN,15093.0,15687.0
2018-08-05,13,TEN,16296.0,16880.0
2018-08-05,14,TEN,18185.0,18671.0
2018-08-05,15,TEN,19841.0,20550.0
2018-08-05,16,TEN,21511.0,22010.0
2018-08-05,17,TEN,23018.0,23254.0
2018-08-05,18,TEN,24310.0,24526.0
2018-08-05,19,TEN,25163.0,24886.0
2018-08-05,20,TEN,25507.0,24828.0
2018-08-05,21,TEN,25872.0,25116.0
2018-08-05,22,TEN,25954.0,25394.0
2018-08-05,23,TEN,26001.0,25489.0
2018-08-06,0,TEN,25301.0,25365.0
2018-08-06,1,TEN,24341.0,24595.0
2018-08-06,2,TEN,23715.0,23771.0
2018-08-06,3,TEN,22206.0,22734.0
2018-08-06,4,TEN,20400.0,20631.0
2018-08-06,5,TEN,18684.0,19054.0
2018-08-06,6,TEN,17478.0,17865.0
2018-08-06,7,TEN,16589.0,16964.0
2018-08-06,8,TEN,16088.0,16492.0
2018-08-06,9,TEN,15809.0,16205.0
2018-08-06,10,TEN,16023.0,16458.0
2018-08-06,11,TEN,16946.0,17293.0
2018-08-06,12,TEN,17888.0,17820.0
2018-08-06,13,TEN,19060.0,18992.0
2018-08-06,14,TEN,20796.0,20702.0
2018-08-06,15,TEN,22679.0,22709.0
2018-08-06,16,TEN,24570.0,24649.0
2018-08-06,17,TEN,26102.0,25421.0
2018-08-06,18,TEN,27459.0,26040.0
2018-08-06,19,TEN,27781.0,26009.0
2018-08-06,20,TEN,28197.0,26001.0
2018-08-06,21,TEN,28285.0,26138.0
2018-08-06,22,TEN,28194.0,26174.0
2018-08-06,23,TEN,27897.0,26195.0
2018-08-07,0,TEN,27018.0,25570.0
2018-08-07,1,TEN,26013.0,25267.0
2018-08-07,2,TEN,25359.0,25369.0
2018-08-07,3,TEN,23516.0,23683.0
2018-08-07,4,TEN,21593.0,22108.0
2018-08-07,5,TEN,19797.0,20403.0
2018-08-07,6,TEN,18465.0,19188.0
2018-08-07,7,TEN,17463.0,18145.0
2018-08-07,8,TEN,16774.0,17511.0
2018-08-07,9,TEN,16479.0,17211.0
2018-08-07,10,TEN,16590.0,17342.0
2018-08-07,11,TEN,17319.0,18055.0
2018-08-07,12,TEN,18080.0,18050.0
2018-08-07,13,TEN,19153.0,19028.0
2018-08-07,14,TEN,20606.0,20277.0
2018-08-07,15,TEN,22548.0,22312.0
2018-08-07,16,TEN,24492.0,24219.0
2018-08-07,17,TEN,26158.0,25322.0
2018-08-07,18,TEN,27319.0,26090.0
2018-08-07,19,TEN,28011.0,26176.0
2018-08-07,20,TEN,28434.0,26329.0
2018-08-07,21,TEN,28587.0,26348.0
2018-08-07,22,TEN,28728.0,26465.0
2018-08-07,23,TEN,28321.0,26414.0
2018-08-08,0,TEN,27450.0,25849.0
2018-08-08,1,TEN,26624.0,25760.0
2018-08-08,2,TEN,25961.0,25283.0
2018-08-08,3,TEN,24112.0,23618.0
2018-08-08,4,TEN,21981.0,22283.0
2018-08-08,5,TEN,20209.0,20623.0
2018-08-08,6,TEN,18893.0,19599.0
2018-08-08,7,TEN,17834.0,18591.0
2018-08-08,8,TEN,17148.0,17874.0
2018-08-08,9,TEN,16861.0,17589.0
2018-08-08,10,TEN,17076.0,17884.0
2018-08-08,11,TEN,17759.0,18605.0
2018-08-08,12,TEN,18591.0,19426.0
2018-08-08,13,TEN,19493.0,20193.0
2018-08-08,14,TEN,20746.0,21293.0
2018-08-08,15,TEN,22130.0,22730.0
2018-08-08,16,TEN,23251.0,23941.0
2018-08-08,17,TEN,24052.0,24418.0
2018-08-08,18,TEN,24747.0,25211.0
2018-08-08,19,TEN,24974.0,25300.0
2018-08-08,20,TEN,25046.0,25123.0
2018-08-08,21,TEN,25045.0,25325.0
2018-08-08,22,TEN,25096.0,25508.0
2018-08-08,23,TEN,25008.0,25500.0
2018-08-09,0,TEN,24423.0,24864.0
2018-08-09,1,TEN,23723.0,24177.0
2018-08-09,2,TEN,23287.0,23766.0
2018-08-09,3,TEN,21832.0,22553.0
2018-08-09,4,TEN,20177.0,21079.0
2018-08-09,5,TEN,18579.0,19427.0
2018-08-09,6,TEN,17450.0,18157.0
2018-08-09,7,TEN,16663.0,17365.0
2018-08-09,8,TEN,16112.0,16854.0
2018-08-09,9,TEN,15823.0,16602.0
2018-08-09,10,TEN,16058.0,16861.0
2018-08-09,11,TEN,17095.0,17811.0
2018-08-09,12,TEN,18026.0,18798.0
2018-08-09,13,TEN,18800.0,19630.0
2018-08-09,14,TEN,19809.0,20601.0
2018-08-09,15,TEN,20877.0,21610.0
2018-08-09,16,TEN,21961.0,22706.0
2018-08-09,17,TEN,22812.0,23490.0
2018-08-09,18,TEN,23374.0,24106.0
2018-08-09,19,TEN,23978.0,24706.0
2018-08-09,20,TEN,24311.0,24985.0
2018-08-09,21,TEN,24530.0,25261.0
2018-08-09,22,TEN,24511.0,25263.0
2018-08-09,23,TEN,23987.0,24702.0
2018-08-10,0,TEN,23337.0,23946.0
2018-08-10,1,TEN,22778.0,23440.0
2018-08-10,2,TEN,22496.0,23131.0
2018-08-10,3,TEN,21152.0,21864.0
2018-08-10,4,TEN,19471.0,20230.0
2018-08-10,5,TEN,17850.0,18723.0
2018-08-10,6,TEN,16753.0,17513.0
2018-08-10,7,TEN,16100.0,16846.0
2018-08-10,8,TEN,15722.0,16487.0
2018-08-10,9,TEN,15584.0,16397.0
2018-08-10,10,TEN,15840.0,16638.0
2018-08-10,11,TEN,16797.0,17606.0
2018-08-10,12,TEN,17746.0,18544.0
2018-08-10,13,TEN,18300.0,19061.0
2018-08-10,14,TEN,19075.0,19815.0
2018-08-10,15,TEN,19831.0,20755.0
2018-08-10,16,TEN,20948.0,21659.0
2018-08-10,17,TEN,21915.0,22643.0
2018-08-10,18,TEN,22833.0,23553.0
2018-08-10,19,TEN,23682.0,24426.0
2018-08-10,20,TEN,24237.0,24727.0
2018-08-10,21,TEN,24878.0,24926.0
2018-08-10,22,TEN,24993.0,24881.0
2018-08-10,23,TEN,24673.0,24604.0
2018-08-11,0,TEN,23836.0,24035.0
2018-08-11,1,TEN,22632.0,23200.0
2018-08-11,2,TEN,22188.0,22952.0
2018-08-11,3,TEN,20907.0,21698.0
2018-08-11,4,TEN,19149.0,19998.0
2018-08-11,5,TEN,17527.0,18324.0
2018-08-11,6,TEN,16412.0,17036.0
2018-08-11,7,TEN,15670.0,16267.0
2018-08-11,8,TEN,14977.0,15660.0
2018-08-11,9,TEN,14602.0,15266.0
2018-08-11,10,TEN,14455.0,15149.0
2018-08-11,11,TEN,14597.0,15225.0
2018-08-11,12,TEN,14852.0,15611.0
2018-08-11,13,TEN,15744.0,16463.0
2018-08-11,14,TEN,17288.0,18132.0
2018-08-11,15,TEN,19015.0,20058.0
2018-08-11,16,TEN,20873.0,21587.0
2018-08-11,17,TEN,22443.0,23109.0
2018-08-11,18,TEN,23766.0,24341.0
2018-08-11,19,TEN,24941.0,25120.0
2018-08-11,20,TEN,25775.0,25528.0
2018-08-11,21,TEN,26344.0,25805.0
2018-08-11,22,TEN,26609.0,25881.0
2018-08-11,23,TEN,26311.0,25620.0
2018-08-12,0,TEN,25355.0,25024.0
2018-08-12,1,TEN,24114.0,24313.0
2018-08-12,2,TEN,23313.0,23717.0
2018-08-12,3,TEN,21799.0,22394.0
2018-08-12,4,TEN,20108.0,20928.0
2018-08-12,5,TEN,18347.0,19112.0
2018-08-12,6,TEN,17141.0,17844.0
2018-08-12,7,TEN,16200.0,16933.0
2018-08-12,8,TEN,15554.0,16265.0
2018-08-12,9,TEN,15125.0,15850.0
2018-08-12,10,TEN,14871.0,15633.0
2018-08-12,11,TEN,14887.0,15666.0
2018-08-12,12,TEN,14864.0,15665.0
2018-08-12,13,TEN,15869.0,16755.0
2018-08-12,14,TEN,17437.0,18277.0
2018-08-12,15,TEN,19253.0,19916.0
2018-08-12,16,TEN,20696.0,21191.0
2018-08-12,17,TEN,22283.0,22940.0
2018-08-12,18,TEN,23589.0,24250.0
2018-08-12,19,TEN,24607.0,24953.0
2018-08-12,20,TEN,25325.0,25222.0
2018-08-12,21,TEN,25805.0,25169.0
2018-08-12,22,TEN,25850.0,25168.0
2018-08-12,23,TEN,25401.0,24825.0
2018-08-13,0,TEN,24562.0,24350.0
2018-08-13,1,TEN,23568.0,23878.0
2018-08-13,2,TEN,22924.0,23588.0
2018-08-13,3,TEN,21086.0,21845.0
2018-08-13,4,TEN,19276.0,20092.0
2018-08-13,5,TEN,17624.0,18390.0
2018-08-13,6,TEN,16464.0,17184.0
2018-08-13,7,TEN,15468.0,16237.0
2018-08-13,8,TEN,15075.0,15762.0
2018-08-13,9,TEN,14742.0,15459.0
2018-08-13,10,TEN,15046.0,15795.0
2018-08-13,11,TEN,16085.0,16765.0
2018-08-13,12,TEN,17069.0,17871.0
2018-08-13,13,TEN,17792.0,18619.0
2018-08-13,14,TEN,18961.0,19703.0
2018-08-13,15,TEN,20385.0,21143.0
2018-08-13,16,TEN,22069.0,22816.0
2018-08-13,17,TEN,23522.0,24018.0
2018-08-13,18,TEN,24740.0,25184.0
2018-08-13,19,TEN,25517.0,25653.0
2018-08-13,20,TEN,25961.0,25810.0
2018-08-13,21,TEN,26148.0,25640.0
2018-08-13,22,TEN,26156.0,25701.0
2018-08-13,23,TEN,25879.0,25773.0
2018-08-14,0,TEN,24967.0,25524.0
2018-08-14,1,TEN,23979.0,24384.0
2018-08-14,2,TEN,23214.0,23609.0
2018-08-14,3,TEN,21240.0,21785.0
2018-08-14,4,TEN,19253.0,19873.0
2018-08-14,5,TEN,17512.0,18253.0
2018-08-14,6,TEN,16537.0,17359.0
2018-08-14,7,TEN,15687.0,16562.0
2018-08-14,8,TEN,15147.0,16054.0
2018-08-14,9,TEN,15013.0,15922.0
2018-08-14,10,TEN,15228.0,16159.0
2018-08-14,11,TEN,16212.0,17120.0
2018-08-14,12,TEN,17112.0,18058.0
2018-08-14,13,TEN,17832.0,18764.0
2018-08-14,14,TEN,18832.0,19627.0
2018-08-14,15,TEN,20187.0,20789.0
2018-08-14,16,TEN,21961.0,22592.0
2018-08-14,17,TEN,23382.0,23921.0
2018-08-14,18,TEN,24739.0,25254.0
2018-08-14,19,TEN,25546.0,25882.0
2018-08-14,20,TEN,26147.0,26017.0
2018-08-14,21,TEN,26485.0,25771.0
2018-08-14,22,TEN,26664.0,25769.0
2018-08-14,23,TEN,26207.0,25820.0
2018-08-15,0,TEN,25446.0,25901.0
2018-08-15,1,TEN,24631.0,25138.0
2018-08-15,2,TEN,23889.0,24314.0
2018-08-15,3,TEN,22071.0,22595.0
2018-08-15,4,TEN,20042.0,20906.0
2018-08-15,5,TEN,18421.0,19319.0
2018-08-15,6,TEN,17319.0,18109.0
2018-08-15,7,TEN,16452.0,17245.0
2018-08-15,8,TEN,16006.0,16827.0
2018-08-15,9,TEN,15676.0,16533.0
2018-08-15,10,TEN,15702.0,16568.0
2018-08-15,11,TEN,16702.0,17600.0
2018-08-15,12,TEN,17669.0,18547.0
2018-08-15,13,TEN,18361.0,19113.0
2018-08-15,14,TEN,19171.0,19853.0
2018-08-15,15,TEN,20550.0,21150.0
2018-08-15,16,TEN,22244.0,22512.0
2018-08-15,17,TEN,23856.0,23669.0
2018-08-15,18,TEN,25296.0,25079.0
2018-08-15,19,TEN,26421.0,25870.0
2018-08-15,20,TEN,27170.0,26215.0
2018-08-15,21,TEN,27472.0,26086.0
2018-08-15,22,TEN,27443.0,26053.0
2018-08-15,23,TEN,27011.0,25963.0
2018-08-16,0,TEN,26177.0,25507.0
2018-08-16,1,TEN,25279.0,25070.0
2018-08-16,2,TEN,24645.0,24418.0
2018-08-16,3,TEN,22960.0,23246.0
2018-08-16,4,TEN,20900.0,21612.0
2018-08-16,5,TEN,19244.0,20064.0
2018-08-16,6,TEN,18108.0,18842.0
2018-08-16,7,TEN,17323.0,18051.0
2018-08-16,8,TEN,16718.0,17492.0
2018-08-16,9,TEN,16552.0,17295.0
2018-08-16,10,TEN,16710.0,17565.0
2018-08-16,11,TEN,17683.0,18486.0
2018-08-16,12,TEN,18748.0,19552.0
2018-08-16,13,TEN,19408.0,20035.0
2018-08-16,14,TEN,20234.0,20857.0
2018-08-16,15,TEN,21187.0,21837.0
2018-08-16,16,TEN,22229.0,22293.0
2018-08-16,17,TEN,23318.0,23275.0
2018-08-16,18,TEN,24238.0,24081.0
2018-08-16,19,TEN,25022.0,24351.0
2018-08-16,20,TEN,25561.0,24473.0
2018-08-16,21,TEN,25975.0,24760.0
2018-08-16,22,TEN,26204.0,25191.0
2018-08-16,23,TEN,25881.0,25313.0
2018-08-17,0,TEN,25250.0,25214.0
2018-08-17,1,TEN,24447.0,24444.0
2018-08-17,2,TEN,23968.0,23934.0
2018-08-17,3,TEN,22407.0,22396.0
2018-08-17,4,TEN,20593.0,21243.0
2018-08-17,5,TEN,19125.0,20028.0
2018-08-17,6,TEN,18022.0,18848.0
2018-08-17,7,TEN,17235.0,18010.0
2018-08-17,8,TEN,16581.0,17474.0
2018-08-17,9,TEN,16233.0,17159.0
2018-08-17,10,TEN,16485.0,17419.0
2018-08-17,11,TEN,17362.0,18333.0
2018-08-17,12,TEN,18430.0,19230.0
2018-08-17,13,TEN,18962.0,19517.0
2018-08-17,14,TEN,19495.0,20027.0
2018-08-17,15,TEN,20491.0,21207.0
2018-08-17,16,TEN,21536.0,22301.0
2018-08-17,17,TEN,22574.0,23354.0
2018-08-17,18,TEN,23621.0,24195.0
2018-08-17,19,TEN,24473.0,24975.0
2018-08-17,20,TEN,25175.0,25518.0
2018-08-17,21,TEN,25573.0,25441.0
2018-08-17,22,TEN,25400.0,25370.0
2018-08-17,23,TEN,24695.0,24763.0
2018-08-18,0,TEN,23577.0,24324.0
2018-08-18,1,TEN,22818.0,23615.0
2018-08-18,2,TEN,22189.0,22986.0
2018-08-18,3,TEN,21001.0,21716.0
2018-08-18,4,TEN,19565.0,20511.0
2018-08-18,5,TEN,18139.0,18987.0
2018-08-18,6,TEN,17080.0,17774.0
2018-08-18,7,TEN,16326.0,16953.0
2018-08-18,8,TEN,15687.0,16369.0
2018-08-18,9,TEN,15444.0,16113.0
2018-08-18,10,TEN,15208.0,15947.0
2018-08-18,11,TEN,15533.0,16226.0
2018-08-18,12,TEN,15892.0,16568.0
2018-08-18,13,TEN,16498.0,17219.0
2018-08-18,14,TEN,17832.0,18494.0
2018-08-18,15,TEN,18974.0,19804.0
2018-08-18,16,TEN,20052.0,20919.0
2018-08-18,17,TEN,21066.0,21867.0
2018-08-18,18,TEN,21900.0,22771.0
2018-08-18,19,TEN,22541.0,23411.0
2018-08-18,20,TEN,23143.0,23938.0
2018-08-18,21,TEN,23550.0,24385.0
2018-08-18,22,TEN,23767.0,24367.0
2018-08-18,23,TEN,23638.0,24289.0
2018-08-19,0,TEN,22884.0,23717.0
2018-08-19,1,TEN,22106.0,22990.0
2018-08-19,2,TEN,21505.0,22386.0
2018-08-19,3,TEN,20328.0,21123.0
2018-08-19,4,TEN,18897.0,19627.0
2018-08-19,5,TEN,17610.0,18294.0
2018-08-19,6,TEN,16574.0,17242.0
2018-08-19,7,TEN,15820.0,16480.0
2018-08-19,8,TEN,15302.0,15961.0
2018-08-19,9,TEN,14922.0,15576.0
2018-08-19,10,TEN,14833.0,15439.0
2018-08-19,11,TEN,14872.0,15477.0
2018-08-19,12,TEN,14906.0,15512.0
2018-08-19,13,TEN,15915.0,16556.0
2018-08-19,14,TEN,17287.0,17959.0
2018-08-19,15,TEN,18606.0,19578.0
2018-08-19,16,TEN,19905.0,20797.0
2018-08-19,17,TEN,21153.0,21886.0
2018-08-19,18,TEN,22418.0,22955.0
2018-08-19,19,TEN,23485.0,24106.0
2018-08-19,20,TEN,24218.0,24537.0
2018-08-19,21,TEN,24830.0,25270.0
2018-08-19,22,TEN,25109.0,25199.0
2018-08-19,23,TEN,24841.0,24895.0
2018-08-20,0,TEN,24133.0,24866.0
2018-08-20,1,TEN,23562.0,24419.0
2018-08-20,2,TEN,23030.0,23735.0
2018-08-20,3,TEN,21428.0,22352.0
2018-08-20,4,TEN,19720.0,20484.0
2018-08-20,5,TEN,18289.0,18915.0
2018-08-20,6,TEN,17251.0,17897.0
2018-08-20,7,TEN,16601.0,17221.0
2018-08-20,8,TEN,16145.0,16840.0
2018-08-20,9,TEN,15991.0,16748.0
2018-08-20,10,TEN,16359.0,17137.0
2018-08-20,11,TEN,17541.0,18334.0
2018-08-20,12,TEN,18743.0,19374.0
2018-08-20,13,TEN,19166.0,19913.0
2018-08-20,14,TEN,19729.0,20494.0
2018-08-20,15,TEN,20450.0,21363.0
2018-08-20,16,TEN,21333.0,22216.0
2018-08-20,17,TEN,22154.0,23044.0
2018-08-20,18,TEN,22699.0,23558.0
2018-08-20,19,TEN,23349.0,24082.0
2018-08-20,20,TEN,24087.0,24768.0
2018-08-20,21,TEN,24906.0,25275.0
2018-08-20,22,TEN,25214.0,25393.0
2018-08-20,23,TEN,25265.0,25639.0
2018-08-21,0,TEN,24673.0,25282.0
2018-08-21,1,TEN,24009.0,24638.0
2018-08-21,2,TEN,23326.0,24053.0
2018-08-21,3,TEN,21731.0,22580.0
2018-08-21,4,TEN,20038.0,20654.0
2018-08-21,5,TEN,18541.0,19176.0
2018-08-21,6,TEN,17533.0,18294.0
2018-08-21,7,TEN,16809.0,17615.0
2018-08-21,8,TEN,16250.0,17008.0
2018-08-21,9,TEN,16043.0,16814.0
2018-08-21,10,TEN,16260.0,17079.0
2018-08-21,11,TEN,17351.0,18249.0
2018-08-21,12,TEN,18358.0,19320.0
2018-08-21,13,TEN,18895.0,19758.0
2018-08-21,14,TEN,19509.0,20529.0
2018-08-21,15,TEN,20299.0,21472.0
2018-08-21,16,TEN,21265.0,22341.0
2018-08-21,17,TEN,21972.0,23114.0
2018-08-21,18,TEN,22763.0,23774.0
2018-08-21,19,TEN,23045.0,24206.0
2018-08-21,20,TEN,23432.0,24615.0
2018-08-21,21,TEN,23829.0,24537.0
2018-08-21,22,TEN,23217.0,24504.0
2018-08-21,23,TEN,23196.0,24327.0
2018-08-22,0,TEN,22507.0,23726.0
2018-08-22,1,TEN,22474.0,23588.0
2018-08-22,2,TEN,21947.0,23048.0
2018-08-22,3,TEN,20592.0,21693.0
2018-08-22,4,TEN,18861.0,19722.0
2018-08-22,5,TEN,17282.0,17990.0
2018-08-22,6,TEN,16325.0,17175.0
2018-08-22,7,TEN,15609.0,16489.0
2018-08-22,8,TEN,15062.0,15926.0
2018-08-22,9,TEN,14781.0,15679.0
2018-08-22,10,TEN,15077.0,15943.0
2018-08-22,11,TEN,16082.0,16929.0
2018-08-22,12,TEN,17051.0,17934.0
2018-08-22,13,TEN,17373.0,18293.0
2018-08-22,14,TEN,18156.0,19052.0
2018-08-22,15,TEN,19152.0,20253.0
2018-08-22,16,TEN,20130.0,20931.0
2018-08-22,17,TEN,21065.0,21630.0
2018-08-22,18,TEN,22017.0,22349.0
2018-08-22,19,TEN,22774.0,23026.0
2018-08-22,20,TEN,23264.0,23522.0
2018-08-22,21,TEN,23419.0,23564.0
2018-08-22,22,TEN,23371.0,23354.0
2018-08-22,23,TEN,22981.0,22944.0
2018-08-23,0,TEN,22182.0,22471.0
2018-08-23,1,TEN,21632.0,22204.0
2018-08-23,2,TEN,21071.0,21612.0
2018-08-23,3,TEN,19662.0,20157.0
2018-08-23,4,TEN,17887.0,18691.0
2018-08-23,5,TEN,16247.0,16967.0
2018-08-23,6,TEN,15165.0,15911.0
2018-08-23,7,TEN,14503.0,15232.0
2018-08-23,8,TEN,14039.0,14811.0
2018-08-23,9,TEN,13720.0,14512.0
2018-08-23,10,TEN,14017.0,14859.0
2018-08-23,11,TEN,15102.0,15970.0
2018-08-23,12,TEN,15913.0,16696.0
2018-08-23,13,TEN,16412.0,17191.0
2018-08-23,14,TEN,17167.0,17973.0
2018-08-23,15,TEN,17984.0,18968.0
2018-08-23,16,TEN,18880.0,19900.0
2018-08-23,17,TEN,19670.0,20755.0
2018-08-23,18,TEN,20542.0,21464.0
2018-08-23,19,TEN,21284.0,22158.0
2018-08-23,20,TEN,22010.0,22818.0
2018-08-23,21,TEN,22562.0,23345.0
2018-08-23,22,TEN,22879.0,23662.0
2018-08-23,23,TEN,22484.0,23262.0
2018-08-24,0,TEN,21454.0,22230.0
2018-08-24,1,TEN,20772.0,21782.0
2018-08-24,2,TEN,20104.0,21064.0
2018-08-24,3,TEN,18671.0,19536.0
2018-08-24,4,TEN,16995.0,17860.0
2018-08-24,5,TEN,15615.0,16327.0
2018-08-24,6,TEN,14708.0,15383.0
2018-08-24,7,TEN,13994.0,14715.0
2018-08-24,8,TEN,13675.0,14399.0
2018-08-24,9,TEN,13452.0,14219.0
2018-08-24,10,TEN,13794.0,14561.0
2018-08-24,11,TEN,14755.0,15584.0
2018-08-24,12,TEN,15680.0,16546.0
2018-08-24,13,TEN,16167.0,17033.0
2018-08-24,14,TEN,16877.0,17746.0
2018-08-24,15,TEN,17692.0,18740.0
2018-08-24,16,TEN,18652.0,19668.0
2018-08-24,17,TEN,19432.0,20532.0
2018-08-24,18,TEN,20348.0,21246.0
2018-08-24,19,TEN,21190.0,21918.0
2018-08-24,20,TEN,22008.0,22781.0
2018-08-24,21,TEN,22750.0,23478.0
2018-08-24,22,TEN,23100.0,23793.0
2018-08-24,23,TEN,22649.0,23316.0
2018-08-25,0,TEN,21797.0,22481.0
2018-08-25,1,TEN,21154.0,22007.0
2018-08-25,2,TEN,20635.0,21638.0
2018-08-25,3,TEN,19401.0,20334.0
2018-08-25,4,TEN,18087.0,18921.0
2018-08-25,5,TEN,16736.0,17540.0
2018-08-25,6,TEN,15784.0,16500.0
2018-08-25,7,TEN,15016.0,15817.0
2018-08-25,8,TEN,14500.0,15302.0
2018-08-25,9,TEN,14257.0,15055.0
2018-08-25,10,TEN,14272.0,15096.0
2018-08-25,11,TEN,14384.0,15315.0
2018-08-25,12,TEN,14540.0,15419.0
2018-08-25,13,TEN,15202.0,16167.0
2018-08-25,14,TEN,16491.0,17448.0
2018-08-25,15,TEN,18083.0,19158.0
2018-08-25,16,TEN,19642.0,20655.0
2018-08-25,17,TEN,21155.0,21955.0
2018-08-25,18,TEN,22505.0,23303.0
2018-08-25,19,TEN,23660.0,24179.0
2018-08-25,20,TEN,24554.0,24665.0
2018-08-25,21,TEN,25080.0,24369.0
2018-08-25,22,TEN,25394.0,24769.0
2018-08-25,23,TEN,25201.0,24647.0
2018-08-26,0,TEN,24199.0,24083.0
2018-08-26,1,TEN,23336.0,23413.0
2018-08-26,2,TEN,22519.0,23270.0
2018-08-26,3,TEN,20984.0,21761.0
2018-08-26,4,TEN,19369.0,20196.0
2018-08-26,5,TEN,17935.0,18750.0
2018-08-26,6,TEN,16837.0,17596.0
2018-08-26,7,TEN,15969.0,16706.0
2018-08-26,8,TEN,15299.0,16057.0
2018-08-26,9,TEN,14895.0,15634.0
2018-08-26,10,TEN,14693.0,15578.0
2018-08-26,11,TEN,14725.0,15597.0
2018-08-26,12,TEN,14711.0,15603.0
2018-08-26,13,TEN,15693.0,16632.0
2018-08-26,14,TEN,17512.0,18442.0
2018-08-26,15,TEN,19320.0,20300.0
2018-08-26,16,TEN,21010.0,21820.0
2018-08-26,17,TEN,22647.0,22683.0
2018-08-26,18,TEN,23951.0,23684.0
2018-08-26,19,TEN,24997.0,24678.0
2018-08-26,20,TEN,25833.0,25004.0
2018-08-26,21,TEN,26286.0,25215.0
2018-08-26,22,TEN,26443.0,25427.0
2018-08-26,23,TEN,26202.0,25212.0
2018-08-27,0,TEN,25349.0,24856.0
2018-08-27,1,TEN,24646.0,24628.0
2018-08-27,2,TEN,23881.0,24177.0
2018-08-27,3,TEN,21989.0,22728.0
2018-08-27,4,TEN,20285.0,20938.0
2018-08-27,5,TEN,18607.0,19210.0
2018-08-27,6,TEN,17354.0,17843.0
2018-08-27,7,TEN,16492.0,16982.0
2018-08-27,8,TEN,15943.0,16489.0
2018-08-27,9,TEN,15773.0,16328.0
2018-08-27,10,TEN,15884.0,16485.0
2018-08-27,11,TEN,16922.0,17547.0
2018-08-27,12,TEN,17905.0,18090.0
2018-08-27,13,TEN,18654.0,18201.0
2018-08-27,14,TEN,19985.0,19522.0
2018-08-27,15,TEN,21601.0,21061.0
2018-08-27,16,TEN,23463.0,22637.0
2018-08-27,17,TEN,25118.0,24015.0
2018-08-27,18,TEN,26411.0,24608.0
2018-08-27,19,TEN,27162.0,24884.0
2018-08-27,20,TEN,27777.0,24999.0
2018-08-27,21,TEN,28285.0,25368.0
2018-08-27,22,TEN,28283.0,25586.0
2018-08-27,23,TEN,27976.0,25419.0
2018-08-28,0,TEN,27001.0,25106.0
2018-08-28,1,TEN,26223.0,24742.0
2018-08-28,2,TEN,25206.0,24290.0
2018-08-28,3,TEN,23223.0,23185.0
2018-08-28,4,TEN,21228.0,21205.0
2018-08-28,5,TEN,19598.0,19898.0
2018-08-28,6,TEN,18337.0,18763.0
2018-08-28,7,TEN,17415.0,17899.0
2018-08-28,8,TEN,16723.0,17225.0
2018-08-28,9,TEN,16317.0,16907.0
2018-08-28,10,TEN,16542.0,17150.0
2018-08-28,11,TEN,17575.0,18084.0
2018-08-28,12,TEN,18402.0,18232.0
2018-08-28,13,TEN,19103.0,18163.0
2018-08-28,14,TEN,20305.0,19362.0
2018-08-28,15,TEN,22020.0,20889.0
2018-08-28,16,TEN,23861.0,23040.0
2018-08-28,17,TEN,25461.0,24497.0
2018-08-28,18,TEN,26808.0,25237.0
2018-08-28,19,TEN,27773.0,25638.0
2018-08-28,20,TEN,28345.0,25600.0
2018-08-28,21,TEN,28624.0,25582.0
2018-08-28,22,TEN,28717.0,25655.0
2018-08-28,23,TEN,28409.0,25454.0
2018-08-29,0,TEN,27483.0,25248.0
2018-08-29,1,TEN,26527.0,24984.0
2018-08-29,2,TEN,25659.0,24571.0
2018-08-29,3,TEN,23795.0,22895.0
2018-08-29,4,TEN,21918.0,21793.0
2018-08-29,5,TEN,20117.0,20599.0
2018-08-29,6,TEN,18720.0,19233.0
2018-08-29,7,TEN,17723.0,18269.0
2018-08-29,8,TEN,17123.0,17815.0
2018-08-29,9,TEN,16535.0,17270.0
2018-08-29,10,TEN,16881.0,17548.0
2018-08-29,11,TEN,17805.0,18348.0
2018-08-29,12,TEN,18633.0,18474.0
2018-08-29,13,TEN,19333.0,18954.0
2018-08-29,14,TEN,20471.0,20122.0
2018-08-29,15,TEN,21877.0,21579.0
2018-08-29,16,TEN,23633.0,23196.0
2018-08-29,17,TEN,25160.0,24674.0
2018-08-29,18,TEN,26347.0,25763.0
2018-08-29,19,TEN,27184.0,26233.0
2018-08-29,20,TEN,27663.0,26324.0
2018-08-29,21,TEN,27908.0,26359.0
2018-08-29,22,TEN,27867.0,26453.0
2018-08-29,23,TEN,27060.0,25949.0
2018-08-30,0,TEN,25971.0,25418.0
2018-08-30,1,TEN,25129.0,24621.0
2018-08-30,2,TEN,24033.0,23568.0
2018-08-30,3,TEN,22223.0,21810.0
2018-08-30,4,TEN,20398.0,20439.0
2018-08-30,5,TEN,18818.0,19292.0
2018-08-30,6,TEN,17721.0,18484.0
2018-08-30,7,TEN,16940.0,17695.0
2018-08-30,8,TEN,16448.0,17238.0
2018-08-30,9,TEN,16210.0,17007.0
2018-08-30,10,TEN,16431.0,17323.0
2018-08-30,11,TEN,17489.0,18290.0
2018-08-30,12,TEN,18526.0,19126.0
2018-08-30,13,TEN,19004.0,19602.0
2018-08-30,14,TEN,19863.0,20490.0
2018-08-30,15,TEN,20995.0,21728.0
2018-08-30,16,TEN,22463.0,22875.0
2018-08-30,17,TEN,23985.0,24212.0
2018-08-30,18,TEN,25414.0,25384.0
2018-08-30,19,TEN,26529.0,25988.0
2018-08-30,20,TEN,27111.0,26367.0
2018-08-30,21,TEN,27233.0,26581.0
2018-08-30,22,TEN,26725.0,26054.0
2018-08-30,23,TEN,25829.0,25100.0
2018-08-31,0,TEN,24663.0,24847.0
2018-08-31,1,TEN,24196.0,24373.0
2018-08-31,2,TEN,23141.0,23281.0
2018-08-31,3,TEN,21512.0,21843.0
2018-08-31,4,TEN,19795.0,20479.0
2018-08-31,5,TEN,18013.0,18820.0
2018-08-31,6,TEN,17062.0,17798.0
2018-08-31,7,TEN,16416.0,17092.0
2018-08-31,8,TEN,15796.0,16560.0
2018-08-31,9,TEN,15519.0,16295.0
2018-08-31,10,TEN,15650.0,16459.0
2018-08-31,11,TEN,16612.0,17447.0
2018-08-31,12,TEN,17545.0,18179.0
2018-08-31,13,TEN,18072.0,18645.0
2018-08-31,14,TEN,18944.0,19502.0
2018-08-31,15,TEN,20329.0,20930.0
2018-08-31,16,TEN,21768.0,22156.0
2018-08-31,17,TEN,23177.0,23410.0
2018-08-31,18,TEN,24331.0,24514.0
2018-08-31,19,TEN,24964.0,25141.0
2018-08-31,20,TEN,25274.0,25501.0
2018-08-31,21,TEN,25282.0,25574.0
2018-08-31,22,TEN,25158.0,25427.0
2018-08-31,23,TEN,24602.0,24830.0
2018-09-01,0,TEN,23484.0,23789.0
2018-09-01,1,TEN,22669.0,22936.0
2018-09-01,2,TEN,21983.0,22375.0
2018-09-01,3,TEN,20658.0,21358.0
2018-09-01,4,TEN,19138.0,19953.0
2018-09-01,5,TEN,17661.0,18543.0
2018-09-01,6,TEN,16630.0,17451.0
2018-09-01,7,TEN,15829.0,16649.0
2018-09-01,8,TEN,15276.0,16098.0
2018-09-01,9,TEN,14938.0,15778.0
2018-09-01,10,TEN,14668.0,15532.0
2018-09-01,11,TEN,14617.0,15445.0
2018-09-01,12,TEN,14637.0,15506.0
2018-09-01,13,TEN,15541.0,16449.0
2018-09-01,14,TEN,17155.0,18023.0
2018-09-01,15,TEN,18692.0,19830.0
2018-09-01,16,TEN,20176.0,21145.0
2018-09-01,17,TEN,21533.0,22292.0
2018-09-01,18,TEN,22583.0,23376.0
2018-09-01,19,TEN,23531.0,24761.0
2018-09-01,20,TEN,24302.0,25325.0
2018-09-01,21,TEN,24555.0,25155.0
2018-09-01,22,TEN,24355.0,24984.0
2018-09-01,23,TEN,24017.0,24962.0
2018-09-02,0,TEN,23195.0,24337.0
2018-09-02,1,TEN,22357.0,23527.0
2018-09-02,2,TEN,21510.0,22637.0
2018-09-02,3,TEN,20158.0,21320.0
2018-09-02,4,TEN,18669.0,19695.0
2018-09-02,5,TEN,17354.0,18508.0
2018-09-02,6,TEN,16294.0,17178.0
2018-09-02,7,TEN,15426.0,16352.0
2018-09-02,8,TEN,14849.0,15736.0
2018-09-02,9,TEN,14410.0,15331.0
2018-09-02,10,TEN,14100.0,15114.0
2018-09-02,11,TEN,14270.0,15239.0
2018-09-02,12,TEN,14387.0,15360.0
2018-09-02,13,TEN,15447.0,16427.0
2018-09-02,14,TEN,17371.0,18409.0
2018-09-02,15,TEN,19233.0,20318.0
2018-09-02,16,TEN,20997.0,21844.0
2018-09-02,17,TEN,22710.0,23736.0
2018-09-02,18,TEN,23932.0,24889.0
2018-09-02,19,TEN,24947.0,25805.0
2018-09-02,20,TEN,25448.0,26260.0
2018-09-02,21,TEN,25710.0,26192.0
2018-09-02,22,TEN,25814.0,26116.0
2018-09-02,23,TEN,25242.0,25815.0
2018-09-03,0,TEN,24357.0,25180.0
2018-09-03,1,TEN,23425.0,24383.0
2018-09-03,2,TEN,22438.0,23579.0
2018-09-03,3,TEN,20998.0,21856.0
2018-09-03,4,TEN,19418.0,20284.0
2018-09-03,5,TEN,17921.0,18912.0
2018-09-03,6,TEN,16692.0,17539.0
2018-09-03,7,TEN,15928.0,16736.0
2018-09-03,8,TEN,15234.0,16043.0
2018-09-03,9,TEN,14827.0,15716.0
2018-09-03,10,TEN,14709.0,15585.0
2018-09-03,11,TEN,14812.0,15731.0
2018-09-03,12,TEN,14715.0,15644.0
2018-09-03,13,TEN,15768.0,16738.0
2018-09-03,14,TEN,17580.0,18490.0
2018-09-03,15,TEN,19706.0,20739.0
2018-09-03,16,TEN,21750.0,22455.0
2018-09-03,17,TEN,23346.0,24111.0
2018-09-03,18,TEN,24521.0,24903.0
2018-09-03,19,TEN,25387.0,25588.0
2018-09-03,20,TEN,25939.0,26281.0
2018-09-03,21,TEN,26195.0,26452.0
2018-09-03,22,TEN,26363.0,26351.0
2018-09-03,23,TEN,26151.0,26331.0
2018-09-04,0,TEN,25301.0,26077.0
2018-09-04,1,TEN,24493.0,25115.0
2018-09-04,2,TEN,23534.0,24236.0
2018-09-04,3,TEN,21726.0,22480.0
2018-09-04,4,TEN,19889.0,20700.0
2018-09-04,5,TEN,18241.0,19005.0
2018-09-04,6,TEN,17121.0,17832.0
2018-09-04,7,TEN,16206.0,16981.0
2018-09-04,8,TEN,15696.0,16471.0
2018-09-04,9,TEN,15413.0,16271.0
2018-09-04,10,TEN,15743.0,16574.0
2018-09-04,11,TEN,16807.0,17672.0
2018-09-04,12,TEN,17801.0,18349.0
2018-09-04,13,TEN,18796.0,19317.0
2018-09-04,14,TEN,20113.0,20475.0
2018-09-04,15,TEN,21704.0,21946.0
2018-09-04,16,TEN,23472.0,23592.0
2018-09-04,17,TEN,24997.0,24511.0
2018-09-04,18,TEN,26167.0,25168.0
2018-09-04,19,TEN,27302.0,26266.0
2018-09-04,20,TEN,27784.0,26570.0
2018-09-04,21,TEN,28044.0,26401.0
2018-09-04,22,TEN,28042.0,26557.0
2018-09-04,23,TEN,27547.0,26290.0
2018-09-05,0,TEN,26558.0,25890.0
2018-09-05,1,TEN,25877.0,25535.0
2018-09-05,2,TEN,24808.0,24487.0
2018-09-05,3,TEN,22884.0,22933.0
2018-09-05,4,TEN,21010.0,21699.0
2018-09-05,5,TEN,19261.0,19966.0
2018-09-05,6,TEN,18134.0,18784.0
2018-09-05,7,TEN,17297.0,17978.0
2018-09-05,8,TEN,16530.0,17241.0
2018-09-05,9,TEN,16547.0,17229.0
2018-09-05,10,TEN,16520.0,17192.0
2018-09-05,11,TEN,17453.0,18108.0
2018-09-05,12,TEN,18342.0,18939.0
2018-09-05,13,TEN,18941.0,19538.0
2018-09-05,14,TEN,19738.0,20333.0
2018-09-05,15,TEN,20699.0,21344.0
2018-09-05,16,TEN,21793.0,22405.0
2018-09-05,17,TEN,22774.0,23421.0
2018-09-05,18,TEN,23647.0,24252.0
2018-09-05,19,TEN,24028.0,24562.0
2018-09-05,20,TEN,24197.0,24319.0
2018-09-05,21,TEN,24172.0,24116.0
2018-09-05,22,TEN,24036.0,23888.0
2018-09-05,23,TEN,23693.0,24028.0
2018-09-06,0,TEN,23233.0,23860.0
2018-09-06,1,TEN,23303.0,23896.0
2018-09-06,2,TEN,22639.0,23213.0
2018-09-06,3,TEN,21210.0,21762.0
2018-09-06,4,TEN,19757.0,20523.0
2018-09-06,5,TEN,18399.0,19076.0
2018-09-06,6,TEN,17393.0,17812.0
2018-09-06,7,TEN,16685.0,17222.0
2018-09-06,8,TEN,16348.0,16829.0
2018-09-06,9,TEN,16094.0,16638.0
2018-09-06,10,TEN,16405.0,16999.0
2018-09-06,11,TEN,17596.0,18140.0
2018-09-06,12,TEN,18760.0,19229.0
2018-09-06,13,TEN,19316.0,19830.0
2018-09-06,14,TEN,20081.0,20543.0
2018-09-06,15,TEN,21442.0,21832.0
2018-09-06,16,TEN,22825.0,23211.0
2018-09-06,17,TEN,24135.0,24639.0
2018-09-06,18,TEN,24941.0,25259.0
2018-09-06,19,TEN,25310.0,25318.0
2018-09-06,20,TEN,25540.0,24980.0
2018-09-06,21,TEN,25300.0,24443.0
2018-09-06,22,TEN,24780.0,24051.0
2018-09-06,23,TEN,24137.0,23812.0
2018-09-07,0,TEN,23363.0,23596.0
2018-09-07,1,TEN,23258.0,23455.0
2018-09-07,2,TEN,22449.0,22826.0
2018-09-07,3,TEN,21107.0,21512.0
2018-09-07,4,TEN,19452.0,20045.0
2018-09-07,5,TEN,18024.0,18608.0
2018-09-07,6,TEN,17103.0,17458.0
2018-09-07,7,TEN,16229.0,16582.0
2018-09-07,8,TEN,15876.0,16253.0
2018-09-07,9,TEN,15597.0,16075.0
2018-09-07,10,TEN,15743.0,16192.0
2018-09-07,11,TEN,16758.0,17191.0
2018-09-07,12,TEN,17812.0,18142.0
2018-09-07,13,TEN,18494.0,18902.0
2018-09-07,14,TEN,19530.0,19957.0
2018-09-07,15,TEN,20989.0,21448.0
2018-09-07,16,TEN,22636.0,23076.0
2018-09-07,17,TEN,24054.0,24324.0
2018-09-07,18,TEN,25302.0,25459.0
2018-09-07,19,TEN,26253.0,26191.0
2018-09-07,20,TEN,27027.0,26672.0
2018-09-07,21,TEN,27180.0,26379.0
2018-09-07,22,TEN,27020.0,26311.0
2018-09-07,23,TEN,26144.0,25817.0
2018-09-08,0,TEN,24923.0,25086.0
2018-09-08,1,TEN,24176.0,24424.0
2018-09-08,2,TEN,23160.0,23576.0
2018-09-08,3,TEN,21633.0,22039.0
2018-09-08,4,TEN,19992.0,20479.0
2018-09-08,5,TEN,18732.0,19066.0
2018-09-08,6,TEN,17631.0,18025.0
2018-09-08,7,TEN,16767.0,17155.0
2018-09-08,8,TEN,16036.0,16275.0
2018-09-08,9,TEN,15699.0,15968.0
2018-09-08,10,TEN,15733.0,16002.0
2018-09-08,11,TEN,15831.0,16109.0
2018-09-08,12,TEN,16067.0,16360.0
2018-09-08,13,TEN,16773.0,17106.0
2018-09-08,14,TEN,18130.0,18406.0
2018-09-08,15,TEN,19757.0,20232.0
2018-09-08,16,TEN,21438.0,21959.0
2018-09-08,17,TEN,22952.0,23377.0
2018-09-08,18,TEN,24039.0,24069.0
2018-09-08,19,TEN,24728.0,24336.0
2018-09-08,20,TEN,25014.0,24469.0
2018-09-08,21,TEN,24964.0,24389.0
2018-09-08,22,TEN,24988.0,24506.0
2018-09-08,23,TEN,24443.0,24377.0
2018-09-09,0,TEN,23509.0,23673.0
2018-09-09,1,TEN,22947.0,23360.0
2018-09-09,2,TEN,21871.0,22173.0
2018-09-09,3,TEN,20573.0,20853.0
2018-09-09,4,TEN,19204.0,19467.0
2018-09-09,5,TEN,17897.0,18216.0
2018-09-09,6,TEN,16755.0,17065.0
2018-09-09,7,TEN,15958.0,16250.0
2018-09-09,8,TEN,15364.0,15712.0
2018-09-09,9,TEN,14951.0,15309.0
2018-09-09,10,TEN,14868.0,15236.0
2018-09-09,11,TEN,14839.0,15241.0
2018-09-09,12,TEN,15045.0,15433.0
2018-09-09,13,TEN,15948.0,16279.0
2018-09-09,14,TEN,17237.0,17414.0
2018-09-09,15,TEN,18330.0,18782.0
2018-09-09,16,TEN,19085.0,19512.0
2018-09-09,17,TEN,19790.0,20080.0
2018-09-09,18,TEN,20505.0,20737.0
2018-09-09,19,TEN,20612.0,20839.0
2018-09-09,20,TEN,20334.0,20720.0
2018-09-09,21,TEN,20195.0,20671.0
2018-09-09,22,TEN,20011.0,20450.0
2018-09-09,23,TEN,19737.0,20154.0
2018-09-10,0,TEN,19291.0,19754.0
2018-09-10,1,TEN,19425.0,19777.0
2018-09-10,2,TEN,19043.0,19255.0
2018-09-10,3,TEN,18035.0,18290.0
2018-09-10,4,TEN,16844.0,17134.0
2018-09-10,5,TEN,15717.0,16082.0
2018-09-10,6,TEN,14884.0,15225.0
2018-09-10,7,TEN,14419.0,14651.0
2018-09-10,8,TEN,14166.0,14412.0
2018-09-10,9,TEN,13979.0,14518.0
2018-09-10,10,TEN,14448.0,14759.0
2018-09-10,11,TEN,15650.0,16041.0
2018-09-10,12,TEN,17010.0,17360.0
2018-09-10,13,TEN,17398.0,17758.0
2018-09-10,14,TEN,17778.0,18210.0
2018-09-10,15,TEN,18085.0,18663.0
2018-09-10,16,TEN,18459.0,19000.0
2018-09-10,17,TEN,18678.0,19528.0
2018-09-10,18,TEN,18883.0,19900.0
2018-09-10,19,TEN,18897.0,20037.0
2018-09-10,20,TEN,18837.0,19960.0
2018-09-10,21,TEN,18812.0,20218.0
2018-09-10,22,TEN,19010.0,20374.0
2018-09-10,23,TEN,18913.0,20295.0
2018-09-11,0,TEN,18941.0,20504.0
2018-09-11,1,TEN,19270.0,20804.0
2018-09-11,2,TEN,18886.0,20196.0
2018-09-11,3,TEN,17843.0,18880.0
2018-09-11,4,TEN,16557.0,17638.0
2018-09-11,5,TEN,15252.0,16316.0
2018-09-11,6,TEN,14527.0,15144.0
2018-09-11,7,TEN,14053.0,14684.0
2018-09-11,8,TEN,13803.0,14419.0
2018-09-11,9,TEN,13668.0,14304.0
2018-09-11,10,TEN,14073.0,14768.0
2018-09-11,11,TEN,15057.0,15787.0
2018-09-11,12,TEN,16221.0,16913.0
2018-09-11,13,TEN,16602.0,17269.0
2018-09-11,14,TEN,17008.0,17792.0
2018-09-11,15,TEN,17526.0,18580.0
2018-09-11,16,TEN,18177.0,19148.0
2018-09-11,17,TEN,18775.0,19716.0
2018-09-11,18,TEN,19384.0,20404.0
2018-09-11,19,TEN,19874.0,20968.0
2018-09-11,20,TEN,20223.0,21294.0
2018-09-11,21,TEN,20636.0,21599.0
2018-09-11,22,TEN,20794.0,21769.0
2018-09-11,23,TEN,20560.0,21669.0
2018-09-12,0,TEN,20173.0,21238.0
2018-09-12,1,TEN,20519.0,21382.0
2018-09-12,2,TEN,19898.0,20549.0
2018-09-12,3,TEN,18572.0,19435.0
2018-09-12,4,TEN,17069.0,17905.0
2018-09-12,5,TEN,15785.0,16661.0
2018-09-12,6,TEN,14909.0,15359.0
2018-09-12,7,TEN,14348.0,14763.0
2018-09-12,8,TEN,13943.0,14405.0
2018-09-12,9,TEN,13811.0,14219.0
2018-09-12,10,TEN,14266.0,14701.0
2018-09-12,11,TEN,15446.0,15911.0
2018-09-12,12,TEN,16421.0,16952.0
2018-09-12,13,TEN,16781.0,17214.0
2018-09-12,14,TEN,17439.0,17845.0
2018-09-12,15,TEN,18367.0,18884.0
2018-09-12,16,TEN,19672.0,20152.0
2018-09-12,17,TEN,20897.0,21443.0
2018-09-12,18,TEN,22134.0,22676.0
2018-09-12,19,TEN,23121.0,23379.0
2018-09-12,20,TEN,23818.0,24077.0
2018-09-12,21,TEN,24245.0,24253.0
2018-09-12,22,TEN,24385.0,24108.0
2018-09-12,23,TEN,23920.0,23667.0
2018-09-13,0,TEN,23066.0,23244.0
2018-09-13,1,TEN,22782.0,23335.0
2018-09-13,2,TEN,21751.0,22309.0
2018-09-13,3,TEN,20133.0,20556.0
2018-09-13,4,TEN,18479.0,19062.0
2018-09-13,5,TEN,16985.0,17525.0
2018-09-13,6,TEN,16021.0,16549.0
2018-09-13,7,TEN,15361.0,15846.0
2018-09-13,8,TEN,14938.0,15392.0
2018-09-13,9,TEN,14606.0,15232.0
2018-09-13,10,TEN,14996.0,15436.0
2018-09-13,11,TEN,16147.0,16695.0
2018-09-13,12,TEN,17329.0,17315.0
2018-09-13,13,TEN,17705.0,17730.0
2018-09-13,14,TEN,18758.0,18814.0
2018-09-13,15,TEN,20303.0,20422.0
2018-09-13,16,TEN,21959.0,21865.0
2018-09-13,17,TEN,23563.0,23408.0
2018-09-13,18,TEN,25038.0,24486.0
2018-09-13,19,TEN,25929.0,24498.0
2018-09-13,20,TEN,26382.0,24604.0
2018-09-13,21,TEN,26347.0,24460.0
2018-09-13,22,TEN,26111.0,24238.0
2018-09-13,23,TEN,25298.0,24218.0
2018-09-14,0,TEN,24473.0,23981.0
2018-09-14,1,TEN,24168.0,24223.0
2018-09-14,2,TEN,23250.0,23359.0
2018-09-14,3,TEN,21802.0,21875.0
2018-09-14,4,TEN,19982.0,20685.0
2018-09-14,5,TEN,18403.0,19111.0
2018-09-14,6,TEN,17203.0,18050.0
2018-09-14,7,TEN,16340.0,17269.0
2018-09-14,8,TEN,15894.0,16711.0
2018-09-14,9,TEN,15534.0,16394.0
2018-09-14,10,TEN,15713.0,16638.0
2018-09-14,11,TEN,16751.0,17570.0
2018-09-14,12,TEN,17753.0,18199.0
2018-09-14,13,TEN,18273.0,18472.0
2018-09-14,14,TEN,19398.0,19439.0
2018-09-14,15,TEN,20999.0,21107.0
2018-09-14,16,TEN,22932.0,22945.0
2018-09-14,17,TEN,24554.0,24010.0
2018-09-14,18,TEN,25877.0,24772.0
2018-09-14,19,TEN,26670.0,24879.0
2018-09-14,20,TEN,27307.0,24589.0
2018-09-14,21,TEN,27545.0,24636.0
2018-09-14,22,TEN,27462.0,24273.0
2018-09-14,23,TEN,26801.0,23898.0
2018-09-15,0,TEN,25479.0,23179.0
2018-09-15,1,TEN,24595.0,22980.0
2018-09-15,2,TEN,23431.0,22482.0
2018-09-15,3,TEN,21904.0,21601.0
2018-09-15,4,TEN,20355.0,20498.0
2018-09-15,5,TEN,18754.0,19162.0
2018-09-15,6,TEN,17448.0,17688.0
2018-09-15,7,TEN,16532.0,16796.0
2018-09-15,8,TEN,15748.0,16043.0
2018-09-15,9,TEN,15347.0,15645.0
2018-09-15,10,TEN,15106.0,15385.0
2018-09-15,11,TEN,15337.0,15617.0
2018-09-15,12,TEN,15530.0,15442.0
2018-09-15,13,TEN,16204.0,15944.0
2018-09-15,14,TEN,17954.0,17793.0
2018-09-15,15,TEN,19698.0,19447.0
2018-09-15,16,TEN,21549.0,21288.0
2018-09-15,17,TEN,23147.0,22296.0
2018-09-15,18,TEN,24324.0,22596.0
2018-09-15,19,TEN,25272.0,22925.0
2018-09-15,20,TEN,25845.0,23088.0
2018-09-15,21,TEN,26161.0,23221.0
2018-09-15,22,TEN,26098.0,23244.0
2018-09-15,23,TEN,25574.0,22830.0
2018-09-16,0,TEN,24417.0,22333.0
2018-09-16,1,TEN,23718.0,22226.0
2018-09-16,2,TEN,22602.0,21759.0
2018-09-16,3,TEN,21117.0,20835.0
2018-09-16,4,TEN,19664.0,19807.0
2018-09-16,5,TEN,18193.0,18698.0
2018-09-16,6,TEN,17005.0,17249.0
2018-09-16,7,TEN,16124.0,16339.0
2018-09-16,8,TEN,15453.0,15685.0
2018-09-16,9,TEN,14985.0,15248.0
2018-09-16,10,TEN,14674.0,14989.0
2018-09-16,11,TEN,14556.0,14863.0
2018-09-16,12,TEN,14748.0,14682.0
2018-09-16,13,TEN,15503.0,15336.0
2018-09-16,14,TEN,16891.0,16871.0
2018-09-16,15,TEN,18224.0,18254.0
2018-09-16,16,TEN,19258.0,19210.0
2018-09-16,17,TEN,20398.0,20136.0
2018-09-16,18,TEN,21396.0,21183.0
2018-09-16,19,TEN,22131.0,22014.0
2018-09-16,20,TEN,22577.0,22460.0
2018-09-16,21,TEN,22847.0,22666.0
2018-09-16,22,TEN,22911.0,22723.0
2018-09-16,23,TEN,22615.0,22451.0
2018-09-17,0,TEN,22124.0,21937.0
2018-09-17,1,TEN,21879.0,21740.0
2018-09-17,2,TEN,21049.0,20890.0
2018-09-17,3,TEN,19674.0,19426.0
2018-09-17,4,TEN,18304.0,18458.0
2018-09-17,5,TEN,16919.0,17110.0
2018-09-17,6,TEN,15856.0,16125.0
2018-09-17,7,TEN,15132.0,15364.0
2018-09-17,8,TEN,14863.0,15112.0
2018-09-17,9,TEN,14855.0,15110.0
2018-09-17,10,TEN,15267.0,15569.0
2018-09-17,11,TEN,16506.0,16847.0
2018-09-17,12,TEN,17553.0,17310.0
2018-09-17,13,TEN,18012.0,17509.0
2018-09-17,14,TEN,18848.0,18374.0
2018-09-17,15,TEN,19726.0,19182.0
2018-09-17,16,TEN,20747.0,20175.0
2018-09-17,17,TEN,21689.0,21190.0
2018-09-17,18,TEN,22748.0,22179.0
2018-09-17,19,TEN,23375.0,22822.0
2018-09-17,20,TEN,24118.0,23521.0
2018-09-17,21,TEN,24602.0,24031.0
2018-09-17,22,TEN,24919.0,24218.0
2018-09-17,23,TEN,24704.0,23933.0
2018-09-18,0,TEN,23850.0,23074.0
2018-09-18,1,TEN,23559.0,22914.0
2018-09-18,2,TEN,22519.0,21939.0
2018-09-18,3,TEN,20824.0,20289.0
2018-09-18,4,TEN,19069.0,19127.0
2018-09-18,5,TEN,17585.0,18029.0
2018-09-18,6,TEN,16506.0,16932.0
2018-09-18,7,TEN,15737.0,16170.0
2018-09-18,8,TEN,15280.0,15717.0
2018-09-18,9,TEN,15153.0,15642.0
2018-09-18,10,TEN,15505.0,16021.0
2018-09-18,11,TEN,16501.0,16930.0
2018-09-18,12,TEN,17618.0,17730.0
2018-09-18,13,TEN,18073.0,18087.0
2018-09-18,14,TEN,18925.0,18484.0
2018-09-18,15,TEN,20254.0,19437.0
2018-09-18,16,TEN,22099.0,21217.0
2018-09-18,17,TEN,23701.0,22497.0
2018-09-18,18,TEN,25062.0,23263.0
2018-09-18,19,TEN,25792.0,23382.0
2018-09-18,20,TEN,26279.0,23306.0
2018-09-18,21,TEN,26720.0,23131.0
2018-09-18,22,TEN,26768.0,23303.0
2018-09-18,23,TEN,26346.0,23273.0
2018-09-19,0,TEN,25282.0,22915.0
2018-09-19,1,TEN,24850.0,22973.0
2018-09-19,2,TEN,23437.0,22445.0
2018-09-19,3,TEN,21722.0,21146.0
2018-09-19,4,TEN,19722.0,19441.0
2018-09-19,5,TEN,18098.0,18300.0
2018-09-19,6,TEN,16936.0,17334.0
2018-09-19,7,TEN,16208.0,16692.0
2018-09-19,8,TEN,15510.0,15959.0
2018-09-19,9,TEN,15352.0,15832.0
2018-09-19,10,TEN,15437.0,15946.0
2018-09-19,11,TEN,16374.0,16794.0
2018-09-19,12,TEN,17440.0,16988.0
2018-09-19,13,TEN,17777.0,16867.0
2018-09-19,14,TEN,18750.0,17817.0
2018-09-19,15,TEN,20310.0,19170.0
2018-09-19,16,TEN,22189.0,20889.0
2018-09-19,17,TEN,24057.0,22064.0
2018-09-19,18,TEN,25688.0,23109.0
2018-09-19,19,TEN,26823.0,23545.0
2018-09-19,20,TEN,27540.0,23713.0
2018-09-19,21,TEN,27870.0,24335.0
2018-09-19,22,TEN,27841.0,23717.0
2018-09-19,23,TEN,27250.0,23132.0
2018-09-20,0,TEN,26133.0,22342.0
2018-09-20,1,TEN,25442.0,22015.0
2018-09-20,2,TEN,23932.0,21593.0
2018-09-20,3,TEN,22105.0,20801.0
2018-09-20,4,TEN,20082.0,19525.0
2018-09-20,5,TEN,18530.0,18725.0
2018-09-20,6,TEN,17291.0,17300.0
2018-09-20,7,TEN,16524.0,16543.0
2018-09-20,8,TEN,15949.0,16017.0
2018-09-20,9,TEN,15640.0,15726.0
2018-09-20,10,TEN,15830.0,15947.0
2018-09-20,11,TEN,16948.0,16951.0
2018-09-20,12,TEN,18010.0,17176.0
2018-09-20,13,TEN,18329.0,16991.0
2018-09-20,14,TEN,19265.0,17450.0
2018-09-20,15,TEN,20960.0,19061.0
2018-09-20,16,TEN,22971.0,21091.0
2018-09-20,17,TEN,24883.0,22649.0
2018-09-20,18,TEN,26488.0,23373.0
2018-09-20,19,TEN,27406.0,23637.0
2018-09-20,20,TEN,27902.0,22695.0
2018-09-20,21,TEN,28202.0,23109.0
2018-09-20,22,TEN,27953.0,22925.0
2018-09-20,23,TEN,27368.0,22903.0
2018-09-21,0,TEN,26356.0,22916.0
2018-09-21,1,TEN,25773.0,22957.0
2018-09-21,2,TEN,24436.0,22293.0
2018-09-21,3,TEN,22811.0,21015.0
2018-09-21,4,TEN,20925.0,20134.0
2018-09-21,5,TEN,19273.0,19300.0
2018-09-21,6,TEN,18006.0,18227.0
2018-09-21,7,TEN,17239.0,17477.0
2018-09-21,8,TEN,16607.0,16899.0
2018-09-21,9,TEN,16308.0,16605.0
2018-09-21,10,TEN,16463.0,16767.0
2018-09-21,11,TEN,17527.0,17765.0
2018-09-21,12,TEN,18550.0,18437.0
2018-09-21,13,TEN,19143.0,18779.0
2018-09-21,14,TEN,20120.0,19622.0
2018-09-21,15,TEN,21376.0,20511.0
2018-09-21,16,TEN,22942.0,21856.0
2018-09-21,17,TEN,24305.0,22832.0
2018-09-21,18,TEN,25484.0,23460.0
2018-09-21,19,TEN,26266.0,23765.0
2018-09-21,20,TEN,26493.0,23757.0
2018-09-21,21,TEN,26415.0,23704.0
2018-09-21,22,TEN,26246.0,24121.0
2018-09-21,23,TEN,25266.0,23863.0
2018-09-22,0,TEN,24179.0,22899.0
2018-09-22,1,TEN,23455.0,22308.0
2018-09-22,2,TEN,22249.0,21356.0
2018-09-22,3,TEN,21043.0,20419.0
2018-09-22,4,TEN,19742.0,19735.0
2018-09-22,5,TEN,18212.0,18509.0
2018-09-22,6,TEN,17129.0,17296.0
2018-09-22,7,TEN,16292.0,16524.0
2018-09-22,8,TEN,15730.0,15960.0
2018-09-22,9,TEN,15413.0,15654.0
2018-09-22,10,TEN,15182.0,15456.0
2018-09-22,11,TEN,15378.0,15659.0
2018-09-22,12,TEN,15691.0,16042.0
2018-09-22,13,TEN,16248.0,16442.0
2018-09-22,14,TEN,17491.0,17471.0
2018-09-22,15,TEN,18722.0,18836.0
2018-09-22,16,TEN,19837.0,19732.0
2018-09-22,17,TEN,20889.0,20721.0
2018-09-22,18,TEN,21520.0,21092.0
2018-09-22,19,TEN,21903.0,21249.0
2018-09-22,20,TEN,21856.0,21257.0
2018-09-22,21,TEN,21782.0,21692.0
2018-09-22,22,TEN,21471.0,21402.0
2018-09-22,23,TEN,20886.0,21162.0
2018-09-23,0,TEN,20376.0,20739.0
2018-09-23,1,TEN,20074.0,20456.0
2018-09-23,2,TEN,19252.0,19559.0
2018-09-23,3,TEN,18205.0,18431.0
2018-09-23,4,TEN,17188.0,17307.0
2018-09-23,5,TEN,15919.0,16179.0
2018-09-23,6,TEN,15099.0,15446.0
2018-09-23,7,TEN,14466.0,14731.0
2018-09-23,8,TEN,14088.0,14296.0
2018-09-23,9,TEN,13896.0,14112.0
2018-09-23,10,TEN,13879.0,14131.0
2018-09-23,11,TEN,13943.0,14154.0
2018-09-23,12,TEN,14289.0,14486.0
2018-09-23,13,TEN,14804.0,15067.0
2018-09-23,14,TEN,15814.0,16145.0
2018-09-23,15,TEN,16745.0,17125.0
2018-09-23,16,TEN,17532.0,17813.0
2018-09-23,17,TEN,18306.0,18602.0
2018-09-23,18,TEN,18931.0,19312.0
2018-09-23,19,TEN,19389.0,19779.0
2018-09-23,20,TEN,19642.0,20034.0
2018-09-23,21,TEN,19651.0,20026.0
2018-09-23,22,TEN,19468.0,19839.0
2018-09-23,23,TEN,19613.0,19963.0
2018-09-24,0,TEN,19663.0,19960.0
2018-09-24,1,TEN,19763.0,19879.0
2018-09-24,2,TEN,19112.0,19474.0
2018-09-24,3,TEN,18121.0,18411.0
2018-09-24,4,TEN,16945.0,17230.0
2018-09-24,5,TEN,15850.0,16026.0
2018-09-24,6,TEN,15138.0,15420.0
2018-09-24,7,TEN,14736.0,15027.0
2018-09-24,8,TEN,14586.0,14926.0
2018-09-24,9,TEN,14558.0,14770.0
2018-09-24,10,TEN,14993.0,15276.0
2018-09-24,11,TEN,16269.0,16536.0
2018-09-24,12,TEN,17616.0,17813.0
2018-09-24,13,TEN,17999.0,18213.0
2018-09-24,14,TEN,18411.0,18845.0
2018-09-24,15,TEN,18964.0,19415.0
2018-09-24,16,TEN,19417.0,19716.0
2018-09-24,17,TEN,19871.0,20141.0
2018-09-24,18,TEN,20139.0,20399.0
2018-09-24,19,TEN,20363.0,20581.0
2018-09-24,20,TEN,20421.0,20603.0
2018-09-24,21,TEN,20440.0,20620.0
2018-09-24,22,TEN,20729.0,20806.0
2018-09-24,23,TEN,20714.0,20771.0
2018-09-25,0,TEN,20765.0,20747.0
2018-09-25,1,TEN,20895.0,21000.0
2018-09-25,2,TEN,20126.0,20374.0
2018-09-25,3,TEN,19009.0,19279.0
2018-09-25,4,TEN,17846.0,18271.0
2018-09-25,5,TEN,16736.0,17036.0
2018-09-25,6,TEN,15893.0,16198.0
2018-09-25,7,TEN,15433.0,15670.0
2018-09-25,8,TEN,15114.0,15385.0
2018-09-25,9,TEN,15106.0,15365.0
2018-09-25,10,TEN,15474.0,15751.0
2018-09-25,11,TEN,16683.0,17067.0
2018-09-25,12,TEN,17896.0,18177.0
2018-09-25,13,TEN,18230.0,18439.0
2018-09-25,14,TEN,18682.0,18871.0
2018-09-25,15,TEN,19221.0,19445.0
2018-09-25,16,TEN,19936.0,20205.0
2018-09-25,17,TEN,20791.0,21250.0
2018-09-25,18,TEN,21710.0,21784.0
2018-09-25,19,TEN,22390.0,22036.0
2018-09-25,20,TEN,22748.0,22151.0
2018-09-25,21,TEN,23045.0,22355.0
2018-09-25,22,TEN,23167.0,22417.0
2018-09-25,23,TEN,22743.0,22446.0
2018-09-26,0,TEN,22285.0,22165.0
2018-09-26,1,TEN,22207.0,22099.0
2018-09-26,2,TEN,21379.0,21755.0
2018-09-26,3,TEN,20096.0,20507.0
2018-09-26,4,TEN,18740.0,19034.0
2018-09-26,5,TEN,17343.0,17611.0
2018-09-26,6,TEN,16520.0,16786.0
2018-09-26,7,TEN,15921.0,16219.0
2018-09-26,8,TEN,15461.0,15776.0
2018-09-26,9,TEN,15378.0,15702.0
2018-09-26,10,TEN,15736.0,16084.0
2018-09-26,11,TEN,16807.0,17156.0
2018-09-26,12,TEN,18233.0,18286.0
2018-09-26,13,TEN,18460.0,18620.0
2018-09-26,14,TEN,18646.0,18839.0
2018-09-26,15,TEN,19023.0,18943.0
2018-09-26,16,TEN,19256.0,19216.0
2018-09-26,17,TEN,19170.0,19309.0
2018-09-26,18,TEN,19177.0,19540.0
2018-09-26,19,TEN,19142.0,19563.0
2018-09-26,20,TEN,19015.0,19622.0
2018-09-26,21,TEN,18966.0,19564.0
2018-09-26,22,TEN,18944.0,19549.0
2018-09-26,23,TEN,18867.0,19408.0
2018-09-27,0,TEN,19116.0,19603.0
2018-09-27,1,TEN,19311.0,19769.0
2018-09-27,2,TEN,18711.0,19290.0
2018-09-27,3,TEN,17799.0,18292.0
2018-09-27,4,TEN,16505.0,16840.0
2018-09-27,5,TEN,15316.0,15604.0
2018-09-27,6,TEN,14512.0,14655.0
2018-09-27,7,TEN,14087.0,14299.0
2018-09-27,8,TEN,13957.0,14128.0
2018-09-27,9,TEN,13899.0,14104.0
2018-09-27,10,TEN,14295.0,14508.0
2018-09-27,11,TEN,15281.0,15647.0
2018-09-27,12,TEN,16635.0,16912.0
2018-09-27,13,TEN,16818.0,17126.0
2018-09-27,14,TEN,17088.0,17691.0
2018-09-27,15,TEN,17374.0,17861.0
2018-09-27,16,TEN,17644.0,18228.0
2018-09-27,17,TEN,17665.0,18307.0
2018-09-27,18,TEN,17801.0,18612.0
2018-09-27,19,TEN,17841.0,18642.0
2018-09-27,20,TEN,17737.0,18630.0
2018-09-27,21,TEN,17735.0,18621.0
2018-09-27,22,TEN,17760.0,18693.0
2018-09-27,23,TEN,17608.0,18545.0
2018-09-28,0,TEN,17870.0,18702.0
2018-09-28,1,TEN,18058.0,18870.0
2018-09-28,2,TEN,17529.0,18403.0
2018-09-28,3,TEN,16565.0,17070.0
2018-09-28,4,TEN,15439.0,15975.0
2018-09-28,5,TEN,14366.0,14880.0
2018-09-28,6,TEN,13763.0,14298.0
2018-09-28,7,TEN,13301.0,13823.0
2018-09-28,8,TEN,13026.0,13576.0
2018-09-28,9,TEN,13000.0,13543.0
2018-09-28,10,TEN,13392.0,14003.0
2018-09-28,11,TEN,14427.0,15086.0
2018-09-28,12,TEN,15501.0,16130.0
2018-09-28,13,TEN,15930.0,16658.0
2018-09-28,14,TEN,16177.0,17032.0
2018-09-28,15,TEN,16379.0,17307.0
2018-09-28,16,TEN,16670.0,17575.0
2018-09-28,17,TEN,16882.0,17998.0
2018-09-28,18,TEN,17366.0,18274.0
2018-09-28,19,TEN,17860.0,18727.0
2018-09-28,20,TEN,18166.0,19080.0
2018-09-28,21,TEN,18564.0,19419.0
2018-09-28,22,TEN,18639.0,19280.0
2018-09-28,23,TEN,18496.0,19153.0
2018-09-29,0,TEN,18116.0,18986.0
2018-09-29,1,TEN,18018.0,18808.0
2018-09-29,2,TEN,17422.0,18200.0
2018-09-29,3,TEN,16534.0,17353.0
2018-09-29,4,TEN,15544.0,16256.0
2018-09-29,5,TEN,14481.0,15065.0
2018-09-29,6,TEN,13616.0,14262.0
2018-09-29,7,TEN,12976.0,13610.0
2018-09-29,8,TEN,12751.0,13392.0
2018-09-29,9,TEN,12568.0,13337.0
2018-09-29,10,TEN,12479.0,13239.0
2018-09-29,11,TEN,12688.0,13478.0
2018-09-29,12,TEN,13140.0,13802.0
2018-09-29,13,TEN,13487.0,14073.0
2018-09-29,14,TEN,14590.0,15198.0
2018-09-29,15,TEN,15465.0,16124.0
2018-09-29,16,TEN,16318.0,17001.0
2018-09-29,17,TEN,17047.0,17805.0
2018-09-29,18,TEN,17864.0,18603.0
2018-09-29,19,TEN,18572.0,19283.0
2018-09-29,20,TEN,19199.0,19751.0
2018-09-29,21,TEN,19602.0,19960.0
2018-09-29,22,TEN,19817.0,19873.0
2018-09-29,23,TEN,19326.0,19338.0
2018-09-30,0,TEN,18620.0,18954.0
2018-09-30,1,TEN,18287.0,18885.0
2018-09-30,2,TEN,17355.0,18027.0
2018-09-30,3,TEN,16439.0,16945.0
2018-09-30,4,TEN,15265.0,15960.0
2018-09-30,5,TEN,14158.0,14857.0
2018-09-30,6,TEN,13308.0,13887.0
2018-09-30,7,TEN,12872.0,13483.0
2018-09-30,8,TEN,12329.0,13051.0
2018-09-30,9,TEN,12216.0,12910.0
2018-09-30,10,TEN,12307.0,12953.0
2018-09-30,11,TEN,12440.0,13106.0
2018-09-30,12,TEN,12689.0,13389.0
2018-09-30,13,TEN,13243.0,13967.0
2018-09-30,14,TEN,14332.0,15012.0
2018-09-30,15,TEN,15252.0,16104.0
2018-09-30,16,TEN,16333.0,17195.0
2018-09-30,17,TEN,17569.0,18240.0
2018-09-30,18,TEN,18950.0,19531.0
2018-09-30,19,TEN,20172.0,20176.0
2018-09-30,20,TEN,20978.0,20640.0
2018-09-30,21,TEN,21602.0,20947.0
2018-09-30,22,TEN,21963.0,20887.0
2018-09-30,23,TEN,21634.0,20619.0
2018-10-01,0,TEN,20937.0,20113.0
2018-10-01,1,TEN,20563.0,20120.0
2018-10-01,2,TEN,19474.0,19867.0
2018-10-01,3,TEN,17941.0,18334.0
2018-10-01,4,TEN,16687.0,17255.0
2018-10-01,5,TEN,15448.0,16116.0
2018-10-01,6,TEN,14487.0,15017.0
2018-10-01,7,TEN,14032.0,14418.0
2018-10-01,8,TEN,13765.0,14229.0
2018-10-01,9,TEN,13691.0,14176.0
2018-10-01,10,TEN,14195.0,14669.0
2018-10-01,11,TEN,15329.0,15756.0
2018-10-01,12,TEN,16613.0,16908.0
2018-10-01,13,TEN,17007.0,17391.0
2018-10-01,14,TEN,17513.0,17914.0
2018-10-01,15,TEN,18444.0,18477.0
2018-10-01,16,TEN,19267.0,18587.0
2018-10-01,17,TEN,20320.0,19396.0
2018-10-01,18,TEN,21368.0,20712.0
2018-10-01,19,TEN,22153.0,21006.0
2018-10-01,20,TEN,22651.0,21128.0
2018-10-01,21,TEN,22794.0,21251.0
2018-10-01,22,TEN,22679.0,20916.0
2018-10-01,23,TEN,22319.0,20983.0
2018-10-02,0,TEN,22085.0,21085.0
2018-10-02,1,TEN,21897.0,21121.0
2018-10-02,2,TEN,20846.0,20528.0
2018-10-02,3,TEN,19513.0,19611.0
2018-10-02,4,TEN,18081.0,18380.0
2018-10-02,5,TEN,16815.0,17089.0
2018-10-02,6,TEN,15695.0,16077.0
2018-10-02,7,TEN,15052.0,15519.0
2018-10-02,8,TEN,14744.0,15216.0
2018-10-02,9,TEN,14548.0,15079.0
2018-10-02,10,TEN,14938.0,15411.0
2018-10-02,11,TEN,16034.0,16499.0
2018-10-02,12,TEN,17354.0,17471.0
2018-10-02,13,TEN,17623.0,17764.0
2018-10-02,14,TEN,18166.0,18330.0
2018-10-02,15,TEN,19114.0,19284.0
2018-10-02,16,TEN,20002.0,19765.0
2018-10-02,17,TEN,20965.0,19809.0
2018-10-02,18,TEN,21758.0,20142.0
2018-10-02,19,TEN,22564.0,20233.0
2018-10-02,20,TEN,22979.0,20472.0
2018-10-02,21,TEN,23147.0,20743.0
2018-10-02,22,TEN,23265.0,20818.0
2018-10-02,23,TEN,22872.0,20621.0
2018-10-03,0,TEN,22380.0,20646.0
2018-10-03,1,TEN,22103.0,20865.0
2018-10-03,2,TEN,21053.0,20498.0
2018-10-03,3,TEN,19608.0,19723.0
2018-10-03,4,TEN,18027.0,18494.0
2018-10-03,5,TEN,16509.0,17015.0
2018-10-03,6,TEN,15676.0,16164.0
2018-10-03,7,TEN,14990.0,15517.0
2018-10-03,8,TEN,14668.0,15185.0
2018-10-03,9,TEN,14403.0,14994.0
2018-10-03,10,TEN,14639.0,15159.0
2018-10-03,11,TEN,15569.0,15703.0
2018-10-03,12,TEN,16680.0,16220.0
2018-10-03,13,TEN,17177.0,16349.0
2018-10-03,14,TEN,17884.0,17071.0
2018-10-03,15,TEN,18953.0,18061.0
2018-10-03,16,TEN,20314.0,18884.0
2018-10-03,17,TEN,21570.0,19918.0
2018-10-03,18,TEN,22797.0,20580.0
2018-10-03,19,TEN,23832.0,21070.0
2018-10-03,20,TEN,24466.0,20990.0
2018-10-03,21,TEN,24902.0,21263.0
2018-10-03,22,TEN,25088.0,21593.0
2018-10-03,23,TEN,24613.0,21290.0
2018-10-04,0,TEN,23615.0,21056.0
2018-10-04,1,TEN,22912.0,20720.0
2018-10-04,2,TEN,21711.0,20091.0
2018-10-04,3,TEN,20320.0,19074.0
2018-10-04,4,TEN,18806.0,18371.0
2018-10-04,5,TEN,17242.0,17283.0
2018-10-04,6,TEN,16244.0,16231.0
2018-10-04,7,TEN,15522.0,15810.0
2018-10-04,8,TEN,14976.0,15307.0
2018-10-04,9,TEN,14811.0,15201.0
2018-10-04,10,TEN,14991.0,15362.0
2018-10-04,11,TEN,16068.0,15991.0
2018-10-04,12,TEN,17090.0,16150.0
2018-10-04,13,TEN,17445.0,15727.0
2018-10-04,14,TEN,18157.0,16375.0
2018-10-04,15,TEN,19416.0,17544.0
2018-10-04,16,TEN,20979.0,18962.0
2018-10-04,17,TEN,22466.0,20078.0
2018-10-04,18,TEN,23880.0,20803.0
2018-10-04,19,TEN,24617.0,20726.0
2018-10-04,20,TEN,25322.0,20915.0
2018-10-04,21,TEN,25796.0,21553.0
2018-10-04,22,TEN,25788.0,21811.0
2018-10-04,23,TEN,25091.0,21407.0
2018-10-05,0,TEN,24269.0,21204.0
2018-10-05,1,TEN,23698.0,21297.0
2018-10-05,2,TEN,22342.0,20338.0
2018-10-05,3,TEN,20848.0,18896.0
2018-10-05,4,TEN,19154.0,18173.0
2018-10-05,5,TEN,17581.0,17304.0
2018-10-05,6,TEN,16403.0,16464.0
2018-10-05,7,TEN,15743.0,15773.0
2018-10-05,8,TEN,15161.0,15363.0
2018-10-05,9,TEN,14892.0,15201.0
2018-10-05,10,TEN,15043.0,15295.0
2018-10-05,11,TEN,15955.0,15700.0
2018-10-05,12,TEN,17027.0,16116.0
2018-10-05,13,TEN,17577.0,15920.0
2018-10-05,14,TEN,18326.0,16315.0
2018-10-05,15,TEN,19816.0,17341.0
2018-10-05,16,TEN,21476.0,18561.0
2018-10-05,17,TEN,23012.0,19482.0
2018-10-05,18,TEN,24302.0,20189.0
2018-10-05,19,TEN,25116.0,20410.0
2018-10-05,20,TEN,25636.0,20314.0
2018-10-05,21,TEN,25860.0,20364.0
2018-10-05,22,TEN,25670.0,20577.0
2018-10-05,23,TEN,24791.0,19599.0
2018-10-06,0,TEN,23594.0,18959.0
2018-10-06,1,TEN,22715.0,19003.0
2018-10-06,2,TEN,21458.0,18376.0
2018-10-06,3,TEN,20255.0,17828.0
2018-10-06,4,TEN,18779.0,17238.0
2018-10-06,5,TEN,17325.0,16563.0
2018-10-06,6,TEN,16158.0,15788.0
2018-10-06,7,TEN,15448.0,15359.0
2018-10-06,8,TEN,14721.0,14807.0
2018-10-06,9,TEN,14484.0,14567.0
2018-10-06,10,TEN,14379.0,14574.0
2018-10-06,11,TEN,14682.0,14798.0
2018-10-06,12,TEN,14905.0,14759.0
2018-10-06,13,TEN,15246.0,14548.0
2018-10-06,14,TEN,16674.0,15526.0
2018-10-06,15,TEN,18215.0,17048.0
2018-10-06,16,TEN,20124.0,18647.0
2018-10-06,17,TEN,21628.0,19580.0
2018-10-06,18,TEN,22772.0,19934.0
2018-10-06,19,TEN,23552.0,20009.0
2018-10-06,20,TEN,24053.0,20207.0
2018-10-06,21,TEN,24163.0,20141.0
2018-10-06,22,TEN,24216.0,20154.0
2018-10-06,23,TEN,23502.0,20103.0
2018-10-07,0,TEN,22524.0,20193.0
2018-10-07,1,TEN,21700.0,19963.0
2018-10-07,2,TEN,20500.0,19140.0
2018-10-07,3,TEN,19297.0,17319.0
2018-10-07,4,TEN,17794.0,15805.0
2018-10-07,5,TEN,16410.0,15073.0
2018-10-07,6,TEN,15358.0,14504.0
2018-10-07,7,TEN,14726.0,14449.0
2018-10-07,8,TEN,14233.0,14189.0
2018-10-07,9,TEN,13917.0,13950.0
2018-10-07,10,TEN,13797.0,13863.0
2018-10-07,11,TEN,13939.0,14004.0
2018-10-07,12,TEN,14221.0,13861.0
2018-10-07,13,TEN,14814.0,14004.0
2018-10-07,14,TEN,16111.0,15315.0
2018-10-07,15,TEN,17688.0,16831.0
2018-10-07,16,TEN,19289.0,18404.0
2018-10-07,17,TEN,20698.0,19138.0
2018-10-07,18,TEN,22253.0,19698.0
2018-10-07,19,TEN,23091.0,20357.0
2018-10-07,20,TEN,23542.0,20422.0
2018-10-07,21,TEN,23822.0,20494.0
2018-10-07,22,TEN,23666.0,20458.0
2018-10-07,23,TEN,22915.0,19911.0
2018-10-08,0,TEN,22098.0,19492.0
2018-10-08,1,TEN,21498.0,19356.0
2018-10-08,2,TEN,20447.0,19108.0
2018-10-08,3,TEN,19093.0,18132.0
2018-10-08,4,TEN,18014.0,17682.0
2018-10-08,5,TEN,16634.0,15876.0
2018-10-08,6,TEN,15521.0,14806.0
2018-10-08,7,TEN,14948.0,14341.0
2018-10-08,8,TEN,14468.0,13971.0
2018-10-08,9,TEN,14316.0,13874.0
2018-10-08,10,TEN,14612.0,14098.0
2018-10-08,11,TEN,15541.0,14966.0
2018-10-08,12,TEN,16564.0,15230.0
2018-10-08,13,TEN,17095.0,15478.0
2018-10-08,14,TEN,18126.0,16148.0
2018-10-08,15,TEN,19384.0,16962.0
2018-10-08,16,TEN,20800.0,17982.0
2018-10-08,17,TEN,22301.0,18668.0
2018-10-08,18,TEN,23491.0,19054.0
2018-10-08,19,TEN,24160.0,19101.0
2018-10-08,20,TEN,24602.0,19190.0
2018-10-08,21,TEN,24975.0,19467.0
2018-10-08,22,TEN,24902.0,19501.0
2018-10-08,23,TEN,24219.0,19382.0
2018-10-09,0,TEN,23446.0,19148.0
2018-10-09,1,TEN,22919.0,19016.0
2018-10-09,2,TEN,21550.0,17996.0
2018-10-09,3,TEN,20024.0,16826.0
2018-10-09,4,TEN,18672.0,16598.0
2018-10-09,5,TEN,17238.0,16249.0
2018-10-09,6,TEN,16313.0,15445.0
2018-10-09,7,TEN,15706.0,14859.0
2018-10-09,8,TEN,15266.0,14406.0
2018-10-09,9,TEN,15047.0,14412.0
2018-10-09,10,TEN,15326.0,14496.0
2018-10-09,11,TEN,16313.0,15389.0
2018-10-09,12,TEN,17297.0,15874.0
2018-10-09,13,TEN,17757.0,16156.0
2018-10-09,14,TEN,18437.0,16722.0
2018-10-09,15,TEN,19380.0,17339.0
2018-10-09,16,TEN,20604.0,18169.0
2018-10-09,17,TEN,21259.0,18298.0
2018-10-09,18,TEN,22160.0,18416.0
2018-10-09,19,TEN,22631.0,18479.0
2018-10-09,20,TEN,22699.0,18423.0
2018-10-09,21,TEN,22544.0,18129.0
2018-10-09,22,TEN,22294.0,17982.0
2018-10-09,23,TEN,21820.0,17994.0
2018-10-10,0,TEN,21744.0,18260.0
2018-10-10,1,TEN,21511.0,18346.0
2018-10-10,2,TEN,20351.0,17761.0
2018-10-10,3,TEN,19112.0,16962.0
2018-10-10,4,TEN,17925.0,16406.0
2018-10-10,5,TEN,16740.0,15587.0
2018-10-10,6,TEN,15980.0,14887.0
2018-10-10,7,TEN,15514.0,14589.0
2018-10-10,8,TEN,15153.0,14261.0
2018-10-10,9,TEN,15028.0,14167.0
2018-10-10,10,TEN,15366.0,14482.0
2018-10-10,11,TEN,16398.0,15501.0
2018-10-10,12,TEN,17385.0,16161.0
2018-10-10,13,TEN,17779.0,16394.0
2018-10-10,14,TEN,18318.0,16888.0
2018-10-10,15,TEN,19070.0,17566.0
2018-10-10,16,TEN,19955.0,18504.0
2018-10-10,17,TEN,20765.0,19615.0
2018-10-10,18,TEN,21473.0,19729.0
2018-10-10,19,TEN,22015.0,19499.0
2018-10-10,20,TEN,22248.0,19365.0
2018-10-10,21,TEN,22211.0,19040.0
2018-10-10,22,TEN,21963.0,18892.0
2018-10-10,23,TEN,21546.0,18980.0
2018-10-11,0,TEN,21567.0,19448.0
2018-10-11,1,TEN,21234.0,19209.0
2018-10-11,2,TEN,20387.0,18706.0
2018-10-11,3,TEN,19215.0,17858.0
2018-10-11,4,TEN,17957.0,16893.0
2018-10-11,5,TEN,16659.0,15681.0
2018-10-11,6,TEN,15789.0,14607.0
2018-10-11,7,TEN,15114.0,14197.0
2018-10-11,8,TEN,14594.0,13728.0
2018-10-11,9,TEN,14354.0,13639.0
2018-10-11,10,TEN,14519.0,13524.0
2018-10-11,11,TEN,15358.0,13998.0
2018-10-11,12,TEN,16383.0,14828.0
2018-10-11,13,TEN,16577.0,15096.0
2018-10-11,14,TEN,16666.0,15348.0
2018-10-11,15,TEN,16887.0,15368.0
2018-10-11,16,TEN,17005.0,15509.0
2018-10-11,17,TEN,17145.0,15652.0
2018-10-11,18,TEN,17365.0,15835.0
2018-10-11,19,TEN,17618.0,16074.0
2018-10-11,20,TEN,17853.0,16302.0
2018-10-11,21,TEN,17882.0,16421.0
2018-10-11,22,TEN,17742.0,16301.0
2018-10-11,23,TEN,17316.0,15866.0
2018-10-12,0,TEN,17128.0,15862.0
2018-10-12,1,TEN,16998.0,15764.0
2018-10-12,2,TEN,16381.0,15275.0
2018-10-12,3,TEN,15564.0,14589.0
2018-10-12,4,TEN,14489.0,14160.0
2018-10-12,5,TEN,13502.0,13370.0
2018-10-12,6,TEN,13018.0,12978.0
2018-10-12,7,TEN,12590.0,12572.0
2018-10-12,8,TEN,12497.0,12467.0
2018-10-12,9,TEN,12466.0,12523.0
2018-10-12,10,TEN,12915.0,12959.0
2018-10-12,11,TEN,13809.0,13788.0
2018-10-12,12,TEN,14841.0,14393.0
2018-10-12,13,TEN,15253.0,14542.0
2018-10-12,14,TEN,15328.0,14676.0
2018-10-12,15,TEN,15576.0,14901.0
2018-10-12,16,TEN,15524.0,14833.0
2018-10-12,17,TEN,15680.0,15011.0
2018-10-12,18,TEN,15810.0,15089.0
2018-10-12,19,TEN,15773.0,15029.0
2018-10-12,20,TEN,15721.0,15004.0
2018-10-12,21,TEN,15804.0,15052.0
2018-10-12,22,TEN,15750.0,15005.0
2018-10-12,23,TEN,15686.0,14925.0
2018-10-13,0,TEN,16034.0,15260.0
2018-10-13,1,TEN,15939.0,15166.0
2018-10-13,2,TEN,15463.0,14742.0
2018-10-13,3,TEN,14959.0,14196.0
2018-10-13,4,TEN,14269.0,13874.0
2018-10-13,5,TEN,13384.0,13320.0
2018-10-13,6,TEN,12788.0,12604.0
2018-10-13,7,TEN,12458.0,12341.0
2018-10-13,8,TEN,12172.0,12094.0
2018-10-13,9,TEN,12137.0,12068.0
2018-10-13,10,TEN,12332.0,12274.0
2018-10-13,11,TEN,12706.0,12679.0
2018-10-13,12,TEN,13221.0,13127.0
2018-10-13,13,TEN,13656.0,13562.0
2018-10-13,14,TEN,14317.0,14183.0
2018-10-13,15,TEN,14738.0,14585.0
2018-10-13,16,TEN,14864.0,14732.0
2018-10-13,17,TEN,14818.0,14744.0
2018-10-13,18,TEN,14738.0,14616.0
2018-10-13,19,TEN,14633.0,14486.0
2018-10-13,20,TEN,14584.0,14486.0
2018-10-13,21,TEN,14700.0,14606.0
2018-10-13,22,TEN,14761.0,14607.0
2018-10-13,23,TEN,14853.0,14681.0
2018-10-14,0,TEN,15406.0,15232.0
2018-10-14,1,TEN,15236.0,15120.0
2018-10-14,2,TEN,14973.0,14985.0
2018-10-14,3,TEN,14414.0,14451.0
2018-10-14,4,TEN,13699.0,13734.0
2018-10-14,5,TEN,13020.0,13072.0
2018-10-14,6,TEN,12458.0,12456.0
2018-10-14,7,TEN,12184.0,12151.0
2018-10-14,8,TEN,11950.0,11946.0
2018-10-14,9,TEN,11897.0,11959.0
2018-10-14,10,TEN,11919.0,11915.0
2018-10-14,11,TEN,12159.0,12163.0
2018-10-14,12,TEN,12630.0,12575.0
2018-10-14,13,TEN,13151.0,13174.0
2018-10-14,14,TEN,13919.0,13556.0
2018-10-14,15,TEN,14295.0,13692.0
2018-10-14,16,TEN,14441.0,13782.0
2018-10-14,17,TEN,14591.0,14142.0
2018-10-14,18,TEN,14831.0,14574.0
2018-10-14,19,TEN,14992.0,14512.0
2018-10-14,20,TEN,15092.0,14580.0
2018-10-14,21,TEN,15385.0,14688.0
2018-10-14,22,TEN,15730.0,15021.0
2018-10-14,23,TEN,16055.0,15187.0
2018-10-15,0,TEN,16456.0,15397.0
2018-10-15,1,TEN,16604.0,15613.0
2018-10-15,2,TEN,15965.0,15433.0
2018-10-15,3,TEN,15249.0,15051.0
2018-10-15,4,TEN,14275.0,14202.0
2018-10-15,5,TEN,13478.0,13092.0
2018-10-15,6,TEN,13090.0,12712.0
2018-10-15,7,TEN,12760.0,12415.0
2018-10-15,8,TEN,12559.0,12117.0
2018-10-15,9,TEN,12611.0,12236.0
2018-10-15,10,TEN,13095.0,12241.0
2018-10-15,11,TEN,14236.0,13144.0
2018-10-15,12,TEN,15612.0,14015.0
2018-10-15,13,TEN,15966.0,14384.0
2018-10-15,14,TEN,16139.0,14542.0
2018-10-15,15,TEN,16580.0,15295.0
2018-10-15,16,TEN,16789.0,15872.0
2018-10-15,17,TEN,17228.0,16092.0
2018-10-15,18,TEN,17450.0,16169.0
2018-10-15,19,TEN,17421.0,16123.0
2018-10-15,20,TEN,17265.0,16084.0
2018-10-15,21,TEN,17286.0,15867.0
2018-10-15,22,TEN,17328.0,15819.0
2018-10-15,23,TEN,17472.0,15940.0
2018-10-16,0,TEN,17983.0,16360.0
2018-10-16,1,TEN,17642.0,16323.0
2018-10-16,2,TEN,16958.0,15802.0
2018-10-16,3,TEN,16112.0,14835.0
2018-10-16,4,TEN,15011.0,14259.0
2018-10-16,5,TEN,13977.0,13317.0
2018-10-16,6,TEN,13356.0,12367.0
2018-10-16,7,TEN,13003.0,12008.0
2018-10-16,8,TEN,12667.0,11827.0
2018-10-16,9,TEN,12724.0,11813.0
2018-10-16,10,TEN,13209.0,12253.0
2018-10-16,11,TEN,14292.0,13276.0
2018-10-16,12,TEN,15768.0,14404.0
2018-10-16,13,TEN,16012.0,14332.0
2018-10-16,14,TEN,16313.0,14687.0
2018-10-16,15,TEN,16393.0,14997.0
2018-10-16,16,TEN,16434.0,15119.0
2018-10-16,17,TEN,16414.0,15170.0
2018-10-16,18,TEN,16424.0,15265.0
2018-10-16,19,TEN,16380.0,15381.0
2018-10-16,20,TEN,16281.0,15326.0
2018-10-16,21,TEN,16252.0,15343.0
2018-10-16,22,TEN,16325.0,15345.0
2018-10-16,23,TEN,16702.0,15695.0
2018-10-17,0,TEN,17432.0,16067.0
2018-10-17,1,TEN,17252.0,16249.0
2018-10-17,2,TEN,16745.0,15786.0
2018-10-17,3,TEN,15849.0,14826.0
2018-10-17,4,TEN,14941.0,13940.0
2018-10-17,5,TEN,14013.0,12864.0
2018-10-17,6,TEN,13406.0,12036.0
2018-10-17,7,TEN,13151.0,12036.0
2018-10-17,8,TEN,13026.0,12053.0
2018-10-17,9,TEN,13082.0,12112.0
2018-10-17,10,TEN,13644.0,12386.0
2018-10-17,11,TEN,14640.0,13215.0
2018-10-17,12,TEN,15996.0,14435.0
2018-10-17,13,TEN,16086.0,14507.0
2018-10-17,14,TEN,16087.0,14519.0
2018-10-17,15,TEN,15853.0,14303.0
2018-10-17,16,TEN,15810.0,14291.0
2018-10-17,17,TEN,15562.0,14052.0
2018-10-17,18,TEN,15585.0,14015.0
2018-10-17,19,TEN,15625.0,14026.0
2018-10-17,20,TEN,15584.0,14068.0
2018-10-17,21,TEN,15723.0,14187.0
2018-10-17,22,TEN,15751.0,14156.0
2018-10-17,23,TEN,15882.0,14355.0
2018-10-18,0,TEN,16409.0,14818.0
2018-10-18,1,TEN,16609.0,15018.0
2018-10-18,2,TEN,16258.0,14657.0
2018-10-18,3,TEN,15404.0,13771.0
2018-10-18,4,TEN,14496.0,12915.0
2018-10-18,5,TEN,13572.0,12728.0
2018-10-18,6,TEN,13177.0,12258.0
2018-10-18,7,TEN,12949.0,12298.0
2018-10-18,8,TEN,12795.0,12142.0
2018-10-18,9,TEN,12784.0,12088.0
2018-10-18,10,TEN,13286.0,12341.0
2018-10-18,11,TEN,14546.0,13075.0
2018-10-18,12,TEN,15918.0,14138.0
2018-10-18,13,TEN,16127.0,14763.0
2018-10-18,14,TEN,16071.0,14553.0
2018-10-18,15,TEN,15915.0,15026.0
2018-10-18,16,TEN,15773.0,14892.0
2018-10-18,17,TEN,15617.0,14651.0
2018-10-18,18,TEN,15421.0,13973.0
2018-10-18,19,TEN,15372.0,13489.0
2018-10-18,20,TEN,15359.0,13488.0
2018-10-18,21,TEN,15315.0,13426.0
2018-10-18,22,TEN,15390.0,13529.0
2018-10-18,23,TEN,15493.0,13641.0
2018-10-19,0,TEN,16238.0,14353.0
2018-10-19,1,TEN,16684.0,14715.0
2018-10-19,2,TEN,16271.0,14562.0
2018-10-19,3,TEN,15489.0,14017.0
2018-10-19,4,TEN,14672.0,13755.0
2018-10-19,5,TEN,13936.0,13504.0
2018-10-19,6,TEN,13632.0,13486.0
2018-10-19,7,TEN,13376.0,13310.0
2018-10-19,8,TEN,13349.0,13239.0
2018-10-19,9,TEN,13492.0,13215.0
2018-10-19,10,TEN,13960.0,13490.0
2018-10-19,11,TEN,15309.0,14640.0
2018-10-19,12,TEN,16691.0,15893.0
2018-10-19,13,TEN,16901.0,16210.0
2018-10-19,14,TEN,16585.0,15917.0
2018-10-19,15,TEN,16349.0,15641.0
2018-10-19,16,TEN,16184.0,15479.0
2018-10-19,17,TEN,15905.0,15213.0
2018-10-19,18,TEN,15859.0,14828.0
2018-10-19,19,TEN,15890.0,14868.0
2018-10-19,20,TEN,15741.0,14782.0
2018-10-19,21,TEN,15789.0,14806.0
2018-10-19,22,TEN,15673.0,14697.0
2018-10-19,23,TEN,15708.0,14885.0
2018-10-20,0,TEN,16077.0,15085.0
2018-10-20,1,TEN,15991.0,15002.0
2018-10-20,2,TEN,15577.0,14854.0
2018-10-20,3,TEN,14965.0,13936.0
2018-10-20,4,TEN,14298.0,13475.0
2018-10-20,5,TEN,13432.0,13000.0
2018-10-20,6,TEN,12790.0,12437.0
2018-10-20,7,TEN,12468.0,12069.0
2018-10-20,8,TEN,12299.0,11862.0
2018-10-20,9,TEN,12257.0,11966.0
2018-10-20,10,TEN,12330.0,12198.0
2018-10-20,11,TEN,12695.0,12291.0
2018-10-20,12,TEN,13309.0,12873.0
2018-10-20,13,TEN,13793.0,13408.0
2018-10-20,14,TEN,14455.0,14201.0
2018-10-20,15,TEN,14977.0,14623.0
2018-10-20,16,TEN,15155.0,14751.0
2018-10-20,17,TEN,15114.0,14689.0
2018-10-20,18,TEN,14983.0,14702.0
2018-10-20,19,TEN,14785.0,14307.0
2018-10-20,20,TEN,14716.0,14528.0
2018-10-20,21,TEN,14611.0,14269.0
2018-10-20,22,TEN,14654.0,14340.0
2018-10-20,23,TEN,14697.0,14179.0
2018-10-21,0,TEN,15214.0,14483.0
2018-10-21,1,TEN,15253.0,14471.0
2018-10-21,2,TEN,15030.0,13810.0
2018-10-21,3,TEN,14555.0,13544.0
2018-10-21,4,TEN,13918.0,12849.0
2018-10-21,5,TEN,13330.0,12069.0
2018-10-21,6,TEN,13000.0,11786.0
2018-10-21,7,TEN,12779.0,11570.0
2018-10-21,8,TEN,12891.0,11434.0
2018-10-21,9,TEN,13011.0,10959.0
2018-10-21,10,TEN,13369.0,10916.0
2018-10-21,11,TEN,13950.0,11723.0
2018-10-21,12,TEN,14744.0,12158.0
2018-10-21,13,TEN,15704.0,13178.0
2018-10-21,14,TEN,16118.0,13083.0
2018-10-21,15,TEN,15971.0,12937.0
2018-10-21,16,TEN,15594.0,12703.0
2018-10-21,17,TEN,15146.0,12562.0
2018-10-21,18,TEN,14911.0,12596.0
2018-10-21,19,TEN,14667.0,12446.0
2018-10-21,20,TEN,14298.0,12114.0
2018-10-21,21,TEN,14265.0,12143.0
2018-10-21,22,TEN,14563.0,12234.0
2018-10-21,23,TEN,15031.0,12486.0
2018-10-22,0,TEN,16261.0,13152.0
2018-10-22,1,TEN,16686.0,13339.0
2018-10-22,2,TEN,16536.0,13524.0
2018-10-22,3,TEN,16083.0,13180.0
2018-10-22,4,TEN,15391.0,12690.0
2018-10-22,5,TEN,14894.0,12202.0
2018-10-22,6,TEN,14656.0,12076.0
2018-10-22,7,TEN,14609.0,12023.0
2018-10-22,8,TEN,14889.0,12278.0
2018-10-22,9,TEN,15336.0,12435.0
2018-10-22,10,TEN,16228.0,12983.0
2018-10-22,11,TEN,17766.0,14629.0
2018-10-22,12,TEN,19521.0,16097.0
2018-10-22,13,TEN,19645.0,16118.0
2018-10-22,14,TEN,19109.0,15962.0
2018-10-22,15,TEN,18312.0,15682.0
2018-10-22,16,TEN,17476.0,15465.0
2018-10-22,17,TEN,16889.0,15074.0
2018-10-22,18,TEN,16544.0,14941.0
2018-10-22,19,TEN,16213.0,14926.0
2018-10-22,20,TEN,15831.0,14952.0
2018-10-22,21,TEN,15855.0,15083.0
2018-10-22,22,TEN,15925.0,15020.0
2018-10-22,23,TEN,16245.0,15263.0
2018-10-23,0,TEN,17289.0,16260.0
2018-10-23,1,TEN,17342.0,16069.0
2018-10-23,2,TEN,16972.0,16171.0
2018-10-23,3,TEN,16276.0,15773.0
2018-10-23,4,TEN,15496.0,14831.0
2018-10-23,5,TEN,14828.0,13855.0
2018-10-23,6,TEN,14439.0,13143.0
2018-10-23,7,TEN,14233.0,12928.0
2018-10-23,8,TEN,14254.0,12958.0
2018-10-23,9,TEN,14476.0,12828.0
2018-10-23,10,TEN,15088.0,13696.0
2018-10-23,11,TEN,16497.0,15246.0
2018-10-23,12,TEN,17815.0,15871.0
2018-10-23,13,TEN,18109.0,16023.0
2018-10-23,14,TEN,17844.0,16248.0
2018-10-23,15,TEN,17256.0,15898.0
2018-10-23,16,TEN,16808.0,15460.0
2018-10-23,17,TEN,16382.0,14768.0
2018-10-23,18,TEN,16178.0,14540.0
2018-10-23,19,TEN,15963.0,14346.0
2018-10-23,20,TEN,15830.0,14276.0
2018-10-23,21,TEN,15844.0,14326.0
2018-10-23,22,TEN,15879.0,14335.0
2018-10-23,23,TEN,16015.0,14579.0
2018-10-24,0,TEN,17058.0,15734.0
2018-10-24,1,TEN,17176.0,15732.0
2018-10-24,2,TEN,16757.0,15378.0
2018-10-24,3,TEN,15956.0,14706.0
2018-10-24,4,TEN,15082.0,14026.0
2018-10-24,5,TEN,14363.0,13641.0
2018-10-24,6,TEN,14047.0,12724.0
2018-10-24,7,TEN,13923.0,12531.0
2018-10-24,8,TEN,13974.0,12250.0
2018-10-24,9,TEN,14209.0,12476.0
2018-10-24,10,TEN,15031.0,13355.0
2018-10-24,11,TEN,16489.0,15031.0
2018-10-24,12,TEN,17974.0,15437.0
2018-10-24,13,TEN,17931.0,15134.0
2018-10-24,14,TEN,17671.0,15371.0
2018-10-24,15,TEN,17138.0,14745.0
2018-10-24,16,TEN,16495.0,14873.0
2018-10-24,17,TEN,16274.0,14965.0
2018-10-24,18,TEN,15946.0,14758.0
2018-10-24,19,TEN,15768.0,14831.0
2018-10-24,20,TEN,15580.0,14990.0
2018-10-24,21,TEN,15595.0,15130.0
2018-10-24,22,TEN,15892.0,15214.0
2018-10-24,23,TEN,16003.0,15290.0
2018-10-25,0,TEN,16979.0,15717.0
2018-10-25,1,TEN,16997.0,15697.0
2018-10-25,2,TEN,16726.0,15757.0
2018-10-25,3,TEN,15974.0,15106.0
2018-10-25,4,TEN,15070.0,14082.0
2018-10-25,5,TEN,14334.0,13245.0
2018-10-25,6,TEN,13901.0,12602.0
2018-10-25,7,TEN,13678.0,12413.0
2018-10-25,8,TEN,13665.0,12060.0
2018-10-25,9,TEN,13703.0,11910.0
2018-10-25,10,TEN,14350.0,12615.0
2018-10-25,11,TEN,15764.0,14106.0
2018-10-25,12,TEN,17087.0,15085.0
2018-10-25,13,TEN,17283.0,15204.0
2018-10-25,14,TEN,17184.0,15018.0
2018-10-25,15,TEN,17055.0,14969.0
2018-10-25,16,TEN,16984.0,14831.0
2018-10-25,17,TEN,16722.0,14327.0
2018-10-25,18,TEN,16518.0,14122.0
2018-10-25,19,TEN,16296.0,13749.0
2018-10-25,20,TEN,16086.0,13826.0
2018-10-25,21,TEN,16139.0,13889.0
2018-10-25,22,TEN,16392.0,14204.0
2018-10-25,23,TEN,16828.0,14709.0
2018-10-26,0,TEN,17479.0,14953.0
2018-10-26,1,TEN,17432.0,15061.0
2018-10-26,2,TEN,16973.0,15222.0
2018-10-26,3,TEN,16206.0,14891.0
2018-10-26,4,TEN,15232.0,14027.0
2018-10-26,5,TEN,14384.0,13573.0
2018-10-26,6,TEN,13946.0,13737.0
2018-10-26,7,TEN,13695.0,13475.0
2018-10-26,8,TEN,13538.0,13323.0
2018-10-26,9,TEN,13659.0,13411.0
2018-10-26,10,TEN,14108.0,13833.0
2018-10-26,11,TEN,15286.0,14746.0
2018-10-26,12,TEN,16556.0,16283.0
2018-10-26,13,TEN,16804.0,16767.0
2018-10-26,14,TEN,16820.0,16853.0
2018-10-26,15,TEN,16931.0,16195.0
2018-10-26,16,TEN,16927.0,16207.0
2018-10-26,17,TEN,16716.0,15928.0
2018-10-26,18,TEN,16571.0,15854.0
2018-10-26,19,TEN,16443.0,15980.0
2018-10-26,20,TEN,16173.0,15831.0
2018-10-26,21,TEN,16251.0,15863.0
2018-10-26,22,TEN,16346.0,15996.0
2018-10-26,23,TEN,16500.0,16303.0
2018-10-27,0,TEN,16891.0,16433.0
2018-10-27,1,TEN,16643.0,16209.0
2018-10-27,2,TEN,16287.0,15929.0
2018-10-27,3,TEN,15709.0,15380.0
2018-10-27,4,TEN,14942.0,14605.0
2018-10-27,5,TEN,14277.0,14066.0
2018-10-27,6,TEN,13775.0,13595.0
2018-10-27,7,TEN,13361.0,13369.0
2018-10-27,8,TEN,13231.0,13175.0
2018-10-27,9,TEN,13267.0,13245.0
2018-10-27,10,TEN,13394.0,13443.0
2018-10-27,11,TEN,13892.0,14242.0
2018-10-27,12,TEN,14605.0,14863.0
2018-10-27,13,TEN,15111.0,15428.0
2018-10-27,14,TEN,15672.0,16054.0
2018-10-27,15,TEN,16171.0,16516.0
2018-10-27,16,TEN,16160.0,16566.0
2018-10-27,17,TEN,16057.0,16520.0
2018-10-27,18,TEN,15728.0,16283.0
2018-10-27,19,TEN,15526.0,16220.0
2018-10-27,20,TEN,15315.0,15953.0
2018-10-27,21,TEN,15138.0,15842.0
2018-10-27,22,TEN,15282.0,15965.0
2018-10-27,23,TEN,15480.0,16159.0
2018-10-28,0,TEN,16107.0,16750.0
2018-10-28,1,TEN,16067.0,16781.0
2018-10-28,2,TEN,15798.0,16545.0
2018-10-28,3,TEN,15468.0,16142.0
2018-10-28,4,TEN,14819.0,15311.0
2018-10-28,5,TEN,14234.0,14573.0
2018-10-28,6,TEN,13863.0,13691.0
2018-10-28,7,TEN,13666.0,13635.0
2018-10-28,8,TEN,13604.0,13709.0
2018-10-28,9,TEN,13661.0,13803.0
2018-10-28,10,TEN,13819.0,14024.0
2018-10-28,11,TEN,14204.0,14861.0
2018-10-28,12,TEN,14789.0,15582.0
2018-10-28,13,TEN,15274.0,15780.0
2018-10-28,14,TEN,15653.0,16416.0
2018-10-28,15,TEN,15385.0,16166.0
2018-10-28,16,TEN,14945.0,15439.0
2018-10-28,17,TEN,14672.0,15203.0
2018-10-28,18,TEN,14545.0,14897.0
2018-10-28,19,TEN,14509.0,14839.0
2018-10-28,20,TEN,14552.0,14714.0
2018-10-28,21,TEN,14650.0,14699.0
2018-10-28,22,TEN,14913.0,14907.0
2018-10-28,23,TEN,15129.0,15027.0
2018-10-29,0,TEN,15945.0,15766.0
2018-10-29,1,TEN,16010.0,15992.0
2018-10-29,2,TEN,15496.0,15475.0
2018-10-29,3,TEN,14858.0,14779.0
2018-10-29,4,TEN,14010.0,14352.0
2018-10-29,5,TEN,13206.0,13591.0
2018-10-29,6,TEN,12815.0,13166.0
2018-10-29,7,TEN,12767.0,13095.0
2018-10-29,8,TEN,12821.0,13187.0
2018-10-29,9,TEN,13048.0,13422.0
2018-10-29,10,TEN,14003.0,13966.0
2018-10-29,11,TEN,15726.0,16090.0
2018-10-29,12,TEN,17411.0,17518.0
2018-10-29,13,TEN,17666.0,17782.0
2018-10-29,14,TEN,17339.0,17309.0
2018-10-29,15,TEN,16889.0,17113.0
2018-10-29,16,TEN,16504.0,16989.0
2018-10-29,17,TEN,16149.0,16771.0
2018-10-29,18,TEN,16026.0,16636.0
2018-10-29,19,TEN,15876.0,16514.0
2018-10-29,20,TEN,15859.0,16481.0
2018-10-29,21,TEN,15795.0,16466.0
2018-10-29,22,TEN,15880.0,16306.0
2018-10-29,23,TEN,16242.0,16537.0
2018-10-30,0,TEN,17071.0,17199.0
2018-10-30,1,TEN,17102.0,17261.0
2018-10-30,2,TEN,16681.0,16968.0
2018-10-30,3,TEN,16020.0,16151.0
2018-10-30,4,TEN,15089.0,15170.0
2018-10-30,5,TEN,14511.0,14513.0
2018-10-30,6,TEN,14140.0,13970.0
2018-10-30,7,TEN,14105.0,13253.0
2018-10-30,8,TEN,14125.0,13487.0
2018-10-30,9,TEN,14406.0,13745.0
2018-10-30,10,TEN,15157.0,14312.0
2018-10-30,11,TEN,16678.0,16339.0
2018-10-30,12,TEN,17973.0,17845.0
2018-10-30,13,TEN,17895.0,17968.0
2018-10-30,14,TEN,17549.0,18026.0
2018-10-30,15,TEN,17026.0,17565.0
2018-10-30,16,TEN,16580.0,17027.0
2018-10-30,17,TEN,16389.0,16833.0
2018-10-30,18,TEN,16123.0,16554.0
2018-10-30,19,TEN,16047.0,16508.0
2018-10-30,20,TEN,15975.0,16365.0
2018-10-30,21,TEN,15958.0,16452.0
2018-10-30,22,TEN,16007.0,16369.0
2018-10-30,23,TEN,16155.0,16341.0
2018-10-31,0,TEN,16979.0,16953.0
2018-10-31,1,TEN,17070.0,17060.0
2018-10-31,2,TEN,16642.0,16632.0
2018-10-31,3,TEN,15873.0,15866.0
2018-10-31,4,TEN,14814.0,14672.0
2018-10-31,5,TEN,13841.0,13641.0
2018-10-31,6,TEN,13405.0,13404.0
2018-10-31,7,TEN,13201.0,13130.0
2018-10-31,8,TEN,13063.0,13012.0
2018-10-31,9,TEN,13117.0,13026.0
2018-10-31,10,TEN,13702.0,13523.0
2018-10-31,11,TEN,14954.0,15302.0
2018-10-31,12,TEN,16404.0,16180.0
2018-10-31,13,TEN,16559.0,16351.0
2018-10-31,14,TEN,16565.0,16317.0
2018-10-31,15,TEN,16490.0,16499.0
2018-10-31,16,TEN,16514.0,16510.0
2018-10-31,17,TEN,16472.0,16035.0
2018-10-31,18,TEN,16441.0,15754.0
2018-10-31,19,TEN,16273.0,15610.0
2018-10-31,20,TEN,16374.0,15382.0
2018-10-31,21,TEN,16315.0,15240.0
2018-10-31,22,TEN,16427.0,15210.0
2018-10-31,23,TEN,16388.0,15279.0
2018-11-01,0,TEN,16429.0,15092.0
2018-11-01,1,TEN,16360.0,15007.0
2018-11-01,2,TEN,16368.0,15166.0
2018-11-01,3,TEN,15794.0,14194.0
2018-11-01,4,TEN,14667.0,13203.0
2018-11-01,5,TEN,13817.0,12711.0
2018-11-01,6,TEN,13288.0,12482.0
2018-11-01,7,TEN,12897.0,12243.0
2018-11-01,8,TEN,12704.0,11951.0
2018-11-01,9,TEN,12815.0,12387.0
2018-11-01,10,TEN,13078.0,12660.0
2018-11-01,11,TEN,14236.0,13539.0
2018-11-01,12,TEN,15511.0,14902.0
2018-11-01,13,TEN,15895.0,15163.0
2018-11-01,14,TEN,15892.0,15630.0
2018-11-01,15,TEN,15964.0,15713.0
2018-11-01,16,TEN,15994.0,15590.0
2018-11-01,17,TEN,15973.0,15553.0
2018-11-01,18,TEN,15951.0,15746.0
2018-11-01,19,TEN,15849.0,15926.0
2018-11-01,20,TEN,15666.0,15825.0
2018-11-01,21,TEN,15695.0,15830.0
2018-11-01,22,TEN,15891.0,15981.0
2018-11-01,23,TEN,16325.0,16160.0
2018-11-02,0,TEN,16890.0,16788.0
2018-11-02,1,TEN,16761.0,16844.0
2018-11-02,2,TEN,16358.0,16493.0
2018-11-02,3,TEN,15609.0,15702.0
2018-11-02,4,TEN,14600.0,14721.0
2018-11-02,5,TEN,13688.0,13741.0
2018-11-02,6,TEN,13212.0,13232.0
2018-11-02,7,TEN,12951.0,12980.0
2018-11-02,8,TEN,12832.0,12852.0
2018-11-02,9,TEN,12979.0,13025.0
2018-11-02,10,TEN,13453.0,13645.0
2018-11-02,11,TEN,14580.0,14787.0
2018-11-02,12,TEN,16149.0,16004.0
2018-11-02,13,TEN,16590.0,16582.0
2018-11-02,14,TEN,16619.0,16764.0
2018-11-02,15,TEN,16695.0,16793.0
2018-11-02,16,TEN,16531.0,16717.0
2018-11-02,17,TEN,16512.0,16710.0
2018-11-02,18,TEN,16368.0,16555.0
2018-11-02,19,TEN,16207.0,16348.0
2018-11-02,20,TEN,16013.0,16249.0
2018-11-02,21,TEN,16023.0,16159.0
2018-11-02,22,TEN,16253.0,16275.0
2018-11-02,23,TEN,16642.0,16690.0
2018-11-03,0,TEN,17173.0,17190.0
2018-11-03,1,TEN,16972.0,17069.0
2018-11-03,2,TEN,16693.0,16520.0
2018-11-03,3,TEN,16222.0,16200.0
2018-11-03,4,TEN,15603.0,15421.0
2018-11-03,5,TEN,14930.0,14397.0
2018-11-03,6,TEN,14445.0,14397.0
2018-11-03,7,TEN,14214.0,12980.0
2018-11-03,8,TEN,14241.0,12852.0
2018-11-03,9,TEN,14322.0,13025.0
2018-11-03,10,TEN,14653.0,13645.0
2018-11-03,11,TEN,15298.0,14787.0
2018-11-03,12,TEN,16258.0,16004.0
2018-11-03,13,TEN,16918.0,16582.0
2018-11-03,14,TEN,17077.0,16764.0
2018-11-03,15,TEN,16868.0,16793.0
2018-11-03,16,TEN,16331.0,16717.0
2018-11-03,17,TEN,15655.0,16710.0
2018-11-03,18,TEN,15000.0,16555.0
2018-11-03,19,TEN,14500.0,16348.0
2018-11-03,20,TEN,14481.0,16249.0
2018-11-03,21,TEN,14443.0,16159.0
2018-11-03,22,TEN,14616.0,16275.0
2018-11-03,23,TEN,15076.0,16690.0
2018-11-04,0,TEN,15662.0,17190.0
2018-11-04,1,TEN,15535.0,17069.0
2018-11-04,2,TEN,15173.0,16520.0
2018-11-04,3,TEN,14743.0,16200.0
2018-11-04,4,TEN,13952.0,15421.0
2018-11-04,5,TEN,13177.0,14397.0
2018-11-04,6,TEN,13628.0,14157.0
2018-11-04,7,TEN,13404.0,13833.0
2018-11-04,8,TEN,13396.0,13885.0
2018-11-04,9,TEN,13422.0,14000.0
2018-11-04,10,TEN,13548.0,13743.0
2018-11-04,11,TEN,13907.0,13846.0
2018-11-04,12,TEN,14349.0,14133.0
2018-11-04,13,TEN,14996.0,14914.0
2018-11-04,14,TEN,15576.0,15613.0
2018-11-04,15,TEN,15624.0,15690.0
2018-11-04,16,TEN,15197.0,15643.0
2018-11-04,17,TEN,14810.0,15402.0
2018-11-04,18,TEN,14520.0,15397.0
2018-11-04,19,TEN,14448.0,15386.0
2018-11-04,20,TEN,14484.0,15383.0
2018-11-04,21,TEN,14567.0,15459.0
2018-11-04,22,TEN,14896.0,15753.0
2018-11-04,23,TEN,15573.0,15818.0
2018-11-05,0,TEN,16311.0,16350.0
2018-11-05,1,TEN,16318.0,16576.0
2018-11-05,2,TEN,16098.0,16297.0
2018-11-05,3,TEN,15524.0,15958.0
2018-11-05,4,TEN,14777.0,15163.0
2018-11-05,5,TEN,13974.0,14554.0
2018-11-05,6,TEN,1341.0,1400.0
2018-11-05,7,TEN,12988.0,13599.0
2018-11-05,8,TEN,12699.0,13339.0
2018-11-05,9,TEN,12737.0,13187.0
2018-11-05,10,TEN,12923.0,13361.0
2018-11-05,11,TEN,13437.0,14092.0
2018-11-05,12,TEN,14791.0,15178.0
2018-11-05,13,TEN,16082.0,16485.0
2018-11-05,14,TEN,16222.0,16765.0
2018-11-05,15,TEN,16164.0,16683.0
2018-11-05,16,TEN,16042.0,16675.0
2018-11-05,17,TEN,16117.0,16846.0
2018-11-05,18,TEN,15868.0,16756.0
2018-11-05,19,TEN,15770.0,16704.0
2018-11-05,20,TEN,15925.0,16491.0
2018-11-05,21,TEN,15842.0,16390.0
2018-11-05,22,TEN,15953.0,16616.0
2018-11-05,23,TEN,16553.0,17151.0
2018-11-06,0,TEN,17283.0,17831.0
2018-11-06,1,TEN,17158.0,17949.0
2018-11-06,2,TEN,16759.0,17628.0
2018-11-06,3,TEN,16238.0,17072.0
2018-11-06,4,TEN,15272.0,15818.0
2018-11-06,5,TEN,14152.0,14692.0
2018-11-06,6,TEN,13350.0,13946.0
2018-11-06,7,TEN,12873.0,13337.0
2018-11-06,8,TEN,12631.0,13113.0
2018-11-06,9,TEN,12471.0,12966.0
2018-11-06,10,TEN,12484.0,13001.0
2018-11-06,11,TEN,12765.0,13483.0
2018-11-06,12,TEN,13845.0,14581.0
2018-11-06,13,TEN,14972.0,15842.0
2018-11-06,14,TEN,15401.0,16292.0
2018-11-06,15,TEN,15600.0,16482.0
2018-11-06,16,TEN,15729.0,16640.0
2018-11-06,17,TEN,15873.0,16783.0
2018-11-06,18,TEN,15890.0,16807.0
2018-11-06,19,TEN,15885.0,16818.0
2018-11-06,20,TEN,15781.0,16634.0
2018-11-06,21,TEN,15786.0,16675.0
2018-11-06,22,TEN,15818.0,16669.0
2018-11-06,23,TEN,16020.0,16842.0
2018-11-07,0,TEN,16894.0,17673.0
2018-11-07,1,TEN,16901.0,17706.0
2018-11-07,2,TEN,16583.0,17424.0
2018-11-07,3,TEN,16115.0,16945.0
2018-11-07,4,TEN,15393.0,15883.0
2018-11-07,5,TEN,14423.0,14788.0
2018-11-07,6,TEN,13746.0,14108.0
2018-11-07,7,TEN,13368.0,13713.0
2018-11-07,8,TEN,13172.0,13517.0
2018-11-07,9,TEN,13153.0,13532.0
2018-11-07,10,TEN,13296.0,13672.0
2018-11-07,11,TEN,13871.0,14482.0
2018-11-07,12,TEN,15292.0,15878.0
2018-11-07,13,TEN,16475.0,17097.0
2018-11-07,14,TEN,16509.0,17155.0
2018-11-07,15,TEN,16331.0,17015.0
2018-11-07,16,TEN,16303.0,16948.0
2018-11-07,17,TEN,16323.0,17027.0
2018-11-07,18,TEN,16201.0,16834.0
2018-11-07,19,TEN,16139.0,16795.0
2018-11-07,20,TEN,16074.0,16715.0
2018-11-07,21,TEN,15938.0,16624.0
2018-11-07,22,TEN,16026.0,16760.0
2018-11-07,23,TEN,16575.0,17220.0
2018-11-08,0,TEN,17571.0,18133.0
2018-11-08,1,TEN,17549.0,18192.0
2018-11-08,2,TEN,17324.0,18016.0
2018-11-08,3,TEN,16938.0,17523.0
2018-11-08,4,TEN,16111.0,16440.0
2018-11-08,5,TEN,15093.0,15416.0
2018-11-08,6,TEN,14311.0,14635.0
2018-11-08,7,TEN,14047.0,14392.0
2018-11-08,8,TEN,13904.0,14267.0
2018-11-08,9,TEN,13880.0,14250.0
2018-11-08,10,TEN,14037.0,14429.0
2018-11-08,11,TEN,14606.0,15321.0
2018-11-08,12,TEN,16027.0,16775.0
2018-11-08,13,TEN,17218.0,17987.0
2018-11-08,14,TEN,17279.0,18109.0
2018-11-08,15,TEN,17139.0,17981.0
2018-11-08,16,TEN,17019.0,17841.0
2018-11-08,17,TEN,16884.0,17726.0
2018-11-08,18,TEN,16688.0,17516.0
2018-11-08,19,TEN,16526.0,17359.0
2018-11-08,20,TEN,16425.0,17226.0
2018-11-08,21,TEN,16339.0,17141.0
2018-11-08,22,TEN,16438.0,17242.0
2018-11-08,23,TEN,17115.0,17839.0
2018-11-09,0,TEN,17845.0,18336.0
2018-11-09,1,TEN,17932.0,18431.0
2018-11-09,2,TEN,17653.0,18264.0
2018-11-09,3,TEN,17161.0,17932.0
2018-11-09,4,TEN,16327.0,17092.0
2018-11-09,5,TEN,15263.0,15905.0
2018-11-09,6,TEN,14433.0,15009.0
2018-11-09,7,TEN,14028.0,14875.0
2018-11-09,8,TEN,13727.0,14630.0
2018-11-09,9,TEN,13631.0,14505.0
2018-11-09,10,TEN,13847.0,14729.0
2018-11-09,11,TEN,14401.0,15380.0
2018-11-09,12,TEN,15623.0,16543.0
2018-11-09,13,TEN,16970.0,17762.0
2018-11-09,14,TEN,17143.0,17836.0
2018-11-09,15,TEN,17298.0,17924.0
2018-11-09,16,TEN,17501.0,18143.0
2018-11-09,17,TEN,17586.0,18082.0
2018-11-09,18,TEN,17501.0,17888.0
2018-11-09,19,TEN,17429.0,17817.0
2018-11-09,20,TEN,17317.0,17611.0
2018-11-09,21,TEN,17325.0,17624.0
2018-11-09,22,TEN,17462.0,17716.0
2018-11-09,23,TEN,18210.0,18396.0
2018-11-10,0,TEN,18916.0,19159.0
2018-11-10,1,TEN,18952.0,19334.0
2018-11-10,2,TEN,18814.0,19025.0
2018-11-10,3,TEN,18556.0,18733.0
2018-11-10,4,TEN,18061.0,18165.0
2018-11-10,5,TEN,17484.0,17478.0
2018-11-10,6,TEN,16954.0,16076.0
2018-11-10,7,TEN,16714.0,15544.0
2018-11-10,8,TEN,16745.0,15562.0
2018-11-10,9,TEN,16876.0,15730.0
2018-11-10,10,TEN,17270.0,16109.0
2018-11-10,11,TEN,17801.0,17063.0
2018-11-10,12,TEN,18613.0,17927.0
2018-11-10,13,TEN,19363.0,18780.0
2018-11-10,14,TEN,19880.0,19436.0
2018-11-10,15,TEN,19984.0,19488.0
2018-11-10,16,TEN,19509.0,19372.0
2018-11-10,17,TEN,18848.0,18700.0
2018-11-10,18,TEN,18108.0,18143.0
2018-11-10,19,TEN,17460.0,17526.0
2018-11-10,20,TEN,16984.0,17050.0
2018-11-10,21,TEN,16787.0,16908.0
2018-11-10,22,TEN,16969.0,17140.0
2018-11-10,23,TEN,18130.0,18195.0
2018-11-11,0,TEN,19544.0,19637.0
2018-11-11,1,TEN,20142.0,19907.0
2018-11-11,2,TEN,20166.0,19929.0
2018-11-11,3,TEN,20304.0,20026.0
2018-11-11,4,TEN,20101.0,19562.0
2018-11-11,5,TEN,19705.0,19095.0
2018-11-11,6,TEN,19449.0,18717.0
2018-11-11,7,TEN,19314.0,18295.0
2018-11-11,8,TEN,19322.0,18285.0
2018-11-11,9,TEN,19352.0,18275.0
2018-11-11,10,TEN,19592.0,18219.0
2018-11-11,11,TEN,19894.0,18466.0
2018-11-11,12,TEN,20378.0,19011.0
2018-11-11,13,TEN,20848.0,19903.0
2018-11-11,14,TEN,20914.0,19932.0
2018-11-11,15,TEN,20141.0,19223.0
2018-11-11,16,TEN,18915.0,18598.0
2018-11-11,17,TEN,17726.0,17810.0
2018-11-11,18,TEN,16735.0,16883.0
2018-11-11,19,TEN,16217.0,16309.0
2018-11-11,20,TEN,15775.0,15926.0
2018-11-11,21,TEN,15747.0,15826.0
2018-11-11,22,TEN,16172.0,16244.0
2018-11-11,23,TEN,16971.0,17089.0
2018-11-12,0,TEN,18095.0,17907.0
2018-11-12,1,TEN,18252.0,18085.0
2018-11-12,2,TEN,18224.0,18031.0
2018-11-12,3,TEN,17892.0,17939.0
2018-11-12,4,TEN,17387.0,17172.0
2018-11-12,5,TEN,16606.0,16508.0
2018-11-12,6,TEN,16025.0,15997.0
2018-11-12,7,TEN,15625.0,15607.0
2018-11-12,8,TEN,15369.0,15302.0
2018-11-12,9,TEN,15340.0,15213.0
2018-11-12,10,TEN,15632.0,15552.0
2018-11-12,11,TEN,16100.0,16206.0
2018-11-12,12,TEN,17271.0,16740.0
2018-11-12,13,TEN,18446.0,17971.0
2018-11-12,14,TEN,18794.0,18324.0
2018-11-12,15,TEN,19069.0,18584.0
2018-11-12,16,TEN,19275.0,19055.0
2018-11-12,17,TEN,19462.0,19371.0
2018-11-12,18,TEN,19430.0,19358.0
2018-11-12,19,TEN,19391.0,18938.0
2018-11-12,20,TEN,19245.0,18809.0
2018-11-12,21,TEN,19072.0,18651.0
2018-11-12,22,TEN,19221.0,18749.0
2018-11-12,23,TEN,19818.0,19320.0
2018-11-13,0,TEN,20375.0,19837.0
2018-11-13,1,TEN,20198.0,19768.0
2018-11-13,2,TEN,19797.0,19355.0
2018-11-13,3,TEN,19196.0,18811.0
2018-11-13,4,TEN,18220.0,17714.0
2018-11-13,5,TEN,17283.0,16827.0
2018-11-13,6,TEN,16469.0,16667.0
2018-11-13,7,TEN,16172.0,16837.0
2018-11-13,8,TEN,15954.0,16647.0
2018-11-13,9,TEN,15928.0,16614.0
2018-11-13,10,TEN,16128.0,16872.0
2018-11-13,11,TEN,16738.0,17484.0
2018-11-13,12,TEN,18116.0,18348.0
2018-11-13,13,TEN,19712.0,19623.0
2018-11-13,14,TEN,19913.0,19853.0
2018-11-13,15,TEN,20026.0,19997.0
2018-11-13,16,TEN,20131.0,20081.0
2018-11-13,17,TEN,20295.0,20169.0
2018-11-13,18,TEN,20416.0,20076.0
2018-11-13,19,TEN,20513.0,20202.0
2018-11-13,20,TEN,20539.0,19957.0
2018-11-13,21,TEN,20645.0,20077.0
2018-11-13,22,TEN,20865.0,19820.0
2018-11-13,23,TEN,21754.0,20038.0
2018-11-14,0,TEN,22573.0,20725.0
2018-11-14,1,TEN,22601.0,20804.0
2018-11-14,2,TEN,22345.0,20702.0
2018-11-14,3,TEN,21850.0,20454.0
2018-11-14,4,TEN,21027.0,20020.0
2018-11-14,5,TEN,19947.0,19377.0
2018-11-14,6,TEN,19270.0,18398.0
2018-11-14,7,TEN,18814.0,17726.0
2018-11-14,8,TEN,18691.0,17572.0
2018-11-14,9,TEN,18595.0,17497.0
2018-11-14,10,TEN,18761.0,17690.0
2018-11-14,11,TEN,19455.0,18076.0
2018-11-14,12,TEN,20822.0,19693.0
2018-11-14,13,TEN,22087.0,20862.0
2018-11-14,14,TEN,22068.0,20882.0
2018-11-14,15,TEN,22038.0,20844.0
2018-11-14,16,TEN,21906.0,20322.0
2018-11-14,17,TEN,21935.0,20287.0
2018-11-14,18,TEN,21809.0,20382.0
2018-11-14,19,TEN,21821.0,20677.0
2018-11-14,20,TEN,21790.0,20602.0
2018-11-14,21,TEN,21760.0,20659.0
2018-11-14,22,TEN,22060.0,20857.0
2018-11-14,23,TEN,22752.0,21095.0
2018-11-15,0,TEN,23224.0,21648.0
2018-11-15,1,TEN,23146.0,21563.0
2018-11-15,2,TEN,22674.0,21146.0
2018-11-15,3,TEN,21952.0,20769.0
2018-11-15,4,TEN,21045.0,20109.0
2018-11-15,5,TEN,19928.0,19236.0
2018-11-15,6,TEN,18998.0,17901.0
2018-11-15,7,TEN,18625.0,17606.0
2018-11-15,8,TEN,18438.0,17489.0
2018-11-15,9,TEN,18270.0,17371.0
2018-11-15,10,TEN,18579.0,17459.0
2018-11-15,11,TEN,19150.0,18224.0
2018-11-15,12,TEN,20560.0,19848.0
2018-11-15,13,TEN,21872.0,20580.0
2018-11-15,14,TEN,22091.0,20777.0
2018-11-15,15,TEN,22117.0,21091.0
2018-11-15,16,TEN,22115.0,21478.0
2018-11-15,17,TEN,22141.0,21500.0
2018-11-15,18,TEN,22001.0,21188.0
2018-11-15,19,TEN,21884.0,20841.0
2018-11-15,20,TEN,21869.0,20802.0
2018-11-15,21,TEN,21806.0,20729.0
2018-11-15,22,TEN,22042.0,20796.0
2018-11-15,23,TEN,22792.0,21304.0
2018-11-16,0,TEN,23467.0,21517.0
2018-11-16,1,TEN,23621.0,21659.0
2018-11-16,2,TEN,23551.0,22018.0
2018-11-16,3,TEN,23144.0,22367.0
2018-11-16,4,TEN,22399.0,21985.0
2018-11-16,5,TEN,21506.0,21128.0
2018-11-16,6,TEN,20810.0,20084.0
2018-11-16,7,TEN,20553.0,19069.0
2018-11-16,8,TEN,20418.0,18917.0
2018-11-16,9,TEN,20442.0,18915.0
2018-11-16,10,TEN,20790.0,19315.0
2018-11-16,11,TEN,21500.0,19989.0
2018-11-16,12,TEN,22942.0,21409.0
2018-11-16,13,TEN,23934.0,21811.0
2018-11-16,14,TEN,23610.0,21583.0
2018-11-16,15,TEN,22491.0,21223.0
2018-11-16,16,TEN,21091.0,19751.0
2018-11-16,17,TEN,19886.0,18970.0
2018-11-16,18,TEN,18855.0,18214.0
2018-11-16,19,TEN,18135.0,17499.0
2018-11-16,20,TEN,17549.0,17091.0
2018-11-16,21,TEN,17110.0,16675.0
2018-11-16,22,TEN,17133.0,16693.0
2018-11-16,23,TEN,17971.0,17533.0
2018-11-17,0,TEN,19167.0,18414.0
2018-11-17,1,TEN,19403.0,18336.0
2018-11-17,2,TEN,19458.0,18311.0
2018-11-17,3,TEN,19473.0,18433.0
2018-11-17,4,TEN,19003.0,17814.0
2018-11-17,5,TEN,18929.0,17805.0
2018-11-17,6,TEN,18292.0,17937.0
2018-11-17,7,TEN,18199.0,17833.0
2018-11-17,8,TEN,18172.0,17787.0
2018-11-17,9,TEN,18338.0,17711.0
2018-11-17,10,TEN,18599.0,17974.0
2018-11-17,11,TEN,19041.0,18381.0
2018-11-17,12,TEN,19606.0,18900.0
2018-11-17,13,TEN,20339.0,19411.0
2018-11-17,14,TEN,20509.0,19438.0
2018-11-17,15,TEN,19642.0,18582.0
2018-11-17,16,TEN,18654.0,17648.0
2018-11-17,17,TEN,17508.0,17197.0
2018-11-17,18,TEN,16605.0,17088.0
2018-11-17,19,TEN,15990.0,16809.0
2018-11-17,20,TEN,15555.0,16394.0
2018-11-17,21,TEN,15242.0,16074.0
2018-11-17,22,TEN,15338.0,16117.0
2018-11-17,23,TEN,16048.0,16833.0
2018-11-18,0,TEN,17119.0,17638.0
2018-11-18,1,TEN,17293.0,18099.0
2018-11-18,2,TEN,17160.0,18028.0
2018-11-18,3,TEN,17138.0,18003.0
2018-11-18,4,TEN,16918.0,17711.0
2018-11-18,5,TEN,16378.0,17117.0
2018-11-18,6,TEN,16092.0,16770.0
2018-11-18,7,TEN,15872.0,16534.0
2018-11-18,8,TEN,15800.0,16464.0
2018-11-18,9,TEN,15820.0,16455.0
2018-11-18,10,TEN,16093.0,16785.0
2018-11-18,11,TEN,16504.0,17259.0
2018-11-18,12,TEN,17099.0,17830.0
2018-11-18,13,TEN,17735.0,18250.0
2018-11-18,14,TEN,18302.0,18682.0
2018-11-18,15,TEN,18008.0,18475.0
2018-11-18,16,TEN,17071.0,17602.0
2018-11-18,17,TEN,16216.0,17042.0
2018-11-18,18,TEN,15643.0,16532.0
2018-11-18,19,TEN,15315.0,16156.0
2018-11-18,20,TEN,14944.0,15881.0
2018-11-18,21,TEN,14851.0,15692.0
2018-11-18,22,TEN,15060.0,15863.0
2018-11-18,23,TEN,15866.0,16293.0
2018-11-19,0,TEN,17073.0,17313.0
2018-11-19,1,TEN,17321.0,17567.0
2018-11-19,2,TEN,17381.0,17674.0
2018-11-19,3,TEN,17026.0,17640.0
2018-11-19,4,TEN,16595.0,17415.0
2018-11-19,5,TEN,15890.0,16715.0
2018-11-19,6,TEN,15315.0,16195.0
2018-11-19,7,TEN,15079.0,15836.0
2018-11-19,8,TEN,14962.0,15775.0
2018-11-19,9,TEN,15023.0,15783.0
2018-11-19,10,TEN,15265.0,16032.0
2018-11-19,11,TEN,15914.0,16642.0
2018-11-19,12,TEN,17274.0,17731.0
2018-11-19,13,TEN,18528.0,18144.0
2018-11-19,14,TEN,18609.0,18180.0
2018-11-19,15,TEN,18340.0,17939.0
2018-11-19,16,TEN,17955.0,17358.0
2018-11-19,17,TEN,17696.0,17217.0
2018-11-19,18,TEN,17363.0,16970.0
2018-11-19,19,TEN,17236.0,16907.0
2018-11-19,20,TEN,17237.0,16892.0
2018-11-19,21,TEN,17243.0,16712.0
2018-11-19,22,TEN,17421.0,16730.0
2018-11-19,23,TEN,18131.0,17149.0
2018-11-20,0,TEN,18904.0,17935.0
2018-11-20,1,TEN,18855.0,18060.0
2018-11-20,2,TEN,18662.0,18186.0
2018-11-20,3,TEN,18163.0,18008.0
2018-11-20,4,TEN,17350.0,17322.0
2018-11-20,5,TEN,16447.0,16776.0
2018-11-20,6,TEN,15710.0,15795.0
2018-11-20,7,TEN,15183.0,15188.0
2018-11-20,8,TEN,15064.0,15039.0
2018-11-20,9,TEN,15092.0,15086.0
2018-11-20,10,TEN,15325.0,15145.0
2018-11-20,11,TEN,16010.0,15424.0
2018-11-20,12,TEN,17410.0,16647.0
2018-11-20,13,TEN,18735.0,17217.0
2018-11-20,14,TEN,19008.0,17343.0
2018-11-20,15,TEN,19000.0,17247.0
2018-11-20,16,TEN,18822.0,17084.0
2018-11-20,17,TEN,18686.0,17081.0
2018-11-20,18,TEN,18481.0,16998.0
2018-11-20,19,TEN,18241.0,16895.0
2018-11-20,20,TEN,18139.0,16740.0
2018-11-20,21,TEN,17943.0,16608.0
2018-11-20,22,TEN,18048.0,16671.0
2018-11-20,23,TEN,18872.0,17554.0
2018-11-21,0,TEN,20110.0,18470.0
2018-11-21,1,TEN,20302.0,18670.0
2018-11-21,2,TEN,20242.0,18675.0
2018-11-21,3,TEN,19998.0,18731.0
2018-11-21,4,TEN,19509.0,18373.0
2018-11-21,5,TEN,18915.0,17982.0
2018-11-21,6,TEN,18608.0,17395.0
2018-11-21,7,TEN,18465.0,17149.0
2018-11-21,8,TEN,18620.0,17292.0
2018-11-21,9,TEN,18966.0,17597.0
2018-11-21,10,TEN,19463.0,17884.0
2018-11-21,11,TEN,20332.0,18282.0
2018-11-21,12,TEN,21636.0,19228.0
2018-11-21,13,TEN,22747.0,19854.0
2018-11-21,14,TEN,22921.0,20098.0
2018-11-21,15,TEN,21915.0,19325.0
2018-11-21,16,TEN,20593.0,18744.0
2018-11-21,17,TEN,19484.0,18465.0
2018-11-21,18,TEN,18499.0,17346.0
2018-11-21,19,TEN,17801.0,16614.0
2018-11-21,20,TEN,17277.0,16120.0
2018-11-21,21,TEN,16974.0,15827.0
2018-11-21,22,TEN,16938.0,15820.0
2018-11-21,23,TEN,17779.0,16599.0
2018-11-22,0,TEN,19018.0,17858.0
2018-11-22,1,TEN,19229.0,17774.0
2018-11-22,2,TEN,19397.0,17972.0
2018-11-22,3,TEN,19398.0,18326.0
2018-11-22,4,TEN,19094.0,18155.0
2018-11-22,5,TEN,18456.0,17583.0
2018-11-22,6,TEN,17802.0,17338.0
2018-11-22,7,TEN,17638.0,17505.0
2018-11-22,8,TEN,17516.0,17402.0
2018-11-22,9,TEN,17632.0,17543.0
2018-11-22,10,TEN,17833.0,17673.0
2018-11-22,11,TEN,18330.0,18133.0
2018-11-22,12,TEN,18982.0,18366.0
2018-11-22,13,TEN,19596.0,18936.0
2018-11-22,14,TEN,20027.0,19274.0
2018-11-22,15,TEN,19523.0,18806.0
2018-11-22,16,TEN,18697.0,18110.0
2018-11-22,17,TEN,17820.0,17669.0
2018-11-22,18,TEN,16615.0,17032.0
2018-11-22,19,TEN,15505.0,15910.0
2018-11-22,20,TEN,14628.0,15115.0
2018-11-22,21,TEN,14074.0,14465.0
2018-11-22,22,TEN,13876.0,14238.0
2018-11-22,23,TEN,14132.0,14542.0
2018-11-23,0,TEN,14925.0,15378.0
2018-11-23,1,TEN,15176.0,15633.0
2018-11-23,2,TEN,15544.0,15980.0
2018-11-23,3,TEN,15818.0,16294.0
2018-11-23,4,TEN,15727.0,16195.0
2018-11-23,5,TEN,15665.0,16106.0
2018-11-23,6,TEN,15495.0,15911.0
2018-11-23,7,TEN,15493.0,15889.0
2018-11-23,8,TEN,15516.0,15894.0
2018-11-23,9,TEN,15640.0,16037.0
2018-11-23,10,TEN,15900.0,16231.0
2018-11-23,11,TEN,16369.0,16310.0
2018-11-23,12,TEN,17012.0,16788.0
2018-11-23,13,TEN,17462.0,17108.0
2018-11-23,14,TEN,17783.0,17404.0
2018-11-23,15,TEN,17743.0,17308.0
2018-11-23,16,TEN,17501.0,17146.0
2018-11-23,17,TEN,17325.0,17238.0
2018-11-23,18,TEN,16949.0,16986.0
2018-11-23,19,TEN,16601.0,16322.0
2018-11-23,20,TEN,16262.0,16130.0
2018-11-23,21,TEN,16124.0,16007.0
2018-11-23,22,TEN,16360.0,16063.0
2018-11-23,23,TEN,17031.0,16894.0
2018-11-24,0,TEN,17512.0,17459.0
2018-11-24,1,TEN,17345.0,17243.0
2018-11-24,2,TEN,17132.0,17229.0
2018-11-24,3,TEN,16756.0,16938.0
2018-11-24,4,TEN,16171.0,16226.0
2018-11-24,5,TEN,15605.0,15604.0
2018-11-24,6,TEN,14971.0,14982.0
2018-11-24,7,TEN,14538.0,14768.0
2018-11-24,8,TEN,14134.0,14572.0
2018-11-24,9,TEN,13986.0,14401.0
2018-11-24,10,TEN,13936.0,14351.0
2018-11-24,11,TEN,14161.0,14504.0
2018-11-24,12,TEN,14595.0,14764.0
2018-11-24,13,TEN,15089.0,15396.0
2018-11-24,14,TEN,15599.0,15961.0
2018-11-24,15,TEN,16234.0,16589.0
2018-11-24,16,TEN,16462.0,16768.0
2018-11-24,17,TEN,16425.0,16703.0
2018-11-24,18,TEN,16093.0,16513.0
2018-11-24,19,TEN,15655.0,16045.0
2018-11-24,20,TEN,15194.0,15637.0
2018-11-24,21,TEN,14940.0,15480.0
2018-11-24,22,TEN,14806.0,15411.0
2018-11-24,23,TEN,15427.0,15771.0
2018-11-25,0,TEN,16303.0,17038.0
2018-11-25,1,TEN,16416.0,16912.0
2018-11-25,2,TEN,16391.0,16751.0
2018-11-25,3,TEN,16340.0,16687.0
2018-11-25,4,TEN,15881.0,16244.0
2018-11-25,5,TEN,15383.0,15870.0
2018-11-25,6,TEN,14873.0,15273.0
2018-11-25,7,TEN,14592.0,15005.0
2018-11-25,8,TEN,14339.0,14777.0
2018-11-25,9,TEN,14194.0,14718.0
2018-11-25,10,TEN,14166.0,14674.0
2018-11-25,11,TEN,14325.0,14729.0
2018-11-25,12,TEN,14683.0,15080.0
2018-11-25,13,TEN,15103.0,15490.0
2018-11-25,14,TEN,15746.0,16131.0
2018-11-25,15,TEN,16242.0,16687.0
2018-11-25,16,TEN,16026.0,16565.0
2018-11-25,17,TEN,15595.0,16195.0
2018-11-25,18,TEN,15233.0,15800.0
2018-11-25,19,TEN,15120.0,15712.0
2018-11-25,20,TEN,15003.0,15705.0
2018-11-25,21,TEN,15092.0,15753.0
2018-11-25,22,TEN,15341.0,15815.0
2018-11-25,23,TEN,16334.0,16791.0
2018-11-26,0,TEN,17187.0,17716.0
2018-11-26,1,TEN,17226.0,17763.0
2018-11-26,2,TEN,17111.0,17611.0
2018-11-26,3,TEN,16641.0,17142.0
2018-11-26,4,TEN,15898.0,16348.0
2018-11-26,5,TEN,15212.0,15745.0
2018-11-26,6,TEN,14724.0,15211.0
2018-11-26,7,TEN,14471.0,14929.0
2018-11-26,8,TEN,14564.0,14979.0
2018-11-26,9,TEN,14750.0,15228.0
2018-11-26,10,TEN,15179.0,15679.0
2018-11-26,11,TEN,16295.0,16771.0
2018-11-26,12,TEN,18021.0,17809.0
2018-11-26,13,TEN,19798.0,18700.0
2018-11-26,14,TEN,20284.0,19181.0
2018-11-26,15,TEN,20519.0,19446.0
2018-11-26,16,TEN,20606.0,19525.0
2018-11-26,17,TEN,20636.0,19061.0
2018-11-26,18,TEN,20543.0,18995.0
2018-11-26,19,TEN,20514.0,19477.0
2018-11-26,20,TEN,20432.0,19435.0
2018-11-26,21,TEN,20385.0,18918.0
2018-11-26,22,TEN,20766.0,19277.0
2018-11-26,23,TEN,21649.0,20100.0
2018-11-27,0,TEN,22705.0,21085.0
2018-11-27,1,TEN,22788.0,20765.0
2018-11-27,2,TEN,22692.0,20996.0
2018-11-27,3,TEN,22235.0,21051.0
2018-11-27,4,TEN,21548.0,20801.0
2018-11-27,5,TEN,20520.0,20378.0
2018-11-27,6,TEN,19757.0,19109.0
2018-11-27,7,TEN,19499.0,18165.0
2018-11-27,8,TEN,19487.0,18074.0
2018-11-27,9,TEN,19610.0,18218.0
2018-11-27,10,TEN,19848.0,18677.0
2018-11-27,11,TEN,20601.0,19461.0
2018-11-27,12,TEN,22170.0,20946.0
2018-11-27,13,TEN,23721.0,21771.0
2018-11-27,14,TEN,23799.0,22004.0
2018-11-27,15,TEN,23459.0,21725.0
2018-11-27,16,TEN,23043.0,21732.0
2018-11-27,17,TEN,22612.0,21389.0
2018-11-27,18,TEN,22104.0,20928.0
2018-11-27,19,TEN,21574.0,20765.0
2018-11-27,20,TEN,21097.0,20593.0
2018-11-27,21,TEN,20928.0,20646.0
2018-11-27,22,TEN,21462.0,20886.0
2018-11-27,23,TEN,22808.0,22451.0
2018-11-28,0,TEN,24184.0,23298.0
2018-11-28,1,TEN,24493.0,23060.0
2018-11-28,2,TEN,24526.0,23042.0
2018-11-28,3,TEN,24359.0,23188.0
2018-11-28,4,TEN,23778.0,22953.0
2018-11-28,5,TEN,22941.0,22478.0
2018-11-28,6,TEN,22431.0,21318.0
2018-11-28,7,TEN,22451.0,21308.0
2018-11-28,8,TEN,22495.0,21337.0
2018-11-28,9,TEN,22805.0,21679.0
2018-11-28,10,TEN,23171.0,22004.0
2018-11-28,11,TEN,23871.0,22511.0
2018-11-28,12,TEN,25466.0,23470.0
2018-11-28,13,TEN,26716.0,23844.0
2018-11-28,14,TEN,26254.0,23349.0
2018-11-28,15,TEN,25128.0,22689.0
2018-11-28,16,TEN,23884.0,21498.0
2018-11-28,17,TEN,22580.0,20676.0
2018-11-28,18,TEN,21318.0,19629.0
2018-11-28,19,TEN,20539.0,19048.0
2018-11-28,20,TEN,20025.0,19012.0
2018-11-28,21,TEN,19802.0,19115.0
2018-11-28,22,TEN,20100.0,19385.0
2018-11-28,23,TEN,21329.0,20272.0
2018-11-29,0,TEN,22651.0,21641.0
2018-11-29,1,TEN,22987.0,21918.0
2018-11-29,2,TEN,22930.0,21901.0
2018-11-29,3,TEN,22723.0,21634.0
2018-11-29,4,TEN,22096.0,21078.0
2018-11-29,5,TEN,21005.0,20358.0
2018-11-29,6,TEN,20391.0,19852.0
2018-11-29,7,TEN,20155.0,19403.0
2018-11-29,8,TEN,20068.0,19143.0
2018-11-29,9,TEN,20006.0,19116.0
2018-11-29,10,TEN,20120.0,19205.0
2018-11-29,11,TEN,20518.0,19580.0
2018-11-29,12,TEN,21650.0,19987.0
2018-11-29,13,TEN,22650.0,20689.0
2018-11-29,14,TEN,22155.0,20553.0
2018-11-29,15,TEN,21542.0,20337.0
2018-11-29,16,TEN,20998.0,20141.0
2018-11-29,17,TEN,20433.0,19687.0
2018-11-29,18,TEN,19975.0,19377.0
2018-11-29,19,TEN,19613.0,19477.0
2018-11-29,20,TEN,19393.0,19538.0
2018-11-29,21,TEN,19132.0,19293.0
2018-11-29,22,TEN,19080.0,18934.0
2018-11-29,23,TEN,19773.0,19141.0
2018-11-30,0,TEN,20307.0,19497.0
2018-11-30,1,TEN,20235.0,19441.0
2018-11-30,2,TEN,19809.0,19360.0
2018-11-30,3,TEN,19227.0,19206.0
2018-11-30,4,TEN,18204.0,18412.0
2018-11-30,5,TEN,17012.0,17326.0
2018-11-30,6,TEN,15950.0,16399.0
2018-11-30,7,TEN,15201.0,15999.0
2018-11-30,8,TEN,14899.0,15792.0
2018-11-30,9,TEN,14670.0,15544.0
2018-11-30,10,TEN,14676.0,15571.0
2018-11-30,11,TEN,14997.0,15927.0
2018-11-30,12,TEN,16120.0,16972.0
2018-11-30,13,TEN,17336.0,18111.0
2018-11-30,14,TEN,17382.0,18222.0
2018-11-30,15,TEN,17349.0,18241.0
2018-11-30,16,TEN,17294.0,18149.0
2018-11-30,17,TEN,17251.0,18132.0
2018-11-30,18,TEN,17077.0,17978.0
2018-11-30,19,TEN,17009.0,17920.0
2018-11-30,20,TEN,16843.0,17837.0
2018-11-30,21,TEN,16643.0,17549.0
2018-11-30,22,TEN,16671.0,17538.0
2018-11-30,23,TEN,17229.0,18033.0
2018-12-01,0,TEN,17600.0,18442.0
2018-12-01,1,TEN,17413.0,18335.0
2018-12-01,2,TEN,17046.0,18018.0
2018-12-01,3,TEN,16548.0,17253.0
2018-12-01,4,TEN,15960.0,16491.0
2018-12-01,5,TEN,15104.0,15899.0
2018-12-01,6,TEN,14316.0,15224.0
2018-12-01,7,TEN,13660.0,14584.0
2018-12-01,8,TEN,13229.0,14402.0
2018-12-01,9,TEN,13100.0,14275.0
2018-12-01,10,TEN,13069.0,14271.0
2018-12-01,11,TEN,13306.0,14349.0
2018-12-01,12,TEN,13748.0,14614.0
2018-12-01,13,TEN,14454.0,15315.0
2018-12-01,14,TEN,15015.0,15865.0
2018-12-01,15,TEN,15697.0,16631.0
2018-12-01,16,TEN,16088.0,17036.0
2018-12-01,17,TEN,16121.0,17073.0
2018-12-01,18,TEN,16031.0,16988.0
2018-12-01,19,TEN,15781.0,16756.0
2018-12-01,20,TEN,15655.0,16657.0
2018-12-01,21,TEN,15569.0,16562.0
2018-12-01,22,TEN,15576.0,16524.0
2018-12-01,23,TEN,16033.0,16897.0
2018-12-02,0,TEN,16570.0,17562.0
2018-12-02,1,TEN,16311.0,17207.0
2018-12-02,2,TEN,16132.0,17105.0
2018-12-02,3,TEN,15714.0,16677.0
2018-12-02,4,TEN,15156.0,16155.0
2018-12-02,5,TEN,14403.0,15312.0
2018-12-02,6,TEN,13588.0,14571.0
2018-12-02,7,TEN,12878.0,13907.0
2018-12-02,8,TEN,12602.0,13826.0
2018-12-02,9,TEN,12527.0,13803.0
2018-12-02,10,TEN,12565.0,13791.0
2018-12-02,11,TEN,12852.0,14034.0
2018-12-02,12,TEN,13293.0,14194.0
2018-12-02,13,TEN,13844.0,14820.0
2018-12-02,14,TEN,14554.0,15514.0
2018-12-02,15,TEN,14983.0,15929.0
2018-12-02,16,TEN,14837.0,15867.0
2018-12-02,17,TEN,14568.0,15697.0
2018-12-02,18,TEN,14422.0,15540.0
2018-12-02,19,TEN,14451.0,15463.0
2018-12-02,20,TEN,14352.0,15386.0
2018-12-02,21,TEN,14236.0,15249.0
2018-12-02,22,TEN,14469.0,15460.0
2018-12-02,23,TEN,15211.0,16240.0
2018-12-03,0,TEN,16406.0,17416.0
2018-12-03,1,TEN,16630.0,17687.0
2018-12-03,2,TEN,16625.0,17668.0
2018-12-03,3,TEN,16379.0,17393.0
2018-12-03,4,TEN,15816.0,16744.0
2018-12-03,5,TEN,14981.0,15853.0
2018-12-03,6,TEN,14385.0,15205.0
2018-12-03,7,TEN,14118.0,14966.0
2018-12-03,8,TEN,14005.0,15024.0
2018-12-03,9,TEN,14140.0,15128.0
2018-12-03,10,TEN,14584.0,15575.0
2018-12-03,11,TEN,15322.0,16311.0
2018-12-03,12,TEN,17015.0,17897.0
2018-12-03,13,TEN,18677.0,19624.0
2018-12-03,14,TEN,18908.0,19410.0
2018-12-03,15,TEN,18496.0,19123.0
2018-12-03,16,TEN,18059.0,19025.0
2018-12-03,17,TEN,17744.0,19054.0
2018-12-03,18,TEN,17441.0,18492.0
2018-12-03,19,TEN,17371.0,18306.0
2018-12-03,20,TEN,17111.0,18115.0
2018-12-03,21,TEN,16997.0,17944.0
2018-12-03,22,TEN,17439.0,18332.0
2018-12-03,23,TEN,18457.0,19381.0
2018-12-04,0,TEN,19653.0,20632.0
2018-12-04,1,TEN,19979.0,20652.0
2018-12-04,2,TEN,19924.0,20629.0
2018-12-04,3,TEN,19768.0,20779.0
2018-12-04,4,TEN,19146.0,20139.0
2018-12-04,5,TEN,18088.0,19137.0
2018-12-04,6,TEN,17356.0,18386.0
2018-12-04,7,TEN,16933.0,17977.0
2018-12-04,8,TEN,16828.0,17753.0
2018-12-04,9,TEN,16774.0,17549.0
2018-12-04,10,TEN,17047.0,17488.0
2018-12-04,11,TEN,17813.0,18135.0
2018-12-04,12,TEN,19217.0,19580.0
2018-12-04,13,TEN,20558.0,20435.0
2018-12-04,14,TEN,20642.0,20404.0
2018-12-04,15,TEN,20420.0,20250.0
2018-12-04,16,TEN,20274.0,20125.0
2018-12-04,17,TEN,20093.0,19827.0
2018-12-04,18,TEN,19746.0,19381.0
2018-12-04,19,TEN,19658.0,19321.0
2018-12-04,20,TEN,19493.0,19208.0
2018-12-04,21,TEN,19430.0,19258.0
2018-12-04,22,TEN,19811.0,19549.0
2018-12-04,23,TEN,20912.0,20649.0
2018-12-05,0,TEN,21983.0,21709.0
2018-12-05,1,TEN,22006.0,21495.0
2018-12-05,2,TEN,21900.0,21303.0
2018-12-05,3,TEN,21570.0,21017.0
2018-12-05,4,TEN,20804.0,20443.0
2018-12-05,5,TEN,20061.0,19807.0
2018-12-05,6,TEN,19317.0,19601.0
2018-12-05,7,TEN,18976.0,19239.0
2018-12-05,8,TEN,19029.0,18928.0
2018-12-05,9,TEN,19205.0,18953.0
2018-12-05,10,TEN,19572.0,18997.0
2018-12-05,11,TEN,20414.0,19776.0
2018-12-05,12,TEN,21780.0,20935.0
2018-12-05,13,TEN,23173.0,21673.0
2018-12-05,14,TEN,23228.0,21881.0
2018-12-05,15,TEN,22543.0,21599.0
2018-12-05,16,TEN,21901.0,21117.0
2018-12-05,17,TEN,21472.0,20871.0
2018-12-05,18,TEN,20843.0,20241.0
2018-12-05,19,TEN,20489.0,19964.0
2018-12-05,20,TEN,20143.0,19524.0
2018-12-05,21,TEN,19985.0,19348.0
2018-12-05,22,TEN,20231.0,19629.0
2018-12-05,23,TEN,21280.0,20591.0
2018-12-06,0,TEN,22904.0,22309.0
2018-12-06,1,TEN,23446.0,22786.0
2018-12-06,2,TEN,23591.0,22894.0
2018-12-06,3,TEN,23480.0,22774.0
2018-12-06,4,TEN,22869.0,22354.0
2018-12-06,5,TEN,22212.0,21164.0
2018-12-06,6,TEN,21634.0,19592.0
2018-12-06,7,TEN,21660.0,19621.0
2018-12-06,8,TEN,21697.0,19692.0
2018-12-06,9,TEN,21889.0,19896.0
2018-12-06,10,TEN,22156.0,20198.0
2018-12-06,11,TEN,23005.0,20923.0
2018-12-06,12,TEN,24577.0,22619.0
2018-12-06,13,TEN,25935.0,23378.0
2018-12-06,14,TEN,25674.0,23317.0
2018-12-06,15,TEN,24286.0,21931.0
2018-12-06,16,TEN,22633.0,20256.0
2018-12-06,17,TEN,21430.0,19112.0
2018-12-06,18,TEN,20514.0,18220.0
2018-12-06,19,TEN,20029.0,18031.0
2018-12-06,20,TEN,19827.0,17865.0
2018-12-06,21,TEN,19729.0,17782.0
2018-12-06,22,TEN,20003.0,17948.0
2018-12-06,23,TEN,20982.0,19133.0
2018-12-07,0,TEN,21617.0,19651.0
2018-12-07,1,TEN,21617.0,19430.0
2018-12-07,2,TEN,21243.0,19131.0
2018-12-07,3,TEN,20991.0,19163.0
2018-12-07,4,TEN,20149.0,18751.0
2018-12-07,5,TEN,19003.0,18233.0
2018-12-07,6,TEN,17993.0,17801.0
2018-12-07,7,TEN,17652.0,17804.0
2018-12-07,8,TEN,17431.0,17644.0
2018-12-07,9,TEN,17403.0,17772.0
2018-12-07,10,TEN,17346.0,18109.0
2018-12-07,11,TEN,17964.0,19004.0
2018-12-07,12,TEN,19367.0,20402.0
2018-12-07,13,TEN,20796.0,20942.0
2018-12-07,14,TEN,20843.0,20976.0
2018-12-07,15,TEN,20832.0,21040.0
2018-12-07,16,TEN,20572.0,21067.0
2018-12-07,17,TEN,20367.0,20794.0
2018-12-07,18,TEN,19967.0,20344.0
2018-12-07,19,TEN,19734.0,20273.0
2018-12-07,20,TEN,19396.0,20131.0
2018-12-07,21,TEN,19219.0,20056.0
2018-12-07,22,TEN,19429.0,19872.0
2018-12-07,23,TEN,20276.0,20242.0
2018-12-08,0,TEN,20823.0,21268.0
2018-12-08,1,TEN,20748.0,21391.0
2018-12-08,2,TEN,20504.0,21149.0
2018-12-08,3,TEN,20266.0,21306.0
2018-12-08,4,TEN,19599.0,20682.0
2018-12-08,5,TEN,18731.0,19757.0
2018-12-08,6,TEN,17823.0,18682.0
2018-12-08,7,TEN,17289.0,18145.0
2018-12-08,8,TEN,17095.0,17931.0
2018-12-08,9,TEN,17004.0,17911.0
2018-12-08,10,TEN,17019.0,17921.0
2018-12-08,11,TEN,17360.0,18252.0
2018-12-08,12,TEN,17996.0,19054.0
2018-12-08,13,TEN,18796.0,19846.0
2018-12-08,14,TEN,19576.0,20611.0
2018-12-08,15,TEN,20282.0,21335.0
2018-12-08,16,TEN,20577.0,21599.0
2018-12-08,17,TEN,20542.0,21441.0
2018-12-08,18,TEN,20354.0,21069.0
2018-12-08,19,TEN,20114.0,20574.0
2018-12-08,20,TEN,20094.0,20201.0
2018-12-08,21,TEN,20015.0,20260.0
2018-12-08,22,TEN,20255.0,20448.0
2018-12-08,23,TEN,21148.0,20932.0
2018-12-09,0,TEN,21525.0,21117.0
2018-12-09,1,TEN,21395.0,21017.0
2018-12-09,2,TEN,21129.0,21036.0
2018-12-09,3,TEN,20733.0,21174.0
2018-12-09,4,TEN,20264.0,20723.0
2018-12-09,5,TEN,19534.0,20189.0
2018-12-09,6,TEN,18907.0,19589.0
2018-12-09,7,TEN,18380.0,19173.0
2018-12-09,8,TEN,18225.0,19027.0
2018-12-09,9,TEN,18072.0,18933.0
2018-12-09,10,TEN,18190.0,19058.0
2018-12-09,11,TEN,18519.0,19452.0
2018-12-09,12,TEN,18857.0,19906.0
2018-12-09,13,TEN,19503.0,20486.0
2018-12-09,14,TEN,20308.0,21312.0
2018-12-09,15,TEN,20962.0,21957.0
2018-12-09,16,TEN,21111.0,22026.0
2018-12-09,17,TEN,21052.0,22010.0
2018-12-09,18,TEN,20870.0,21841.0
2018-12-09,19,TEN,20706.0,21685.0
2018-12-09,20,TEN,20517.0,21067.0
2018-12-09,21,TEN,20441.0,20804.0
2018-12-09,22,TEN,20653.0,21091.0
2018-12-09,23,TEN,21454.0,21535.0
2018-12-10,0,TEN,22237.0,22246.0
2018-12-10,1,TEN,22062.0,22169.0
2018-12-10,2,TEN,21983.0,22140.0
2018-12-10,3,TEN,21488.0,22033.0
2018-12-10,4,TEN,20595.0,21180.0
2018-12-10,5,TEN,19629.0,20268.0
2018-12-10,6,TEN,19058.0,19636.0
2018-12-10,7,TEN,18589.0,19156.0
2018-12-10,8,TEN,18571.0,18751.0
2018-12-10,9,TEN,18734.0,18944.0
2018-12-10,10,TEN,19069.0,19254.0
2018-12-10,11,TEN,19861.0,20365.0
2018-12-10,12,TEN,21308.0,22237.0
2018-12-10,13,TEN,22935.0,23822.0
2018-12-10,14,TEN,23098.0,23924.0
2018-12-10,15,TEN,22871.0,23807.0
2018-12-10,16,TEN,22158.0,23034.0
2018-12-10,17,TEN,21666.0,21906.0
2018-12-10,18,TEN,21239.0,21505.0
2018-12-10,19,TEN,20888.0,21137.0
2018-12-10,20,TEN,20546.0,20560.0
2018-12-10,21,TEN,20336.0,20409.0
2018-12-10,22,TEN,20525.0,20637.0
2018-12-10,23,TEN,21556.0,22448.0
2018-12-11,0,TEN,22824.0,23660.0
2018-12-11,1,TEN,23201.0,24086.0
2018-12-11,2,TEN,23346.0,24230.0
2018-12-11,3,TEN,23413.0,24214.0
2018-12-11,4,TEN,22902.0,23641.0
2018-12-11,5,TEN,22222.0,23021.0
2018-12-11,6,TEN,21684.0,22347.0
2018-12-11,7,TEN,21668.0,22300.0
2018-12-11,8,TEN,21944.0,22529.0
2018-12-11,9,TEN,22211.0,22828.0
2018-12-11,10,TEN,22674.0,23370.0
2018-12-11,11,TEN,23597.0,24280.0
2018-12-11,12,TEN,25135.0,25310.0
2018-12-11,13,TEN,26623.0,25733.0
2018-12-11,14,TEN,26625.0,25730.0
2018-12-11,15,TEN,25387.0,24840.0
2018-12-11,16,TEN,23778.0,24403.0
2018-12-11,17,TEN,22317.0,23127.0
2018-12-11,18,TEN,20922.0,22100.0
2018-12-11,19,TEN,19906.0,21089.0
2018-12-11,20,TEN,19298.0,20458.0
2018-12-11,21,TEN,18906.0,20014.0
2018-12-11,22,TEN,19082.0,20183.0
2018-12-11,23,TEN,20471.0,21615.0
2018-12-12,0,TEN,22109.0,23189.0
2018-12-12,1,TEN,22669.0,23696.0
2018-12-12,2,TEN,22902.0,23956.0
2018-12-12,3,TEN,22920.0,23975.0
2018-12-12,4,TEN,22414.0,23272.0
2018-12-12,5,TEN,21501.0,22068.0
2018-12-12,6,TEN,20763.0,21370.0
2018-12-12,7,TEN,20367.0,21116.0
2018-12-12,8,TEN,20301.0,20879.0
2018-12-12,9,TEN,20149.0,20775.0
2018-12-12,10,TEN,20450.0,20946.0
2018-12-12,11,TEN,20980.0,21726.0
2018-12-12,12,TEN,22208.0,23342.0
2018-12-12,13,TEN,23330.0,24594.0
2018-12-12,14,TEN,23141.0,24489.0
2018-12-12,15,TEN,22397.0,23775.0
2018-12-12,16,TEN,21598.0,22976.0
2018-12-12,17,TEN,20677.0,21953.0
2018-12-12,18,TEN,19905.0,21212.0
2018-12-12,19,TEN,19438.0,20754.0
2018-12-12,20,TEN,19148.0,20554.0
2018-12-12,21,TEN,19031.0,20347.0
2018-12-12,22,TEN,19271.0,20542.0
2018-12-12,23,TEN,20268.0,21535.0
2018-12-13,0,TEN,21142.0,22324.0
2018-12-13,1,TEN,21146.0,22489.0
2018-12-13,2,TEN,20900.0,22247.0
2018-12-13,3,TEN,20555.0,21815.0
2018-12-13,4,TEN,19559.0,20946.0
2018-12-13,5,TEN,18502.0,19657.0
2018-12-13,6,TEN,17388.0,18520.0
2018-12-13,7,TEN,16962.0,18250.0
2018-12-13,8,TEN,16694.0,18016.0
2018-12-13,9,TEN,16546.0,17870.0
2018-12-13,10,TEN,16686.0,18004.0
2018-12-13,11,TEN,17114.0,18395.0
2018-12-13,12,TEN,18493.0,19855.0
2018-12-13,13,TEN,19826.0,21051.0
2018-12-13,14,TEN,19821.0,21168.0
2018-12-13,15,TEN,19479.0,20855.0
2018-12-13,16,TEN,19020.0,20500.0
2018-12-13,17,TEN,18511.0,20062.0
2018-12-13,18,TEN,17844.0,19470.0
2018-12-13,19,TEN,17540.0,19044.0
2018-12-13,20,TEN,17106.0,18630.0
2018-12-13,21,TEN,16885.0,18423.0
2018-12-13,22,TEN,17167.0,18673.0
2018-12-13,23,TEN,18123.0,19710.0
2018-12-14,0,TEN,19059.0,20646.0
2018-12-14,1,TEN,19189.0,20869.0
2018-12-14,2,TEN,19234.0,20856.0
2018-12-14,3,TEN,18763.0,20215.0
2018-12-14,4,TEN,18078.0,19463.0
2018-12-14,5,TEN,16962.0,18546.0
2018-12-14,6,TEN,15963.0,17336.0
2018-12-14,7,TEN,15417.0,16833.0
2018-12-14,8,TEN,15139.0,16440.0
2018-12-14,9,TEN,15007.0,16375.0
2018-12-14,10,TEN,15155.0,16422.0
2018-12-14,11,TEN,15585.0,16883.0
2018-12-14,12,TEN,16805.0,18223.0
2018-12-14,13,TEN,18180.0,19537.0
2018-12-14,14,TEN,18252.0,19645.0
2018-12-14,15,TEN,18193.0,19636.0
2018-12-14,16,TEN,18132.0,19580.0
2018-12-14,17,TEN,18252.0,19727.0
2018-12-14,18,TEN,18097.0,19753.0
2018-12-14,19,TEN,17913.0,19748.0
2018-12-14,20,TEN,17851.0,19654.0
2018-12-14,21,TEN,17708.0,19566.0
2018-12-14,22,TEN,17652.0,19441.0
2018-12-14,23,TEN,18199.0,19798.0
2018-12-15,0,TEN,18659.0,19969.0
2018-12-15,1,TEN,18397.0,19797.0
2018-12-15,2,TEN,17963.0,19387.0
2018-12-15,3,TEN,17591.0,18925.0
2018-12-15,4,TEN,16911.0,18293.0
2018-12-15,5,TEN,16155.0,17565.0
2018-12-15,6,TEN,15331.0,16624.0
2018-12-15,7,TEN,14688.0,15771.0
2018-12-15,8,TEN,14241.0,15188.0
2018-12-15,9,TEN,14089.0,15072.0
2018-12-15,10,TEN,14132.0,15117.0
2018-12-15,11,TEN,14361.0,15333.0
2018-12-15,12,TEN,14921.0,15878.0
2018-12-15,13,TEN,15626.0,16685.0
2018-12-15,14,TEN,16216.0,17298.0
2018-12-15,15,TEN,16917.0,17899.0
2018-12-15,16,TEN,17252.0,18317.0
2018-12-15,17,TEN,17304.0,18301.0
2018-12-15,18,TEN,16938.0,17954.0
2018-12-15,19,TEN,16828.0,17759.0
2018-12-15,20,TEN,16584.0,17499.0
2018-12-15,21,TEN,16533.0,17483.0
2018-12-15,22,TEN,16665.0,17579.0
2018-12-15,23,TEN,17416.0,18270.0
2018-12-16,0,TEN,18090.0,19025.0
2018-12-16,1,TEN,17966.0,18934.0
2018-12-16,2,TEN,17675.0,18621.0
2018-12-16,3,TEN,17557.0,18462.0
2018-12-16,4,TEN,17102.0,18011.0
2018-12-16,5,TEN,16537.0,17525.0
2018-12-16,6,TEN,15769.0,16771.0
2018-12-16,7,TEN,15212.0,16269.0
2018-12-16,8,TEN,14873.0,15938.0
2018-12-16,9,TEN,14707.0,15776.0
2018-12-16,10,TEN,14786.0,15780.0
2018-12-16,11,TEN,14964.0,15962.0
2018-12-16,12,TEN,15397.0,16395.0
2018-12-16,13,TEN,15997.0,16952.0
2018-12-16,14,TEN,16765.0,17712.0
2018-12-16,15,TEN,17394.0,18344.0
2018-12-16,16,TEN,17375.0,18329.0
2018-12-16,17,TEN,16897.0,17897.0
2018-12-16,18,TEN,16576.0,17468.0
2018-12-16,19,TEN,16402.0,17330.0
2018-12-16,20,TEN,16101.0,17087.0
2018-12-16,21,TEN,15964.0,16960.0
2018-12-16,22,TEN,16048.0,17030.0
2018-12-16,23,TEN,16807.0,17753.0
2018-12-17,0,TEN,17999.0,18940.0
2018-12-17,1,TEN,18204.0,19167.0
2018-12-17,2,TEN,18362.0,19317.0
2018-12-17,3,TEN,18184.0,19142.0
2018-12-17,4,TEN,17739.0,18654.0
2018-12-17,5,TEN,16975.0,17914.0
2018-12-17,6,TEN,16310.0,17368.0
2018-12-17,7,TEN,15985.0,17247.0
2018-12-17,8,TEN,16079.0,17297.0
2018-12-17,9,TEN,16162.0,17455.0
2018-12-17,10,TEN,16607.0,17921.0
2018-12-17,11,TEN,17411.0,18767.0
2018-12-17,12,TEN,19156.0,20282.0
2018-12-17,13,TEN,20858.0,21523.0
2018-12-17,14,TEN,20986.0,21560.0
2018-12-17,15,TEN,20342.0,21172.0
2018-12-17,16,TEN,19341.0,20148.0
2018-12-17,17,TEN,18500.0,19566.0
2018-12-17,18,TEN,17772.0,18906.0
2018-12-17,19,TEN,17150.0,18235.0
2018-12-17,20,TEN,16819.0,17887.0
2018-12-17,21,TEN,16592.0,17694.0
2018-12-17,22,TEN,16607.0,17696.0
2018-12-17,23,TEN,17558.0,18638.0
2018-12-18,0,TEN,19089.0,20127.0
2018-12-18,1,TEN,19537.0,20688.0
2018-12-18,2,TEN,19733.0,20901.0
2018-12-18,3,TEN,19697.0,20854.0
2018-12-18,4,TEN,19105.0,20185.0
2018-12-18,5,TEN,18512.0,19621.0
2018-12-18,6,TEN,18006.0,19233.0
2018-12-18,7,TEN,17956.0,19245.0
2018-12-18,8,TEN,18011.0,19325.0
2018-12-18,9,TEN,18385.0,19668.0
2018-12-18,10,TEN,18702.0,20048.0
2018-12-18,11,TEN,19694.0,21002.0
2018-12-18,12,TEN,21409.0,22671.0
2018-12-18,13,TEN,22920.0,23532.0
2018-12-18,14,TEN,22860.0,23335.0
2018-12-18,15,TEN,21777.0,22796.0
2018-12-18,16,TEN,20239.0,21675.0
2018-12-18,17,TEN,19366.0,20761.0
2018-12-18,18,TEN,18330.0,19833.0
2018-12-18,19,TEN,17799.0,19436.0
2018-12-18,20,TEN,17436.0,19081.0
2018-12-18,21,TEN,17009.0,18706.0
2018-12-18,22,TEN,17175.0,18833.0
2018-12-18,23,TEN,18224.0,19979.0
2018-12-19,0,TEN,19577.0,21056.0
2018-12-19,1,TEN,20137.0,21639.0
2018-12-19,2,TEN,20237.0,21733.0
2018-12-19,3,TEN,20205.0,21674.0
2018-12-19,4,TEN,19842.0,21267.0
2018-12-19,5,TEN,19029.0,20340.0
2018-12-19,6,TEN,18302.0,19393.0
2018-12-19,7,TEN,18092.0,19276.0
2018-12-19,8,TEN,18017.0,19201.0
2018-12-19,9,TEN,18132.0,19333.0
2018-12-19,10,TEN,18452.0,19656.0
2018-12-19,11,TEN,19246.0,20490.0
2018-12-19,12,TEN,20825.0,22337.0
2018-12-19,13,TEN,22227.0,23224.0
2018-12-19,14,TEN,22240.0,23282.0
2018-12-19,15,TEN,21554.0,22918.0
2018-12-19,16,TEN,20367.0,21738.0
2018-12-19,17,TEN,19233.0,20565.0
2018-12-19,18,TEN,18342.0,19676.0
2018-12-19,19,TEN,17776.0,19163.0
2018-12-19,20,TEN,17600.0,18961.0
2018-12-19,21,TEN,17417.0,18848.0
2018-12-19,22,TEN,17604.0,19008.0
2018-12-19,23,TEN,18498.0,19899.0
2018-12-20,0,TEN,19456.0,20849.0
2018-12-20,1,TEN,19542.0,21016.0
2018-12-20,2,TEN,19292.0,20775.0
2018-12-20,3,TEN,18977.0,20374.0
2018-12-20,4,TEN,18221.0,19376.0
2018-12-20,5,TEN,17191.0,18375.0
2018-12-20,6,TEN,16316.0,17440.0
2018-12-20,7,TEN,15771.0,16937.0
2018-12-20,8,TEN,15554.0,16728.0
2018-12-20,9,TEN,15385.0,16581.0
2018-12-20,10,TEN,15495.0,16654.0
2018-12-20,11,TEN,15901.0,17081.0
2018-12-20,12,TEN,17113.0,18645.0
2018-12-20,13,TEN,18269.0,19783.0
2018-12-20,14,TEN,18625.0,20082.0
2018-12-20,15,TEN,18764.0,20220.0
2018-12-20,16,TEN,18834.0,20314.0
2018-12-20,17,TEN,18792.0,20263.0
2018-12-20,18,TEN,18704.0,20184.0
2018-12-20,19,TEN,18801.0,20291.0
2018-12-20,20,TEN,18581.0,20111.0
2018-12-20,21,TEN,18407.0,19807.0
2018-12-20,22,TEN,18664.0,19894.0
2018-12-20,23,TEN,19158.0,20337.0
2018-12-21,0,TEN,19725.0,20811.0
2018-12-21,1,TEN,19483.0,20600.0
2018-12-21,2,TEN,19310.0,20569.0
2018-12-21,3,TEN,18822.0,20085.0
2018-12-21,4,TEN,18128.0,19283.0
2018-12-21,5,TEN,17279.0,18390.0
2018-12-21,6,TEN,16454.0,17554.0
2018-12-21,7,TEN,15949.0,16947.0
2018-12-21,8,TEN,15724.0,16729.0
2018-12-21,9,TEN,15596.0,16613.0
2018-12-21,10,TEN,15715.0,16728.0
2018-12-21,11,TEN,16261.0,17336.0
2018-12-21,12,TEN,17419.0,18520.0
2018-12-21,13,TEN,18729.0,19863.0
2018-12-21,14,TEN,19384.0,20462.0
2018-12-21,15,TEN,19830.0,20976.0
2018-12-21,16,TEN,20105.0,21274.0
2018-12-21,17,TEN,20254.0,21408.0
2018-12-21,18,TEN,20309.0,21453.0
2018-12-21,19,TEN,20321.0,21479.0
2018-12-21,20,TEN,20230.0,21423.0
2018-12-21,21,TEN,20204.0,21374.0
2018-12-21,22,TEN,20338.0,21524.0
2018-12-21,23,TEN,20787.0,21931.0
2018-12-22,0,TEN,21221.0,22339.0
2018-12-22,1,TEN,21029.0,21950.0
2018-12-22,2,TEN,20765.0,21670.0
2018-12-22,3,TEN,20452.0,21645.0
2018-12-22,4,TEN,19975.0,21090.0
2018-12-22,5,TEN,19195.0,20192.0
2018-12-22,6,TEN,18397.0,18976.0
2018-12-22,7,TEN,17902.0,18478.0
2018-12-22,8,TEN,17754.0,18304.0
2018-12-22,9,TEN,17780.0,18342.0
2018-12-22,10,TEN,17963.0,18517.0
2018-12-22,11,TEN,18430.0,19017.0
2018-12-22,12,TEN,19235.0,19769.0
2018-12-22,13,TEN,20047.0,20670.0
2018-12-22,14,TEN,20648.0,21235.0
2018-12-22,15,TEN,20621.0,21285.0
2018-12-22,16,TEN,19881.0,20559.0
2018-12-22,17,TEN,18875.0,19541.0
2018-12-22,18,TEN,17830.0,18491.0
2018-12-22,19,TEN,16914.0,17532.0
2018-12-22,20,TEN,16299.0,16965.0
2018-12-22,21,TEN,15839.0,16535.0
2018-12-22,22,TEN,15980.0,16654.0
2018-12-22,23,TEN,16911.0,17589.0
2018-12-23,0,TEN,18285.0,18976.0
2018-12-23,1,TEN,18715.0,19420.0
2018-12-23,2,TEN,18996.0,19616.0
2018-12-23,3,TEN,19190.0,19886.0
2018-12-23,4,TEN,19037.0,19750.0
2018-12-23,5,TEN,18523.0,19114.0
2018-12-23,6,TEN,17966.0,18551.0
2018-12-23,7,TEN,17609.0,18184.0
2018-12-23,8,TEN,17371.0,17965.0
2018-12-23,9,TEN,17103.0,17701.0
2018-12-23,10,TEN,16981.0,17589.0
2018-12-23,11,TEN,17122.0,17722.0
2018-12-23,12,TEN,17506.0,18136.0
2018-12-23,13,TEN,18001.0,18605.0
2018-12-23,14,TEN,18495.0,19044.0
2018-12-23,15,TEN,18746.0,19243.0
2018-12-23,16,TEN,18347.0,18882.0
2018-12-23,17,TEN,18150.0,18674.0
2018-12-23,18,TEN,17875.0,18449.0
2018-12-23,19,TEN,17804.0,18328.0
2018-12-23,20,TEN,17580.0,18115.0
2018-12-23,21,TEN,17470.0,18005.0
2018-12-23,22,TEN,17598.0,18152.0
2018-12-23,23,TEN,18247.0,18764.0
2018-12-24,0,TEN,19137.0,19673.0
2018-12-24,1,TEN,19176.0,19717.0
2018-12-24,2,TEN,19163.0,19443.0
2018-12-24,3,TEN,19150.0,19379.0
2018-12-24,4,TEN,18806.0,19079.0
2018-12-24,5,TEN,18461.0,19053.0
2018-12-24,6,TEN,18045.0,18621.0
2018-12-24,7,TEN,17856.0,18423.0
2018-12-24,8,TEN,17856.0,18406.0
2018-12-24,9,TEN,18042.0,18610.0
2018-12-24,10,TEN,18315.0,18942.0
2018-12-24,11,TEN,18724.0,19298.0
2018-12-24,12,TEN,19534.0,19750.0
2018-12-24,13,TEN,20414.0,20443.0
2018-12-24,14,TEN,21015.0,20987.0
2018-12-24,15,TEN,20818.0,20880.0
2018-12-24,16,TEN,19838.0,20105.0
2018-12-24,17,TEN,18785.0,19317.0
2018-12-24,18,TEN,17674.0,18198.0
2018-12-24,19,TEN,16844.0,17508.0
2018-12-24,20,TEN,16000.0,16614.0
2018-12-24,21,TEN,15635.0,16261.0
2018-12-24,22,TEN,15746.0,16367.0
2018-12-24,23,TEN,16595.0,17145.0
2018-12-25,0,TEN,17768.0,18285.0
2018-12-25,1,TEN,18108.0,18716.0
2018-12-25,2,TEN,18377.0,18966.0
2018-12-25,3,TEN,18636.0,19150.0
2018-12-25,4,TEN,18628.0,19246.0
2018-12-25,5,TEN,18296.0,18952.0
2018-12-25,6,TEN,17861.0,18439.0
2018-12-25,7,TEN,17546.0,18216.0
2018-12-25,8,TEN,17277.0,17968.0
2018-12-25,9,TEN,17097.0,17800.0
2018-12-25,10,TEN,17073.0,17741.0
2018-12-25,11,TEN,17215.0,17918.0
2018-12-25,12,TEN,17567.0,18244.0
2018-12-25,13,TEN,18074.0,18669.0
2018-12-25,14,TEN,18506.0,18964.0
2018-12-25,15,TEN,18738.0,19204.0
2018-12-25,16,TEN,18475.0,19068.0
2018-12-25,17,TEN,18014.0,18632.0
2018-12-25,18,TEN,17235.0,17854.0
2018-12-25,19,TEN,16313.0,16972.0
2018-12-25,20,TEN,15462.0,16060.0
2018-12-25,21,TEN,15051.0,15662.0
2018-12-25,22,TEN,14985.0,15592.0
2018-12-25,23,TEN,15535.0,16123.0
2018-12-26,0,TEN,16534.0,17079.0
2018-12-26,1,TEN,16805.0,17434.0
2018-12-26,2,TEN,17035.0,17638.0
2018-12-26,3,TEN,17133.0,17748.0
2018-12-26,4,TEN,17029.0,17637.0
2018-12-26,5,TEN,16646.0,17299.0
2018-12-26,6,TEN,16249.0,16890.0
2018-12-26,7,TEN,15965.0,16505.0
2018-12-26,8,TEN,15890.0,16470.0
2018-12-26,9,TEN,15861.0,16430.0
2018-12-26,10,TEN,16020.0,16599.0
2018-12-26,11,TEN,16487.0,17084.0
2018-12-26,12,TEN,17421.0,18066.0
2018-12-26,13,TEN,18382.0,19074.0
2018-12-26,14,TEN,18767.0,19470.0
2018-12-26,15,TEN,18767.0,19601.0
2018-12-26,16,TEN,18333.0,19248.0
2018-12-26,17,TEN,17896.0,18795.0
2018-12-26,18,TEN,17394.0,18257.0
2018-12-26,19,TEN,16848.0,17768.0
2018-12-26,20,TEN,16315.0,17293.0
2018-12-26,21,TEN,15948.0,16921.0
2018-12-26,22,TEN,16122.0,17028.0
2018-12-26,23,TEN,16857.0,17764.0
2018-12-27,0,TEN,18066.0,18930.0
2018-12-27,1,TEN,18149.0,19033.0
2018-12-27,2,TEN,18079.0,19025.0
2018-12-27,3,TEN,17729.0,18667.0
2018-12-27,4,TEN,17123.0,17971.0
2018-12-27,5,TEN,16256.0,17054.0
2018-12-27,6,TEN,15544.0,16138.0
2018-12-27,7,TEN,15098.0,15664.0
2018-12-27,8,TEN,14846.0,15403.0
2018-12-27,9,TEN,14716.0,15313.0
2018-12-27,10,TEN,14771.0,15332.0
2018-12-27,11,TEN,15092.0,15708.0
2018-12-27,12,TEN,15863.0,16496.0
2018-12-27,13,TEN,16749.0,17447.0
2018-12-27,14,TEN,17133.0,17989.0
2018-12-27,15,TEN,17320.0,18288.0
2018-12-27,16,TEN,17310.0,18276.0
2018-12-27,17,TEN,17392.0,18327.0
2018-12-27,18,TEN,17251.0,18203.0
2018-12-27,19,TEN,16971.0,17945.0
2018-12-27,20,TEN,16845.0,17823.0
2018-12-27,21,TEN,16708.0,17663.0
2018-12-27,22,TEN,16791.0,17722.0
2018-12-27,23,TEN,17404.0,18253.0
2018-12-28,0,TEN,17813.0,18651.0
2018-12-28,1,TEN,17594.0,18584.0
2018-12-28,2,TEN,17295.0,18238.0
2018-12-28,3,TEN,16603.0,17570.0
2018-12-28,4,TEN,15922.0,16805.0
2018-12-28,5,TEN,14995.0,15854.0
2018-12-28,6,TEN,14216.0,15023.0
2018-12-28,7,TEN,13573.0,14515.0
2018-12-28,8,TEN,13272.0,14405.0
2018-12-28,9,TEN,13066.0,14390.0
2018-12-28,10,TEN,13115.0,14482.0
2018-12-28,11,TEN,13432.0,14620.0
2018-12-28,12,TEN,14153.0,15218.0
2018-12-28,13,TEN,15033.0,16035.0
2018-12-28,14,TEN,15514.0,16604.0
2018-12-28,15,TEN,15915.0,16962.0
2018-12-28,16,TEN,16136.0,16688.0
2018-12-28,17,TEN,16240.0,16460.0
2018-12-28,18,TEN,16202.0,16442.0
2018-12-28,19,TEN,15816.0,15998.0
2018-12-28,20,TEN,15581.0,15748.0
2018-12-28,21,TEN,15349.0,15538.0
2018-12-28,22,TEN,15260.0,15435.0
2018-12-28,23,TEN,15711.0,15850.0
2018-12-29,0,TEN,16781.0,16937.0
2018-12-29,1,TEN,16900.0,17032.0
2018-12-29,2,TEN,16741.0,16955.0
2018-12-29,3,TEN,16512.0,16635.0
2018-12-29,4,TEN,16374.0,16300.0
2018-12-29,5,TEN,15997.0,16092.0
2018-12-29,6,TEN,15471.0,15525.0
2018-12-29,7,TEN,15159.0,15133.0
2018-12-29,8,TEN,15102.0,15086.0
2018-12-29,9,TEN,15118.0,14909.0
2018-12-29,10,TEN,15406.0,15101.0
2018-12-29,11,TEN,15837.0,15783.0
2018-12-29,12,TEN,16490.0,16690.0
2018-12-29,13,TEN,17284.0,17316.0
2018-12-29,14,TEN,17839.0,17828.0
2018-12-29,15,TEN,18410.0,18161.0
2018-12-29,16,TEN,18380.0,18065.0
2018-12-29,17,TEN,17765.0,17487.0
2018-12-29,18,TEN,17469.0,17106.0
2018-12-29,19,TEN,16805.0,16687.0
2018-12-29,20,TEN,16297.0,16190.0
2018-12-29,21,TEN,16307.0,16194.0
2018-12-29,22,TEN,16594.0,16619.0
2018-12-29,23,TEN,17484.0,17636.0
2018-12-30,0,TEN,18568.0,18665.0
2018-12-30,1,TEN,18696.0,18568.0
2018-12-30,2,TEN,18450.0,18340.0
2018-12-30,3,TEN,18076.0,18030.0
2018-12-30,4,TEN,17671.0,17810.0
2018-12-30,5,TEN,16978.0,17143.0
2018-12-30,6,TEN,16338.0,16532.0
2018-12-30,7,TEN,15826.0,15975.0
2018-12-30,8,TEN,15524.0,15672.0
2018-12-30,9,TEN,15309.0,15449.0
2018-12-30,10,TEN,15283.0,15436.0
2018-12-30,11,TEN,15405.0,15604.0
2018-12-30,12,TEN,15766.0,15903.0
2018-12-30,13,TEN,16405.0,16566.0
2018-12-30,14,TEN,17066.0,17037.0
2018-12-30,15,TEN,17476.0,17453.0
2018-12-30,16,TEN,17171.0,17141.0
2018-12-30,17,TEN,16404.0,16498.0
2018-12-30,18,TEN,15989.0,16044.0
2018-12-30,19,TEN,15635.0,15698.0
2018-12-30,20,TEN,15349.0,15442.0
2018-12-30,21,TEN,15189.0,15290.0
2018-12-30,22,TEN,15282.0,15431.0
2018-12-30,23,TEN,16065.0,16144.0
2018-12-31,0,TEN,16972.0,17105.0
2018-12-31,1,TEN,16954.0,17097.0
2018-12-31,2,TEN,16723.0,16870.0
2018-12-31,3,TEN,16360.0,16466.0
2018-12-31,4,TEN,15764.0,15851.0
2018-12-31,5,TEN,14985.0,15102.0
2018-12-31,6,TEN,14362.0,14329.0
2018-12-31,7,TEN,13729.0,13723.0
2018-12-31,8,TEN,13329.0,13307.0
2018-12-31,9,TEN,13158.0,13145.0
2018-12-31,10,TEN,13153.0,13148.0
2018-12-31,11,TEN,13299.0,13335.0
2018-12-31,12,TEN,13795.0,13748.0
2018-12-31,13,TEN,14400.0,14447.0
2018-12-31,14,TEN,14709.0,14698.0
2018-12-31,15,TEN,14966.0,14960.0
2018-12-31,16,TEN,15315.0,15278.0
2018-12-31,17,TEN,15480.0,15389.0
2018-12-31,18,TEN,15377.0,15390.0
2018-12-31,19,TEN,15347.0,15370.0
2018-12-31,20,TEN,15242.0,15227.0
2018-12-31,21,TEN,15266.0,15280.0
2018-12-31,22,TEN,15240.0,15241.0
2018-12-31,23,TEN,15845.0,15762.0
2019-01-01,0,TEN,16402.0,16370.0
2019-01-01,1,TEN,16079.0,16112.0
2019-01-01,2,TEN,15438.0,15407.0
2019-01-01,3,TEN,14967.0,14928.0
2019-01-01,4,TEN,14381.0,14428.0
2019-01-01,5,TEN,13865.0,13872.0
2019-01-01,6,TEN,13399.0,13571.0
2019-01-01,7,TEN,12930.0,13370.0
2019-01-01,8,TEN,12578.0,13005.0
2019-01-01,9,TEN,12415.0,12855.0
2019-01-01,10,TEN,12374.0,12808.0
2019-01-01,11,TEN,12562.0,12993.0
2019-01-01,12,TEN,12874.0,12904.0
2019-01-01,13,TEN,13373.0,13219.0
2019-01-01,14,TEN,13672.0,13598.0
2019-01-01,15,TEN,14219.0,14079.0
2019-01-01,16,TEN,14801.0,14669.0
2019-01-01,17,TEN,15135.0,15076.0
2019-01-01,18,TEN,15435.0,15348.0
2019-01-01,19,TEN,15184.0,15163.0
2019-01-01,20,TEN,15135.0,15170.0
2019-01-01,21,TEN,14971.0,15535.0
2019-01-01,22,TEN,15248.0,15910.0
2019-01-01,23,TEN,16039.0,16641.0
2019-01-02,0,TEN,16942.0,17467.0
2019-01-02,1,TEN,16854.0,17533.0
2019-01-02,2,TEN,16694.0,17330.0
2019-01-02,3,TEN,16458.0,17095.0
2019-01-02,4,TEN,15933.0,16566.0
2019-01-02,5,TEN,15270.0,15890.0
2019-01-02,6,TEN,14708.0,15333.0
2019-01-02,7,TEN,14209.0,14931.0
2019-01-02,8,TEN,14065.0,14811.0
2019-01-02,9,TEN,14134.0,14831.0
2019-01-02,10,TEN,14380.0,15069.0
2019-01-02,11,TEN,14934.0,15708.0
2019-01-02,12,TEN,16017.0,16709.0
2019-01-02,13,TEN,17341.0,17934.0
2019-01-02,14,TEN,17969.0,18573.0
2019-01-02,15,TEN,18113.0,18749.0
2019-01-02,16,TEN,18371.0,18974.0
2019-01-02,17,TEN,18654.0,19350.0
2019-01-02,18,TEN,18714.0,19433.0
2019-01-02,19,TEN,18664.0,19347.0
2019-01-02,20,TEN,18623.0,19283.0
2019-01-02,21,TEN,18595.0,19220.0
2019-01-02,22,TEN,18708.0,19344.0
2019-01-02,23,TEN,19220.0,19912.0
2019-01-03,0,TEN,19858.0,20213.0
2019-01-03,1,TEN,19818.0,20507.0
2019-01-03,2,TEN,19475.0,20132.0
2019-01-03,3,TEN,18928.0,19544.0
2019-01-03,4,TEN,18163.0,18814.0
2019-01-03,5,TEN,17137.0,17868.0
2019-01-03,6,TEN,16335.0,17032.0
2019-01-03,7,TEN,15920.0,16572.0
2019-01-03,8,TEN,15604.0,16255.0
2019-01-03,9,TEN,15378.0,16030.0
2019-01-03,10,TEN,15627.0,16272.0
2019-01-03,11,TEN,16052.0,16749.0
2019-01-03,12,TEN,17115.0,17745.0
2019-01-03,13,TEN,18330.0,18843.0
2019-01-03,14,TEN,18714.0,19298.0
2019-01-03,15,TEN,18863.0,19461.0
2019-01-03,16,TEN,18947.0,19529.0
2019-01-03,17,TEN,19021.0,19585.0
2019-01-03,18,TEN,18794.0,19387.0
2019-01-03,19,TEN,18596.0,19197.0
2019-01-03,20,TEN,18401.0,19014.0
2019-01-03,21,TEN,18068.0,18676.0
2019-01-03,22,TEN,18326.0,18866.0
2019-01-03,23,TEN,19000.0,19505.0
2019-01-04,0,TEN,19841.0,20420.0
2019-01-04,1,TEN,19829.0,20404.0
2019-01-04,2,TEN,19539.0,20097.0
2019-01-04,3,TEN,19051.0,19666.0
2019-01-04,4,TEN,18309.0,18960.0
2019-01-04,5,TEN,17404.0,18196.0
2019-01-04,6,TEN,16571.0,17173.0
2019-01-04,7,TEN,15923.0,16464.0
2019-01-04,8,TEN,15637.0,16108.0
2019-01-04,9,TEN,15421.0,15913.0
2019-01-04,10,TEN,15464.0,15962.0
2019-01-04,11,TEN,15878.0,16371.0
2019-01-04,12,TEN,16830.0,17343.0
2019-01-04,13,TEN,17807.0,18354.0
2019-01-04,14,TEN,18113.0,18661.0
2019-01-04,15,TEN,18213.0,18750.0
2019-01-04,16,TEN,18171.0,18749.0
2019-01-04,17,TEN,18231.0,18773.0
2019-01-04,18,TEN,18050.0,18635.0
2019-01-04,19,TEN,18007.0,18557.0
2019-01-04,20,TEN,17838.0,18376.0
2019-01-04,21,TEN,17771.0,18330.0
2019-01-04,22,TEN,17960.0,18518.0
2019-01-04,23,TEN,18566.0,19085.0
2019-01-05,0,TEN,19411.0,19934.0
2019-01-05,1,TEN,19235.0,19823.0
2019-01-05,2,TEN,19043.0,19683.0
2019-01-05,3,TEN,18777.0,19395.0
2019-01-05,4,TEN,18254.0,18654.0
2019-01-05,5,TEN,17661.0,18136.0
2019-01-05,6,TEN,16970.0,17570.0
2019-01-05,7,TEN,16625.0,17257.0
2019-01-05,8,TEN,16424.0,17100.0
2019-01-05,9,TEN,16342.0,17064.0
2019-01-05,10,TEN,16419.0,17139.0
2019-01-05,11,TEN,16849.0,17506.0
2019-01-05,12,TEN,17396.0,18069.0
2019-01-05,13,TEN,18228.0,18997.0
2019-01-05,14,TEN,18792.0,19526.0
2019-01-05,15,TEN,18698.0,19408.0
2019-01-05,16,TEN,18176.0,18855.0
2019-01-05,17,TEN,17577.0,18247.0
2019-01-05,18,TEN,16950.0,17577.0
2019-01-05,19,TEN,16274.0,16872.0
2019-01-05,20,TEN,15724.0,16410.0
2019-01-05,21,TEN,15428.0,16139.0
2019-01-05,22,TEN,15392.0,16151.0
2019-01-05,23,TEN,15992.0,16683.0
2019-01-06,0,TEN,17357.0,17933.0
2019-01-06,1,TEN,17636.0,18336.0
2019-01-06,2,TEN,17663.0,18352.0
2019-01-06,3,TEN,17613.0,18298.0
2019-01-06,4,TEN,17377.0,18050.0
2019-01-06,5,TEN,17044.0,17631.0
2019-01-06,6,TEN,16656.0,17292.0
2019-01-06,7,TEN,16430.0,17151.0
2019-01-06,8,TEN,16317.0,17110.0
2019-01-06,9,TEN,16382.0,17082.0
2019-01-06,10,TEN,16656.0,17343.0
2019-01-06,11,TEN,17031.0,17748.0
2019-01-06,12,TEN,17700.0,18425.0
2019-01-06,13,TEN,18353.0,19109.0
2019-01-06,14,TEN,18829.0,19505.0
2019-01-06,15,TEN,18629.0,19291.0
2019-01-06,16,TEN,17438.0,18106.0
2019-01-06,17,TEN,16394.0,17028.0
2019-01-06,18,TEN,15665.0,16323.0
2019-01-06,19,TEN,15279.0,16040.0
2019-01-06,20,TEN,14944.0,15697.0
2019-01-06,21,TEN,14733.0,15529.0
2019-01-06,22,TEN,14875.0,15677.0
2019-01-06,23,TEN,15492.0,16230.0
2019-01-07,0,TEN,16948.0,17578.0
2019-01-07,1,TEN,17151.0,17818.0
2019-01-07,2,TEN,17156.0,17862.0
2019-01-07,3,TEN,16826.0,17527.0
2019-01-07,4,TEN,16364.0,17031.0
2019-01-07,5,TEN,15766.0,16485.0
2019-01-07,6,TEN,15170.0,15940.0
2019-01-07,7,TEN,14876.0,15637.0
2019-01-07,8,TEN,14722.0,15726.0
2019-01-07,9,TEN,14716.0,15739.0
2019-01-07,10,TEN,14918.0,15910.0
2019-01-07,11,TEN,15448.0,16239.0
2019-01-07,12,TEN,16756.0,17500.0
2019-01-07,13,TEN,18260.0,18958.0
2019-01-07,14,TEN,18356.0,19034.0
2019-01-07,15,TEN,17882.0,18595.0
2019-01-07,16,TEN,17368.0,18050.0
2019-01-07,17,TEN,17086.0,17780.0
2019-01-07,18,TEN,16732.0,17481.0
2019-01-07,19,TEN,16508.0,17238.0
2019-01-07,20,TEN,16343.0,17086.0
2019-01-07,21,TEN,16313.0,17051.0
2019-01-07,22,TEN,16168.0,16905.0
2019-01-07,23,TEN,17091.0,17793.0
2019-01-08,0,TEN,18023.0,18745.0
2019-01-08,1,TEN,18166.0,18894.0
2019-01-08,2,TEN,17617.0,18368.0
2019-01-08,3,TEN,17083.0,17855.0
2019-01-08,4,TEN,16291.0,17049.0
2019-01-08,5,TEN,15306.0,16098.0
2019-01-08,6,TEN,14472.0,15153.0
2019-01-08,7,TEN,13904.0,14647.0
2019-01-08,8,TEN,13648.0,14556.0
2019-01-08,9,TEN,13469.0,14643.0
2019-01-08,10,TEN,13457.0,14704.0
2019-01-08,11,TEN,13901.0,14868.0
2019-01-08,12,TEN,15243.0,16066.0
2019-01-08,13,TEN,16638.0,17398.0
2019-01-08,14,TEN,16813.0,17544.0
2019-01-08,15,TEN,16621.0,17293.0
2019-01-08,16,TEN,16554.0,17299.0
2019-01-08,17,TEN,16514.0,17191.0
2019-01-08,18,TEN,16374.0,17070.0
2019-01-08,19,TEN,16252.0,16902.0
2019-01-08,20,TEN,16071.0,16774.0
2019-01-08,21,TEN,15806.0,16590.0
2019-01-08,22,TEN,15862.0,16571.0
2019-01-08,23,TEN,16291.0,16956.0
2019-01-09,0,TEN,17480.0,18118.0
2019-01-09,1,TEN,17740.0,18424.0
2019-01-09,2,TEN,17761.0,18427.0
2019-01-09,3,TEN,17410.0,18076.0
2019-01-09,4,TEN,16967.0,17618.0
2019-01-09,5,TEN,16221.0,16801.0
2019-01-09,6,TEN,15698.0,16244.0
2019-01-09,7,TEN,15565.0,16160.0
2019-01-09,8,TEN,15594.0,16220.0
2019-01-09,9,TEN,15840.0,16433.0
2019-01-09,10,TEN,16254.0,16881.0
2019-01-09,11,TEN,16950.0,17594.0
2019-01-09,12,TEN,18682.0,19585.0
2019-01-09,13,TEN,20389.0,20968.0
2019-01-09,14,TEN,20475.0,21135.0
2019-01-09,15,TEN,19909.0,20603.0
2019-01-09,16,TEN,19369.0,20065.0
2019-01-09,17,TEN,18993.0,19666.0
2019-01-09,18,TEN,18580.0,19302.0
2019-01-09,19,TEN,18314.0,18993.0
2019-01-09,20,TEN,18033.0,18738.0
2019-01-09,21,TEN,17897.0,18623.0
2019-01-09,22,TEN,18103.0,18803.0
2019-01-09,23,TEN,19233.0,19908.0
2019-01-10,0,TEN,20967.0,21607.0
2019-01-10,1,TEN,21569.0,22097.0
2019-01-10,2,TEN,21753.0,22381.0
2019-01-10,3,TEN,21619.0,22099.0
2019-01-10,4,TEN,20973.0,21505.0
2019-01-10,5,TEN,20319.0,20666.0
2019-01-10,6,TEN,19917.0,20253.0
2019-01-10,7,TEN,19722.0,20244.0
2019-01-10,8,TEN,19633.0,20183.0
2019-01-10,9,TEN,19754.0,20367.0
2019-01-10,10,TEN,20184.0,20785.0
2019-01-10,11,TEN,21187.0,21756.0
2019-01-10,12,TEN,22740.0,22710.0
2019-01-10,13,TEN,24300.0,23480.0
2019-01-10,14,TEN,24368.0,23630.0
2019-01-10,15,TEN,23745.0,23487.0
2019-01-10,16,TEN,22910.0,23006.0
2019-01-10,17,TEN,21951.0,22226.0
2019-01-10,18,TEN,21030.0,21739.0
2019-01-10,19,TEN,20249.0,20986.0
2019-01-10,20,TEN,19710.0,20433.0
2019-01-10,21,TEN,19277.0,19964.0
2019-01-10,22,TEN,19417.0,20122.0
2019-01-10,23,TEN,20579.0,21246.0
2019-01-11,0,TEN,22388.0,23110.0
2019-01-11,1,TEN,23042.0,23788.0
2019-01-11,2,TEN,23359.0,24029.0
2019-01-11,3,TEN,23263.0,23963.0
2019-01-11,4,TEN,22627.0,23096.0
2019-01-11,5,TEN,21730.0,22258.0
2019-01-11,6,TEN,21343.0,22016.0
2019-01-11,7,TEN,21279.0,21991.0
2019-01-11,8,TEN,21300.0,22017.0
2019-01-11,9,TEN,21566.0,22203.0
2019-01-11,10,TEN,21972.0,22657.0
2019-01-11,11,TEN,22749.0,23268.0
2019-01-11,12,TEN,24318.0,24558.0
2019-01-11,13,TEN,25648.0,25168.0
2019-01-11,14,TEN,25504.0,25235.0
2019-01-11,15,TEN,24200.0,24475.0
2019-01-11,16,TEN,22983.0,23804.0
2019-01-11,17,TEN,21943.0,22907.0
2019-01-11,18,TEN,20962.0,21968.0
2019-01-11,19,TEN,20006.0,20693.0
2019-01-11,20,TEN,19397.0,20131.0
2019-01-11,21,TEN,19105.0,19738.0
2019-01-11,22,TEN,19243.0,19864.0
2019-01-11,23,TEN,20012.0,20774.0
2019-01-12,0,TEN,21028.0,21708.0
2019-01-12,1,TEN,20977.0,21651.0
2019-01-12,2,TEN,20779.0,21440.0
2019-01-12,3,TEN,20307.0,20957.0
2019-01-12,4,TEN,19663.0,20362.0
2019-01-12,5,TEN,18894.0,19472.0
2019-01-12,6,TEN,18110.0,18740.0
2019-01-12,7,TEN,17662.0,18324.0
2019-01-12,8,TEN,17367.0,18038.0
2019-01-12,9,TEN,17188.0,17836.0
2019-01-12,10,TEN,17111.0,17730.0
2019-01-12,11,TEN,17357.0,17961.0
2019-01-12,12,TEN,17529.0,18168.0
2019-01-12,13,TEN,18145.0,18792.0
2019-01-12,14,TEN,18817.0,19619.0
2019-01-12,15,TEN,19306.0,20089.0
2019-01-12,16,TEN,19640.0,20347.0
2019-01-12,17,TEN,19516.0,20280.0
2019-01-12,18,TEN,19237.0,19959.0
2019-01-12,19,TEN,19044.0,19812.0
2019-01-12,20,TEN,18790.0,19539.0
2019-01-12,21,TEN,18776.0,19512.0
2019-01-12,22,TEN,18926.0,19643.0
2019-01-12,23,TEN,19364.0,19798.0
2019-01-13,0,TEN,19897.0,20186.0
2019-01-13,1,TEN,19632.0,20241.0
2019-01-13,2,TEN,19354.0,19993.0
2019-01-13,3,TEN,18846.0,19522.0
2019-01-13,4,TEN,18076.0,18778.0
2019-01-13,5,TEN,17478.0,18103.0
2019-01-13,6,TEN,16628.0,17245.0
2019-01-13,7,TEN,16099.0,16792.0
2019-01-13,8,TEN,15748.0,16435.0
2019-01-13,9,TEN,15623.0,16268.0
2019-01-13,10,TEN,15605.0,16244.0
2019-01-13,11,TEN,15600.0,16267.0
2019-01-13,12,TEN,16024.0,16628.0
2019-01-13,13,TEN,16693.0,17340.0
2019-01-13,14,TEN,17435.0,18089.0
2019-01-13,15,TEN,18145.0,18783.0
2019-01-13,16,TEN,18381.0,19035.0
2019-01-13,17,TEN,18297.0,18983.0
2019-01-13,18,TEN,18365.0,19046.0
2019-01-13,19,TEN,18533.0,19231.0
2019-01-13,20,TEN,18644.0,19196.0
2019-01-13,21,TEN,18663.0,19174.0
2019-01-13,22,TEN,18882.0,19462.0
2019-01-13,23,TEN,19568.0,20158.0
2019-01-14,0,TEN,20266.0,20282.0
2019-01-14,1,TEN,20304.0,20354.0
2019-01-14,2,TEN,20170.0,20621.0
2019-01-14,3,TEN,19666.0,20321.0
2019-01-14,4,TEN,18913.0,19540.0
2019-01-14,5,TEN,18068.0,18705.0
2019-01-14,6,TEN,17529.0,18094.0
2019-01-14,7,TEN,17274.0,17784.0
2019-01-14,8,TEN,17149.0,17680.0
2019-01-14,9,TEN,17253.0,17836.0
2019-01-14,10,TEN,17612.0,18213.0
2019-01-14,11,TEN,18382.0,18910.0
2019-01-14,12,TEN,19962.0,20572.0
2019-01-14,13,TEN,21537.0,22154.0
2019-01-14,14,TEN,21913.0,22490.0
2019-01-14,15,TEN,21813.0,22455.0
2019-01-14,16,TEN,21814.0,22541.0
2019-01-14,17,TEN,21898.0,22611.0
2019-01-14,18,TEN,21780.0,22495.0
2019-01-14,19,TEN,21575.0,22255.0
2019-01-14,20,TEN,21467.0,22147.0
2019-01-14,21,TEN,21375.0,21935.0
2019-01-14,22,TEN,21463.0,21805.0
2019-01-14,23,TEN,22182.0,22904.0
2019-01-15,0,TEN,23049.0,23282.0
2019-01-15,1,TEN,23139.0,23205.0
2019-01-15,2,TEN,22814.0,22749.0
2019-01-15,3,TEN,22309.0,22735.0
2019-01-15,4,TEN,21514.0,22146.0
2019-01-15,5,TEN,20367.0,21027.0
2019-01-15,6,TEN,19611.0,20277.0
2019-01-15,7,TEN,19265.0,20066.0
2019-01-15,8,TEN,18982.0,19811.0
2019-01-15,9,TEN,18953.0,19796.0
2019-01-15,10,TEN,19208.0,20017.0
2019-01-15,11,TEN,19768.0,20513.0
2019-01-15,12,TEN,21152.0,21698.0
2019-01-15,13,TEN,22523.0,22342.0
2019-01-15,14,TEN,22547.0,22420.0
2019-01-15,15,TEN,22466.0,23158.0
2019-01-15,16,TEN,22360.0,23202.0
2019-01-15,17,TEN,22152.0,22931.0
2019-01-15,18,TEN,21761.0,22672.0
2019-01-15,19,TEN,21612.0,22499.0
2019-01-15,20,TEN,21252.0,22137.0
2019-01-15,21,TEN,20925.0,21790.0
2019-01-15,22,TEN,21032.0,21801.0
2019-01-15,23,TEN,21719.0,22449.0
2019-01-16,0,TEN,22833.0,23548.0
2019-01-16,1,TEN,23161.0,23934.0
2019-01-16,2,TEN,23009.0,23789.0
2019-01-16,3,TEN,22646.0,23463.0
2019-01-16,4,TEN,21845.0,22627.0
2019-01-16,5,TEN,20979.0,21756.0
2019-01-16,6,TEN,20268.0,21028.0
2019-01-16,7,TEN,20147.0,20940.0
2019-01-16,8,TEN,20079.0,20863.0
2019-01-16,9,TEN,20224.0,21019.0
2019-01-16,10,TEN,20606.0,21375.0
2019-01-16,11,TEN,21349.0,22126.0
2019-01-16,12,TEN,22817.0,23401.0
2019-01-16,13,TEN,24215.0,23848.0
2019-01-16,14,TEN,24118.0,23912.0
2019-01-16,15,TEN,23288.0,23870.0
2019-01-16,16,TEN,22363.0,22998.0
2019-01-16,17,TEN,21434.0,22040.0
2019-01-16,18,TEN,20594.0,21212.0
2019-01-16,19,TEN,19900.0,20555.0
2019-01-16,20,TEN,19285.0,19934.0
2019-01-16,21,TEN,18966.0,19703.0
2019-01-16,22,TEN,19041.0,19773.0
2019-01-16,23,TEN,19786.0,20539.0
2019-01-17,0,TEN,20941.0,21605.0
2019-01-17,1,TEN,21229.0,21954.0
2019-01-17,2,TEN,21072.0,21805.0
2019-01-17,3,TEN,20850.0,21555.0
2019-01-17,4,TEN,20145.0,20803.0
2019-01-17,5,TEN,19192.0,19987.0
2019-01-17,6,TEN,18584.0,19352.0
2019-01-17,7,TEN,18194.0,18982.0
2019-01-17,8,TEN,18137.0,18895.0
2019-01-17,9,TEN,18030.0,18788.0
2019-01-17,10,TEN,18257.0,18990.0
2019-01-17,11,TEN,18735.0,19535.0
2019-01-17,12,TEN,20066.0,20890.0
2019-01-17,13,TEN,21362.0,22220.0
2019-01-17,14,TEN,21397.0,22114.0
2019-01-17,15,TEN,21078.0,21965.0
2019-01-17,16,TEN,20874.0,21714.0
2019-01-17,17,TEN,20833.0,21630.0
2019-01-17,18,TEN,20630.0,21488.0
2019-01-17,19,TEN,20633.0,21460.0
2019-01-17,20,TEN,20373.0,21245.0
2019-01-17,21,TEN,20137.0,20937.0
2019-01-17,22,TEN,20143.0,21029.0
2019-01-17,23,TEN,20538.0,21409.0
2019-01-18,0,TEN,21092.0,21919.0
2019-01-18,1,TEN,20876.0,21682.0
2019-01-18,2,TEN,20584.0,21250.0
2019-01-18,3,TEN,20049.0,20774.0
2019-01-18,4,TEN,19013.0,19730.0
2019-01-18,5,TEN,17795.0,18527.0
2019-01-18,6,TEN,16887.0,17609.0
2019-01-18,7,TEN,16432.0,17209.0
2019-01-18,8,TEN,16129.0,16817.0
2019-01-18,9,TEN,16067.0,16816.0
2019-01-18,10,TEN,16124.0,16880.0
2019-01-18,11,TEN,16578.0,17316.0
2019-01-18,12,TEN,17918.0,18618.0
2019-01-18,13,TEN,19252.0,19945.0
2019-01-18,14,TEN,19396.0,20113.0
2019-01-18,15,TEN,19125.0,19944.0
2019-01-18,16,TEN,18964.0,19706.0
2019-01-18,17,TEN,18726.0,19436.0
2019-01-18,18,TEN,18330.0,19077.0
2019-01-18,19,TEN,18017.0,18686.0
2019-01-18,20,TEN,17792.0,18466.0
2019-01-18,21,TEN,17489.0,18246.0
2019-01-18,22,TEN,17459.0,18264.0
2019-01-18,23,TEN,17795.0,18616.0
2019-01-19,0,TEN,18597.0,19343.0
2019-01-19,1,TEN,18607.0,19250.0
2019-01-19,2,TEN,18376.0,19081.0
2019-01-19,3,TEN,17941.0,18747.0
2019-01-19,4,TEN,17454.0,18171.0
2019-01-19,5,TEN,16775.0,17461.0
2019-01-19,6,TEN,16046.0,16720.0
2019-01-19,7,TEN,15506.0,16204.0
2019-01-19,8,TEN,15109.0,15890.0
2019-01-19,9,TEN,15022.0,15635.0
2019-01-19,10,TEN,14949.0,15671.0
2019-01-19,11,TEN,14967.0,15659.0
2019-01-19,12,TEN,15399.0,16034.0
2019-01-19,13,TEN,15926.0,16610.0
2019-01-19,14,TEN,16505.0,17178.0
2019-01-19,15,TEN,16962.0,17559.0
2019-01-19,16,TEN,17280.0,18080.0
2019-01-19,17,TEN,17490.0,18222.0
2019-01-19,18,TEN,17290.0,18118.0
2019-01-19,19,TEN,17121.0,17814.0
2019-01-19,20,TEN,17022.0,17751.0
2019-01-19,21,TEN,16782.0,17569.0
2019-01-19,22,TEN,16843.0,17712.0
2019-01-19,23,TEN,17448.0,18232.0
2019-01-20,0,TEN,18315.0,19098.0
2019-01-20,1,TEN,18576.0,19290.0
2019-01-20,2,TEN,18526.0,19240.0
2019-01-20,3,TEN,18767.0,19369.0
2019-01-20,4,TEN,18624.0,18901.0
2019-01-20,5,TEN,18383.0,18680.0
2019-01-20,6,TEN,18206.0,18094.0
2019-01-20,7,TEN,18394.0,17987.0
2019-01-20,8,TEN,18569.0,17735.0
2019-01-20,9,TEN,18843.0,17929.0
2019-01-20,10,TEN,19143.0,18282.0
2019-01-20,11,TEN,19774.0,18949.0
2019-01-20,12,TEN,20731.0,20119.0
2019-01-20,13,TEN,21603.0,21118.0
2019-01-20,14,TEN,22446.0,21945.0
2019-01-20,15,TEN,23400.0,22855.0
2019-01-20,16,TEN,23648.0,23107.0
2019-01-20,17,TEN,23423.0,22871.0
2019-01-20,18,TEN,22927.0,22383.0
2019-01-20,19,TEN,22545.0,21982.0
2019-01-20,20,TEN,21922.0,21806.0
2019-01-20,21,TEN,21346.0,21732.0
2019-01-20,22,TEN,21470.0,22313.0
2019-01-20,23,TEN,22415.0,23036.0
2019-01-21,0,TEN,24025.0,24244.0
2019-01-21,1,TEN,24579.0,25336.0
2019-01-21,2,TEN,24644.0,25406.0
2019-01-21,3,TEN,24355.0,24699.0
2019-01-21,4,TEN,24150.0,24439.0
2019-01-21,5,TEN,23827.0,24239.0
2019-01-21,6,TEN,23464.0,24053.0
2019-01-21,7,TEN,23562.0,24051.0
2019-01-21,8,TEN,23720.0,24252.0
2019-01-21,9,TEN,24049.0,24530.0
2019-01-21,10,TEN,24477.0,25239.0
2019-01-21,11,TEN,25132.0,25996.0
2019-01-21,12,TEN,26341.0,27119.0
2019-01-21,13,TEN,27528.0,28261.0
2019-01-21,14,TEN,27801.0,28602.0
2019-01-21,15,TEN,27170.0,27929.0
2019-01-21,16,TEN,26282.0,27002.0
2019-01-21,17,TEN,25269.0,25984.0
2019-01-21,18,TEN,24217.0,24900.0
2019-01-21,19,TEN,23325.0,24029.0
2019-01-21,20,TEN,22592.0,23399.0
2019-01-21,21,TEN,22066.0,22846.0
2019-01-21,22,TEN,22007.0,22774.0
2019-01-21,23,TEN,22823.0,23575.0
2019-01-22,0,TEN,24574.0,25303.0
2019-01-22,1,TEN,25393.0,26099.0
2019-01-22,2,TEN,25370.0,26086.0
2019-01-22,3,TEN,25109.0,25804.0
2019-01-22,4,TEN,24439.0,25210.0
2019-01-22,5,TEN,23500.0,24306.0
2019-01-22,6,TEN,22777.0,23648.0
2019-01-22,7,TEN,22604.0,23385.0
2019-01-22,8,TEN,22504.0,23205.0
2019-01-22,9,TEN,22472.0,23170.0
2019-01-22,10,TEN,22814.0,23568.0
2019-01-22,11,TEN,23454.0,24007.0
2019-01-22,12,TEN,24946.0,25664.0
2019-01-22,13,TEN,26168.0,26622.0
2019-01-22,14,TEN,25806.0,26309.0
2019-01-22,15,TEN,24366.0,25094.0
2019-01-22,16,TEN,22963.0,23755.0
2019-01-22,17,TEN,22003.0,22690.0
2019-01-22,18,TEN,21045.0,21745.0
2019-01-22,19,TEN,20313.0,21078.0
2019-01-22,20,TEN,19893.0,20697.0
2019-01-22,21,TEN,19517.0,20252.0
2019-01-22,22,TEN,19581.0,20291.0
2019-01-22,23,TEN,20221.0,20979.0
2019-01-23,0,TEN,21273.0,22007.0
2019-01-23,1,TEN,21490.0,22129.0
2019-01-23,2,TEN,21109.0,21706.0
2019-01-23,3,TEN,20416.0,21072.0
2019-01-23,4,TEN,19532.0,20236.0
2019-01-23,5,TEN,18547.0,19230.0
2019-01-23,6,TEN,17711.0,18449.0
2019-01-23,7,TEN,17251.0,17999.0
2019-01-23,8,TEN,16799.0,17579.0
2019-01-23,9,TEN,16616.0,17425.0
2019-01-23,10,TEN,16665.0,17419.0
2019-01-23,11,TEN,17178.0,17867.0
2019-01-23,12,TEN,18151.0,18783.0
2019-01-23,13,TEN,19357.0,20021.0
2019-01-23,14,TEN,19308.0,19948.0
2019-01-23,15,TEN,18968.0,19705.0
2019-01-23,16,TEN,18742.0,19508.0
2019-01-23,17,TEN,18674.0,19370.0
2019-01-23,18,TEN,18338.0,19110.0
2019-01-23,19,TEN,18399.0,19141.0
2019-01-23,20,TEN,18237.0,18985.0
2019-01-23,21,TEN,18241.0,18958.0
2019-01-23,22,TEN,18493.0,19164.0
2019-01-23,23,TEN,19169.0,19853.0
2019-01-24,0,TEN,19886.0,20599.0
2019-01-24,1,TEN,20089.0,20747.0
2019-01-24,2,TEN,20024.0,20669.0
2019-01-24,3,TEN,19597.0,20314.0
2019-01-24,4,TEN,19093.0,19841.0
2019-01-24,5,TEN,18384.0,19104.0
2019-01-24,6,TEN,17806.0,18599.0
2019-01-24,7,TEN,17609.0,18385.0
2019-01-24,8,TEN,17706.0,18462.0
2019-01-24,9,TEN,17877.0,18625.0
2019-01-24,10,TEN,18346.0,19101.0
2019-01-24,11,TEN,19352.0,20013.0
2019-01-24,12,TEN,21106.0,21666.0
2019-01-24,13,TEN,22870.0,23306.0
2019-01-24,14,TEN,23324.0,23644.0
2019-01-24,15,TEN,23307.0,23957.0
2019-01-24,16,TEN,23161.0,23865.0
2019-01-24,17,TEN,22672.0,23375.0
2019-01-24,18,TEN,22498.0,23228.0
2019-01-24,19,TEN,21230.0,21957.0
2019-01-24,20,TEN,20419.0,21193.0
2019-01-24,21,TEN,19946.0,20681.0
2019-01-24,22,TEN,21158.0,21864.0
2019-01-24,23,TEN,20678.0,21299.0
2019-01-25,0,TEN,22260.0,22821.0
2019-01-25,1,TEN,22911.0,23613.0
2019-01-25,2,TEN,23165.0,23806.0
2019-01-25,3,TEN,23011.0,23692.0
2019-01-25,4,TEN,22361.0,23196.0
2019-01-25,5,TEN,21542.0,22336.0
2019-01-25,6,TEN,20761.0,21574.0
2019-01-25,7,TEN,20533.0,21259.0
2019-01-25,8,TEN,20487.0,21250.0
2019-01-25,9,TEN,20531.0,21340.0
2019-01-25,10,TEN,20714.0,21509.0
2019-01-25,11,TEN,21499.0,22295.0
2019-01-25,12,TEN,23104.0,23818.0
2019-01-25,13,TEN,24676.0,25404.0
2019-01-25,14,TEN,24773.0,25525.0
2019-01-25,15,TEN,23880.0,24746.0
2019-01-25,16,TEN,22897.0,23714.0
2019-01-25,17,TEN,21994.0,22772.0
2019-01-25,18,TEN,21152.0,21986.0
2019-01-25,19,TEN,20502.0,21330.0
2019-01-25,20,TEN,19783.0,20443.0
2019-01-25,21,TEN,19345.0,20140.0
2019-01-25,22,TEN,19275.0,20013.0
2019-01-25,23,TEN,20272.0,20869.0
2019-01-26,0,TEN,21949.0,22674.0
2019-01-26,1,TEN,22904.0,23632.0
2019-01-26,2,TEN,23112.0,23884.0
2019-01-26,3,TEN,23278.0,24009.0
2019-01-26,4,TEN,22744.0,23524.0
2019-01-26,5,TEN,22329.0,23055.0
2019-01-26,6,TEN,21905.0,22592.0
2019-01-26,7,TEN,21479.0,22155.0
2019-01-26,8,TEN,21233.0,21909.0
2019-01-26,9,TEN,21205.0,21895.0
2019-01-26,10,TEN,21132.0,21814.0
2019-01-26,11,TEN,21286.0,21976.0
2019-01-26,12,TEN,21778.0,22486.0
2019-01-26,13,TEN,22342.0,22981.0
2019-01-26,14,TEN,22701.0,23073.0
2019-01-26,15,TEN,22714.0,23250.0
2019-01-26,16,TEN,21854.0,22524.0
2019-01-26,17,TEN,20709.0,21298.0
2019-01-26,18,TEN,19555.0,20186.0
2019-01-26,19,TEN,18570.0,19255.0
2019-01-26,20,TEN,17910.0,18569.0
2019-01-26,21,TEN,17381.0,18094.0
2019-01-26,22,TEN,17211.0,17912.0
2019-01-26,23,TEN,17773.0,18371.0
2019-01-27,0,TEN,19280.0,19813.0
2019-01-27,1,TEN,19907.0,20629.0
2019-01-27,2,TEN,20128.0,20836.0
2019-01-27,3,TEN,20236.0,20946.0
2019-01-27,4,TEN,19829.0,20496.0
2019-01-27,5,TEN,19476.0,20086.0
2019-01-27,6,TEN,19014.0,19612.0
2019-01-27,7,TEN,18756.0,19385.0
2019-01-27,8,TEN,18544.0,19241.0
2019-01-27,9,TEN,18649.0,19326.0
2019-01-27,10,TEN,18888.0,19586.0
2019-01-27,11,TEN,19249.0,19973.0
2019-01-27,12,TEN,19818.0,20579.0
2019-01-27,13,TEN,20660.0,21455.0
2019-01-27,14,TEN,21355.0,22108.0
2019-01-27,15,TEN,21170.0,21958.0
2019-01-27,16,TEN,19849.0,20608.0
2019-01-27,17,TEN,18405.0,19192.0
2019-01-27,18,TEN,17525.0,18324.0
2019-01-27,19,TEN,16914.0,17735.0
2019-01-27,20,TEN,16512.0,17316.0
2019-01-27,21,TEN,16239.0,17056.0
2019-01-27,22,TEN,16372.0,17174.0
2019-01-27,23,TEN,16866.0,17636.0
2019-01-28,0,TEN,18365.0,19217.0
2019-01-28,1,TEN,19276.0,20094.0
2019-01-28,2,TEN,19538.0,20373.0
2019-01-28,3,TEN,19602.0,20441.0
2019-01-28,4,TEN,19243.0,20062.0
2019-01-28,5,TEN,18700.0,19393.0
2019-01-28,6,TEN,18496.0,19132.0
2019-01-28,7,TEN,18564.0,19197.0
2019-01-28,8,TEN,18826.0,19437.0
2019-01-28,9,TEN,19146.0,19787.0
2019-01-28,10,TEN,19653.0,20287.0
2019-01-28,11,TEN,20550.0,21155.0
2019-01-28,12,TEN,22207.0,22071.0
2019-01-28,13,TEN,23708.0,22933.0
2019-01-28,14,TEN,23367.0,22745.0
2019-01-28,15,TEN,21946.0,21933.0
2019-01-28,16,TEN,20289.0,20351.0
2019-01-28,17,TEN,19291.0,19985.0
2019-01-28,18,TEN,18437.0,19245.0
2019-01-28,19,TEN,17915.0,18620.0
2019-01-28,20,TEN,17787.0,18544.0
2019-01-28,21,TEN,17548.0,18317.0
2019-01-28,22,TEN,17759.0,18542.0
2019-01-28,23,TEN,18431.0,19158.0
2019-01-29,0,TEN,19577.0,20282.0
2019-01-29,1,TEN,19921.0,20640.0
2019-01-29,2,TEN,19668.0,20405.0
2019-01-29,3,TEN,19327.0,20059.0
2019-01-29,4,TEN,18825.0,19521.0
2019-01-29,5,TEN,18181.0,18872.0
2019-01-29,6,TEN,17752.0,18430.0
2019-01-29,7,TEN,17614.0,18273.0
2019-01-29,8,TEN,17793.0,18495.0
2019-01-29,9,TEN,18155.0,18811.0
2019-01-29,10,TEN,20003.0,18811.0
2019-01-29,11,TEN,19760.0,20581.0
2019-01-29,12,TEN,21467.0,22242.0
2019-01-29,13,TEN,23185.0,23886.0
2019-01-29,14,TEN,24137.0,24967.0
2019-01-29,15,TEN,24501.0,25350.0
2019-01-29,16,TEN,24424.0,25291.0
2019-01-29,17,TEN,24158.0,24739.0
2019-01-29,18,TEN,23437.0,24238.0
2019-01-29,19,TEN,22717.0,23403.0
2019-01-29,20,TEN,22111.0,23065.0
2019-01-29,21,TEN,21650.0,22568.0
2019-01-29,22,TEN,21649.0,22589.0
2019-01-29,23,TEN,22566.0,23431.0
2019-01-30,0,TEN,24380.0,25078.0
2019-01-30,1,TEN,25293.0,25358.0
2019-01-30,2,TEN,25457.0,25284.0
2019-01-30,3,TEN,25503.0,25477.0
2019-01-30,4,TEN,24979.0,25391.0
2019-01-30,5,TEN,24293.0,25001.0
2019-01-30,6,TEN,23776.0,24654.0
2019-01-30,7,TEN,23671.0,24498.0
2019-01-30,8,TEN,23649.0,24476.0
2019-01-30,9,TEN,23758.0,24584.0
2019-01-30,10,TEN,24142.0,24925.0
2019-01-30,11,TEN,24846.0,25720.0
2019-01-30,12,TEN,26108.0,27045.0
2019-01-30,13,TEN,27516.0,28322.0
2019-01-30,14,TEN,27454.0,28234.0
2019-01-30,15,TEN,26670.0,27539.0
2019-01-30,16,TEN,25949.0,26727.0
2019-01-30,17,TEN,25197.0,26005.0
2019-01-30,18,TEN,24332.0,25209.0
2019-01-30,19,TEN,23577.0,24481.0
2019-01-30,20,TEN,23013.0,23850.0
2019-01-30,21,TEN,22442.0,23348.0
2019-01-30,22,TEN,22556.0,23495.0
2019-01-30,23,TEN,23453.0,24256.0
2019-01-31,0,TEN,25448.0,26135.0
2019-01-31,1,TEN,26538.0,27392.0
2019-01-31,2,TEN,26838.0,27508.0
2019-01-31,3,TEN,26797.0,27579.0
2019-01-31,4,TEN,26175.0,27037.0
2019-01-31,5,TEN,25372.0,26169.0
2019-01-31,6,TEN,24773.0,25604.0
2019-01-31,7,TEN,24493.0,25381.0
2019-01-31,8,TEN,24421.0,25266.0
2019-01-31,9,TEN,24311.0,25230.0
2019-01-31,10,TEN,24561.0,25418.0
2019-01-31,11,TEN,25098.0,25962.0
2019-01-31,12,TEN,26463.0,27267.0
2019-01-31,13,TEN,27755.0,28253.0
2019-01-31,14,TEN,27570.0,28154.0
2019-01-31,15,TEN,26563.0,27530.0
2019-01-31,16,TEN,25291.0,26135.0
2019-01-31,17,TEN,23961.0,24847.0
2019-01-31,18,TEN,22447.0,23128.0
2019-01-31,19,TEN,21325.0,21964.0
2019-01-31,20,TEN,20500.0,21161.0
2019-01-31,21,TEN,19839.0,20571.0
2019-01-31,22,TEN,19633.0,20368.0
2019-01-31,23,TEN,20269.0,20944.0
2019-02-01,0,TEN,21699.0,22454.0
2019-02-01,1,TEN,22501.0,23307.0
2019-02-01,2,TEN,22529.0,23242.0
2019-02-01,3,TEN,22170.0,22894.0
2019-02-01,4,TEN,21353.0,22055.0
2019-02-01,5,TEN,20318.0,21091.0
2019-02-01,6,TEN,19387.0,20124.0
2019-02-01,7,TEN,18879.0,19638.0
2019-02-01,8,TEN,18536.0,19320.0
2019-02-01,9,TEN,18467.0,19268.0
2019-02-01,10,TEN,18605.0,19375.0
2019-02-01,11,TEN,19198.0,19952.0
2019-02-01,12,TEN,20443.0,21218.0
2019-02-01,13,TEN,21556.0,22295.0
2019-02-01,14,TEN,21586.0,22313.0
2019-02-01,15,TEN,21116.0,21837.0
2019-02-01,16,TEN,20595.0,21130.0
2019-02-01,17,TEN,20084.0,20517.0
2019-02-01,18,TEN,19406.0,19868.0
2019-02-01,19,TEN,18711.0,19160.0
2019-02-01,20,TEN,18247.0,18652.0
2019-02-01,21,TEN,17835.0,18282.0
2019-02-01,22,TEN,17439.0,18007.0
2019-02-01,23,TEN,17773.0,18252.0
2019-02-02,0,TEN,18820.0,19338.0
2019-02-02,1,TEN,19082.0,19565.0
2019-02-02,2,TEN,18931.0,19439.0
2019-02-02,3,TEN,18638.0,19125.0
2019-02-02,4,TEN,18253.0,18726.0
2019-02-02,5,TEN,17674.0,18098.0
2019-02-02,6,TEN,17034.0,17825.0
2019-02-02,7,TEN,16768.0,17520.0
2019-02-02,8,TEN,16506.0,17346.0
2019-02-02,9,TEN,16656.0,17482.0
2019-02-02,10,TEN,16882.0,17656.0
2019-02-02,11,TEN,17253.0,17992.0
2019-02-02,12,TEN,17901.0,18593.0
2019-02-02,13,TEN,18626.0,19411.0
2019-02-02,14,TEN,19076.0,19768.0
2019-02-02,15,TEN,19040.0,19822.0
2019-02-02,16,TEN,18411.0,19259.0
2019-02-02,17,TEN,17575.0,18323.0
2019-02-02,18,TEN,16643.0,17360.0
2019-02-02,19,TEN,15920.0,16718.0
2019-02-02,20,TEN,15278.0,16112.0
2019-02-02,21,TEN,14765.0,15606.0
2019-02-02,22,TEN,14800.0,15623.0
2019-02-02,23,TEN,15024.0,15884.0
2019-02-03,0,TEN,16010.0,16830.0
2019-02-03,1,TEN,16638.0,17422.0
2019-02-03,2,TEN,16558.0,17392.0
2019-02-03,3,TEN,16521.0,17354.0
2019-02-03,4,TEN,16127.0,16941.0
2019-02-03,5,TEN,15819.0,16617.0
2019-02-03,6,TEN,15233.0,16055.0
2019-02-03,7,TEN,14866.0,15545.0
2019-02-03,8,TEN,14867.0,15181.0
2019-02-03,9,TEN,14928.0,15220.0
2019-02-03,10,TEN,15077.0,15203.0
2019-02-03,11,TEN,15468.0,15599.0
2019-02-03,12,TEN,15917.0,16202.0
2019-02-03,13,TEN,16566.0,16869.0
2019-02-03,14,TEN,17268.0,17470.0
2019-02-03,15,TEN,17400.0,17635.0
2019-02-03,16,TEN,16705.0,16828.0
2019-02-03,17,TEN,15845.0,16414.0
2019-02-03,18,TEN,15362.0,15891.0
2019-02-03,19,TEN,15099.0,15879.0
2019-02-03,20,TEN,14742.0,15563.0
2019-02-03,21,TEN,14659.0,15491.0
2019-02-03,22,TEN,14683.0,15443.0
2019-02-03,23,TEN,14979.0,15741.0
2019-02-04,0,TEN,15878.0,16622.0
2019-02-04,1,TEN,16198.0,16979.0
2019-02-04,2,TEN,16124.0,16906.0
2019-02-04,3,TEN,15933.0,16773.0
2019-02-04,4,TEN,15719.0,16533.0
2019-02-04,5,TEN,15128.0,15930.0
2019-02-04,6,TEN,14582.0,15233.0
2019-02-04,7,TEN,14228.0,14876.0
2019-02-04,8,TEN,14140.0,14850.0
2019-02-04,9,TEN,14308.0,14970.0
2019-02-04,10,TEN,14708.0,15307.0
2019-02-04,11,TEN,15353.0,16005.0
2019-02-04,12,TEN,16846.0,17538.0
2019-02-04,13,TEN,18277.0,19075.0
2019-02-04,14,TEN,18332.0,19060.0
2019-02-04,15,TEN,17846.0,18683.0
2019-02-04,16,TEN,17461.0,18191.0
2019-02-04,17,TEN,17237.0,17903.0
2019-02-04,18,TEN,16973.0,17589.0
2019-02-04,19,TEN,16789.0,17414.0
2019-02-04,20,TEN,16664.0,17308.0
2019-02-04,21,TEN,16392.0,17132.0
2019-02-04,22,TEN,16414.0,17065.0
2019-02-04,23,TEN,16676.0,17394.0
2019-02-05,0,TEN,17652.0,18296.0
2019-02-05,1,TEN,18068.0,18783.0
2019-02-05,2,TEN,17596.0,18390.0
2019-02-05,3,TEN,17145.0,17891.0
2019-02-05,4,TEN,16290.0,17044.0
2019-02-05,5,TEN,15202.0,15878.0
2019-02-05,6,TEN,14334.0,14562.0
2019-02-05,7,TEN,13770.0,13642.0
2019-02-05,8,TEN,13509.0,13383.0
2019-02-05,9,TEN,13427.0,13340.0
2019-02-05,10,TEN,13398.0,13304.0
2019-02-05,11,TEN,13948.0,13926.0
2019-02-05,12,TEN,15244.0,15208.0
2019-02-05,13,TEN,16638.0,16587.0
2019-02-05,14,TEN,16733.0,16590.0
2019-02-05,15,TEN,16523.0,16538.0
2019-02-05,16,TEN,16403.0,16322.0
2019-02-05,17,TEN,16431.0,16271.0
2019-02-05,18,TEN,16406.0,16243.0
2019-02-05,19,TEN,16185.0,16026.0
2019-02-05,20,TEN,16069.0,15908.0
2019-02-05,21,TEN,15959.0,15838.0
2019-02-05,22,TEN,15909.0,15790.0
2019-02-05,23,TEN,16248.0,16041.0
2019-02-06,0,TEN,17050.0,16942.0
2019-02-06,1,TEN,17477.0,17333.0
2019-02-06,2,TEN,17256.0,17096.0
2019-02-06,3,TEN,16642.0,16549.0
2019-02-06,4,TEN,15835.0,15696.0
2019-02-06,5,TEN,14861.0,14793.0
2019-02-06,6,TEN,13961.0,13897.0
2019-02-06,7,TEN,13371.0,13176.0
2019-02-06,8,TEN,13017.0,12863.0
2019-02-06,9,TEN,12802.0,12678.0
2019-02-06,10,TEN,12804.0,12679.0
2019-02-06,11,TEN,13320.0,13251.0
2019-02-06,12,TEN,14367.0,14373.0
2019-02-06,13,TEN,15729.0,15558.0
2019-02-06,14,TEN,15910.0,15748.0
2019-02-06,15,TEN,15937.0,15787.0
2019-02-06,16,TEN,16034.0,15890.0
2019-02-06,17,TEN,16104.0,15955.0
2019-02-06,18,TEN,16080.0,15871.0
2019-02-06,19,TEN,16125.0,15923.0
2019-02-06,20,TEN,16129.0,15991.0
2019-02-06,21,TEN,15958.0,15839.0
2019-02-06,22,TEN,16063.0,15889.0
2019-02-06,23,TEN,16582.0,16479.0
2019-02-07,0,TEN,17301.0,17201.0
2019-02-07,1,TEN,17488.0,17442.0
2019-02-07,2,TEN,17195.0,17156.0
2019-02-07,3,TEN,16803.0,16727.0
2019-02-07,4,TEN,15871.0,15793.0
2019-02-07,5,TEN,14741.0,14619.0
2019-02-07,6,TEN,13829.0,13740.0
2019-02-07,7,TEN,13279.0,13109.0
2019-02-07,8,TEN,12946.0,12791.0
2019-02-07,9,TEN,12673.0,12407.0
2019-02-07,10,TEN,12638.0,12457.0
2019-02-07,11,TEN,13040.0,12912.0
2019-02-07,12,TEN,14182.0,14027.0
2019-02-07,13,TEN,15550.0,15362.0
2019-02-07,14,TEN,15755.0,15696.0
2019-02-07,15,TEN,15895.0,15821.0
2019-02-07,16,TEN,15926.0,15858.0
2019-02-07,17,TEN,16170.0,16039.0
2019-02-07,18,TEN,16173.0,15904.0
2019-02-07,19,TEN,16228.0,15894.0
2019-02-07,20,TEN,16265.0,15900.0
2019-02-07,21,TEN,16090.0,15764.0
2019-02-07,22,TEN,16200.0,15760.0
2019-02-07,23,TEN,16284.0,15969.0
2019-02-08,0,TEN,17065.0,16881.0
2019-02-08,1,TEN,17351.0,17231.0
2019-02-08,2,TEN,17106.0,16963.0
2019-02-08,3,TEN,16631.0,16486.0
2019-02-08,4,TEN,15810.0,15674.0
2019-02-08,5,TEN,15214.0,15143.0
2019-02-08,6,TEN,14398.0,14251.0
2019-02-08,7,TEN,14085.0,13959.0
2019-02-08,8,TEN,14108.0,13976.0
2019-02-08,9,TEN,14199.0,14116.0
2019-02-08,10,TEN,14749.0,14593.0
2019-02-08,11,TEN,15701.0,15526.0
2019-02-08,12,TEN,17518.0,17497.0
2019-02-08,13,TEN,19536.0,19414.0
2019-02-08,14,TEN,20343.0,20311.0
2019-02-08,15,TEN,20507.0,20567.0
2019-02-08,16,TEN,20207.0,20251.0
2019-02-08,17,TEN,19833.0,19870.0
2019-02-08,18,TEN,19303.0,19307.0
2019-02-08,19,TEN,18814.0,18848.0
2019-02-08,20,TEN,18400.0,18462.0
2019-02-08,21,TEN,18238.0,18289.0
2019-02-08,22,TEN,18496.0,18512.0
2019-02-08,23,TEN,19312.0,19300.0
2019-02-09,0,TEN,20781.0,20806.0
2019-02-09,1,TEN,21511.0,21500.0
2019-02-09,2,TEN,21562.0,21581.0
2019-02-09,3,TEN,21515.0,21552.0
2019-02-09,4,TEN,21208.0,21198.0
2019-02-09,5,TEN,20678.0,20678.0
2019-02-09,6,TEN,20168.0,20117.0
2019-02-09,7,TEN,19904.0,19884.0
2019-02-09,8,TEN,19872.0,19865.0
2019-02-09,9,TEN,19989.0,19962.0
2019-02-09,10,TEN,20184.0,20175.0
2019-02-09,11,TEN,20723.0,20820.0
2019-02-09,12,TEN,21427.0,21406.0
2019-02-09,13,TEN,22235.0,21926.0
2019-02-09,14,TEN,22765.0,22259.0
2019-02-09,15,TEN,23001.0,22482.0
2019-02-09,16,TEN,22577.0,22430.0
2019-02-09,17,TEN,21578.0,21650.0
2019-02-09,18,TEN,20415.0,20451.0
2019-02-09,19,TEN,19198.0,19294.0
2019-02-09,20,TEN,18303.0,18355.0
2019-02-09,21,TEN,17640.0,17651.0
2019-02-09,22,TEN,17433.0,17486.0
2019-02-09,23,TEN,17930.0,17919.0
2019-02-10,0,TEN,19192.0,19151.0
2019-02-10,1,TEN,19938.0,19979.0
2019-02-10,2,TEN,19889.0,19954.0
2019-02-10,3,TEN,19743.0,19757.0
2019-02-10,4,TEN,19236.0,19219.0
2019-02-10,5,TEN,18619.0,18501.0
2019-02-10,6,TEN,17918.0,17854.0
2019-02-10,7,TEN,17492.0,17399.0
2019-02-10,8,TEN,17179.0,17131.0
2019-02-10,9,TEN,16973.0,16937.0
2019-02-10,10,TEN,16814.0,16771.0
2019-02-10,11,TEN,17008.0,17020.0
2019-02-10,12,TEN,17391.0,17410.0
2019-02-10,13,TEN,17984.0,18020.0
2019-02-10,14,TEN,18605.0,18646.0
2019-02-10,15,TEN,19212.0,19327.0
2019-02-10,16,TEN,19325.0,19427.0
2019-02-10,17,TEN,19034.0,19172.0
2019-02-10,18,TEN,18976.0,19060.0
2019-02-10,19,TEN,18748.0,18859.0
2019-02-10,20,TEN,18602.0,18446.0
2019-02-10,21,TEN,18312.0,18370.0
2019-02-10,22,TEN,18425.0,18502.0
2019-02-10,23,TEN,18770.0,18828.0
2019-02-11,0,TEN,19509.0,19566.0
2019-02-11,1,TEN,19746.0,19775.0
2019-02-11,2,TEN,19406.0,19454.0
2019-02-11,3,TEN,18824.0,18859.0
2019-02-11,4,TEN,18076.0,18014.0
2019-02-11,5,TEN,17160.0,17081.0
2019-02-11,6,TEN,16317.0,16190.0
2019-02-11,7,TEN,15957.0,15900.0
2019-02-11,8,TEN,15699.0,15648.0
2019-02-11,9,TEN,15633.0,15529.0
2019-02-11,10,TEN,15718.0,15643.0
2019-02-11,11,TEN,16256.0,16248.0
2019-02-11,12,TEN,17583.0,17635.0
2019-02-11,13,TEN,18936.0,18945.0
2019-02-11,14,TEN,19031.0,19066.0
2019-02-11,15,TEN,18901.0,18932.0
2019-02-11,16,TEN,18841.0,18889.0
2019-02-11,17,TEN,18659.0,18694.0
2019-02-11,18,TEN,18384.0,18345.0
2019-02-11,19,TEN,18200.0,18290.0
2019-02-11,20,TEN,17995.0,18019.0
2019-02-11,21,TEN,17713.0,17355.0
2019-02-11,22,TEN,17693.0,17325.0
2019-02-11,23,TEN,17958.0,17733.0
2019-02-12,0,TEN,18829.0,18413.0
2019-02-12,1,TEN,19005.0,18651.0
2019-02-12,2,TEN,18641.0,18369.0
2019-02-12,3,TEN,18112.0,18007.0
2019-02-12,4,TEN,17132.0,17036.0
2019-02-12,5,TEN,15936.0,15886.0
2019-02-12,6,TEN,15041.0,14906.0
2019-02-12,7,TEN,14653.0,14444.0
2019-02-12,8,TEN,14273.0,14192.0
2019-02-12,9,TEN,14023.0,13962.0
2019-02-12,10,TEN,14052.0,14097.0
2019-02-12,11,TEN,14576.0,14530.0
2019-02-12,12,TEN,15728.0,15708.0
2019-02-12,13,TEN,17007.0,16918.0
2019-02-12,14,TEN,17178.0,17146.0
2019-02-12,15,TEN,17182.0,17140.0
2019-02-12,16,TEN,17200.0,17123.0
2019-02-12,17,TEN,17223.0,17180.0
2019-02-12,18,TEN,17142.0,17005.0
2019-02-12,19,TEN,17370.0,17194.0
2019-02-12,20,TEN,17395.0,17169.0
2019-02-12,21,TEN,16938.0,16769.0
2019-02-12,22,TEN,17536.0,17348.0
2019-02-12,23,TEN,17929.0,17930.0
2019-02-13,0,TEN,18821.0,18847.0
2019-02-13,1,TEN,19677.0,19487.0
2019-02-13,2,TEN,19789.0,19608.0
2019-02-13,3,TEN,19599.0,19488.0
2019-02-13,4,TEN,18960.0,18800.0
2019-02-13,5,TEN,18297.0,18201.0
2019-02-13,6,TEN,17867.0,17855.0
2019-02-13,7,TEN,17801.0,17741.0
2019-02-13,8,TEN,17847.0,17849.0
2019-02-13,9,TEN,18103.0,18034.0
2019-02-13,10,TEN,18454.0,18177.0
2019-02-13,11,TEN,19382.0,19070.0
2019-02-13,12,TEN,21249.0,20217.0
2019-02-13,13,TEN,22737.0,21475.0
2019-02-13,14,TEN,22418.0,21211.0
2019-02-13,15,TEN,21257.0,20293.0
2019-02-13,16,TEN,20212.0,19724.0
2019-02-13,17,TEN,19389.0,19329.0
2019-02-13,18,TEN,18665.0,18568.0
2019-02-13,19,TEN,18195.0,18170.0
2019-02-13,20,TEN,17616.0,17539.0
2019-02-13,21,TEN,17160.0,17115.0
2019-02-13,22,TEN,17027.0,16999.0
2019-02-13,23,TEN,17454.0,17429.0
2019-02-14,0,TEN,18728.0,18672.0
2019-02-14,1,TEN,19798.0,19704.0
2019-02-14,2,TEN,20081.0,19983.0
2019-02-14,3,TEN,20082.0,20010.0
2019-02-14,4,TEN,19626.0,19503.0
2019-02-14,5,TEN,18912.0,18894.0
2019-02-14,6,TEN,18211.0,18143.0
2019-02-14,7,TEN,18094.0,17967.0
2019-02-14,8,TEN,18081.0,18011.0
2019-02-14,9,TEN,18137.0,18091.0
2019-02-14,10,TEN,18295.0,18231.0
2019-02-14,11,TEN,19042.0,18841.0
2019-02-14,12,TEN,20380.0,20316.0
2019-02-14,13,TEN,21648.0,21517.0
2019-02-14,14,TEN,21261.0,21191.0
2019-02-14,15,TEN,20286.0,20294.0
2019-02-14,16,TEN,19411.0,19423.0
2019-02-14,17,TEN,18785.0,18718.0
2019-02-14,18,TEN,18206.0,18143.0
2019-02-14,19,TEN,17607.0,17485.0
2019-02-14,20,TEN,17332.0,17322.0
2019-02-14,21,TEN,17072.0,17020.0
2019-02-14,22,TEN,17168.0,17147.0
2019-02-14,23,TEN,17433.0,17875.0
2019-02-15,0,TEN,18241.0,19055.0
2019-02-15,1,TEN,18755.0,19596.0
2019-02-15,2,TEN,18855.0,19264.0
2019-02-15,3,TEN,17602.0,18801.0
2019-02-15,4,TEN,17287.0,18046.0
2019-02-15,5,TEN,16611.0,16996.0
2019-02-15,6,TEN,14934.0,16349.0
2019-02-15,7,TEN,14729.0,15792.0
2019-02-15,8,TEN,14372.0,15453.0
2019-02-15,9,TEN,14253.0,15353.0
2019-02-15,10,TEN,14188.0,15276.0
2019-02-15,11,TEN,14825.0,15904.0
2019-02-15,12,TEN,16066.0,17018.0
2019-02-15,13,TEN,17335.0,18094.0
2019-02-15,14,TEN,17457.0,18314.0
2019-02-15,15,TEN,17463.0,18305.0
2019-02-15,16,TEN,17451.0,18332.0
2019-02-15,17,TEN,17426.0,18320.0
2019-02-15,18,TEN,17222.0,17975.0
2019-02-15,19,TEN,17240.0,17984.0
2019-02-15,20,TEN,17178.0,17955.0
2019-02-15,21,TEN,17172.0,17904.0
2019-02-15,22,TEN,17446.0,18187.0
2019-02-15,23,TEN,17904.0,18815.0
2019-02-16,0,TEN,18730.0,19434.0
2019-02-16,1,TEN,18880.0,19259.0
2019-02-16,2,TEN,18661.0,19203.0
2019-02-16,3,TEN,18385.0,19207.0
2019-02-16,4,TEN,17919.0,18674.0
2019-02-16,5,TEN,17288.0,18056.0
2019-02-16,6,TEN,16662.0,17420.0
2019-02-16,7,TEN,16538.0,16965.0
2019-02-16,8,TEN,16347.0,16760.0
2019-02-16,9,TEN,15410.0,16735.0
2019-02-16,10,TEN,16260.0,16996.0
2019-02-16,11,TEN,16563.0,17241.0
2019-02-16,12,TEN,17262.0,17904.0
2019-02-16,13,TEN,18041.0,18813.0
2019-02-16,14,TEN,18731.0,19442.0
2019-02-16,15,TEN,19597.0,20212.0
2019-02-16,16,TEN,19746.0,20267.0
2019-02-16,17,TEN,19694.0,20268.0
2019-02-16,18,TEN,19296.0,20159.0
2019-02-16,19,TEN,18814.0,19604.0
2019-02-16,20,TEN,18288.0,19088.0
2019-02-16,21,TEN,18084.0,18890.0
2019-02-16,22,TEN,17976.0,18625.0
2019-02-16,23,TEN,18338.0,19141.0
2019-02-17,0,TEN,19043.0,19824.0
2019-02-17,1,TEN,19433.0,20270.0
2019-02-17,2,TEN,19175.0,20026.0
2019-02-17,3,TEN,18910.0,19729.0
2019-02-17,4,TEN,18304.0,19079.0
2019-02-17,5,TEN,17662.0,18385.0
2019-02-17,6,TEN,16861.0,17604.0
2019-02-17,7,TEN,16432.0,17064.0
2019-02-17,8,TEN,16047.0,16678.0
2019-02-17,9,TEN,15897.0,16531.0
2019-02-17,10,TEN,15770.0,16484.0
2019-02-17,11,TEN,15879.0,16539.0
2019-02-17,12,TEN,16175.0,16795.0
2019-02-17,13,TEN,16692.0,17329.0
2019-02-17,14,TEN,17183.0,17727.0
2019-02-17,15,TEN,17580.0,18244.0
2019-02-17,16,TEN,17759.0,18411.0
2019-02-17,17,TEN,17633.0,18343.0
2019-02-17,18,TEN,17407.0,18184.0
2019-02-17,19,TEN,17357.0,18077.0
2019-02-17,20,TEN,17209.0,17968.0
2019-02-17,21,TEN,17071.0,17791.0
2019-02-17,22,TEN,17163.0,17963.0
2019-02-17,23,TEN,17651.0,18412.0
2019-02-18,0,TEN,18281.0,19039.0
2019-02-18,1,TEN,18386.0,19138.0
2019-02-18,2,TEN,18394.0,19105.0
2019-02-18,3,TEN,17997.0,18712.0
2019-02-18,4,TEN,17492.0,18094.0
2019-02-18,5,TEN,16741.0,17477.0
2019-02-18,6,TEN,16196.0,16954.0
2019-02-18,7,TEN,15970.0,16670.0
2019-02-18,8,TEN,15903.0,16702.0
2019-02-18,9,TEN,16020.0,16823.0
2019-02-18,10,TEN,16533.0,17352.0
2019-02-18,11,TEN,17523.0,18219.0
2019-02-18,12,TEN,18703.0,19569.0
2019-02-18,13,TEN,20057.0,20864.0
2019-02-18,14,TEN,20673.0,21505.0
2019-02-18,15,TEN,21018.0,21837.0
2019-02-18,16,TEN,20832.0,21646.0
2019-02-18,17,TEN,20519.0,21143.0
2019-02-18,18,TEN,20084.0,20782.0
2019-02-18,19,TEN,19568.0,20350.0
2019-02-18,20,TEN,19107.0,19854.0
2019-02-18,21,TEN,18870.0,19600.0
2019-02-18,22,TEN,18971.0,19746.0
2019-02-18,23,TEN,19570.0,20362.0
2019-02-19,0,TEN,20848.0,21666.0
2019-02-19,1,TEN,21791.0,22623.0
2019-02-19,2,TEN,21945.0,22776.0
2019-02-19,3,TEN,21695.0,22536.0
2019-02-19,4,TEN,21031.0,21884.0
2019-02-19,5,TEN,20152.0,20918.0
2019-02-19,6,TEN,19587.0,20320.0
2019-02-19,7,TEN,19152.0,20053.0
2019-02-19,8,TEN,19048.0,19890.0
2019-02-19,9,TEN,19228.0,19987.0
2019-02-19,10,TEN,19571.0,20401.0
2019-02-19,11,TEN,20228.0,21157.0
2019-02-19,12,TEN,21745.0,22547.0
2019-02-19,13,TEN,23193.0,23483.0
2019-02-19,14,TEN,23210.0,23378.0
2019-02-19,15,TEN,22838.0,23212.0
2019-02-19,16,TEN,22364.0,22862.0
2019-02-19,17,TEN,22143.0,22825.0
2019-02-19,18,TEN,21822.0,22272.0
2019-02-19,19,TEN,21788.0,22479.0
2019-02-19,20,TEN,21719.0,22382.0
2019-02-19,21,TEN,21632.0,22140.0
2019-02-19,22,TEN,21802.0,22237.0
2019-02-19,23,TEN,22264.0,22171.0
2019-02-20,0,TEN,22868.0,22784.0
2019-02-20,1,TEN,22920.0,22973.0
2019-02-20,2,TEN,22486.0,22829.0
2019-02-20,3,TEN,21751.0,22374.0
2019-02-20,4,TEN,20710.0,21350.0
2019-02-20,5,TEN,19591.0,20416.0
2019-02-20,6,TEN,18561.0,19430.0
2019-02-20,7,TEN,17998.0,18935.0
2019-02-20,8,TEN,17537.0,18385.0
2019-02-20,9,TEN,17418.0,18279.0
2019-02-20,10,TEN,17360.0,18210.0
2019-02-20,11,TEN,17759.0,18635.0
2019-02-20,12,TEN,18653.0,19591.0
2019-02-20,13,TEN,19712.0,20666.0
2019-02-20,14,TEN,19796.0,20765.0
2019-02-20,15,TEN,19609.0,20570.0
2019-02-20,16,TEN,19471.0,20318.0
2019-02-20,17,TEN,19444.0,20318.0
2019-02-20,18,TEN,19289.0,20227.0
2019-02-20,19,TEN,19029.0,19509.0
2019-02-20,20,TEN,18832.0,19362.0
2019-02-20,21,TEN,18663.0,19458.0
2019-02-20,22,TEN,18599.0,19460.0
2019-02-20,23,TEN,18720.0,19655.0
2019-02-21,0,TEN,19187.0,19716.0
2019-02-21,1,TEN,19685.0,20116.0
2019-02-21,2,TEN,19285.0,19796.0
2019-02-21,3,TEN,18808.0,19688.0
2019-02-21,4,TEN,17846.0,18733.0
2019-02-21,5,TEN,16998.0,17816.0
2019-02-21,6,TEN,16292.0,17079.0
2019-02-21,7,TEN,15770.0,16595.0
2019-02-21,8,TEN,15503.0,16352.0
2019-02-21,9,TEN,15542.0,16362.0
2019-02-21,10,TEN,15921.0,16762.0
2019-02-21,11,TEN,16549.0,17440.0
2019-02-21,12,TEN,17894.0,18904.0
2019-02-21,13,TEN,19243.0,20070.0
2019-02-21,14,TEN,19280.0,20093.0
2019-02-21,15,TEN,18939.0,19806.0
2019-02-21,16,TEN,18697.0,19546.0
2019-02-21,17,TEN,18496.0,19282.0
2019-02-21,18,TEN,18313.0,19096.0
2019-02-21,19,TEN,18259.0,19071.0
2019-02-21,20,TEN,18078.0,18968.0
2019-02-21,21,TEN,18021.0,18933.0
2019-02-21,22,TEN,18200.0,19076.0
2019-02-21,23,TEN,18699.0,19595.0
2019-02-22,0,TEN,19455.0,20321.0
2019-02-22,1,TEN,19749.0,20608.0
2019-02-22,2,TEN,19468.0,20305.0
2019-02-22,3,TEN,18998.0,19868.0
2019-02-22,4,TEN,18197.0,19019.0
2019-02-22,5,TEN,17195.0,18101.0
2019-02-22,6,TEN,16414.0,17326.0
2019-02-22,7,TEN,15865.0,16845.0
2019-02-22,8,TEN,15592.0,16638.0
2019-02-22,9,TEN,15480.0,16509.0
2019-02-22,10,TEN,15524.0,16586.0
2019-02-22,11,TEN,15958.0,16953.0
2019-02-22,12,TEN,17154.0,18032.0
2019-02-22,13,TEN,18355.0,19197.0
2019-02-22,14,TEN,18741.0,19732.0
2019-02-22,15,TEN,18878.0,19832.0
2019-02-22,16,TEN,18994.0,19906.0
2019-02-22,17,TEN,18965.0,19899.0
2019-02-22,18,TEN,18786.0,19693.0
2019-02-22,19,TEN,18593.0,19465.0
2019-02-22,20,TEN,18304.0,19176.0
2019-02-22,21,TEN,18162.0,19005.0
2019-02-22,22,TEN,17980.0,18892.0
2019-02-22,23,TEN,18116.0,18987.0
2019-02-23,0,TEN,18511.0,19456.0
2019-02-23,1,TEN,18635.0,19650.0
2019-02-23,2,TEN,18287.0,19240.0
2019-02-23,3,TEN,17879.0,18605.0
2019-02-23,4,TEN,17145.0,17714.0
2019-02-23,5,TEN,16420.0,17213.0
2019-02-23,6,TEN,15593.0,16213.0
2019-02-23,7,TEN,14960.0,15794.0
2019-02-23,8,TEN,14660.0,15517.0
2019-02-23,9,TEN,14498.0,15460.0
2019-02-23,10,TEN,14279.0,15258.0
2019-02-23,11,TEN,14510.0,15393.0
2019-02-23,12,TEN,14870.0,15733.0
2019-02-23,13,TEN,15420.0,16290.0
2019-02-23,14,TEN,15896.0,16743.0
2019-02-23,15,TEN,16513.0,17333.0
2019-02-23,16,TEN,16821.0,17681.0
2019-02-23,17,TEN,17000.0,17450.0
2019-02-23,18,TEN,16902.0,17351.0
2019-02-23,19,TEN,16672.0,17370.0
2019-02-23,20,TEN,16467.0,16881.0
2019-02-23,21,TEN,16240.0,16621.0
2019-02-23,22,TEN,16154.0,16512.0
2019-02-23,23,TEN,16244.0,16818.0
2019-02-24,0,TEN,16489.0,16720.0
2019-02-24,1,TEN,16711.0,16920.0
2019-02-24,2,TEN,16380.0,16793.0
2019-02-24,3,TEN,16036.0,16660.0
2019-02-24,4,TEN,15436.0,16224.0
2019-02-24,5,TEN,14650.0,15519.0
2019-02-24,6,TEN,13854.0,14676.0
2019-02-24,7,TEN,13275.0,14058.0
2019-02-24,8,TEN,13056.0,13885.0
2019-02-24,9,TEN,12932.0,13756.0
2019-02-24,10,TEN,12976.0,13861.0
2019-02-24,11,TEN,13304.0,14137.0
2019-02-24,12,TEN,13720.0,14516.0
2019-02-24,13,TEN,14416.0,15235.0
2019-02-24,14,TEN,15276.0,15835.0
2019-02-24,15,TEN,15897.0,16392.0
2019-02-24,16,TEN,15906.0,16320.0
2019-02-24,17,TEN,15702.0,16236.0
2019-02-24,18,TEN,15388.0,16316.0
2019-02-24,19,TEN,15124.0,16163.0
2019-02-24,20,TEN,14914.0,15833.0
2019-02-24,21,TEN,14792.0,15898.0
2019-02-24,22,TEN,14775.0,15866.0
2019-02-24,23,TEN,15291.0,16270.0
2019-02-25,0,TEN,16413.0,17406.0
2019-02-25,1,TEN,17939.0,18819.0
2019-02-25,2,TEN,18159.0,18862.0
2019-02-25,3,TEN,18163.0,18853.0
2019-02-25,4,TEN,17896.0,18578.0
2019-02-25,5,TEN,17452.0,18110.0
2019-02-25,6,TEN,17072.0,17489.0
2019-02-25,7,TEN,16974.0,17058.0
2019-02-25,8,TEN,17071.0,17119.0
2019-02-25,9,TEN,17425.0,17508.0
2019-02-25,10,TEN,17796.0,17566.0
2019-02-25,11,TEN,18774.0,18342.0
2019-02-25,12,TEN,20496.0,19841.0
2019-02-25,13,TEN,21926.0,20602.0
2019-02-25,14,TEN,21555.0,20468.0
2019-02-25,15,TEN,20341.0,19563.0
2019-02-25,16,TEN,19466.0,19608.0
2019-02-25,17,TEN,18742.0,19418.0
2019-02-25,18,TEN,17972.0,18750.0
2019-02-25,19,TEN,17448.0,18131.0
2019-02-25,20,TEN,17034.0,17698.0
2019-02-25,21,TEN,16567.0,17381.0
2019-02-25,22,TEN,16405.0,17208.0
2019-02-25,23,TEN,16729.0,17543.0
2019-02-26,0,TEN,17917.0,18685.0
2019-02-26,1,TEN,19187.0,19887.0
2019-02-26,2,TEN,19393.0,19841.0
2019-02-26,3,TEN,19161.0,19353.0
2019-02-26,4,TEN,18649.0,19244.0
2019-02-26,5,TEN,17913.0,18765.0
2019-02-26,6,TEN,17426.0,18227.0
2019-02-26,7,TEN,17205.0,18082.0
2019-02-26,8,TEN,17356.0,18185.0
2019-02-26,9,TEN,17483.0,18334.0
2019-02-26,10,TEN,17825.0,18686.0
2019-02-26,11,TEN,18736.0,19584.0
2019-02-26,12,TEN,20267.0,20612.0
2019-02-26,13,TEN,21699.0,21133.0
2019-02-26,14,TEN,21288.0,20988.0
2019-02-26,15,TEN,19850.0,20223.0
2019-02-26,16,TEN,18546.0,19275.0
2019-02-26,17,TEN,17731.0,18512.0
2019-02-26,18,TEN,16932.0,17689.0
2019-02-26,19,TEN,16462.0,17196.0
2019-02-26,20,TEN,16015.0,16727.0
2019-02-26,21,TEN,15806.0,16522.0
2019-02-26,22,TEN,15648.0,16401.0
2019-02-26,23,TEN,15826.0,16598.0
2019-02-27,0,TEN,16594.0,17305.0
2019-02-27,1,TEN,17639.0,18343.0
2019-02-27,2,TEN,17681.0,18447.0
2019-02-27,3,TEN,17415.0,18166.0
2019-02-27,4,TEN,16805.0,17581.0
2019-02-27,5,TEN,15905.0,16617.0
2019-02-27,6,TEN,15378.0,15999.0
2019-02-27,7,TEN,15145.0,15781.0
2019-02-27,8,TEN,15087.0,15769.0
2019-02-27,9,TEN,15145.0,15800.0
2019-02-27,10,TEN,15238.0,15990.0
2019-02-27,11,TEN,15870.0,16567.0
2019-02-27,12,TEN,17247.0,17985.0
2019-02-27,13,TEN,18561.0,19299.0
2019-02-27,14,TEN,18475.0,19252.0
2019-02-27,15,TEN,17895.0,18660.0
2019-02-27,16,TEN,17205.0,17938.0
2019-02-27,17,TEN,16697.0,17434.0
2019-02-27,18,TEN,16139.0,16931.0
2019-02-27,19,TEN,15862.0,16686.0
2019-02-27,20,TEN,15651.0,16404.0
2019-02-27,21,TEN,15480.0,16253.0
2019-02-27,22,TEN,15395.0,16080.0
2019-02-27,23,TEN,15582.0,16282.0
2019-02-28,0,TEN,16201.0,16935.0
2019-02-28,1,TEN,16966.0,17703.0
2019-02-28,2,TEN,16801.0,17646.0
2019-02-28,3,TEN,16388.0,17320.0
2019-02-28,4,TEN,15637.0,16628.0
2019-02-28,5,TEN,14583.0,15492.0
2019-02-28,6,TEN,13919.0,14855.0
2019-02-28,7,TEN,13486.0,14375.0
2019-02-28,8,TEN,13413.0,14236.0
2019-02-28,9,TEN,13269.0,14159.0
2019-02-28,10,TEN,13565.0,14382.0
2019-02-28,11,TEN,14208.0,14892.0
2019-02-28,12,TEN,15706.0,16516.0
2019-02-28,13,TEN,17162.0,18039.0
2019-02-28,14,TEN,17358.0,18263.0
2019-02-28,15,TEN,17397.0,18232.0
2019-02-28,16,TEN,17273.0,18226.0
2019-02-28,17,TEN,17251.0,18192.0
2019-02-28,18,TEN,17109.0,18047.0
2019-02-28,19,TEN,17074.0,18024.0
2019-02-28,20,TEN,16912.0,17857.0
2019-02-28,21,TEN,16815.0,17760.0
2019-02-28,22,TEN,16981.0,17902.0
2019-02-28,23,TEN,17366.0,18346.0
2019-03-01,0,TEN,18054.0,18999.0
2019-03-01,1,TEN,18688.0,19588.0
2019-03-01,2,TEN,18591.0,19523.0
2019-03-01,3,TEN,18294.0,19182.0
2019-03-01,4,TEN,17494.0,18375.0
2019-03-01,5,TEN,16501.0,17460.0
2019-03-01,6,TEN,15673.0,16519.0
2019-03-01,7,TEN,15266.0,16018.0
2019-03-01,8,TEN,14984.0,15680.0
2019-03-01,9,TEN,14854.0,15611.0
2019-03-01,10,TEN,15008.0,15798.0
2019-03-01,11,TEN,15513.0,16209.0
2019-03-01,12,TEN,16892.0,17546.0
2019-03-01,13,TEN,18277.0,18934.0
2019-03-01,14,TEN,18436.0,19069.0
2019-03-01,15,TEN,18485.0,19093.0
2019-03-01,16,TEN,18520.0,19172.0
2019-03-01,17,TEN,18551.0,19167.0
2019-03-01,18,TEN,18116.0,18753.0
2019-03-01,19,TEN,18010.0,18601.0
2019-03-01,20,TEN,17868.0,18457.0
2019-03-01,21,TEN,17623.0,18215.0
2019-03-01,22,TEN,17548.0,18211.0
2019-03-01,23,TEN,17652.0,18274.0
2019-03-02,0,TEN,18167.0,18794.0
2019-03-02,1,TEN,18699.0,19129.0
2019-03-02,2,TEN,18584.0,18955.0
2019-03-02,3,TEN,18255.0,18730.0
2019-03-02,4,TEN,17667.0,18156.0
2019-03-02,5,TEN,16912.0,17565.0
2019-03-02,6,TEN,16066.0,16820.0
2019-03-02,7,TEN,15752.0,16509.0
2019-03-02,8,TEN,15520.0,16297.0
2019-03-02,9,TEN,15400.0,16151.0
2019-03-02,10,TEN,15468.0,16229.0
2019-03-02,11,TEN,15700.0,16473.0
2019-03-02,12,TEN,16143.0,16860.0
2019-03-02,13,TEN,16837.0,17611.0
2019-03-02,14,TEN,17560.0,18300.0
2019-03-02,15,TEN,17986.0,18790.0
2019-03-02,16,TEN,18206.0,18933.0
2019-03-02,17,TEN,17966.0,18696.0
2019-03-02,18,TEN,17456.0,18157.0
2019-03-02,19,TEN,16965.0,17673.0
2019-03-02,20,TEN,16510.0,17262.0
2019-03-02,21,TEN,16437.0,17172.0
2019-03-02,22,TEN,16597.0,17330.0
2019-03-02,23,TEN,16974.0,17735.0
2019-03-03,0,TEN,17627.0,18374.0
2019-03-03,1,TEN,18075.0,18831.0
2019-03-03,2,TEN,18008.0,18779.0
2019-03-03,3,TEN,17645.0,18403.0
2019-03-03,4,TEN,17197.0,17871.0
2019-03-03,5,TEN,16561.0,17282.0
2019-03-03,6,TEN,15808.0,17282.0
2019-03-03,7,TEN,15540.0,16216.0
2019-03-03,8,TEN,15311.0,16070.0
2019-03-03,9,TEN,15197.0,15952.0
2019-03-03,10,TEN,15274.0,16041.0
2019-03-03,11,TEN,15523.0,16264.0
2019-03-03,12,TEN,15888.0,16582.0
2019-03-03,13,TEN,16464.0,17116.0
2019-03-03,14,TEN,17299.0,18017.0
2019-03-03,15,TEN,18019.0,18699.0
2019-03-03,16,TEN,18209.0,18864.0
2019-03-03,17,TEN,18249.0,18901.0
2019-03-03,18,TEN,18390.0,19046.0
2019-03-03,19,TEN,18551.0,19195.0
2019-03-03,20,TEN,18568.0,19193.0
2019-03-03,21,TEN,18850.0,19506.0
2019-03-03,22,TEN,19076.0,19765.0
2019-03-03,23,TEN,19630.0,20256.0
2019-03-04,0,TEN,20437.0,21099.0
2019-03-04,1,TEN,21250.0,21937.0
2019-03-04,2,TEN,21379.0,21919.0
2019-03-04,3,TEN,21189.0,21865.0
2019-03-04,4,TEN,20778.0,21469.0
2019-03-04,5,TEN,20055.0,20729.0
2019-03-04,6,TEN,19626.0,20312.0
2019-03-04,7,TEN,19550.0,20329.0
2019-03-04,8,TEN,19727.0,20447.0
2019-03-04,9,TEN,19838.0,20569.0
2019-03-04,10,TEN,20392.0,21064.0
2019-03-04,11,TEN,21487.0,21801.0
2019-03-04,12,TEN,23312.0,23543.0
2019-03-04,13,TEN,24868.0,25191.0
2019-03-04,14,TEN,25151.0,25482.0
2019-03-04,15,TEN,24855.0,25157.0
2019-03-04,16,TEN,24561.0,24929.0
2019-03-04,17,TEN,24452.0,24855.0
2019-03-04,18,TEN,23734.0,24419.0
2019-03-04,19,TEN,22967.0,23562.0
2019-03-04,20,TEN,22105.0,22882.0
2019-03-04,21,TEN,21610.0,22450.0
2019-03-04,22,TEN,21677.0,22463.0
2019-03-04,23,TEN,22087.0,22846.0
2019-03-05,0,TEN,23191.0,23817.0
2019-03-05,1,TEN,24757.0,24803.0
2019-03-05,2,TEN,25052.0,24913.0
2019-03-05,3,TEN,24906.0,24892.0
2019-03-05,4,TEN,24288.0,24557.0
2019-03-05,5,TEN,23438.0,23697.0
2019-03-05,6,TEN,22749.0,22556.0
2019-03-05,7,TEN,22597.0,22193.0
2019-03-05,8,TEN,22634.0,22153.0
2019-03-05,9,TEN,22751.0,22281.0
2019-03-05,10,TEN,23078.0,22653.0
2019-03-05,11,TEN,23938.0,23951.0
2019-03-05,12,TEN,25498.0,25086.0
2019-03-05,13,TEN,26727.0,26126.0
2019-03-05,14,TEN,26083.0,25724.0
2019-03-05,15,TEN,24690.0,24449.0
2019-03-05,16,TEN,23630.0,23656.0
2019-03-05,17,TEN,22785.0,22926.0
2019-03-05,18,TEN,21806.0,22058.0
2019-03-05,19,TEN,21082.0,21287.0
2019-03-05,20,TEN,20499.0,20588.0
2019-03-05,21,TEN,19920.0,20123.0
2019-03-05,22,TEN,20000.0,19992.0
2019-03-05,23,TEN,20466.0,20466.0
2019-03-06,0,TEN,21830.0,21863.0
2019-03-06,1,TEN,23686.0,23632.0
2019-03-06,2,TEN,24133.0,23850.0
2019-03-06,3,TEN,24116.0,23839.0
2019-03-06,4,TEN,23606.0,23296.0
2019-03-06,5,TEN,22839.0,22807.0
2019-03-06,6,TEN,22484.0,22402.0
2019-03-06,7,TEN,22399.0,22463.0
2019-03-06,8,TEN,22511.0,22505.0
2019-03-06,9,TEN,22711.0,22804.0
2019-03-06,10,TEN,23345.0,23549.0
2019-03-06,11,TEN,24202.0,24354.0
2019-03-06,12,TEN,25890.0,25404.0
2019-03-06,13,TEN,26999.0,26107.0
2019-03-06,14,TEN,26157.0,25247.0
2019-03-06,15,TEN,24541.0,24123.0
2019-03-06,16,TEN,23422.0,23367.0
2019-03-06,17,TEN,22272.0,22679.0
2019-03-06,18,TEN,21307.0,22144.0
2019-03-06,19,TEN,20431.0,21403.0
2019-03-06,20,TEN,19664.0,20589.0
2019-03-06,21,TEN,19086.0,19974.0
2019-03-06,22,TEN,18825.0,19671.0
2019-03-06,23,TEN,19141.0,19980.0
2019-03-07,0,TEN,20346.0,21120.0
2019-03-07,1,TEN,22060.0,22703.0
2019-03-07,2,TEN,22502.0,23322.0
2019-03-07,3,TEN,22619.0,23417.0
2019-03-07,4,TEN,22143.0,22838.0
2019-03-07,5,TEN,21441.0,22267.0
2019-03-07,6,TEN,20901.0,21728.0
2019-03-07,7,TEN,20665.0,21495.0
2019-03-07,8,TEN,20565.0,21366.0
2019-03-07,9,TEN,20699.0,21535.0
2019-03-07,10,TEN,21074.0,21848.0
2019-03-07,11,TEN,21784.0,22280.0
2019-03-07,12,TEN,23270.0,23178.0
2019-03-07,13,TEN,24437.0,23745.0
2019-03-07,14,TEN,23734.0,23051.0
2019-03-07,15,TEN,22155.0,22344.0
2019-03-07,16,TEN,21057.0,21891.0
2019-03-07,17,TEN,20318.0,21166.0
2019-03-07,18,TEN,19383.0,20347.0
2019-03-07,19,TEN,19042.0,19854.0
2019-03-07,20,TEN,18751.0,19601.0
2019-03-07,21,TEN,18631.0,19432.0
2019-03-07,22,TEN,18685.0,19508.0
2019-03-07,23,TEN,19033.0,19731.0
2019-03-08,0,TEN,19862.0,20546.0
2019-03-08,1,TEN,20594.0,21278.0
2019-03-08,2,TEN,20467.0,21163.0
2019-03-08,3,TEN,20118.0,20882.0
2019-03-08,4,TEN,19246.0,19978.0
2019-03-08,5,TEN,18199.0,18975.0
2019-03-08,6,TEN,17287.0,18047.0
2019-03-08,7,TEN,16952.0,17870.0
2019-03-08,8,TEN,16668.0,17691.0
2019-03-08,9,TEN,16550.0,17566.0
2019-03-08,10,TEN,16568.0,17462.0
2019-03-08,11,TEN,17158.0,17910.0
2019-03-08,12,TEN,18472.0,19213.0
2019-03-08,13,TEN,19575.0,20225.0
2019-03-08,14,TEN,19654.0,20346.0
2019-03-08,15,TEN,19573.0,20250.0
2019-03-08,16,TEN,19510.0,20104.0
2019-03-08,17,TEN,19322.0,20038.0
2019-03-08,18,TEN,18971.0,19744.0
2019-03-08,19,TEN,18793.0,19559.0
2019-03-08,20,TEN,18491.0,19293.0
2019-03-08,21,TEN,18237.0,19127.0
2019-03-08,22,TEN,18106.0,19010.0
2019-03-08,23,TEN,18198.0,19014.0
2019-03-09,0,TEN,18529.0,19286.0
2019-03-09,1,TEN,18636.0,19408.0
2019-03-09,2,TEN,18322.0,19066.0
2019-03-09,3,TEN,17871.0,18581.0
2019-03-09,4,TEN,17217.0,17832.0
2019-03-09,5,TEN,16377.0,16982.0
2019-03-09,6,TEN,15628.0,16278.0
2019-03-09,7,TEN,14979.0,15740.0
2019-03-09,8,TEN,14698.0,15486.0
2019-03-09,9,TEN,14356.0,15156.0
2019-03-09,10,TEN,14316.0,15123.0
2019-03-09,11,TEN,14516.0,15303.0
2019-03-09,12,TEN,14962.0,15785.0
2019-03-09,13,TEN,15303.0,16181.0
2019-03-09,14,TEN,15883.0,16656.0
2019-03-09,15,TEN,16347.0,16667.0
2019-03-09,16,TEN,16632.0,17150.0
2019-03-09,17,TEN,16600.0,17152.0
2019-03-09,18,TEN,16297.0,16903.0
2019-03-09,19,TEN,16081.0,16525.0
2019-03-09,20,TEN,15760.0,16320.0
2019-03-09,21,TEN,15424.0,15960.0
2019-03-09,22,TEN,15341.0,15896.0
2019-03-09,23,TEN,15503.0,16029.0
2019-03-10,0,TEN,15833.0,16407.0
2019-03-10,1,TEN,16086.0,16613.0
2019-03-10,2,TEN,15751.0,16298.0
2019-03-10,3,TEN,15302.0,15856.0
2019-03-10,4,TEN,14846.0,15554.0
2019-03-10,5,TEN,14148.0,14745.0
2019-03-10,6,TEN,13371.0,13915.0
2019-03-10,7,TEN,12883.0,13388.0
2019-03-10,8,TEN,12488.0,13009.0
2019-03-10,9,TEN,12425.0,12985.0
2019-03-10,10,TEN,12546.0,13124.0
2019-03-10,11,TEN,13063.0,13658.0
2019-03-10,12,TEN,13656.0,14177.0
2019-03-10,13,TEN,14330.0,14777.0
2019-03-10,14,TEN,14875.0,15376.0
2019-03-10,15,TEN,14948.0,15454.0
2019-03-10,16,TEN,14580.0,15103.0
2019-03-10,17,TEN,14479.0,15014.0
2019-03-10,18,TEN,14395.0,14946.0
2019-03-10,19,TEN,14274.0,14793.0
2019-03-10,20,TEN,14038.0,14610.0
2019-03-10,21,TEN,14063.0,14597.0
2019-03-10,22,TEN,14219.0,14786.0
2019-03-10,23,TEN,14370.0,14928.0
2019-03-11,0,TEN,14868.0,15324.0
2019-03-11,1,TEN,15890.0,16406.0
2019-03-11,2,TEN,15757.0,16301.0
2019-03-11,3,TEN,15258.0,15844.0
2019-03-11,4,TEN,14380.0,14964.0
2019-03-11,5,TEN,13631.0,14262.0
2019-03-11,6,TEN,13150.0,13821.0
2019-03-11,7,TEN,12930.0,13584.0
2019-03-11,8,TEN,13036.0,13700.0
2019-03-11,9,TEN,13370.0,14015.0
2019-03-11,10,TEN,14085.0,14745.0
2019-03-11,11,TEN,15519.0,16202.0
2019-03-11,12,TEN,17097.0,17719.0
2019-03-11,13,TEN,17552.0,18232.0
2019-03-11,14,TEN,17533.0,18224.0
2019-03-11,15,TEN,17681.0,18327.0
2019-03-11,16,TEN,17842.0,18514.0
2019-03-11,17,TEN,17842.0,18482.0
2019-03-11,18,TEN,17523.0,18208.0
2019-03-11,19,TEN,17115.0,17769.0
2019-03-11,20,TEN,16588.0,17239.0
2019-03-11,21,TEN,16259.0,16885.0
2019-03-11,22,TEN,16053.0,16717.0
2019-03-11,23,TEN,16019.0,16717.0
2019-03-12,0,TEN,16662.0,17313.0
2019-03-12,1,TEN,17718.0,18266.0
2019-03-12,2,TEN,17680.0,18250.0
2019-03-12,3,TEN,16994.0,17619.0
2019-03-12,4,TEN,16386.0,16899.0
2019-03-12,5,TEN,15657.0,16191.0
2019-03-12,6,TEN,15308.0,15764.0
2019-03-12,7,TEN,15190.0,15643.0
2019-03-12,8,TEN,15344.0,15799.0
2019-03-12,9,TEN,15484.0,15972.0
2019-03-12,10,TEN,16100.0,16586.0
2019-03-12,11,TEN,17640.0,18139.0
2019-03-12,12,TEN,19235.0,19643.0
2019-03-12,13,TEN,19487.0,19716.0
2019-03-12,14,TEN,18835.0,19324.0
2019-03-12,15,TEN,18051.0,18581.0
2019-03-12,16,TEN,17409.0,17857.0
2019-03-12,17,TEN,16885.0,17346.0
2019-03-12,18,TEN,16358.0,16851.0
2019-03-12,19,TEN,16079.0,16618.0
2019-03-12,20,TEN,15722.0,16229.0
2019-03-12,21,TEN,15581.0,16125.0
2019-03-12,22,TEN,15595.0,16168.0
2019-03-12,23,TEN,15835.0,16362.0
2019-03-13,0,TEN,16412.0,16974.0
2019-03-13,1,TEN,17274.0,17723.0
2019-03-13,2,TEN,17136.0,17629.0
2019-03-13,3,TEN,16443.0,17015.0
2019-03-13,4,TEN,15542.0,16014.0
2019-03-13,5,TEN,14727.0,15179.0
2019-03-13,6,TEN,14244.0,14747.0
2019-03-13,7,TEN,14054.0,14572.0
2019-03-13,8,TEN,14005.0,14536.0
2019-03-13,9,TEN,14212.0,14797.0
2019-03-13,10,TEN,14644.0,15327.0
2019-03-13,11,TEN,15757.0,16372.0
2019-03-13,12,TEN,17008.0,17642.0
2019-03-13,13,TEN,17264.0,17829.0
2019-03-13,14,TEN,17114.0,17737.0
2019-03-13,15,TEN,16944.0,17574.0
2019-03-13,16,TEN,16444.0,17090.0
2019-03-13,17,TEN,16105.0,16712.0
2019-03-13,18,TEN,15833.0,16404.0
2019-03-13,19,TEN,15612.0,16231.0
2019-03-13,20,TEN,15403.0,16032.0
2019-03-13,21,TEN,15293.0,15897.0
2019-03-13,22,TEN,15323.0,15956.0
2019-03-13,23,TEN,15391.0,16029.0
2019-03-14,0,TEN,15686.0,16304.0
2019-03-14,1,TEN,16474.0,17065.0
2019-03-14,2,TEN,16273.0,16846.0
2019-03-14,3,TEN,15596.0,16189.0
2019-03-14,4,TEN,14546.0,15025.0
2019-03-14,5,TEN,13640.0,14154.0
2019-03-14,6,TEN,13173.0,13610.0
2019-03-14,7,TEN,12709.0,13209.0
2019-03-14,8,TEN,12513.0,13016.0
2019-03-14,9,TEN,12724.0,13166.0
2019-03-14,10,TEN,13157.0,13699.0
2019-03-14,11,TEN,14192.0,14738.0
2019-03-14,12,TEN,15511.0,16027.0
2019-03-14,13,TEN,15752.0,16197.0
2019-03-14,14,TEN,15857.0,16420.0
2019-03-14,15,TEN,15934.0,16440.0
2019-03-14,16,TEN,15958.0,16284.0
2019-03-14,17,TEN,15942.0,16284.0
2019-03-14,18,TEN,15904.0,16395.0
2019-03-14,19,TEN,15877.0,16392.0
2019-03-14,20,TEN,15712.0,16255.0
2019-03-14,21,TEN,15729.0,16223.0
2019-03-14,22,TEN,15812.0,16400.0
2019-03-14,23,TEN,15945.0,16704.0
2019-03-15,0,TEN,16053.0,16886.0
2019-03-15,1,TEN,16580.0,17379.0
2019-03-15,2,TEN,16398.0,17183.0
2019-03-15,3,TEN,15692.0,16441.0
2019-03-15,4,TEN,14636.0,15396.0
2019-03-15,5,TEN,13564.0,14373.0
2019-03-15,6,TEN,12945.0,13857.0
2019-03-15,7,TEN,12635.0,13563.0
2019-03-15,8,TEN,12497.0,13209.0
2019-03-15,9,TEN,12434.0,13223.0
2019-03-15,10,TEN,12960.0,13879.0
2019-03-15,11,TEN,14281.0,15124.0
2019-03-15,12,TEN,15733.0,16646.0
2019-03-15,13,TEN,16118.0,17089.0
2019-03-15,14,TEN,16251.0,17169.0
2019-03-15,15,TEN,16477.0,17358.0
2019-03-15,16,TEN,16446.0,17417.0
2019-03-15,17,TEN,16313.0,17290.0
2019-03-15,18,TEN,16165.0,17071.0
2019-03-15,19,TEN,15919.0,16849.0
2019-03-15,20,TEN,15619.0,16545.0
2019-03-15,21,TEN,15505.0,16450.0
2019-03-15,22,TEN,15518.0,16441.0
2019-03-15,23,TEN,15380.0,16326.0
2019-03-16,0,TEN,15632.0,16626.0
2019-03-16,1,TEN,16652.0,17637.0
2019-03-16,2,TEN,16818.0,17769.0
2019-03-16,3,TEN,16437.0,17416.0
2019-03-16,4,TEN,15936.0,16772.0
2019-03-16,5,TEN,15403.0,16266.0
2019-03-16,6,TEN,15090.0,15651.0
2019-03-16,7,TEN,15086.0,15678.0
2019-03-16,8,TEN,15142.0,15768.0
2019-03-16,9,TEN,15369.0,16052.0
2019-03-16,10,TEN,15913.0,16542.0
2019-03-16,11,TEN,16768.0,17396.0
2019-03-16,12,TEN,17759.0,18443.0
2019-03-16,13,TEN,18448.0,18786.0
2019-03-16,14,TEN,18658.0,18958.0
2019-03-16,15,TEN,18110.0,18633.0
2019-03-16,16,TEN,17499.0,18106.0
2019-03-16,17,TEN,16683.0,17258.0
2019-03-16,18,TEN,16000.0,16618.0
2019-03-16,19,TEN,15394.0,16028.0
2019-03-16,20,TEN,14940.0,15572.0
2019-03-16,21,TEN,14598.0,15251.0
2019-03-16,22,TEN,14602.0,15221.0
2019-03-16,23,TEN,14685.0,15287.0
2019-03-17,0,TEN,15171.0,15819.0
2019-03-17,1,TEN,16294.0,16913.0
2019-03-17,2,TEN,16468.0,17107.0
2019-03-17,3,TEN,16487.0,17081.0
2019-03-17,4,TEN,16168.0,16830.0
2019-03-17,5,TEN,15763.0,16446.0
2019-03-17,6,TEN,15671.0,16295.0
2019-03-17,7,TEN,15687.0,16283.0
2019-03-17,8,TEN,15925.0,16569.0
2019-03-17,9,TEN,16181.0,16821.0
2019-03-17,10,TEN,16685.0,17276.0
2019-03-17,11,TEN,17450.0,18069.0
2019-03-17,12,TEN,18353.0,18953.0
2019-03-17,13,TEN,19085.0,19580.0
2019-03-17,14,TEN,18663.0,19156.0
2019-03-17,15,TEN,17407.0,17843.0
2019-03-17,16,TEN,16360.0,16958.0
2019-03-17,17,TEN,15550.0,16097.0
2019-03-17,18,TEN,15005.0,15585.0
2019-03-17,19,TEN,14635.0,15247.0
2019-03-17,20,TEN,14242.0,14887.0
2019-03-17,21,TEN,14063.0,14651.0
2019-03-17,22,TEN,14181.0,14799.0
2019-03-17,23,TEN,14355.0,15062.0
2019-03-18,0,TEN,14917.0,15531.0
2019-03-18,1,TEN,16163.0,16735.0
2019-03-18,2,TEN,16315.0,16886.0
2019-03-18,3,TEN,15931.0,16574.0
2019-03-18,4,TEN,15352.0,15983.0
2019-03-18,5,TEN,14868.0,15533.0
2019-03-18,6,TEN,14783.0,15364.0
2019-03-18,7,TEN,14863.0,15441.0
2019-03-18,8,TEN,15212.0,15811.0
2019-03-18,9,TEN,15627.0,16188.0
2019-03-18,10,TEN,16660.0,17208.0
2019-03-18,11,TEN,18426.0,18892.0
2019-03-18,12,TEN,20152.0,20670.0
2019-03-18,13,TEN,20460.0,21087.0
2019-03-18,14,TEN,19610.0,20212.0
2019-03-18,15,TEN,18734.0,19406.0
2019-03-18,16,TEN,18251.0,18919.0
2019-03-18,17,TEN,17808.0,18439.0
2019-03-18,18,TEN,17271.0,17896.0
2019-03-18,19,TEN,16793.0,17436.0
2019-03-18,20,TEN,16396.0,17010.0
2019-03-18,21,TEN,16218.0,16868.0
2019-03-18,22,TEN,16301.0,16937.0
2019-03-18,23,TEN,16474.0,17108.0
2019-03-19,0,TEN,17056.0,17661.0
2019-03-19,1,TEN,18324.0,18907.0
2019-03-19,2,TEN,18529.0,19165.0
2019-03-19,3,TEN,18251.0,18927.0
2019-03-19,4,TEN,17410.0,18039.0
2019-03-19,5,TEN,16918.0,17508.0
2019-03-19,6,TEN,16789.0,17619.0
2019-03-19,7,TEN,17063.0,17864.0
2019-03-19,8,TEN,17370.0,18044.0
2019-03-19,9,TEN,18001.0,18662.0
2019-03-19,10,TEN,18876.0,19419.0
2019-03-19,11,TEN,20463.0,20853.0
2019-03-19,12,TEN,22135.0,21867.0
2019-03-19,13,TEN,22107.0,21996.0
2019-03-19,14,TEN,20761.0,21341.0
2019-03-19,15,TEN,19220.0,19774.0
2019-03-19,16,TEN,18230.0,19018.0
2019-03-19,17,TEN,17446.0,18209.0
2019-03-19,18,TEN,16929.0,17809.0
2019-03-19,19,TEN,16401.0,17331.0
2019-03-19,20,TEN,16065.0,17011.0
2019-03-19,21,TEN,15838.0,16812.0
2019-03-19,22,TEN,15718.0,16720.0
2019-03-19,23,TEN,15884.0,16844.0
2019-03-20,0,TEN,16386.0,17341.0
2019-03-20,1,TEN,17548.0,18545.0
2019-03-20,2,TEN,17812.0,18726.0
2019-03-20,3,TEN,17365.0,18303.0
2019-03-20,4,TEN,16760.0,17613.0
2019-03-20,5,TEN,16276.0,17180.0
2019-03-20,6,TEN,16308.0,17214.0
2019-03-20,7,TEN,16372.0,17420.0
2019-03-20,8,TEN,16635.0,17695.0
2019-03-20,9,TEN,17162.0,18022.0
2019-03-20,10,TEN,17931.0,18695.0
2019-03-20,11,TEN,19499.0,19998.0
2019-03-20,12,TEN,21165.0,20789.0
2019-03-20,13,TEN,21076.0,21094.0
2019-03-20,14,TEN,19879.0,20676.0
2019-03-20,15,TEN,18374.0,19156.0
2019-03-20,16,TEN,17320.0,18080.0
2019-03-20,17,TEN,16533.0,17426.0
2019-03-20,18,TEN,16066.0,17008.0
2019-03-20,19,TEN,15665.0,16634.0
2019-03-20,20,TEN,15417.0,16391.0
2019-03-20,21,TEN,15267.0,16316.0
2019-03-20,22,TEN,15380.0,16384.0
2019-03-20,23,TEN,15543.0,16489.0
2019-03-21,0,TEN,16087.0,17154.0
2019-03-21,1,TEN,17078.0,17910.0
2019-03-21,2,TEN,17069.0,17952.0
2019-03-21,3,TEN,16404.0,17237.0
2019-03-21,4,TEN,15533.0,16351.0
2019-03-21,5,TEN,14679.0,15560.0
2019-03-21,6,TEN,14325.0,15072.0
2019-03-21,7,TEN,14122.0,14942.0
2019-03-21,8,TEN,14115.0,14941.0
2019-03-21,9,TEN,14390.0,15183.0
2019-03-21,10,TEN,14987.0,15756.0
2019-03-21,11,TEN,16265.0,16979.0
2019-03-21,12,TEN,17774.0,18491.0
2019-03-21,13,TEN,18011.0,18741.0
2019-03-21,14,TEN,17932.0,18711.0
2019-03-21,15,TEN,17591.0,18374.0
2019-03-21,16,TEN,17259.0,17989.0
2019-03-21,17,TEN,16929.0,17741.0
2019-03-21,18,TEN,16656.0,17367.0
2019-03-21,19,TEN,16449.0,17242.0
2019-03-21,20,TEN,16065.0,16906.0
2019-03-21,21,TEN,15931.0,16766.0
2019-03-21,22,TEN,16153.0,16976.0
2019-03-21,23,TEN,16091.0,16913.0
2019-03-22,0,TEN,16557.0,17318.0
2019-03-22,1,TEN,17756.0,18337.0
2019-03-22,2,TEN,17811.0,18516.0
2019-03-22,3,TEN,17422.0,18224.0
2019-03-22,4,TEN,16629.0,17356.0
2019-03-22,5,TEN,15955.0,16579.0
2019-03-22,6,TEN,15732.0,16263.0
2019-03-22,7,TEN,15607.0,16209.0
2019-03-22,8,TEN,15745.0,16345.0
2019-03-22,9,TEN,16147.0,16788.0
2019-03-22,10,TEN,16883.0,17523.0
2019-03-22,11,TEN,18491.0,19082.0
2019-03-22,12,TEN,20068.0,19544.0
2019-03-22,13,TEN,20225.0,19905.0
2019-03-22,14,TEN,19228.0,19560.0
2019-03-22,15,TEN,18340.0,18995.0
2019-03-22,16,TEN,17477.0,18165.0
2019-03-22,17,TEN,16709.0,17433.0
2019-03-22,18,TEN,16277.0,16917.0
2019-03-22,19,TEN,15918.0,16563.0
2019-03-22,20,TEN,15454.0,16123.0
2019-03-22,21,TEN,15123.0,15821.0
2019-03-22,22,TEN,14993.0,15692.0
2019-03-22,23,TEN,15118.0,15787.0
2019-03-23,0,TEN,15227.0,15949.0
2019-03-23,1,TEN,16094.0,16817.0
2019-03-23,2,TEN,16115.0,16785.0
2019-03-23,3,TEN,15681.0,16377.0
2019-03-23,4,TEN,15079.0,15684.0
2019-03-23,5,TEN,14565.0,15270.0
2019-03-23,6,TEN,14265.0,14751.0
2019-03-23,7,TEN,14188.0,14742.0
2019-03-23,8,TEN,14406.0,14919.0
2019-03-23,9,TEN,14696.0,15257.0
2019-03-23,10,TEN,15181.0,15741.0
2019-03-23,11,TEN,16095.0,16447.0
2019-03-23,12,TEN,17097.0,17557.0
2019-03-23,13,TEN,17792.0,17823.0
2019-03-23,14,TEN,17484.0,17471.0
2019-03-23,15,TEN,16868.0,17212.0
2019-03-23,16,TEN,16143.0,16352.0
2019-03-23,17,TEN,15495.0,15931.0
2019-03-23,18,TEN,14899.0,15557.0
2019-03-23,19,TEN,14464.0,15077.0
2019-03-23,20,TEN,14280.0,14877.0
2019-03-23,21,TEN,14129.0,14771.0
2019-03-23,22,TEN,14213.0,14832.0
2019-03-23,23,TEN,14274.0,14879.0
2019-03-24,0,TEN,14503.0,15096.0
2019-03-24,1,TEN,15272.0,15868.0
2019-03-24,2,TEN,15335.0,15884.0
2019-03-24,3,TEN,15029.0,15617.0
2019-03-24,4,TEN,14484.0,15109.0
2019-03-24,5,TEN,13928.0,14578.0
2019-03-24,6,TEN,13690.0,14449.0
2019-03-24,7,TEN,13662.0,14389.0
2019-03-24,8,TEN,13758.0,14529.0
2019-03-24,9,TEN,13822.0,14613.0
2019-03-24,10,TEN,14318.0,15131.0
2019-03-24,11,TEN,14831.0,15576.0
2019-03-24,12,TEN,15608.0,16311.0
2019-03-24,13,TEN,16306.0,17033.0
2019-03-24,14,TEN,16410.0,17065.0
2019-03-24,15,TEN,15932.0,16611.0
2019-03-24,16,TEN,15170.0,15818.0
2019-03-24,17,TEN,14762.0,15342.0
2019-03-24,18,TEN,14540.0,15208.0
2019-03-24,19,TEN,14298.0,14994.0
2019-03-24,20,TEN,14163.0,15062.0
2019-03-24,21,TEN,14091.0,15101.0
2019-03-24,22,TEN,14285.0,15200.0
2019-03-24,23,TEN,14408.0,15003.0
2019-03-25,0,TEN,14766.0,15416.0
2019-03-25,1,TEN,15545.0,16158.0
2019-03-25,2,TEN,15468.0,16062.0
2019-03-25,3,TEN,14797.0,15330.0
2019-03-25,4,TEN,13871.0,14496.0
2019-03-25,5,TEN,13176.0,14214.0
2019-03-25,6,TEN,12739.0,13926.0
2019-03-25,7,TEN,12563.0,13776.0
2019-03-25,8,TEN,12650.0,13844.0
2019-03-25,9,TEN,12766.0,13953.0
2019-03-25,10,TEN,13416.0,14193.0
2019-03-25,11,TEN,14712.0,15579.0
2019-03-25,12,TEN,16018.0,16843.0
2019-03-25,13,TEN,16469.0,17230.0
2019-03-25,14,TEN,16565.0,17300.0
2019-03-25,15,TEN,16801.0,17562.0
2019-03-25,16,TEN,16641.0,17371.0
2019-03-25,17,TEN,16526.0,17271.0
2019-03-25,18,TEN,16386.0,17076.0
2019-03-25,19,TEN,16265.0,16983.0
2019-03-25,20,TEN,16131.0,16834.0
2019-03-25,21,TEN,16044.0,16673.0
2019-03-25,22,TEN,16095.0,16773.0
2019-03-25,23,TEN,16322.0,17028.0
2019-03-26,0,TEN,16602.0,17285.0
2019-03-26,1,TEN,17185.0,17868.0
2019-03-26,2,TEN,16976.0,17642.0
2019-03-26,3,TEN,16332.0,17092.0
2019-03-26,4,TEN,15287.0,16182.0
2019-03-26,5,TEN,14473.0,15352.0
2019-03-26,6,TEN,14050.0,14887.0
2019-03-26,7,TEN,13841.0,14683.0
2019-03-26,8,TEN,13767.0,14557.0
2019-03-26,9,TEN,14031.0,14667.0
2019-03-26,10,TEN,14552.0,15184.0
2019-03-26,11,TEN,15972.0,16670.0
2019-03-26,12,TEN,17779.0,18300.0
2019-03-26,13,TEN,17988.0,18511.0
2019-03-26,14,TEN,17996.0,18552.0
2019-03-26,15,TEN,17784.0,18415.0
2019-03-26,16,TEN,17605.0,18244.0
2019-03-26,17,TEN,17178.0,17804.0
2019-03-26,18,TEN,16854.0,17419.0
2019-03-26,19,TEN,16434.0,17001.0
2019-03-26,20,TEN,16060.0,16670.0
2019-03-26,21,TEN,15873.0,16513.0
2019-03-26,22,TEN,15774.0,16406.0
2019-03-26,23,TEN,15895.0,16559.0
2019-03-27,0,TEN,16244.0,16779.0
2019-03-27,1,TEN,17344.0,17632.0
2019-03-27,2,TEN,17627.0,17903.0
2019-03-27,3,TEN,16996.0,17220.0
2019-03-27,4,TEN,16133.0,16755.0
2019-03-27,5,TEN,15688.0,16270.0
2019-03-27,6,TEN,15621.0,16406.0
2019-03-27,7,TEN,15624.0,16437.0
2019-03-27,8,TEN,15754.0,16574.0
2019-03-27,9,TEN,16120.0,16844.0
2019-03-27,10,TEN,16844.0,17225.0
2019-03-27,11,TEN,18469.0,18506.0
2019-03-27,12,TEN,19966.0,19136.0
2019-03-27,13,TEN,19972.0,19163.0
2019-03-27,14,TEN,18889.0,18962.0
2019-03-27,15,TEN,17847.0,18319.0
2019-03-27,16,TEN,16952.0,17470.0
2019-03-27,17,TEN,16322.0,16783.0
2019-03-27,18,TEN,15841.0,16362.0
2019-03-27,19,TEN,15525.0,16020.0
2019-03-27,20,TEN,15293.0,15843.0
2019-03-27,21,TEN,15264.0,15787.0
2019-03-27,22,TEN,15365.0,15920.0
2019-03-27,23,TEN,15396.0,15968.0
2019-03-28,0,TEN,15491.0,16116.0
2019-03-28,1,TEN,16286.0,16823.0
2019-03-28,2,TEN,16364.0,16888.0
2019-03-28,3,TEN,15660.0,16181.0
2019-03-28,4,TEN,14782.0,15502.0
2019-03-28,5,TEN,14009.0,14763.0
2019-03-28,6,TEN,13785.0,14596.0
2019-03-28,7,TEN,13740.0,14638.0
2019-03-28,8,TEN,13761.0,14652.0
2019-03-28,9,TEN,14026.0,14944.0
2019-03-28,10,TEN,14879.0,15721.0
2019-03-28,11,TEN,16384.0,17094.0
2019-03-28,12,TEN,17800.0,18289.0
2019-03-28,13,TEN,18057.0,18542.0
2019-03-28,14,TEN,17344.0,17915.0
2019-03-28,15,TEN,16612.0,17110.0
2019-03-28,16,TEN,16274.0,16728.0
2019-03-28,17,TEN,15890.0,16440.0
2019-03-28,18,TEN,15751.0,16263.0
2019-03-28,19,TEN,15485.0,16021.0
2019-03-28,20,TEN,15476.0,15997.0
2019-03-28,21,TEN,15499.0,15989.0
2019-03-28,22,TEN,15557.0,16032.0
2019-03-28,23,TEN,15577.0,16106.0
2019-03-29,0,TEN,15631.0,16157.0
2019-03-29,1,TEN,16338.0,16725.0
2019-03-29,2,TEN,16269.0,16734.0
2019-03-29,3,TEN,15559.0,16092.0
2019-03-29,4,TEN,14604.0,15227.0
2019-03-29,5,TEN,13605.0,14282.0
2019-03-29,6,TEN,12942.0,13746.0
2019-03-29,7,TEN,12742.0,13717.0
2019-03-29,8,TEN,12813.0,13814.0
2019-03-29,9,TEN,13047.0,14074.0
2019-03-29,10,TEN,13494.0,14569.0
2019-03-29,11,TEN,14763.0,15915.0
2019-03-29,12,TEN,16173.0,17101.0
2019-03-29,13,TEN,16416.0,17267.0
2019-03-29,14,TEN,16377.0,17213.0
2019-03-29,15,TEN,16139.0,17015.0
2019-03-29,16,TEN,15957.0,16830.0
2019-03-29,17,TEN,15655.0,16523.0
2019-03-29,18,TEN,15555.0,16433.0
2019-03-29,19,TEN,15337.0,16195.0
2019-03-29,20,TEN,15198.0,16061.0
2019-03-29,21,TEN,15169.0,15979.0
2019-03-29,22,TEN,15128.0,15958.0
2019-03-29,23,TEN,15144.0,15990.0
2019-03-30,0,TEN,15051.0,15918.0
2019-03-30,1,TEN,15559.0,16382.0
2019-03-30,2,TEN,15496.0,16292.0
2019-03-30,3,TEN,14871.0,15683.0
2019-03-30,4,TEN,13990.0,14803.0
2019-03-30,5,TEN,13268.0,14062.0
2019-03-30,6,TEN,12584.0,13147.0
2019-03-30,7,TEN,12180.0,12740.0
2019-03-30,8,TEN,12025.0,12616.0
2019-03-30,9,TEN,12021.0,12597.0
2019-03-30,10,TEN,12272.0,12836.0
2019-03-30,11,TEN,12600.0,13235.0
2019-03-30,12,TEN,13226.0,13869.0
2019-03-30,13,TEN,13730.0,14341.0
2019-03-30,14,TEN,14206.0,14832.0
2019-03-30,15,TEN,14619.0,15206.0
2019-03-30,16,TEN,14685.0,15269.0
2019-03-30,17,TEN,14650.0,15220.0
2019-03-30,18,TEN,14592.0,15164.0
2019-03-30,19,TEN,14508.0,15080.0
2019-03-30,20,TEN,14482.0,15047.0
2019-03-30,21,TEN,14494.0,15076.0
2019-03-30,22,TEN,14491.0,15114.0
2019-03-30,23,TEN,14583.0,15176.0
2019-03-31,0,TEN,14762.0,15386.0
2019-03-31,1,TEN,15214.0,15793.0
2019-03-31,2,TEN,15068.0,15685.0
2019-03-31,3,TEN,14480.0,15058.0
2019-03-31,4,TEN,13766.0,14364.0
2019-03-31,5,TEN,13189.0,13721.0
2019-03-31,6,TEN,12841.0,13324.0
2019-03-31,7,TEN,12489.0,13033.0
2019-03-31,8,TEN,12527.0,13033.0
2019-03-31,9,TEN,12845.0,13382.0
2019-03-31,10,TEN,13138.0,13698.0
2019-03-31,11,TEN,13835.0,14468.0
2019-03-31,12,TEN,14675.0,15341.0
2019-03-31,13,TEN,15786.0,16421.0
2019-03-31,14,TEN,16685.0,17277.0
2019-03-31,15,TEN,16811.0,17425.0
2019-03-31,16,TEN,16412.0,17036.0
2019-03-31,17,TEN,16052.0,16641.0
2019-03-31,18,TEN,15858.0,16444.0
2019-03-31,19,TEN,15353.0,15943.0
2019-03-31,20,TEN,15036.0,15615.0
2019-03-31,21,TEN,14745.0,15393.0
2019-03-31,22,TEN,14827.0,15507.0
2019-03-31,23,TEN,14989.0,15584.0
2019-04-01,0,TEN,15655.0,16307.0
2019-04-01,1,TEN,17063.0,17592.0
2019-04-01,2,TEN,17576.0,18231.0
2019-04-01,3,TEN,17286.0,17941.0
2019-04-01,4,TEN,16725.0,17320.0
2019-04-01,5,TEN,16176.0,16723.0
2019-04-01,6,TEN,16049.0,15954.0
2019-04-01,7,TEN,16194.0,16046.0
2019-04-01,8,TEN,16428.0,16222.0
2019-04-01,9,TEN,17085.0,16881.0
2019-04-01,10,TEN,18053.0,17790.0
2019-04-01,11,TEN,19707.0,19608.0
2019-04-01,12,TEN,21322.0,20339.0
2019-04-01,13,TEN,21337.0,20377.0
2019-04-01,14,TEN,20587.0,20280.0
2019-04-01,15,TEN,19736.0,19846.0
2019-04-01,16,TEN,18727.0,18962.0
2019-04-01,17,TEN,17958.0,18083.0
2019-04-01,18,TEN,17278.0,17420.0
2019-04-01,19,TEN,16544.0,16671.0
2019-04-01,20,TEN,15986.0,16146.0
2019-04-01,21,TEN,15654.0,15810.0
2019-04-01,22,TEN,15685.0,15823.0
2019-04-01,23,TEN,15908.0,16070.0
2019-04-02,0,TEN,16402.0,16634.0
2019-04-02,1,TEN,17502.0,17665.0
2019-04-02,2,TEN,17783.0,17845.0
2019-04-02,3,TEN,17270.0,17304.0
2019-04-02,4,TEN,16412.0,16664.0
2019-04-02,5,TEN,15744.0,16120.0
2019-04-02,6,TEN,15381.0,16008.0
2019-04-02,7,TEN,15209.0,15793.0
2019-04-02,8,TEN,15184.0,15773.0
2019-04-02,9,TEN,15358.0,15943.0
2019-04-02,10,TEN,15929.0,16522.0
2019-04-02,11,TEN,17273.0,17616.0
2019-04-02,12,TEN,18707.0,18163.0
2019-04-02,13,TEN,18817.0,18393.0
2019-04-02,14,TEN,18204.0,18476.0
2019-04-02,15,TEN,17566.0,17835.0
2019-04-02,16,TEN,17014.0,17266.0
2019-04-02,17,TEN,16408.0,16660.0
2019-04-02,18,TEN,16015.0,16263.0
2019-04-02,19,TEN,15762.0,16034.0
2019-04-02,20,TEN,15395.0,15693.0
2019-04-02,21,TEN,15193.0,15442.0
2019-04-02,22,TEN,15251.0,15542.0
2019-04-02,23,TEN,15393.0,15643.0
2019-04-03,0,TEN,15731.0,16015.0
2019-04-03,1,TEN,16793.0,17090.0
2019-04-03,2,TEN,17037.0,17239.0
2019-04-03,3,TEN,16510.0,16670.0
2019-04-03,4,TEN,15658.0,16180.0
2019-04-03,5,TEN,15034.0,15506.0
2019-04-03,6,TEN,14791.0,15158.0
2019-04-03,7,TEN,14891.0,15357.0
2019-04-03,8,TEN,15101.0,15383.0
2019-04-03,9,TEN,15418.0,16070.0
2019-04-03,10,TEN,16313.0,16964.0
2019-04-03,11,TEN,17995.0,18242.0
2019-04-03,12,TEN,19262.0,18863.0
2019-04-03,13,TEN,19228.0,18719.0
2019-04-03,14,TEN,18084.0,18101.0
2019-04-03,15,TEN,17106.0,17502.0
2019-04-03,16,TEN,16330.0,16736.0
2019-04-03,17,TEN,15926.0,16344.0
2019-04-03,18,TEN,15652.0,16088.0
2019-04-03,19,TEN,15419.0,15908.0
2019-04-03,20,TEN,15273.0,15820.0
2019-04-03,21,TEN,15230.0,15612.0
2019-04-03,22,TEN,15241.0,15579.0
2019-04-03,23,TEN,15534.0,15939.0
2019-04-04,0,TEN,15671.0,16094.0
2019-04-04,1,TEN,16460.0,16664.0
2019-04-04,2,TEN,16586.0,16807.0
2019-04-04,3,TEN,15777.0,16114.0
2019-04-04,4,TEN,14663.0,15270.0
2019-04-04,5,TEN,13757.0,14385.0
2019-04-04,6,TEN,13091.0,13918.0
2019-04-04,7,TEN,12828.0,13606.0
2019-04-04,8,TEN,12809.0,13593.0
2019-04-04,9,TEN,13068.0,13986.0
2019-04-04,10,TEN,13761.0,14643.0
2019-04-04,11,TEN,15222.0,16024.0
2019-04-04,12,TEN,16742.0,17505.0
2019-04-04,13,TEN,16978.0,17766.0
2019-04-04,14,TEN,16716.0,17496.0
2019-04-04,15,TEN,16465.0,17238.0
2019-04-04,16,TEN,16341.0,17180.0
2019-04-04,17,TEN,15996.0,16810.0
2019-04-04,18,TEN,16032.0,16791.0
2019-04-04,19,TEN,15778.0,16557.0
2019-04-04,20,TEN,15705.0,16477.0
2019-04-04,21,TEN,15556.0,16356.0
2019-04-04,22,TEN,15715.0,16505.0
2019-04-04,23,TEN,15914.0,16711.0
2019-04-05,0,TEN,16187.0,16977.0
2019-04-05,1,TEN,16766.0,17562.0
2019-04-05,2,TEN,16728.0,17401.0
2019-04-05,3,TEN,15858.0,16549.0
2019-04-05,4,TEN,14829.0,15544.0
2019-04-05,5,TEN,13753.0,14225.0
2019-04-05,6,TEN,13281.0,14104.0
2019-04-05,7,TEN,13069.0,13859.0
2019-04-05,8,TEN,12957.0,13799.0
2019-04-05,9,TEN,12936.0,13822.0
2019-04-05,10,TEN,13455.0,14338.0
2019-04-05,11,TEN,14463.0,15310.0
2019-04-05,12,TEN,15749.0,16263.0
2019-04-05,13,TEN,16052.0,16671.0
2019-04-05,14,TEN,16155.0,16854.0
2019-04-05,15,TEN,16401.0,17120.0
2019-04-05,16,TEN,16240.0,16955.0
2019-04-05,17,TEN,16017.0,16710.0
2019-04-05,18,TEN,15894.0,16530.0
2019-04-05,19,TEN,15724.0,16553.0
2019-04-05,20,TEN,15477.0,16329.0
2019-04-05,21,TEN,15219.0,16109.0
2019-04-05,22,TEN,15204.0,16061.0
2019-04-05,23,TEN,15138.0,15984.0
2019-04-06,0,TEN,15113.0,15944.0
2019-04-06,1,TEN,15685.0,16471.0
2019-04-06,2,TEN,15774.0,16576.0
2019-04-06,3,TEN,15172.0,15944.0
2019-04-06,4,TEN,14406.0,15121.0
2019-04-06,5,TEN,13574.0,13936.0
2019-04-06,6,TEN,13012.0,12990.0
2019-04-06,7,TEN,12650.0,12598.0
2019-04-06,8,TEN,12375.0,12350.0
2019-04-06,9,TEN,12385.0,12360.0
2019-04-06,10,TEN,12566.0,12550.0
2019-04-06,11,TEN,13106.0,13050.0
2019-04-06,12,TEN,13531.0,13499.0
2019-04-06,13,TEN,14111.0,14016.0
2019-04-06,14,TEN,14536.0,14413.0
2019-04-06,15,TEN,14779.0,14731.0
2019-04-06,16,TEN,14739.0,14659.0
2019-04-06,17,TEN,14720.0,14651.0
2019-04-06,18,TEN,14867.0,14781.0
2019-04-06,19,TEN,14806.0,14719.0
2019-04-06,20,TEN,15000.0,14875.0
2019-04-06,21,TEN,15300.0,15217.0
2019-04-06,22,TEN,15535.0,15466.0
2019-04-06,23,TEN,15704.0,15662.0
2019-04-07,0,TEN,15549.0,15531.0
2019-04-07,1,TEN,15851.0,15809.0
2019-04-07,2,TEN,15665.0,15644.0
2019-04-07,3,TEN,14953.0,14897.0
2019-04-07,4,TEN,13936.0,13933.0
2019-04-07,5,TEN,13091.0,13082.0
2019-04-07,6,TEN,12477.0,12447.0
2019-04-07,7,TEN,12041.0,12011.0
2019-04-07,8,TEN,11825.0,11821.0
2019-04-07,9,TEN,11619.0,11612.0
2019-04-07,10,TEN,11593.0,11591.0
2019-04-07,11,TEN,11971.0,11953.0
2019-04-07,12,TEN,12425.0,12344.0
2019-04-07,13,TEN,13090.0,13027.0
2019-04-07,14,TEN,13923.0,13912.0
2019-04-07,15,TEN,14415.0,14357.0
2019-04-07,16,TEN,14526.0,14462.0
2019-04-07,17,TEN,14604.0,14551.0
2019-04-07,18,TEN,14995.0,14869.0
2019-04-07,19,TEN,15104.0,14981.0
2019-04-07,20,TEN,15180.0,15062.0
2019-04-07,21,TEN,15391.0,15283.0
2019-04-07,22,TEN,15595.0,15484.0
2019-04-07,23,TEN,15593.0,15469.0
2019-04-08,0,TEN,15807.0,15683.0
2019-04-08,1,TEN,16334.0,16165.0
2019-04-08,2,TEN,16166.0,16079.0
2019-04-08,3,TEN,15420.0,15038.0
2019-04-08,4,TEN,14214.0,14163.0
2019-04-08,5,TEN,13190.0,13117.0
2019-04-08,6,TEN,12478.0,12473.0
2019-04-08,7,TEN,12244.0,12399.0
2019-04-08,8,TEN,12105.0,12261.0
2019-04-08,9,TEN,12149.0,12332.0
2019-04-08,10,TEN,12706.0,12697.0
2019-04-08,11,TEN,13964.0,13914.0
2019-04-08,12,TEN,15324.0,15109.0
2019-04-08,13,TEN,15747.0,15595.0
2019-04-08,14,TEN,15901.0,15720.0
2019-04-08,15,TEN,16243.0,16046.0
2019-04-08,16,TEN,16335.0,16155.0
2019-04-08,17,TEN,16410.0,16222.0
2019-04-08,18,TEN,16360.0,16244.0
2019-04-08,19,TEN,16123.0,15950.0
2019-04-08,20,TEN,16169.0,16014.0
2019-04-08,21,TEN,16088.0,15930.0
2019-04-08,22,TEN,16206.0,16062.0
2019-04-08,23,TEN,16427.0,16207.0
2019-04-09,0,TEN,16568.0,16338.0
2019-04-09,1,TEN,16981.0,16803.0
2019-04-09,2,TEN,16841.0,16683.0
2019-04-09,3,TEN,15974.0,15805.0
2019-04-09,4,TEN,14779.0,14616.0
2019-04-09,5,TEN,13905.0,13746.0
2019-04-09,6,TEN,13236.0,12991.0
2019-04-09,7,TEN,12831.0,12604.0
2019-04-09,8,TEN,12568.0,12275.0
2019-04-09,9,TEN,12574.0,12301.0
2019-04-09,10,TEN,12855.0,12568.0
2019-04-09,11,TEN,14063.0,13876.0
2019-04-09,12,TEN,15285.0,15036.0
2019-04-09,13,TEN,15522.0,15316.0
2019-04-09,14,TEN,15573.0,15401.0
2019-04-09,15,TEN,15761.0,15692.0
2019-04-09,16,TEN,16157.0,16019.0
2019-04-09,17,TEN,16498.0,16377.0
2019-04-09,18,TEN,16680.0,16612.0
2019-04-09,19,TEN,16952.0,16840.0
2019-04-09,20,TEN,17147.0,17069.0
2019-04-09,21,TEN,17485.0,16941.0
2019-04-09,22,TEN,17834.0,17285.0
2019-04-09,23,TEN,18010.0,17492.0
2019-04-10,0,TEN,17851.0,17285.0
2019-04-10,1,TEN,17878.0,17179.0
2019-04-10,2,TEN,17685.0,17390.0
2019-04-10,3,TEN,16617.0,16312.0
2019-04-10,4,TEN,15020.0,14854.0
2019-04-10,5,TEN,13716.0,13827.0
2019-04-10,6,TEN,13027.0,13062.0
2019-04-10,7,TEN,12532.0,12642.0
2019-04-10,8,TEN,12378.0,12372.0
2019-04-10,9,TEN,12392.0,12371.0
2019-04-10,10,TEN,12653.0,12769.0
2019-04-10,11,TEN,14023.0,13854.0
2019-04-10,12,TEN,15150.0,15185.0
2019-04-10,13,TEN,15374.0,15483.0
2019-04-10,14,TEN,15439.0,15515.0
2019-04-10,15,TEN,15638.0,15717.0
2019-04-10,16,TEN,15866.0,15919.0
2019-04-10,17,TEN,15951.0,15987.0
2019-04-10,18,TEN,16349.0,16356.0
2019-04-10,19,TEN,16949.0,16890.0
2019-04-10,20,TEN,17426.0,17343.0
2019-04-10,21,TEN,18051.0,18054.0
2019-04-10,22,TEN,18475.0,18477.0
2019-04-10,23,TEN,18672.0,18484.0
2019-04-11,0,TEN,18314.0,18332.0
2019-04-11,1,TEN,18344.0,18363.0
2019-04-11,2,TEN,18063.0,17905.0
2019-04-11,3,TEN,16811.0,16805.0
2019-04-11,4,TEN,15281.0,15246.0
2019-04-11,5,TEN,14068.0,13846.0
2019-04-11,6,TEN,13262.0,13209.0
2019-04-11,7,TEN,12879.0,12826.0
2019-04-11,8,TEN,12563.0,12561.0
2019-04-11,9,TEN,12544.0,12440.0
2019-04-11,10,TEN,12998.0,12901.0
2019-04-11,11,TEN,14106.0,14051.0
2019-04-11,12,TEN,15260.0,15309.0
2019-04-11,13,TEN,15577.0,15578.0
2019-04-11,14,TEN,15751.0,15663.0
2019-04-11,15,TEN,16360.0,16292.0
2019-04-11,16,TEN,16960.0,16886.0
2019-04-11,17,TEN,17508.0,17349.0
2019-04-11,18,TEN,18025.0,17989.0
2019-04-11,19,TEN,18482.0,18429.0
2019-04-11,20,TEN,18841.0,18552.0
2019-04-11,21,TEN,19109.0,18938.0
2019-04-11,22,TEN,19259.0,19296.0
2019-04-11,23,TEN,19183.0,19200.0
2019-04-12,0,TEN,18608.0,18657.0
2019-04-12,1,TEN,18946.0,18952.0
2019-04-12,2,TEN,18825.0,18708.0
2019-04-12,3,TEN,17923.0,17790.0
2019-04-12,4,TEN,16333.0,16280.0
2019-04-12,5,TEN,14985.0,14922.0
2019-04-12,6,TEN,13991.0,13865.0
2019-04-12,7,TEN,13459.0,13336.0
2019-04-12,8,TEN,13118.0,12967.0
2019-04-12,9,TEN,13030.0,12867.0
2019-04-12,10,TEN,13379.0,13255.0
2019-04-12,11,TEN,14303.0,14194.0
2019-04-12,12,TEN,15484.0,15512.0
2019-04-12,13,TEN,15809.0,15928.0
2019-04-12,14,TEN,15976.0,16095.0
2019-04-12,15,TEN,16153.0,16294.0
2019-04-12,16,TEN,16340.0,16436.0
2019-04-12,17,TEN,16268.0,16387.0
2019-04-12,18,TEN,16361.0,16416.0
2019-04-12,19,TEN,16436.0,16514.0
2019-04-12,20,TEN,16381.0,16654.0
2019-04-12,21,TEN,16306.0,16620.0
2019-04-12,22,TEN,16227.0,16521.0
2019-04-12,23,TEN,15917.0,16040.0
2019-04-13,0,TEN,15625.0,15727.0
2019-04-13,1,TEN,16072.0,16064.0
2019-04-13,2,TEN,16055.0,16155.0
2019-04-13,3,TEN,15325.0,15434.0
2019-04-13,4,TEN,14342.0,14306.0
2019-04-13,5,TEN,13314.0,13191.0
2019-04-13,6,TEN,12664.0,12616.0
2019-04-13,7,TEN,12129.0,12068.0
2019-04-13,8,TEN,11984.0,11989.0
2019-04-13,9,TEN,11817.0,11945.0
2019-04-13,10,TEN,11879.0,11953.0
2019-04-13,11,TEN,12184.0,12205.0
2019-04-13,12,TEN,12766.0,12704.0
2019-04-13,13,TEN,13358.0,13413.0
2019-04-13,14,TEN,13897.0,13822.0
2019-04-13,15,TEN,14538.0,14304.0
2019-04-13,16,TEN,14752.0,14558.0
2019-04-13,17,TEN,14820.0,14614.0
2019-04-13,18,TEN,14639.0,14411.0
2019-04-13,19,TEN,14543.0,14291.0
2019-04-13,20,TEN,14436.0,14117.0
2019-04-13,21,TEN,14537.0,14180.0
2019-04-13,22,TEN,14817.0,14434.0
2019-04-13,23,TEN,14958.0,14553.0
2019-04-14,0,TEN,15075.0,14716.0
2019-04-14,1,TEN,15374.0,14776.0
2019-04-14,2,TEN,15099.0,14511.0
2019-04-14,3,TEN,14546.0,14245.0
2019-04-14,4,TEN,13678.0,13610.0
2019-04-14,5,TEN,12928.0,12655.0
2019-04-14,6,TEN,12270.0,12075.0
2019-04-14,7,TEN,11877.0,11657.0
2019-04-14,8,TEN,11698.0,11483.0
2019-04-14,9,TEN,11640.0,11560.0
2019-04-14,10,TEN,11671.0,11652.0
2019-04-14,11,TEN,11950.0,11892.0
2019-04-14,12,TEN,12353.0,12418.0
2019-04-14,13,TEN,12961.0,12767.0
2019-04-14,14,TEN,13844.0,13518.0
2019-04-14,15,TEN,14294.0,13925.0
2019-04-14,16,TEN,14531.0,14144.0
2019-04-14,17,TEN,14804.0,14223.0
2019-04-14,18,TEN,15067.0,14541.0
2019-04-14,19,TEN,15162.0,14794.0
2019-04-14,20,TEN,15263.0,14894.0
2019-04-14,21,TEN,15235.0,14900.0
2019-04-14,22,TEN,15339.0,14928.0
2019-04-14,23,TEN,15386.0,14945.0
2019-04-15,0,TEN,15358.0,14766.0
2019-04-15,1,TEN,15649.0,14806.0
2019-04-15,2,TEN,15720.0,15037.0
2019-04-15,3,TEN,15145.0,14657.0
2019-04-15,4,TEN,13982.0,13948.0
2019-04-15,5,TEN,13418.0,13284.0
2019-04-15,6,TEN,13031.0,12893.0
2019-04-15,7,TEN,12857.0,12773.0
2019-04-15,8,TEN,12861.0,12726.0
2019-04-15,9,TEN,13290.0,13146.0
2019-04-15,10,TEN,14060.0,14139.0
2019-04-15,11,TEN,15843.0,16140.0
2019-04-15,12,TEN,17425.0,17022.0
2019-04-15,13,TEN,17708.0,17421.0
2019-04-15,14,TEN,17323.0,17435.0
2019-04-15,15,TEN,16968.0,17165.0
2019-04-15,16,TEN,16758.0,17017.0
2019-04-15,17,TEN,16331.0,16774.0
2019-04-15,18,TEN,16065.0,16514.0
2019-04-15,19,TEN,15801.0,16112.0
2019-04-15,20,TEN,15595.0,15907.0
2019-04-15,21,TEN,15481.0,15953.0
2019-04-15,22,TEN,15536.0,15977.0
2019-04-15,23,TEN,15626.0,16204.0
2019-04-16,0,TEN,15817.0,16455.0
2019-04-16,1,TEN,16468.0,17047.0
2019-04-16,2,TEN,16729.0,17349.0
2019-04-16,3,TEN,16006.0,16724.0
2019-04-16,4,TEN,15007.0,15672.0
2019-04-16,5,TEN,14020.0,14746.0
2019-04-16,6,TEN,13661.0,14234.0
2019-04-16,7,TEN,13500.0,14062.0
2019-04-16,8,TEN,13451.0,14077.0
2019-04-16,9,TEN,13680.0,14290.0
2019-04-16,10,TEN,14379.0,15064.0
2019-04-16,11,TEN,15810.0,16292.0
2019-04-16,12,TEN,17079.0,17726.0
2019-04-16,13,TEN,16925.0,17296.0
2019-04-16,14,TEN,16573.0,17302.0
2019-04-16,15,TEN,16149.0,16914.0
2019-04-16,16,TEN,16015.0,16724.0
2019-04-16,17,TEN,15916.0,16700.0
2019-04-16,18,TEN,16044.0,16843.0
2019-04-16,19,TEN,16066.0,16848.0
2019-04-16,20,TEN,16310.0,16984.0
2019-04-16,21,TEN,16410.0,16994.0
2019-04-16,22,TEN,16709.0,16987.0
2019-04-16,23,TEN,16910.0,17492.0
2019-04-17,0,TEN,16865.0,17567.0
2019-04-17,1,TEN,17230.0,17584.0
2019-04-17,2,TEN,17235.0,17781.0
2019-04-17,3,TEN,16288.0,17023.0
2019-04-17,4,TEN,14957.0,15686.0
2019-04-17,5,TEN,13628.0,14336.0
2019-04-17,6,TEN,12921.0,13641.0
2019-04-17,7,TEN,12565.0,13252.0
2019-04-17,8,TEN,12389.0,13075.0
2019-04-17,9,TEN,12456.0,13176.0
2019-04-17,10,TEN,12889.0,13557.0
2019-04-17,11,TEN,13849.0,14711.0
2019-04-17,12,TEN,15301.0,15693.0
2019-04-17,13,TEN,15404.0,15846.0
2019-04-17,14,TEN,15405.0,15941.0
2019-04-17,15,TEN,15509.0,16122.0
2019-04-17,16,TEN,15734.0,16360.0
2019-04-17,17,TEN,15865.0,16540.0
2019-04-17,18,TEN,16184.0,16859.0
2019-04-17,19,TEN,16413.0,17142.0
2019-04-17,20,TEN,16617.0,17329.0
2019-04-17,21,TEN,16854.0,17551.0
2019-04-17,22,TEN,17028.0,17665.0
2019-04-17,23,TEN,17010.0,17655.0
2019-04-18,0,TEN,16911.0,17595.0
2019-04-18,1,TEN,17190.0,17822.0
2019-04-18,2,TEN,17313.0,17884.0
2019-04-18,3,TEN,16475.0,17111.0
2019-04-18,4,TEN,15034.0,15633.0
2019-04-18,5,TEN,14054.0,14555.0
2019-04-18,6,TEN,13079.0,13552.0
2019-04-18,7,TEN,12760.0,13188.0
2019-04-18,8,TEN,12518.0,13036.0
2019-04-18,9,TEN,12592.0,13126.0
2019-04-18,10,TEN,12933.0,13579.0
2019-04-18,11,TEN,14073.0,14779.0
2019-04-18,12,TEN,15241.0,15881.0
2019-04-18,13,TEN,15736.0,16380.0
2019-04-18,14,TEN,15971.0,16611.0
2019-04-18,15,TEN,16287.0,16799.0
2019-04-18,16,TEN,16577.0,17020.0
2019-04-18,17,TEN,16776.0,16944.0
2019-04-18,18,TEN,17019.0,17138.0
2019-04-18,19,TEN,17227.0,17650.0
2019-04-18,20,TEN,17241.0,17722.0
2019-04-18,21,TEN,17397.0,17863.0
2019-04-18,22,TEN,17380.0,17861.0
2019-04-18,23,TEN,17221.0,17496.0
2019-04-19,0,TEN,16850.0,17190.0
2019-04-19,1,TEN,17157.0,17322.0
2019-04-19,2,TEN,16758.0,17133.0
2019-04-19,3,TEN,15942.0,16384.0
2019-04-19,4,TEN,14709.0,15352.0
2019-04-19,5,TEN,13633.0,14150.0
2019-04-19,6,TEN,12962.0,13461.0
2019-04-19,7,TEN,12454.0,12957.0
2019-04-19,8,TEN,12201.0,12651.0
2019-04-19,9,TEN,12049.0,12589.0
2019-04-19,10,TEN,12237.0,12710.0
2019-04-19,11,TEN,12919.0,13495.0
2019-04-19,12,TEN,13621.0,14512.0
2019-04-19,13,TEN,14327.0,15314.0
2019-04-19,14,TEN,14865.0,15888.0
2019-04-19,15,TEN,15269.0,16219.0
2019-04-19,16,TEN,15539.0,16516.0
2019-04-19,17,TEN,15462.0,16274.0
2019-04-19,18,TEN,15463.0,16185.0
2019-04-19,19,TEN,15374.0,16142.0
2019-04-19,20,TEN,15292.0,16068.0
2019-04-19,21,TEN,15350.0,16125.0
2019-04-19,22,TEN,15378.0,16170.0
2019-04-19,23,TEN,15469.0,16249.0
2019-04-20,0,TEN,15506.0,16311.0
2019-04-20,1,TEN,16008.0,16771.0
2019-04-20,2,TEN,15868.0,16592.0
2019-04-20,3,TEN,15391.0,16161.0
2019-04-20,4,TEN,14701.0,15162.0
2019-04-20,5,TEN,14041.0,14465.0
2019-04-20,6,TEN,13557.0,13974.0
2019-04-20,7,TEN,13309.0,14220.0
2019-04-20,8,TEN,13202.0,14241.0
2019-04-20,9,TEN,13303.0,14340.0
2019-04-20,10,TEN,13447.0,14493.0
2019-04-20,11,TEN,13837.0,14466.0
2019-04-20,12,TEN,14411.0,15119.0
2019-04-20,13,TEN,15206.0,15888.0
2019-04-20,14,TEN,15952.0,16417.0
2019-04-20,15,TEN,16465.0,16792.0
2019-04-20,16,TEN,16455.0,16900.0
2019-04-20,17,TEN,16252.0,16719.0
2019-04-20,18,TEN,15855.0,16347.0
2019-04-20,19,TEN,15512.0,15797.0
2019-04-20,20,TEN,15209.0,15530.0
2019-04-20,21,TEN,15112.0,15385.0
2019-04-20,22,TEN,15031.0,15289.0
2019-04-20,23,TEN,15048.0,15251.0
2019-04-21,0,TEN,15156.0,15446.0
2019-04-21,1,TEN,15634.0,15936.0
2019-04-21,2,TEN,15966.0,16353.0
2019-04-21,3,TEN,15711.0,16169.0
2019-04-21,4,TEN,15049.0,15703.0
2019-04-21,5,TEN,14282.0,14776.0
2019-04-21,6,TEN,13814.0,14335.0
2019-04-21,7,TEN,13587.0,14436.0
2019-04-21,8,TEN,13484.0,14365.0
2019-04-21,9,TEN,13571.0,14540.0
2019-04-21,10,TEN,13911.0,14888.0
2019-04-21,11,TEN,14451.0,15127.0
2019-04-21,12,TEN,14985.0,15318.0
2019-04-21,13,TEN,15553.0,15641.0
2019-04-21,14,TEN,15566.0,15581.0
2019-04-21,15,TEN,14899.0,15035.0
2019-04-21,16,TEN,14447.0,14890.0
2019-04-21,17,TEN,14082.0,14708.0
2019-04-21,18,TEN,13966.0,14569.0
2019-04-21,19,TEN,13706.0,14349.0
2019-04-21,20,TEN,13712.0,14318.0
2019-04-21,21,TEN,13821.0,14497.0
2019-04-21,22,TEN,14038.0,14674.0
2019-04-21,23,TEN,14290.0,15044.0
2019-04-22,0,TEN,14366.0,14997.0
2019-04-22,1,TEN,14871.0,15543.0
2019-04-22,2,TEN,15106.0,15764.0
2019-04-22,3,TEN,14479.0,15129.0
2019-04-22,4,TEN,13387.0,14080.0
2019-04-22,5,TEN,12579.0,13245.0
2019-04-22,6,TEN,12129.0,12500.0
2019-04-22,7,TEN,11972.0,12360.0
2019-04-22,8,TEN,11989.0,12367.0
2019-04-22,9,TEN,12264.0,12664.0
2019-04-22,10,TEN,13075.0,13436.0
2019-04-22,11,TEN,14531.0,15085.0
2019-04-22,12,TEN,15769.0,16163.0
2019-04-22,13,TEN,16076.0,16628.0
2019-04-22,14,TEN,15947.0,16241.0
2019-04-22,15,TEN,15879.0,16277.0
2019-04-22,16,TEN,16061.0,16295.0
2019-04-22,17,TEN,16148.0,16324.0
2019-04-22,18,TEN,16296.0,16660.0
2019-04-22,19,TEN,16564.0,16981.0
2019-04-22,20,TEN,16942.0,17430.0
2019-04-22,21,TEN,17358.0,17828.0
2019-04-22,22,TEN,17757.0,18154.0
2019-04-22,23,TEN,17967.0,18370.0
2019-04-23,0,TEN,17881.0,18377.0
2019-04-23,1,TEN,17893.0,18192.0
2019-04-23,2,TEN,17740.0,18219.0
2019-04-23,3,TEN,16514.0,16952.0
2019-04-23,4,TEN,15008.0,15617.0
2019-04-23,5,TEN,13724.0,14269.0
2019-04-23,6,TEN,12875.0,13424.0
2019-04-23,7,TEN,12458.0,12990.0
2019-04-23,8,TEN,12230.0,12698.0
2019-04-23,9,TEN,12175.0,12781.0
2019-04-23,10,TEN,12843.0,13367.0
2019-04-23,11,TEN,14004.0,14575.0
2019-04-23,12,TEN,15203.0,15688.0
2019-04-23,13,TEN,15454.0,16123.0
2019-04-23,14,TEN,15675.0,16364.0
2019-04-23,15,TEN,15803.0,16410.0
2019-04-23,16,TEN,16129.0,16715.0
2019-04-23,17,TEN,16711.0,17280.0
2019-04-23,18,TEN,17187.0,17772.0
2019-04-23,19,TEN,17509.0,18084.0
2019-04-23,20,TEN,17980.0,18602.0
2019-04-23,21,TEN,18288.0,18760.0
2019-04-23,22,TEN,18416.0,18748.0
2019-04-23,23,TEN,18337.0,18608.0
2019-04-24,0,TEN,17301.0,17606.0
2019-04-24,1,TEN,18167.0,18526.0
2019-04-24,2,TEN,18208.0,18501.0
2019-04-24,3,TEN,16982.0,17404.0
2019-04-24,4,TEN,15372.0,16041.0
2019-04-24,5,TEN,14049.0,14648.0
2019-04-24,6,TEN,13217.0,13786.0
2019-04-24,7,TEN,12616.0,13184.0
2019-04-24,8,TEN,12338.0,12802.0
2019-04-24,9,TEN,12300.0,12774.0
2019-04-24,10,TEN,12622.0,13224.0
2019-04-24,11,TEN,13765.0,14258.0
2019-04-24,12,TEN,14850.0,15316.0
2019-04-24,13,TEN,15243.0,15732.0
2019-04-24,14,TEN,15546.0,16041.0
2019-04-24,15,TEN,15994.0,16467.0
2019-04-24,16,TEN,16678.0,17123.0
2019-04-24,17,TEN,17052.0,17555.0
2019-04-24,18,TEN,17744.0,18318.0
2019-04-24,19,TEN,18247.0,18864.0
2019-04-24,20,TEN,18771.0,19219.0
2019-04-24,21,TEN,19213.0,19312.0
2019-04-24,22,TEN,19505.0,19473.0
2019-04-24,23,TEN,19421.0,19353.0
2019-04-25,0,TEN,18968.0,18967.0
2019-04-25,1,TEN,18782.0,18765.0
2019-04-25,2,TEN,18514.0,18808.0
2019-04-25,3,TEN,17311.0,17913.0
2019-04-25,4,TEN,15633.0,16270.0
2019-04-25,5,TEN,14387.0,14942.0
2019-04-25,6,TEN,13449.0,14014.0
2019-04-25,7,TEN,13023.0,13393.0
2019-04-25,8,TEN,12573.0,13023.0
2019-04-25,9,TEN,12589.0,12994.0
2019-04-25,10,TEN,12958.0,13364.0
2019-04-25,11,TEN,14146.0,14520.0
2019-04-25,12,TEN,15304.0,15568.0
2019-04-25,13,TEN,15811.0,16335.0
2019-04-25,14,TEN,16091.0,16618.0
2019-04-25,15,TEN,16418.0,16951.0
2019-04-25,16,TEN,16757.0,17298.0
2019-04-25,17,TEN,16998.0,17556.0
2019-04-25,18,TEN,17184.0,17741.0
2019-04-25,19,TEN,17141.0,17721.0
2019-04-25,20,TEN,17015.0,17608.0
2019-04-25,21,TEN,16950.0,17537.0
2019-04-25,22,TEN,16862.0,17451.0
2019-04-25,23,TEN,16808.0,17721.0
2019-04-26,0,TEN,16765.0,17561.0
2019-04-26,1,TEN,17115.0,17735.0
2019-04-26,2,TEN,17051.0,17599.0
2019-04-26,3,TEN,16180.0,16784.0
2019-04-26,4,TEN,14944.0,15769.0
2019-04-26,5,TEN,13859.0,14504.0
2019-04-26,6,TEN,13173.0,13744.0
2019-04-26,7,TEN,12751.0,13352.0
2019-04-26,8,TEN,12483.0,13150.0
2019-04-26,9,TEN,12322.0,13053.0
2019-04-26,10,TEN,12756.0,13325.0
2019-04-26,11,TEN,13898.0,14387.0
2019-04-26,12,TEN,14919.0,15401.0
2019-04-26,13,TEN,15348.0,15957.0
2019-04-26,14,TEN,15620.0,16222.0
2019-04-26,15,TEN,15748.0,16344.0
2019-04-26,16,TEN,16020.0,16583.0
2019-04-26,17,TEN,15921.0,16542.0
2019-04-26,18,TEN,15959.0,16575.0
2019-04-26,19,TEN,16063.0,16626.0
2019-04-26,20,TEN,16159.0,16745.0
2019-04-26,21,TEN,16284.0,16855.0
2019-04-26,22,TEN,16346.0,16922.0
2019-04-26,23,TEN,16102.0,16669.0
2019-04-27,0,TEN,15675.0,16253.0
2019-04-27,1,TEN,15614.0,16143.0
2019-04-27,2,TEN,15744.0,16299.0
2019-04-27,3,TEN,15124.0,15688.0
2019-04-27,4,TEN,14195.0,14677.0
2019-04-27,5,TEN,13264.0,13674.0
2019-04-27,6,TEN,12725.0,13237.0
2019-04-27,7,TEN,12265.0,12834.0
2019-04-27,8,TEN,12128.0,12704.0
2019-04-27,9,TEN,12183.0,12727.0
2019-04-27,10,TEN,12431.0,12965.0
2019-04-27,11,TEN,12883.0,13360.0
2019-04-27,12,TEN,13283.0,13902.0
2019-04-27,13,TEN,13931.0,14634.0
2019-04-27,14,TEN,14350.0,15133.0
2019-04-27,15,TEN,14571.0,15252.0
2019-04-27,16,TEN,14581.0,15288.0
2019-04-27,17,TEN,14454.0,15279.0
2019-04-27,18,TEN,14544.0,15276.0
2019-04-27,19,TEN,14695.0,15379.0
2019-04-27,20,TEN,14803.0,15432.0
2019-04-27,21,TEN,15004.0,15634.0
2019-04-27,22,TEN,15165.0,15849.0
2019-04-27,23,TEN,15236.0,15933.0
2019-04-28,0,TEN,15173.0,15822.0
2019-04-28,1,TEN,15225.0,15886.0
2019-04-28,2,TEN,15413.0,16037.0
2019-04-28,3,TEN,14862.0,15509.0
2019-04-28,4,TEN,13999.0,14714.0
2019-04-28,5,TEN,12918.0,13458.0
2019-04-28,6,TEN,12288.0,12569.0
2019-04-28,7,TEN,11938.0,12301.0
2019-04-28,8,TEN,11707.0,12030.0
2019-04-28,9,TEN,11563.0,11972.0
2019-04-28,10,TEN,11649.0,12012.0
2019-04-28,11,TEN,11768.0,12147.0
2019-04-28,12,TEN,11946.0,12291.0
2019-04-28,13,TEN,12677.0,13053.0
2019-04-28,14,TEN,13486.0,13795.0
2019-04-28,15,TEN,13941.0,14439.0
2019-04-28,16,TEN,14208.0,14880.0
2019-04-28,17,TEN,14679.0,15381.0
2019-04-28,18,TEN,15085.0,15777.0
2019-04-28,19,TEN,15541.0,16232.0
2019-04-28,20,TEN,15940.0,16557.0
2019-04-28,21,TEN,16429.0,17091.0
2019-04-28,22,TEN,16807.0,17219.0
2019-04-28,23,TEN,16992.0,17463.0
2019-04-29,0,TEN,16838.0,17432.0
2019-04-29,1,TEN,16565.0,17173.0
2019-04-29,2,TEN,16605.0,17141.0
2019-04-29,3,TEN,15558.0,16249.0
2019-04-29,4,TEN,14326.0,14798.0
2019-04-29,5,TEN,13162.0,13533.0
2019-04-29,6,TEN,12445.0,12832.0
2019-04-29,7,TEN,12060.0,12577.0
2019-04-29,8,TEN,11919.0,12470.0
2019-04-29,9,TEN,11948.0,12508.0
2019-04-29,10,TEN,12417.0,12967.0
2019-04-29,11,TEN,13681.0,14276.0
2019-04-29,12,TEN,14797.0,15317.0
2019-04-29,13,TEN,15247.0,15853.0
2019-04-29,14,TEN,15447.0,16117.0
2019-04-29,15,TEN,15928.0,16482.0
2019-04-29,16,TEN,16471.0,17015.0
2019-04-29,17,TEN,17121.0,16977.0
2019-04-29,18,TEN,17847.0,17662.0
2019-04-29,19,TEN,18472.0,18230.0
2019-04-29,20,TEN,19106.0,18833.0
2019-04-29,21,TEN,19590.0,19177.0
2019-04-29,22,TEN,20149.0,19738.0
2019-04-29,23,TEN,20214.0,19643.0
2019-04-30,0,TEN,19982.0,19477.0
2019-04-30,1,TEN,19581.0,19437.0
2019-04-30,2,TEN,19374.0,19158.0
2019-04-30,3,TEN,17964.0,17784.0
2019-04-30,4,TEN,16315.0,16653.0
2019-04-30,5,TEN,14669.0,15011.0
2019-04-30,6,TEN,13793.0,14108.0
2019-04-30,7,TEN,13222.0,13497.0
2019-04-30,8,TEN,12753.0,13076.0
2019-04-30,9,TEN,12741.0,13021.0
2019-04-30,10,TEN,13093.0,13450.0
2019-04-30,11,TEN,14180.0,14537.0
2019-04-30,12,TEN,15222.0,15638.0
2019-04-30,13,TEN,15754.0,16126.0
2019-04-30,14,TEN,16249.0,16669.0
2019-04-30,15,TEN,16925.0,17245.0
2019-04-30,16,TEN,17875.0,18196.0
2019-04-30,17,TEN,18559.0,18886.0
2019-04-30,18,TEN,19407.0,19682.0
2019-04-30,19,TEN,20157.0,20318.0
2019-04-30,20,TEN,20789.0,20873.0
2019-04-30,21,TEN,21185.0,20728.0
2019-04-30,22,TEN,21254.0,20802.0
2019-04-30,23,TEN,21027.0,20590.0
2019-05-01,0,TEN,20463.0,20142.0
2019-05-01,1,TEN,20181.0,20085.0
2019-05-01,2,TEN,19815.0,20331.0
2019-05-01,3,TEN,18394.0,18795.0
2019-05-01,4,TEN,16722.0,17136.0
2019-05-01,5,TEN,15205.0,15677.0
2019-05-01,6,TEN,14313.0,14635.0
2019-05-01,7,TEN,13714.0,14146.0
2019-05-01,8,TEN,13342.0,13836.0
2019-05-01,9,TEN,13221.0,13742.0
2019-05-01,10,TEN,13507.0,14010.0
2019-05-01,11,TEN,14377.0,14941.0
2019-05-01,12,TEN,15573.0,16000.0
2019-05-01,13,TEN,16067.0,16570.0
2019-05-01,14,TEN,16598.0,17159.0
2019-05-01,15,TEN,17380.0,17878.0
2019-05-01,16,TEN,18300.0,18884.0
2019-05-01,17,TEN,19013.0,19542.0
2019-05-01,18,TEN,19707.0,20349.0
2019-05-01,19,TEN,19900.0,20535.0
2019-05-01,20,TEN,20167.0,20497.0
2019-05-01,21,TEN,20341.0,20052.0
2019-05-01,22,TEN,20186.0,19939.0
2019-05-01,23,TEN,20207.0,19896.0
2019-05-02,0,TEN,19866.0,19741.0
2019-05-02,1,TEN,19455.0,19539.0
2019-05-02,2,TEN,19144.0,19546.0
2019-05-02,3,TEN,17940.0,18491.0
2019-05-02,4,TEN,16450.0,16995.0
2019-05-02,5,TEN,15005.0,15437.0
2019-05-02,6,TEN,14090.0,14561.0
2019-05-02,7,TEN,13507.0,13968.0
2019-05-02,8,TEN,13084.0,13601.0
2019-05-02,9,TEN,13078.0,13589.0
2019-05-02,10,TEN,13416.0,14002.0
2019-05-02,11,TEN,14504.0,15131.0
2019-05-02,12,TEN,15626.0,16070.0
2019-05-02,13,TEN,16301.0,16849.0
2019-05-02,14,TEN,17048.0,17598.0
2019-05-02,15,TEN,17960.0,18492.0
2019-05-02,16,TEN,18891.0,19379.0
2019-05-02,17,TEN,19636.0,20261.0
2019-05-02,18,TEN,20232.0,20419.0
2019-05-02,19,TEN,20510.0,20293.0
2019-05-02,20,TEN,20896.0,20527.0
2019-05-02,21,TEN,21055.0,20622.0
2019-05-02,22,TEN,20831.0,20419.0
2019-05-02,23,TEN,20574.0,20216.0
2019-05-03,0,TEN,19954.0,20136.0
2019-05-03,1,TEN,19648.0,20160.0
2019-05-03,2,TEN,19499.0,19959.0
2019-05-03,3,TEN,18319.0,18764.0
2019-05-03,4,TEN,16684.0,16914.0
2019-05-03,5,TEN,15243.0,15454.0
2019-05-03,6,TEN,14213.0,14460.0
2019-05-03,7,TEN,13530.0,13811.0
2019-05-03,8,TEN,13103.0,13369.0
2019-05-03,9,TEN,13066.0,13341.0
2019-05-03,10,TEN,13296.0,13616.0
2019-05-03,11,TEN,14316.0,14913.0
2019-05-03,12,TEN,15396.0,16002.0
2019-05-03,13,TEN,15998.0,16547.0
2019-05-03,14,TEN,16508.0,17078.0
2019-05-03,15,TEN,17089.0,17663.0
2019-05-03,16,TEN,17609.0,18276.0
2019-05-03,17,TEN,18075.0,18700.0
2019-05-03,18,TEN,18521.0,19150.0
2019-05-03,19,TEN,18981.0,19444.0
2019-05-03,20,TEN,19260.0,19453.0
2019-05-03,21,TEN,19525.0,19495.0
2019-05-03,22,TEN,19312.0,19495.0
2019-05-03,23,TEN,18846.0,19168.0
2019-05-04,0,TEN,18257.0,19050.0
2019-05-04,1,TEN,18020.0,18872.0
2019-05-04,2,TEN,17940.0,18678.0
2019-05-04,3,TEN,17029.0,17544.0
2019-05-04,4,TEN,15848.0,16349.0
2019-05-04,5,TEN,14582.0,15053.0
2019-05-04,6,TEN,13709.0,14078.0
2019-05-04,7,TEN,13011.0,13343.0
2019-05-04,8,TEN,12652.0,13104.0
2019-05-04,9,TEN,12433.0,12952.0
2019-05-04,10,TEN,12375.0,12903.0
2019-05-04,11,TEN,12701.0,13244.0
2019-05-04,12,TEN,12929.0,13472.0
2019-05-04,13,TEN,13631.0,14210.0
2019-05-04,14,TEN,14452.0,15046.0
2019-05-04,15,TEN,15114.0,15672.0
2019-05-04,16,TEN,15705.0,16441.0
2019-05-04,17,TEN,16023.0,16890.0
2019-05-04,18,TEN,16072.0,17044.0
2019-05-04,19,TEN,16038.0,17018.0
2019-05-04,20,TEN,16199.0,17151.0
2019-05-04,21,TEN,16206.0,17245.0
2019-05-04,22,TEN,16189.0,17266.0
2019-05-04,23,TEN,16040.0,17145.0
2019-05-05,0,TEN,15794.0,17022.0
2019-05-05,1,TEN,15927.0,17123.0
2019-05-05,2,TEN,15795.0,16995.0
2019-05-05,3,TEN,15109.0,16232.0
2019-05-05,4,TEN,14226.0,15336.0
2019-05-05,5,TEN,13301.0,13837.0
2019-05-05,6,TEN,12604.0,13137.0
2019-05-05,7,TEN,12030.0,12571.0
2019-05-05,8,TEN,11704.0,12219.0
2019-05-05,9,TEN,11510.0,12002.0
2019-05-05,10,TEN,11691.0,12191.0
2019-05-05,11,TEN,11895.0,12445.0
2019-05-05,12,TEN,12142.0,12645.0
2019-05-05,13,TEN,12947.0,13521.0
2019-05-05,14,TEN,13714.0,14247.0
2019-05-05,15,TEN,14146.0,14701.0
2019-05-05,16,TEN,14346.0,15323.0
2019-05-05,17,TEN,14538.0,15690.0
2019-05-05,18,TEN,14832.0,16185.0
2019-05-05,19,TEN,15009.0,16389.0
2019-05-05,20,TEN,15209.0,16556.0
2019-05-05,21,TEN,15572.0,16880.0
2019-05-05,22,TEN,15815.0,17099.0
2019-05-05,23,TEN,16052.0,17251.0
2019-05-06,0,TEN,16122.0,16985.0
2019-05-06,1,TEN,16025.0,16936.0
2019-05-06,2,TEN,16139.0,16969.0
2019-05-06,3,TEN,15261.0,16092.0
2019-05-06,4,TEN,14119.0,14576.0
2019-05-06,5,TEN,13038.0,13493.0
2019-05-06,6,TEN,12381.0,12621.0
2019-05-06,7,TEN,11987.0,12266.0
2019-05-06,8,TEN,11805.0,12075.0
2019-05-06,9,TEN,11837.0,12146.0
2019-05-06,10,TEN,12280.0,12621.0
2019-05-06,11,TEN,13393.0,13680.0
2019-05-06,12,TEN,14502.0,14781.0
2019-05-06,13,TEN,15067.0,15408.0
2019-05-06,14,TEN,15402.0,15719.0
2019-05-06,15,TEN,15808.0,16195.0
2019-05-06,16,TEN,16363.0,16729.0
2019-05-06,17,TEN,16787.0,17491.0
2019-05-06,18,TEN,17196.0,17980.0
2019-05-06,19,TEN,17702.0,18518.0
2019-05-06,20,TEN,18232.0,19251.0
2019-05-06,21,TEN,18870.0,19764.0
2019-05-06,22,TEN,19342.0,20136.0
2019-05-06,23,TEN,19438.0,20162.0
2019-05-07,0,TEN,18954.0,19979.0
2019-05-07,1,TEN,18665.0,19622.0
2019-05-07,2,TEN,18439.0,19280.0
2019-05-07,3,TEN,17132.0,17701.0
2019-05-07,4,TEN,15527.0,15816.0
2019-05-07,5,TEN,14091.0,14385.0
2019-05-07,6,TEN,13453.0,13758.0
2019-05-07,7,TEN,12732.0,13126.0
2019-05-07,8,TEN,12426.0,12828.0
2019-05-07,9,TEN,12455.0,12875.0
2019-05-07,10,TEN,12863.0,13204.0
2019-05-07,11,TEN,13915.0,14170.0
2019-05-07,12,TEN,14851.0,15400.0
2019-05-07,13,TEN,15356.0,15959.0
2019-05-07,14,TEN,15814.0,16475.0
2019-05-07,15,TEN,16537.0,17063.0
2019-05-07,16,TEN,17164.0,17790.0
2019-05-07,17,TEN,17834.0,18304.0
2019-05-07,18,TEN,18726.0,19311.0
2019-05-07,19,TEN,19554.0,20200.0
2019-05-07,20,TEN,20334.0,21095.0
2019-05-07,21,TEN,21032.0,21592.0
2019-05-07,22,TEN,21455.0,21876.0
2019-05-07,23,TEN,21435.0,21979.0
2019-05-08,0,TEN,20887.0,21427.0
2019-05-08,1,TEN,20165.0,20748.0
2019-05-08,2,TEN,19792.0,20275.0
2019-05-08,3,TEN,18321.0,18671.0
2019-05-08,4,TEN,16487.0,16838.0
2019-05-08,5,TEN,14905.0,15272.0
2019-05-08,6,TEN,13903.0,14426.0
2019-05-08,7,TEN,13270.0,13811.0
2019-05-08,8,TEN,12790.0,13316.0
2019-05-08,9,TEN,12668.0,13174.0
2019-05-08,10,TEN,12979.0,13541.0
2019-05-08,11,TEN,13890.0,14490.0
2019-05-08,12,TEN,14993.0,15430.0
2019-05-08,13,TEN,15670.0,16086.0
2019-05-08,14,TEN,16291.0,16748.0
2019-05-08,15,TEN,17175.0,17744.0
2019-05-08,16,TEN,18218.0,18627.0
2019-05-08,17,TEN,19151.0,19562.0
2019-05-08,18,TEN,20235.0,20460.0
2019-05-08,19,TEN,21132.0,21431.0
2019-05-08,20,TEN,21928.0,22249.0
2019-05-08,21,TEN,22390.0,22707.0
2019-05-08,22,TEN,22617.0,22914.0
2019-05-08,23,TEN,22359.0,22784.0
2019-05-09,0,TEN,21712.0,22392.0
2019-05-09,1,TEN,20998.0,21668.0
2019-05-09,2,TEN,20587.0,21108.0
2019-05-09,3,TEN,19169.0,19575.0
2019-05-09,4,TEN,17463.0,17895.0
2019-05-09,5,TEN,15935.0,16349.0
2019-05-09,6,TEN,14956.0,15282.0
2019-05-09,7,TEN,14319.0,14626.0
2019-05-09,8,TEN,13844.0,14214.0
2019-05-09,9,TEN,13718.0,14130.0
2019-05-09,10,TEN,14061.0,14459.0
2019-05-09,11,TEN,15012.0,15341.0
2019-05-09,12,TEN,16188.0,16739.0
2019-05-09,13,TEN,16780.0,17373.0
2019-05-09,14,TEN,17046.0,17668.0
2019-05-09,15,TEN,17187.0,17868.0
2019-05-09,16,TEN,17376.0,18035.0
2019-05-09,17,TEN,17642.0,18278.0
2019-05-09,18,TEN,17632.0,18226.0
2019-05-09,19,TEN,17539.0,17900.0
2019-05-09,20,TEN,17366.0,17781.0
2019-05-09,21,TEN,17458.0,18028.0
2019-05-09,22,TEN,17431.0,18054.0
2019-05-09,23,TEN,17367.0,17968.0
2019-05-10,0,TEN,17332.0,17748.0
2019-05-10,1,TEN,17504.0,17903.0
2019-05-10,2,TEN,17561.0,18012.0
2019-05-10,3,TEN,16669.0,17075.0
2019-05-10,4,TEN,15485.0,15997.0
2019-05-10,5,TEN,14432.0,15077.0
2019-05-10,6,TEN,13625.0,14395.0
2019-05-10,7,TEN,12946.0,13665.0
2019-05-10,8,TEN,12674.0,13467.0
2019-05-10,9,TEN,12766.0,13487.0
2019-05-10,10,TEN,13141.0,13857.0
2019-05-10,11,TEN,14077.0,14694.0
2019-05-10,12,TEN,15090.0,15730.0
2019-05-10,13,TEN,15621.0,16213.0
2019-05-10,14,TEN,16085.0,16662.0
2019-05-10,15,TEN,16458.0,17036.0
2019-05-10,16,TEN,16939.0,17587.0
2019-05-10,17,TEN,17280.0,17928.0
2019-05-10,18,TEN,17624.0,18307.0
2019-05-10,19,TEN,17946.0,18610.0
2019-05-10,20,TEN,18195.0,19024.0
2019-05-10,21,TEN,18330.0,19135.0
2019-05-10,22,TEN,18230.0,19032.0
2019-05-10,23,TEN,17819.0,18704.0
2019-05-11,0,TEN,17285.0,18306.0
2019-05-11,1,TEN,17159.0,18288.0
2019-05-11,2,TEN,17146.0,18014.0
2019-05-11,3,TEN,16227.0,17136.0
2019-05-11,4,TEN,15101.0,15614.0
2019-05-11,5,TEN,13971.0,14591.0
2019-05-11,6,TEN,13247.0,13658.0
2019-05-11,7,TEN,12638.0,12968.0
2019-05-11,8,TEN,12337.0,12851.0
2019-05-11,9,TEN,12239.0,12790.0
2019-05-11,10,TEN,12268.0,12876.0
2019-05-11,11,TEN,12540.0,13116.0
2019-05-11,12,TEN,12748.0,13321.0
2019-05-11,13,TEN,13433.0,14025.0
2019-05-11,14,TEN,14242.0,14761.0
2019-05-11,15,TEN,14702.0,15295.0
2019-05-11,16,TEN,15213.0,16015.0
2019-05-11,17,TEN,15474.0,16105.0
2019-05-11,18,TEN,15723.0,16396.0
2019-05-11,19,TEN,15823.0,16547.0
2019-05-11,20,TEN,15825.0,16599.0
2019-05-11,21,TEN,15920.0,16662.0
2019-05-11,22,TEN,16105.0,16883.0
2019-05-11,23,TEN,15998.0,16720.0
2019-05-12,0,TEN,15797.0,16529.0
2019-05-12,1,TEN,15957.0,16709.0
2019-05-12,2,TEN,16033.0,16959.0
2019-05-12,3,TEN,15548.0,16558.0
2019-05-12,4,TEN,14613.0,15303.0
2019-05-12,5,TEN,13688.0,14386.0
2019-05-12,6,TEN,12800.0,13954.0
2019-05-12,7,TEN,12312.0,13435.0
2019-05-12,8,TEN,11816.0,12915.0
2019-05-12,9,TEN,11814.0,12705.0
2019-05-12,10,TEN,11926.0,12792.0
2019-05-12,11,TEN,11946.0,12826.0
2019-05-12,12,TEN,12160.0,12566.0
2019-05-12,13,TEN,12897.0,13288.0
2019-05-12,14,TEN,13894.0,14151.0
2019-05-12,15,TEN,14334.0,14683.0
2019-05-12,16,TEN,14442.0,15009.0
2019-05-12,17,TEN,14522.0,15160.0
2019-05-12,18,TEN,14643.0,15283.0
2019-05-12,19,TEN,14719.0,15071.0
2019-05-12,20,TEN,14753.0,15416.0
2019-05-12,21,TEN,14949.0,15271.0
2019-05-12,22,TEN,15114.0,15449.0
2019-05-12,23,TEN,15333.0,15691.0
2019-05-13,0,TEN,15264.0,15624.0
2019-05-13,1,TEN,15372.0,15721.0
2019-05-13,2,TEN,15617.0,15970.0
2019-05-13,3,TEN,15005.0,15339.0
2019-05-13,4,TEN,13901.0,14652.0
2019-05-13,5,TEN,12991.0,13794.0
2019-05-13,6,TEN,12360.0,13179.0
2019-05-13,7,TEN,12027.0,12853.0
2019-05-13,8,TEN,11834.0,12949.0
2019-05-13,9,TEN,11817.0,12980.0
2019-05-13,10,TEN,12308.0,13384.0
2019-05-13,11,TEN,13362.0,13804.0
2019-05-13,12,TEN,14481.0,14942.0
2019-05-13,13,TEN,15005.0,15802.0
2019-05-13,14,TEN,15243.0,16111.0
2019-05-13,15,TEN,15480.0,16411.0
2019-05-13,16,TEN,15784.0,16764.0
2019-05-13,17,TEN,16021.0,17015.0
2019-05-13,18,TEN,16222.0,17199.0
2019-05-13,19,TEN,16203.0,17194.0
2019-05-13,20,TEN,16111.0,17150.0
2019-05-13,21,TEN,16337.0,17389.0
2019-05-13,22,TEN,16433.0,17511.0
2019-05-13,23,TEN,16592.0,17649.0
2019-05-14,0,TEN,16339.0,17383.0
2019-05-14,1,TEN,16511.0,17558.0
2019-05-14,2,TEN,16648.0,17653.0
2019-05-14,3,TEN,15859.0,16628.0
2019-05-14,4,TEN,14566.0,14946.0
2019-05-14,5,TEN,13492.0,13863.0
2019-05-14,6,TEN,13018.0,13892.0
2019-05-14,7,TEN,12657.0,13557.0
2019-05-14,8,TEN,12439.0,13336.0
2019-05-14,9,TEN,12618.0,13539.0
2019-05-14,10,TEN,12993.0,13927.0
2019-05-14,11,TEN,14246.0,15182.0
2019-05-14,12,TEN,15251.0,16310.0
2019-05-14,13,TEN,15507.0,16704.0
2019-05-14,14,TEN,15596.0,16885.0
2019-05-14,15,TEN,15575.0,16670.0
2019-05-14,16,TEN,15827.0,17074.0
2019-05-14,17,TEN,15951.0,17158.0
2019-05-14,18,TEN,16105.0,17438.0
2019-05-14,19,TEN,16221.0,17598.0
2019-05-14,20,TEN,16344.0,17658.0
2019-05-14,21,TEN,16664.0,18000.0
2019-05-14,22,TEN,16976.0,18015.0
2019-05-14,23,TEN,17072.0,18117.0
2019-05-15,0,TEN,16935.0,17984.0
2019-05-15,1,TEN,16949.0,17967.0
2019-05-15,2,TEN,17090.0,18030.0
2019-05-15,3,TEN,16205.0,17156.0
2019-05-15,4,TEN,14905.0,15579.0
2019-05-15,5,TEN,13825.0,14470.0
2019-05-15,6,TEN,13108.0,13835.0
2019-05-15,7,TEN,12705.0,13361.0
2019-05-15,8,TEN,12603.0,13302.0
2019-05-15,9,TEN,12665.0,13380.0
2019-05-15,10,TEN,12860.0,13601.0
2019-05-15,11,TEN,13800.0,14564.0
2019-05-15,12,TEN,14905.0,15792.0
2019-05-15,13,TEN,15238.0,16164.0
2019-05-15,14,TEN,15366.0,16313.0
2019-05-15,15,TEN,15673.0,16515.0
2019-05-15,16,TEN,15917.0,16823.0
2019-05-15,17,TEN,16140.0,17218.0
2019-05-15,18,TEN,16261.0,17360.0
2019-05-15,19,TEN,16383.0,17273.0
2019-05-15,20,TEN,16480.0,17462.0
2019-05-15,21,TEN,16787.0,17700.0
2019-05-15,22,TEN,17085.0,17945.0
2019-05-15,23,TEN,17234.0,18163.0
2019-05-16,0,TEN,17163.0,18121.0
2019-05-16,1,TEN,17269.0,18194.0
2019-05-16,2,TEN,17371.0,18272.0
2019-05-16,3,TEN,16623.0,17434.0
2019-05-16,4,TEN,15322.0,15981.0
2019-05-16,5,TEN,14206.0,14768.0
2019-05-16,6,TEN,13402.0,13979.0
2019-05-16,7,TEN,13072.0,13847.0
2019-05-16,8,TEN,12821.0,13802.0
2019-05-16,9,TEN,12737.0,13738.0
2019-05-16,10,TEN,13195.0,14114.0
2019-05-16,11,TEN,14177.0,14890.0
2019-05-16,12,TEN,15193.0,16099.0
2019-05-16,13,TEN,15850.0,16695.0
2019-05-16,14,TEN,16131.0,17010.0
2019-05-16,15,TEN,16786.0,17705.0
2019-05-16,16,TEN,17646.0,18599.0
2019-05-16,17,TEN,18332.0,19202.0
2019-05-16,18,TEN,19262.0,20057.0
2019-05-16,19,TEN,20134.0,20856.0
2019-05-16,20,TEN,21042.0,21491.0
2019-05-16,21,TEN,21735.0,22475.0
2019-05-16,22,TEN,22152.0,22572.0
2019-05-16,23,TEN,22238.0,22644.0
2019-05-17,0,TEN,21803.0,22406.0
2019-05-17,1,TEN,20941.0,21551.0
2019-05-17,2,TEN,20606.0,21180.0
2019-05-17,3,TEN,19464.0,20195.0
2019-05-17,4,TEN,17629.0,18358.0
2019-05-17,5,TEN,16079.0,16648.0
2019-05-17,6,TEN,14989.0,15561.0
2019-05-17,7,TEN,14318.0,14923.0
2019-05-17,8,TEN,13782.0,14428.0
2019-05-17,9,TEN,13540.0,14223.0
2019-05-17,10,TEN,13874.0,14556.0
2019-05-17,11,TEN,14692.0,15375.0
2019-05-17,12,TEN,15640.0,16298.0
2019-05-17,13,TEN,16525.0,17162.0
2019-05-17,14,TEN,17349.0,18042.0
2019-05-17,15,TEN,18421.0,19057.0
2019-05-17,16,TEN,19650.0,20204.0
2019-05-17,17,TEN,20809.0,21415.0
2019-05-17,18,TEN,21787.0,22423.0
2019-05-17,19,TEN,22337.0,22943.0
2019-05-17,20,TEN,23021.0,23098.0
2019-05-17,21,TEN,23564.0,23263.0
2019-05-17,22,TEN,23798.0,23490.0
2019-05-17,23,TEN,23465.0,23479.0
2019-05-18,0,TEN,22621.0,23193.0
2019-05-18,1,TEN,21456.0,22128.0
2019-05-18,2,TEN,20839.0,21328.0
2019-05-18,3,TEN,19512.0,20025.0
2019-05-18,4,TEN,17782.0,18391.0
2019-05-18,5,TEN,16083.0,16688.0
2019-05-18,6,TEN,15053.0,15810.0
2019-05-18,7,TEN,14119.0,14954.0
2019-05-18,8,TEN,13512.0,14419.0
2019-05-18,9,TEN,13298.0,14235.0
2019-05-18,10,TEN,13179.0,14017.0
2019-05-18,11,TEN,13215.0,14102.0
2019-05-18,12,TEN,13510.0,14151.0
2019-05-18,13,TEN,14622.0,15200.0
2019-05-18,14,TEN,16168.0,16680.0
2019-05-18,15,TEN,17599.0,18095.0
2019-05-18,16,TEN,19171.0,19698.0
2019-05-18,17,TEN,20329.0,20935.0
2019-05-18,18,TEN,21322.0,21869.0
2019-05-18,19,TEN,21946.0,22361.0
2019-05-18,20,TEN,22550.0,22843.0
2019-05-18,21,TEN,22942.0,23392.0
2019-05-18,22,TEN,23171.0,23563.0
2019-05-18,23,TEN,22675.0,23282.0
2019-05-19,0,TEN,21675.0,22414.0
2019-05-19,1,TEN,20645.0,21249.0
2019-05-19,2,TEN,20018.0,20545.0
2019-05-19,3,TEN,18722.0,19213.0
2019-05-19,4,TEN,17260.0,17749.0
2019-05-19,5,TEN,15786.0,16247.0
2019-05-19,6,TEN,14736.0,15465.0
2019-05-19,7,TEN,13925.0,14680.0
2019-05-19,8,TEN,13461.0,14221.0
2019-05-19,9,TEN,13072.0,13891.0
2019-05-19,10,TEN,12992.0,13814.0
2019-05-19,11,TEN,12868.0,13692.0
2019-05-19,12,TEN,13109.0,13847.0
2019-05-19,13,TEN,14196.0,14907.0
2019-05-19,14,TEN,15447.0,16134.0
2019-05-19,15,TEN,16471.0,17007.0
2019-05-19,16,TEN,17229.0,17937.0
2019-05-19,17,TEN,17993.0,18624.0
2019-05-19,18,TEN,18701.0,19420.0
2019-05-19,19,TEN,19280.0,19849.0
2019-05-19,20,TEN,19571.0,20121.0
2019-05-19,21,TEN,19792.0,20276.0
2019-05-19,22,TEN,19965.0,20411.0
2019-05-19,23,TEN,19893.0,20452.0
2019-05-20,0,TEN,19574.0,20123.0
2019-05-20,1,TEN,19278.0,19842.0
2019-05-20,2,TEN,19016.0,19617.0
2019-05-20,3,TEN,18040.0,18579.0
2019-05-20,4,TEN,16777.0,17280.0
2019-05-20,5,TEN,15458.0,16082.0
2019-05-20,6,TEN,14532.0,15064.0
2019-05-20,7,TEN,13789.0,14316.0
2019-05-20,8,TEN,13434.0,14002.0
2019-05-20,9,TEN,13388.0,13990.0
2019-05-20,10,TEN,13629.0,14241.0
2019-05-20,11,TEN,14552.0,15170.0
2019-05-20,12,TEN,15749.0,16073.0
2019-05-20,13,TEN,16635.0,16954.0
2019-05-20,14,TEN,17474.0,17867.0
2019-05-20,15,TEN,18634.0,18969.0
2019-05-20,16,TEN,19815.0,20179.0
2019-05-20,17,TEN,20821.0,21308.0
2019-05-20,18,TEN,21801.0,22152.0
2019-05-20,19,TEN,22612.0,22925.0
2019-05-20,20,TEN,23279.0,23157.0
2019-05-20,21,TEN,23866.0,23715.0
2019-05-20,22,TEN,24168.0,24159.0
2019-05-20,23,TEN,24058.0,24132.0
2019-05-21,0,TEN,23243.0,23718.0
2019-05-21,1,TEN,22133.0,22533.0
2019-05-21,2,TEN,21389.0,21737.0
2019-05-21,3,TEN,19818.0,20121.0
2019-05-21,4,TEN,17860.0,18176.0
2019-05-21,5,TEN,16187.0,16651.0
2019-05-21,6,TEN,15017.0,15455.0
2019-05-21,7,TEN,14384.0,14788.0
2019-05-21,8,TEN,13862.0,14495.0
2019-05-21,9,TEN,13661.0,14483.0
2019-05-21,10,TEN,13875.0,14652.0
2019-05-21,11,TEN,14734.0,15239.0
2019-05-21,12,TEN,15650.0,16102.0
2019-05-21,13,TEN,16627.0,17060.0
2019-05-21,14,TEN,17497.0,17901.0
2019-05-21,15,TEN,18540.0,18962.0
2019-05-21,16,TEN,19932.0,20283.0
2019-05-21,17,TEN,21196.0,21477.0
2019-05-21,18,TEN,22552.0,22821.0
2019-05-21,19,TEN,23445.0,23740.0
2019-05-21,20,TEN,24240.0,24186.0
2019-05-21,21,TEN,24788.0,24690.0
2019-05-21,22,TEN,24873.0,24800.0
2019-05-21,23,TEN,24644.0,24573.0
2019-05-22,0,TEN,24009.0,24281.0
2019-05-22,1,TEN,23152.0,23473.0
2019-05-22,2,TEN,22566.0,22858.0
2019-05-22,3,TEN,21009.0,21247.0
2019-05-22,4,TEN,19125.0,19485.0
2019-05-22,5,TEN,17446.0,17814.0
2019-05-22,6,TEN,16251.0,16616.0
2019-05-22,7,TEN,15245.0,15614.0
2019-05-22,8,TEN,14771.0,15246.0
2019-05-22,9,TEN,14520.0,14996.0
2019-05-22,10,TEN,14688.0,15210.0
2019-05-22,11,TEN,15427.0,15947.0
2019-05-22,12,TEN,16420.0,16945.0
2019-05-22,13,TEN,17576.0,17959.0
2019-05-22,14,TEN,18500.0,18799.0
2019-05-22,15,TEN,19657.0,20036.0
2019-05-22,16,TEN,20819.0,21148.0
2019-05-22,17,TEN,21964.0,22018.0
2019-05-22,18,TEN,23165.0,23321.0
2019-05-22,19,TEN,24027.0,23765.0
2019-05-22,20,TEN,24850.0,24110.0
2019-05-22,21,TEN,25336.0,24388.0
2019-05-22,22,TEN,25587.0,24451.0
2019-05-22,23,TEN,25470.0,24609.0
2019-05-23,0,TEN,24711.0,24000.0
2019-05-23,1,TEN,23600.0,23540.0
2019-05-23,2,TEN,23054.0,22994.0
2019-05-23,3,TEN,21588.0,21873.0
2019-05-23,4,TEN,19579.0,19850.0
2019-05-23,5,TEN,17854.0,18228.0
2019-05-23,6,TEN,16623.0,16881.0
2019-05-23,7,TEN,15708.0,15962.0
2019-05-23,8,TEN,15117.0,15377.0
2019-05-23,9,TEN,14861.0,15184.0
2019-05-23,10,TEN,14996.0,15361.0
2019-05-23,11,TEN,15681.0,16050.0
2019-05-23,12,TEN,16541.0,16836.0
2019-05-23,13,TEN,17640.0,17892.0
2019-05-23,14,TEN,18774.0,18970.0
2019-05-23,15,TEN,20487.0,20546.0
2019-05-23,16,TEN,22133.0,22310.0
2019-05-23,17,TEN,23554.0,23417.0
2019-05-23,18,TEN,24784.0,24582.0
2019-05-23,19,TEN,25619.0,25457.0
2019-05-23,20,TEN,26159.0,24927.0
2019-05-23,21,TEN,26448.0,24556.0
2019-05-23,22,TEN,26420.0,24757.0
2019-05-23,23,TEN,26106.0,25015.0
2019-05-24,0,TEN,25233.0,24717.0
2019-05-24,1,TEN,24134.0,24089.0
2019-05-24,2,TEN,23379.0,23604.0
2019-05-24,3,TEN,21797.0,21957.0
2019-05-24,4,TEN,19619.0,19841.0
2019-05-24,5,TEN,17858.0,18113.0
2019-05-24,6,TEN,16524.0,16781.0
2019-05-24,7,TEN,15618.0,15889.0
2019-05-24,8,TEN,14862.0,15122.0
2019-05-24,9,TEN,14553.0,14875.0
2019-05-24,10,TEN,14655.0,15003.0
2019-05-24,11,TEN,15290.0,15688.0
2019-05-24,12,TEN,16095.0,16418.0
2019-05-24,13,TEN,17420.0,17663.0
2019-05-24,14,TEN,19091.0,19313.0
2019-05-24,15,TEN,20690.0,20967.0
2019-05-24,16,TEN,22425.0,22614.0
2019-05-24,17,TEN,23847.0,24001.0
2019-05-24,18,TEN,24758.0,24441.0
2019-05-24,19,TEN,25362.0,24859.0
2019-05-24,20,TEN,25887.0,24866.0
2019-05-24,21,TEN,26210.0,24926.0
2019-05-24,22,TEN,26315.0,25302.0
2019-05-24,23,TEN,25888.0,25169.0
2019-05-25,0,TEN,24947.0,24809.0
2019-05-25,1,TEN,23906.0,24060.0
2019-05-25,2,TEN,23113.0,23293.0
2019-05-25,3,TEN,21604.0,21895.0
2019-05-25,4,TEN,19784.0,20145.0
2019-05-25,5,TEN,18052.0,18309.0
2019-05-25,6,TEN,16678.0,17124.0
2019-05-25,7,TEN,15647.0,16145.0
2019-05-25,8,TEN,14934.0,15398.0
2019-05-25,9,TEN,14355.0,14948.0
2019-05-25,10,TEN,14191.0,14709.0
2019-05-25,11,TEN,13960.0,14715.0
2019-05-25,12,TEN,14192.0,14629.0
2019-05-25,13,TEN,15449.0,15766.0
2019-05-25,14,TEN,17359.0,17610.0
2019-05-25,15,TEN,19259.0,19460.0
2019-05-25,16,TEN,21049.0,20920.0
2019-05-25,17,TEN,22380.0,22378.0
2019-05-25,18,TEN,23381.0,23315.0
2019-05-25,19,TEN,24149.0,23977.0
2019-05-25,20,TEN,24580.0,24344.0
2019-05-25,21,TEN,24899.0,24431.0
2019-05-25,22,TEN,25117.0,24428.0
2019-05-25,23,TEN,24903.0,24301.0
2019-05-26,0,TEN,23959.0,23971.0
2019-05-26,1,TEN,22768.0,22998.0
2019-05-26,2,TEN,22008.0,22235.0
2019-05-26,3,TEN,20714.0,20841.0
2019-05-26,4,TEN,19009.0,19246.0
2019-05-26,5,TEN,17286.0,17553.0
2019-05-26,6,TEN,15972.0,16184.0
2019-05-26,7,TEN,15000.0,15195.0
2019-05-26,8,TEN,14356.0,14538.0
2019-05-26,9,TEN,13827.0,14129.0
2019-05-26,10,TEN,13633.0,14011.0
2019-05-26,11,TEN,13437.0,13853.0
2019-05-26,12,TEN,13766.0,14167.0
2019-05-26,13,TEN,15038.0,15347.0
2019-05-26,14,TEN,17051.0,17329.0
2019-05-26,15,TEN,19051.0,19331.0
2019-05-26,16,TEN,20685.0,20949.0
2019-05-26,17,TEN,21966.0,22205.0
2019-05-26,18,TEN,23034.0,23270.0
2019-05-26,19,TEN,23897.0,24180.0
2019-05-26,20,TEN,24408.0,24692.0
2019-05-26,21,TEN,24889.0,25186.0
2019-05-26,22,TEN,24930.0,25280.0
2019-05-26,23,TEN,24754.0,25073.0
2019-05-27,0,TEN,23777.0,24132.0
2019-05-27,1,TEN,22480.0,22761.0
2019-05-27,2,TEN,21694.0,21934.0
2019-05-27,3,TEN,20227.0,20417.0
2019-05-27,4,TEN,18575.0,18747.0
2019-05-27,5,TEN,16994.0,17196.0
2019-05-27,6,TEN,15704.0,15878.0
2019-05-27,7,TEN,14759.0,14922.0
2019-05-27,8,TEN,14146.0,14311.0
2019-05-27,9,TEN,13601.0,13962.0
2019-05-27,10,TEN,13468.0,13859.0
2019-05-27,11,TEN,13394.0,14016.0
2019-05-27,12,TEN,13646.0,14236.0
2019-05-27,13,TEN,14883.0,15209.0
2019-05-27,14,TEN,16759.0,17020.0
2019-05-27,15,TEN,18864.0,19359.0
2019-05-27,16,TEN,20893.0,21355.0
2019-05-27,17,TEN,22416.0,22771.0
2019-05-27,18,TEN,23408.0,23801.0
2019-05-27,19,TEN,24051.0,24467.0
2019-05-27,20,TEN,24451.0,24842.0
2019-05-27,21,TEN,24789.0,25189.0
2019-05-27,22,TEN,24811.0,25234.0
2019-05-27,23,TEN,24456.0,24925.0
2019-05-28,0,TEN,23835.0,24308.0
2019-05-28,1,TEN,22836.0,23343.0
2019-05-28,2,TEN,22229.0,22641.0
2019-05-28,3,TEN,20862.0,21257.0
2019-05-28,4,TEN,19023.0,19703.0
2019-05-28,5,TEN,17340.0,18012.0
2019-05-28,6,TEN,16145.0,16991.0
2019-05-28,7,TEN,15286.0,16173.0
2019-05-28,8,TEN,14704.0,15660.0
2019-05-28,9,TEN,14408.0,15415.0
2019-05-28,10,TEN,14633.0,15618.0
2019-05-28,11,TEN,15283.0,16216.0
2019-05-28,12,TEN,16418.0,16706.0
2019-05-28,13,TEN,17997.0,18341.0
2019-05-28,14,TEN,19777.0,20107.0
2019-05-28,15,TEN,21502.0,21842.0
2019-05-28,16,TEN,22873.0,23151.0
2019-05-28,17,TEN,24069.0,24129.0
2019-05-28,18,TEN,25157.0,25407.0
2019-05-28,19,TEN,25852.0,26137.0
2019-05-28,20,TEN,26325.0,26407.0
2019-05-28,21,TEN,26673.0,26696.0
2019-05-28,22,TEN,26815.0,26591.0
2019-05-28,23,TEN,26610.0,26580.0
2019-05-29,0,TEN,25966.0,26195.0
2019-05-29,1,TEN,24895.0,25386.0
2019-05-29,2,TEN,24269.0,24663.0
2019-05-29,3,TEN,22788.0,22989.0
2019-05-29,4,TEN,20908.0,21271.0
2019-05-29,5,TEN,19157.0,19472.0
2019-05-29,6,TEN,17917.0,18229.0
2019-05-29,7,TEN,17087.0,17426.0
2019-05-29,8,TEN,16422.0,16766.0
2019-05-29,9,TEN,16052.0,16423.0
2019-05-29,10,TEN,16151.0,16552.0
2019-05-29,11,TEN,16736.0,17087.0
2019-05-29,12,TEN,17666.0,18120.0
2019-05-29,13,TEN,18978.0,19430.0
2019-05-29,14,TEN,20598.0,20981.0
2019-05-29,15,TEN,22022.0,22473.0
2019-05-29,16,TEN,23459.0,23813.0
2019-05-29,17,TEN,24530.0,24964.0
2019-05-29,18,TEN,25559.0,25729.0
2019-05-29,19,TEN,26233.0,26304.0
2019-05-29,20,TEN,26737.0,26920.0
2019-05-29,21,TEN,26975.0,27106.0
2019-05-29,22,TEN,26866.0,26749.0
2019-05-29,23,TEN,26290.0,26373.0
2019-05-30,0,TEN,25228.0,25551.0
2019-05-30,1,TEN,23962.0,24426.0
2019-05-30,2,TEN,23235.0,23713.0
2019-05-30,3,TEN,21722.0,22146.0
2019-05-30,4,TEN,19700.0,20017.0
2019-05-30,5,TEN,18037.0,18356.0
2019-05-30,6,TEN,16793.0,17124.0
2019-05-30,7,TEN,15949.0,16349.0
2019-05-30,8,TEN,15242.0,15990.0
2019-05-30,9,TEN,15028.0,15857.0
2019-05-30,10,TEN,15200.0,16101.0
2019-05-30,11,TEN,15803.0,16525.0
2019-05-30,12,TEN,16763.0,17162.0
2019-05-30,13,TEN,17808.0,18128.0
2019-05-30,14,TEN,18733.0,19040.0
2019-05-30,15,TEN,19815.0,20230.0
2019-05-30,16,TEN,20859.0,21272.0
2019-05-30,17,TEN,21822.0,22178.0
2019-05-30,18,TEN,22542.0,22919.0
2019-05-30,19,TEN,22955.0,23213.0
2019-05-30,20,TEN,23434.0,23393.0
2019-05-30,21,TEN,23802.0,23617.0
2019-05-30,22,TEN,23874.0,23796.0
2019-05-30,23,TEN,23640.0,23973.0
2019-05-31,0,TEN,22879.0,23273.0
2019-05-31,1,TEN,22018.0,22368.0
2019-05-31,2,TEN,21561.0,21997.0
2019-05-31,3,TEN,20407.0,20764.0
2019-05-31,4,TEN,18814.0,19168.0
2019-05-31,5,TEN,17165.0,17461.0
2019-05-31,6,TEN,16154.0,16405.0
2019-05-31,7,TEN,15292.0,15606.0
2019-05-31,8,TEN,14643.0,15082.0
2019-05-31,9,TEN,14364.0,14818.0
2019-05-31,10,TEN,14504.0,14889.0
2019-05-31,11,TEN,14956.0,15370.0
2019-05-31,12,TEN,15824.0,16288.0
2019-05-31,13,TEN,17009.0,17433.0
2019-05-31,14,TEN,18254.0,18635.0
2019-05-31,15,TEN,19344.0,19842.0
2019-05-31,16,TEN,20571.0,21016.0
2019-05-31,17,TEN,21395.0,21839.0
2019-05-31,18,TEN,22096.0,22471.0
2019-05-31,19,TEN,22794.0,22951.0
2019-05-31,20,TEN,23171.0,23328.0
2019-05-31,21,TEN,23379.0,23596.0
2019-05-31,22,TEN,23236.0,23617.0
2019-05-31,23,TEN,22931.0,23400.0
2019-06-01,0,TEN,21907.0,22389.0
2019-06-01,1,TEN,20659.0,21157.0
2019-06-01,2,TEN,20020.0,20458.0
2019-06-01,3,TEN,18807.0,19174.0
2019-06-01,4,TEN,17288.0,17556.0
2019-06-01,5,TEN,15795.0,16064.0
2019-06-01,6,TEN,14594.0,14838.0
2019-06-01,7,TEN,13860.0,14204.0
2019-06-01,8,TEN,13239.0,13798.0
2019-06-01,9,TEN,12953.0,13527.0
2019-06-01,10,TEN,12914.0,13485.0
2019-06-01,11,TEN,12944.0,13501.0
2019-06-01,12,TEN,13291.0,13949.0
2019-06-01,13,TEN,14252.0,14740.0
2019-06-01,14,TEN,15530.0,15876.0
2019-06-01,15,TEN,17039.0,17502.0
2019-06-01,16,TEN,18331.0,18671.0
2019-06-01,17,TEN,19464.0,19807.0
2019-06-01,18,TEN,20535.0,20820.0
2019-06-01,19,TEN,21414.0,21779.0
2019-06-01,20,TEN,22103.0,22524.0
2019-06-01,21,TEN,22628.0,23001.0
2019-06-01,22,TEN,22890.0,23255.0
2019-06-01,23,TEN,22712.0,23130.0
2019-06-02,0,TEN,21883.0,22323.0
2019-06-02,1,TEN,20715.0,21074.0
2019-06-02,2,TEN,19922.0,20215.0
2019-06-02,3,TEN,18680.0,18913.0
2019-06-02,4,TEN,17174.0,17370.0
2019-06-02,5,TEN,15764.0,16053.0
2019-06-02,6,TEN,14650.0,15063.0
2019-06-02,7,TEN,13928.0,14312.0
2019-06-02,8,TEN,13344.0,13961.0
2019-06-02,9,TEN,12976.0,13586.0
2019-06-02,10,TEN,12950.0,13568.0
2019-06-02,11,TEN,12830.0,13413.0
2019-06-02,12,TEN,13012.0,13677.0
2019-06-02,13,TEN,14146.0,14740.0
2019-06-02,14,TEN,15741.0,16139.0
2019-06-02,15,TEN,17239.0,17566.0
2019-06-02,16,TEN,18579.0,18922.0
2019-06-02,17,TEN,20101.0,20345.0
2019-06-02,18,TEN,21386.0,21769.0
2019-06-02,19,TEN,22486.0,22775.0
2019-06-02,20,TEN,23228.0,23494.0
2019-06-02,21,TEN,23964.0,24123.0
2019-06-02,22,TEN,24111.0,24352.0
2019-06-02,23,TEN,23940.0,24243.0
2019-06-03,0,TEN,23112.0,23532.0
2019-06-03,1,TEN,22033.0,22470.0
2019-06-03,2,TEN,21285.0,21617.0
2019-06-03,3,TEN,20012.0,20259.0
2019-06-03,4,TEN,18228.0,18483.0
2019-06-03,5,TEN,16551.0,16812.0
2019-06-03,6,TEN,15397.0,15762.0
2019-06-03,7,TEN,14623.0,14961.0
2019-06-03,8,TEN,14182.0,14578.0
2019-06-03,9,TEN,13872.0,14330.0
2019-06-03,10,TEN,14119.0,14536.0
2019-06-03,11,TEN,14674.0,15107.0
2019-06-03,12,TEN,15468.0,15845.0
2019-06-03,13,TEN,16664.0,17070.0
2019-06-03,14,TEN,17800.0,18216.0
2019-06-03,15,TEN,19001.0,19406.0
2019-06-03,16,TEN,20192.0,20479.0
2019-06-03,17,TEN,21241.0,21554.0
2019-06-03,18,TEN,22245.0,22602.0
2019-06-03,19,TEN,22965.0,22928.0
2019-06-03,20,TEN,23542.0,23284.0
2019-06-03,21,TEN,23880.0,23447.0
2019-06-03,22,TEN,23919.0,23823.0
2019-06-03,23,TEN,23338.0,23463.0
2019-06-04,0,TEN,22232.0,22381.0
2019-06-04,1,TEN,21173.0,21608.0
2019-06-04,2,TEN,20684.0,20940.0
2019-06-04,3,TEN,19287.0,19547.0
2019-06-04,4,TEN,17498.0,17811.0
2019-06-04,5,TEN,16060.0,16400.0
2019-06-04,6,TEN,15017.0,15359.0
2019-06-04,7,TEN,14304.0,14674.0
2019-06-04,8,TEN,13868.0,14584.0
2019-06-04,9,TEN,13658.0,14709.0
2019-06-04,10,TEN,13891.0,14778.0
2019-06-04,11,TEN,14689.0,15320.0
2019-06-04,12,TEN,15394.0,15834.0
2019-06-04,13,TEN,16147.0,16594.0
2019-06-04,14,TEN,16967.0,17375.0
2019-06-04,15,TEN,17601.0,17982.0
2019-06-04,16,TEN,18518.0,18921.0
2019-06-04,17,TEN,19675.0,20105.0
2019-06-04,18,TEN,20861.0,21258.0
2019-06-04,19,TEN,21915.0,22341.0
2019-06-04,20,TEN,22593.0,22891.0
2019-06-04,21,TEN,22980.0,23136.0
2019-06-04,22,TEN,23192.0,23184.0
2019-06-04,23,TEN,23049.0,23472.0
2019-06-05,0,TEN,22413.0,22789.0
2019-06-05,1,TEN,21515.0,21970.0
2019-06-05,2,TEN,21240.0,21628.0
2019-06-05,3,TEN,20304.0,20593.0
2019-06-05,4,TEN,18700.0,19135.0
2019-06-05,5,TEN,17013.0,17340.0
2019-06-05,6,TEN,16122.0,16468.0
2019-06-05,7,TEN,15566.0,15880.0
2019-06-05,8,TEN,15140.0,15471.0
2019-06-05,9,TEN,14984.0,15329.0
2019-06-05,10,TEN,15023.0,15462.0
2019-06-05,11,TEN,15802.0,16263.0
2019-06-05,12,TEN,16607.0,17041.0
2019-06-05,13,TEN,17497.0,17933.0
2019-06-05,14,TEN,18244.0,18706.0
2019-06-05,15,TEN,19338.0,19750.0
2019-06-05,16,TEN,20410.0,20868.0
2019-06-05,17,TEN,21382.0,21805.0
2019-06-05,18,TEN,22698.0,22420.0
2019-06-05,19,TEN,23610.0,23726.0
2019-06-05,20,TEN,24065.0,23708.0
2019-06-05,21,TEN,24190.0,23746.0
2019-06-05,22,TEN,24175.0,23909.0
2019-06-05,23,TEN,23667.0,24050.0
2019-06-06,0,TEN,23028.0,23463.0
2019-06-06,1,TEN,22308.0,22722.0
2019-06-06,2,TEN,21940.0,22299.0
2019-06-06,3,TEN,20832.0,21148.0
2019-06-06,4,TEN,19146.0,19547.0
2019-06-06,5,TEN,17728.0,18058.0
2019-06-06,6,TEN,16870.0,17255.0
2019-06-06,7,TEN,15990.0,16444.0
2019-06-06,8,TEN,15436.0,15874.0
2019-06-06,9,TEN,15268.0,15745.0
2019-06-06,10,TEN,15505.0,16063.0
2019-06-06,11,TEN,16050.0,16614.0
2019-06-06,12,TEN,16728.0,17150.0
2019-06-06,13,TEN,17650.0,18100.0
2019-06-06,14,TEN,18540.0,18903.0
2019-06-06,15,TEN,19139.0,19514.0
2019-06-06,16,TEN,19614.0,19851.0
2019-06-06,17,TEN,19966.0,20211.0
2019-06-06,18,TEN,20290.0,20719.0
2019-06-06,19,TEN,20378.0,20777.0
2019-06-06,20,TEN,20122.0,20487.0
2019-06-06,21,TEN,19917.0,20294.0
2019-06-06,22,TEN,19872.0,20320.0
2019-06-06,23,TEN,19599.0,19838.0
2019-06-07,0,TEN,19224.0,19590.0
2019-06-07,1,TEN,19044.0,19401.0
2019-06-07,2,TEN,19169.0,19480.0
2019-06-07,3,TEN,18597.0,18823.0
2019-06-07,4,TEN,17525.0,17948.0
2019-06-07,5,TEN,16346.0,16850.0
2019-06-07,6,TEN,15545.0,16099.0
2019-06-07,7,TEN,14904.0,15748.0
2019-06-07,8,TEN,14439.0,15285.0
2019-06-07,9,TEN,14411.0,15276.0
2019-06-07,10,TEN,14612.0,15420.0
2019-06-07,11,TEN,15427.0,16260.0
2019-06-07,12,TEN,16175.0,16874.0
2019-06-07,13,TEN,16942.0,17434.0
2019-06-07,14,TEN,17387.0,17875.0
2019-06-07,15,TEN,18028.0,18431.0
2019-06-07,16,TEN,18785.0,19113.0
2019-06-07,17,TEN,19488.0,19819.0
2019-06-07,18,TEN,20084.0,20459.0
2019-06-07,19,TEN,20557.0,20876.0
2019-06-07,20,TEN,20924.0,21054.0
2019-06-07,21,TEN,20962.0,21261.0
2019-06-07,22,TEN,20919.0,21193.0
2019-06-07,23,TEN,20484.0,20870.0
2019-06-08,0,TEN,19889.0,20260.0
2019-06-08,1,TEN,19333.0,19701.0
2019-06-08,2,TEN,19149.0,19438.0
2019-06-08,3,TEN,18352.0,18628.0
2019-06-08,4,TEN,17183.0,17584.0
2019-06-08,5,TEN,15882.0,16451.0
2019-06-08,6,TEN,14949.0,15356.0
2019-06-08,7,TEN,14279.0,14748.0
2019-06-08,8,TEN,13859.0,14320.0
2019-06-08,9,TEN,13661.0,14174.0
2019-06-08,10,TEN,13711.0,14198.0
2019-06-08,11,TEN,13911.0,14437.0
2019-06-08,12,TEN,14105.0,14717.0
2019-06-08,13,TEN,14800.0,15428.0
2019-06-08,14,TEN,15897.0,16530.0
2019-06-08,15,TEN,17034.0,17567.0
2019-06-08,16,TEN,17939.0,18643.0
2019-06-08,17,TEN,18624.0,19215.0
2019-06-08,18,TEN,19088.0,19699.0
2019-06-08,19,TEN,19547.0,20107.0
2019-06-08,20,TEN,20000.0,20585.0
2019-06-08,21,TEN,20337.0,20964.0
2019-06-08,22,TEN,20471.0,21030.0
2019-06-08,23,TEN,20194.0,20690.0
2019-06-09,0,TEN,19729.0,20253.0
2019-06-09,1,TEN,19045.0,19633.0
2019-06-09,2,TEN,18751.0,19239.0
2019-06-09,3,TEN,18039.0,18529.0
2019-06-09,4,TEN,16817.0,17396.0
2019-06-09,5,TEN,15558.0,16142.0
2019-06-09,6,TEN,14782.0,15350.0
2019-06-09,7,TEN,14208.0,14811.0
2019-06-09,8,TEN,13764.0,14392.0
2019-06-09,9,TEN,13530.0,14112.0
2019-06-09,10,TEN,13454.0,14078.0
2019-06-09,11,TEN,13523.0,14120.0
2019-06-09,12,TEN,13719.0,14346.0
2019-06-09,13,TEN,14575.0,15207.0
2019-06-09,14,TEN,15682.0,16367.0
2019-06-09,15,TEN,16562.0,17141.0
2019-06-09,16,TEN,17374.0,17796.0
2019-06-09,17,TEN,18306.0,18799.0
2019-06-09,18,TEN,19218.0,19753.0
2019-06-09,19,TEN,19975.0,20407.0
2019-06-09,20,TEN,20792.0,21096.0
2019-06-09,21,TEN,21217.0,21284.0
2019-06-09,22,TEN,21510.0,21317.0
2019-06-09,23,TEN,21474.0,21231.0
2019-06-10,0,TEN,20817.0,20556.0
2019-06-10,1,TEN,20113.0,20375.0
2019-06-10,2,TEN,19754.0,20354.0
2019-06-10,3,TEN,18848.0,19350.0
2019-06-10,4,TEN,17635.0,18289.0
2019-06-10,5,TEN,16138.0,16592.0
2019-06-10,6,TEN,15355.0,15843.0
2019-06-10,7,TEN,14819.0,15277.0
2019-06-10,8,TEN,14447.0,14902.0
2019-06-10,9,TEN,14353.0,14830.0
2019-06-10,10,TEN,14718.0,15205.0
2019-06-10,11,TEN,15459.0,15996.0
2019-06-10,12,TEN,16509.0,17032.0
2019-06-10,13,TEN,17741.0,18264.0
2019-06-10,14,TEN,18680.0,19363.0
2019-06-10,15,TEN,19693.0,20301.0
2019-06-10,16,TEN,20753.0,21286.0
2019-06-10,17,TEN,21782.0,22382.0
2019-06-10,18,TEN,22488.0,23015.0
2019-06-10,19,TEN,22947.0,23038.0
2019-06-10,20,TEN,23116.0,22900.0
2019-06-10,21,TEN,23196.0,22885.0
2019-06-10,22,TEN,23258.0,22899.0
2019-06-10,23,TEN,22695.0,22491.0
2019-06-11,0,TEN,22021.0,22211.0
2019-06-11,1,TEN,20863.0,21515.0
2019-06-11,2,TEN,20129.0,20799.0
2019-06-11,3,TEN,19016.0,19477.0
2019-06-11,4,TEN,17350.0,17740.0
2019-06-11,5,TEN,15749.0,16137.0
2019-06-11,6,TEN,14678.0,15212.0
2019-06-11,7,TEN,13942.0,14516.0
2019-06-11,8,TEN,13400.0,13982.0
2019-06-11,9,TEN,13248.0,13864.0
2019-06-11,10,TEN,13372.0,13987.0
2019-06-11,11,TEN,13972.0,14579.0
2019-06-11,12,TEN,14849.0,15591.0
2019-06-11,13,TEN,15706.0,16380.0
2019-06-11,14,TEN,16286.0,16728.0
2019-06-11,15,TEN,16827.0,17478.0
2019-06-11,16,TEN,17444.0,18052.0
2019-06-11,17,TEN,18011.0,18664.0
2019-06-11,18,TEN,18517.0,19152.0
2019-06-11,19,TEN,18813.0,19352.0
2019-06-11,20,TEN,19289.0,19912.0
2019-06-11,21,TEN,19600.0,20304.0
2019-06-11,22,TEN,19683.0,20552.0
2019-06-11,23,TEN,19446.0,20400.0
2019-06-12,0,TEN,19022.0,19965.0
2019-06-12,1,TEN,18564.0,19657.0
2019-06-12,2,TEN,18420.0,19439.0
2019-06-12,3,TEN,17678.0,18571.0
2019-06-12,4,TEN,16166.0,16893.0
2019-06-12,5,TEN,14896.0,15482.0
2019-06-12,6,TEN,14020.0,14519.0
2019-06-12,7,TEN,13514.0,14020.0
2019-06-12,8,TEN,13203.0,13730.0
2019-06-12,9,TEN,13110.0,13614.0
2019-06-12,10,TEN,13340.0,13868.0
2019-06-12,11,TEN,13910.0,14464.0
2019-06-12,12,TEN,14682.0,15269.0
2019-06-12,13,TEN,15430.0,15979.0
2019-06-12,14,TEN,16023.0,16494.0
2019-06-12,15,TEN,16588.0,17012.0
2019-06-12,16,TEN,17100.0,17481.0
2019-06-12,17,TEN,17745.0,18133.0
2019-06-12,18,TEN,18450.0,18842.0
2019-06-12,19,TEN,18902.0,19288.0
2019-06-12,20,TEN,19533.0,20172.0
2019-06-12,21,TEN,19956.0,20697.0
2019-06-12,22,TEN,20224.0,21011.0
2019-06-12,23,TEN,20082.0,20744.0
2019-06-13,0,TEN,19561.0,20344.0
2019-06-13,1,TEN,19054.0,19828.0
2019-06-13,2,TEN,18900.0,19343.0
2019-06-13,3,TEN,18183.0,18560.0
2019-06-13,4,TEN,16762.0,17159.0
2019-06-13,5,TEN,15234.0,15629.0
2019-06-13,6,TEN,14327.0,14546.0
2019-06-13,7,TEN,13702.0,13928.0
2019-06-13,8,TEN,13281.0,13544.0
2019-06-13,9,TEN,13068.0,13292.0
2019-06-13,10,TEN,13398.0,13682.0
2019-06-13,11,TEN,13893.0,14222.0
2019-06-13,12,TEN,14716.0,15014.0
2019-06-13,13,TEN,15594.0,15935.0
2019-06-13,14,TEN,16257.0,16605.0
2019-06-13,15,TEN,16998.0,17363.0
2019-06-13,16,TEN,17620.0,18043.0
2019-06-13,17,TEN,18111.0,18773.0
2019-06-13,18,TEN,18655.0,19364.0
2019-06-13,19,TEN,19068.0,19788.0
2019-06-13,20,TEN,19402.0,20302.0
2019-06-13,21,TEN,19598.0,20282.0
2019-06-13,22,TEN,19842.0,20535.0
2019-06-13,23,TEN,19735.0,20470.0
2019-06-14,0,TEN,19184.0,19891.0
2019-06-14,1,TEN,18499.0,19159.0
2019-06-14,2,TEN,18074.0,18673.0
2019-06-14,3,TEN,17270.0,17522.0
2019-06-14,4,TEN,15827.0,16064.0
2019-06-14,5,TEN,14589.0,14858.0
2019-06-14,6,TEN,13756.0,14024.0
2019-06-14,7,TEN,13011.0,13369.0
2019-06-14,8,TEN,12747.0,13235.0
2019-06-14,9,TEN,12651.0,13252.0
2019-06-14,10,TEN,12850.0,13311.0
2019-06-14,11,TEN,13388.0,13757.0
2019-06-14,12,TEN,14087.0,14520.0
2019-06-14,13,TEN,15007.0,15382.0
2019-06-14,14,TEN,15644.0,16094.0
2019-06-14,15,TEN,16217.0,16678.0
2019-06-14,16,TEN,16864.0,17363.0
2019-06-14,17,TEN,17416.0,17931.0
2019-06-14,18,TEN,18019.0,18535.0
2019-06-14,19,TEN,18768.0,19307.0
2019-06-14,20,TEN,19520.0,20131.0
2019-06-14,21,TEN,20053.0,20586.0
2019-06-14,22,TEN,20324.0,20805.0
2019-06-14,23,TEN,20110.0,20503.0
2019-06-15,0,TEN,19387.0,19757.0
2019-06-15,1,TEN,18484.0,18842.0
2019-06-15,2,TEN,18165.0,18585.0
2019-06-15,3,TEN,17403.0,17629.0
2019-06-15,4,TEN,16171.0,15975.0
2019-06-15,5,TEN,14884.0,14583.0
2019-06-15,6,TEN,13897.0,13552.0
2019-06-15,7,TEN,13268.0,12937.0
2019-06-15,8,TEN,12872.0,12541.0
2019-06-15,9,TEN,12739.0,12440.0
2019-06-15,10,TEN,12677.0,12381.0
2019-06-15,11,TEN,12806.0,12548.0
2019-06-15,12,TEN,13072.0,12829.0
2019-06-15,13,TEN,14076.0,13847.0
2019-06-15,14,TEN,15271.0,15062.0
2019-06-15,15,TEN,16445.0,15954.0
2019-06-15,16,TEN,17818.0,17339.0
2019-06-15,17,TEN,18912.0,18412.0
2019-06-15,18,TEN,20058.0,19435.0
2019-06-15,19,TEN,21136.0,20466.0
2019-06-15,20,TEN,21798.0,21131.0
2019-06-15,21,TEN,22359.0,21327.0
2019-06-15,22,TEN,22476.0,21216.0
2019-06-15,23,TEN,22380.0,21191.0
2019-06-16,0,TEN,21885.0,21078.0
2019-06-16,1,TEN,21045.0,20718.0
2019-06-16,2,TEN,20521.0,20152.0
2019-06-16,3,TEN,19632.0,19308.0
2019-06-16,4,TEN,18286.0,17982.0
2019-06-16,5,TEN,16842.0,16504.0
2019-06-16,6,TEN,15647.0,15358.0
2019-06-16,7,TEN,14875.0,14598.0
2019-06-16,8,TEN,14341.0,14057.0
2019-06-16,9,TEN,13961.0,13789.0
2019-06-16,10,TEN,13891.0,13777.0
2019-06-16,11,TEN,13791.0,13722.0
2019-06-16,12,TEN,14134.0,13992.0
2019-06-16,13,TEN,15412.0,15255.0
2019-06-16,14,TEN,17047.0,16906.0
2019-06-16,15,TEN,18774.0,18286.0
2019-06-16,16,TEN,20282.0,19438.0
2019-06-16,17,TEN,21558.0,20415.0
2019-06-16,18,TEN,22655.0,21576.0
2019-06-16,19,TEN,23429.0,22127.0
2019-06-16,20,TEN,23990.0,22359.0
2019-06-16,21,TEN,24370.0,22769.0
2019-06-16,22,TEN,24708.0,23115.0
2019-06-16,23,TEN,24302.0,22962.0
2019-06-17,0,TEN,23736.0,22837.0
2019-06-17,1,TEN,22742.0,22587.0
2019-06-17,2,TEN,22150.0,22010.0
2019-06-17,3,TEN,21016.0,20755.0
2019-06-17,4,TEN,19433.0,19142.0
2019-06-17,5,TEN,17869.0,17592.0
2019-06-17,6,TEN,16771.0,16481.0
2019-06-17,7,TEN,15835.0,15602.0
2019-06-17,8,TEN,15268.0,15081.0
2019-06-17,9,TEN,15012.0,14846.0
2019-06-17,10,TEN,15104.0,14980.0
2019-06-17,11,TEN,15815.0,15691.0
2019-06-17,12,TEN,16662.0,16519.0
2019-06-17,13,TEN,18051.0,17955.0
2019-06-17,14,TEN,19268.0,19240.0
2019-06-17,15,TEN,20613.0,20333.0
2019-06-17,16,TEN,22248.0,22042.0
2019-06-17,17,TEN,23470.0,23077.0
2019-06-17,18,TEN,24465.0,23659.0
2019-06-17,19,TEN,24998.0,23917.0
2019-06-17,20,TEN,25198.0,24000.0
2019-06-17,21,TEN,25149.0,23936.0
2019-06-17,22,TEN,24957.0,23937.0
2019-06-17,23,TEN,24310.0,23627.0
2019-06-18,0,TEN,23461.0,22936.0
2019-06-18,1,TEN,22638.0,22471.0
2019-06-18,2,TEN,21991.0,21808.0
2019-06-18,3,TEN,20635.0,20142.0
2019-06-18,4,TEN,18888.0,18341.0
2019-06-18,5,TEN,17425.0,16869.0
2019-06-18,6,TEN,16338.0,16096.0
2019-06-18,7,TEN,15635.0,15401.0
2019-06-18,8,TEN,15285.0,15102.0
2019-06-18,9,TEN,15107.0,14943.0
2019-06-18,10,TEN,15295.0,15164.0
2019-06-18,11,TEN,16048.0,15966.0
2019-06-18,12,TEN,16862.0,16795.0
2019-06-18,13,TEN,17545.0,17517.0
2019-06-18,14,TEN,18199.0,18213.0
2019-06-18,15,TEN,18866.0,18836.0
2019-06-18,16,TEN,19578.0,19566.0
2019-06-18,17,TEN,20378.0,20284.0
2019-06-18,18,TEN,21119.0,21064.0
2019-06-18,19,TEN,21769.0,21375.0
2019-06-18,20,TEN,22466.0,21711.0
2019-06-18,21,TEN,23054.0,22182.0
2019-06-18,22,TEN,23387.0,22395.0
2019-06-18,23,TEN,23157.0,22295.0
2019-06-19,0,TEN,22555.0,21898.0
2019-06-19,1,TEN,22011.0,21383.0
2019-06-19,2,TEN,21526.0,21098.0
2019-06-19,3,TEN,20540.0,20327.0
2019-06-19,4,TEN,19035.0,18509.0
2019-06-19,5,TEN,17508.0,17418.0
2019-06-19,6,TEN,16443.0,16288.0
2019-06-19,7,TEN,15642.0,15526.0
2019-06-19,8,TEN,15196.0,15034.0
2019-06-19,9,TEN,14971.0,14815.0
2019-06-19,10,TEN,15273.0,15096.0
2019-06-19,11,TEN,15917.0,15795.0
2019-06-19,12,TEN,16797.0,16697.0
2019-06-19,13,TEN,17849.0,17790.0
2019-06-19,14,TEN,18817.0,18623.0
2019-06-19,15,TEN,20036.0,19975.0
2019-06-19,16,TEN,21356.0,21227.0
2019-06-19,17,TEN,22623.0,22494.0
2019-06-19,18,TEN,23579.0,23410.0
2019-06-19,19,TEN,24415.0,24012.0
2019-06-19,20,TEN,25026.0,23817.0
2019-06-19,21,TEN,25386.0,23850.0
2019-06-19,22,TEN,25772.0,23959.0
2019-06-19,23,TEN,25541.0,23800.0
2019-06-20,0,TEN,24776.0,23611.0
2019-06-20,1,TEN,23653.0,23003.0
2019-06-20,2,TEN,22686.0,22285.0
2019-06-20,3,TEN,21470.0,20769.0
2019-06-20,4,TEN,19631.0,18981.0
2019-06-20,5,TEN,18059.0,17639.0
2019-06-20,6,TEN,16716.0,16443.0
2019-06-20,7,TEN,15757.0,15538.0
2019-06-20,8,TEN,15324.0,15175.0
2019-06-20,9,TEN,15063.0,14941.0
2019-06-20,10,TEN,15256.0,15134.0
2019-06-20,11,TEN,15774.0,15689.0
2019-06-20,12,TEN,16474.0,16436.0
2019-06-20,13,TEN,17384.0,17335.0
2019-06-20,14,TEN,18186.0,18155.0
2019-06-20,15,TEN,18746.0,18830.0
2019-06-20,16,TEN,19702.0,19695.0
2019-06-20,17,TEN,20443.0,20589.0
2019-06-20,18,TEN,21354.0,21735.0
2019-06-20,19,TEN,22166.0,22474.0
2019-06-20,20,TEN,22920.0,22974.0
2019-06-20,21,TEN,23374.0,23350.0
2019-06-20,22,TEN,23644.0,23576.0
2019-06-20,23,TEN,23608.0,23472.0
2019-06-21,0,TEN,23186.0,23342.0
2019-06-21,1,TEN,22326.0,22474.0
2019-06-21,2,TEN,21725.0,22153.0
2019-06-21,3,TEN,20506.0,20925.0
2019-06-21,4,TEN,18802.0,19161.0
2019-06-21,5,TEN,17251.0,17616.0
2019-06-21,6,TEN,16055.0,16280.0
2019-06-21,7,TEN,15114.0,15515.0
2019-06-21,8,TEN,14661.0,14957.0
2019-06-21,9,TEN,14376.0,14649.0
2019-06-21,10,TEN,14555.0,14847.0
2019-06-21,11,TEN,15120.0,15421.0
2019-06-21,12,TEN,15999.0,16359.0
2019-06-21,13,TEN,17367.0,17788.0
2019-06-21,14,TEN,18756.0,19168.0
2019-06-21,15,TEN,20200.0,20592.0
2019-06-21,16,TEN,21500.0,21846.0
2019-06-21,17,TEN,22867.0,23204.0
2019-06-21,18,TEN,24310.0,24475.0
2019-06-21,19,TEN,25291.0,25452.0
2019-06-21,20,TEN,25941.0,25608.0
2019-06-21,21,TEN,26469.0,25348.0
2019-06-21,22,TEN,26590.0,25427.0
2019-06-21,23,TEN,26250.0,25199.0
2019-06-22,0,TEN,25251.0,24911.0
2019-06-22,1,TEN,23899.0,23998.0
2019-06-22,2,TEN,22386.0,22679.0
2019-06-22,3,TEN,20909.0,21383.0
2019-06-22,4,TEN,19130.0,19494.0
2019-06-22,5,TEN,17340.0,17698.0
2019-06-22,6,TEN,16089.0,16478.0
2019-06-22,7,TEN,15273.0,15866.0
2019-06-22,8,TEN,14635.0,15151.0
2019-06-22,9,TEN,14357.0,14953.0
2019-06-22,10,TEN,14288.0,14913.0
2019-06-22,11,TEN,14259.0,14870.0
2019-06-22,12,TEN,14565.0,15070.0
2019-06-22,13,TEN,15701.0,16027.0
2019-06-22,14,TEN,17025.0,17362.0
2019-06-22,15,TEN,18390.0,18716.0
2019-06-22,16,TEN,19418.0,19570.0
2019-06-22,17,TEN,20393.0,20258.0
2019-06-22,18,TEN,21163.0,20960.0
2019-06-22,19,TEN,21872.0,21397.0
2019-06-22,20,TEN,22654.0,21666.0
2019-06-22,21,TEN,23037.0,22046.0
2019-06-22,22,TEN,22835.0,21881.0
2019-06-22,23,TEN,22195.0,21377.0
2019-06-23,0,TEN,21361.0,20914.0
2019-06-23,1,TEN,20216.0,20375.0
2019-06-23,2,TEN,19737.0,19953.0
2019-06-23,3,TEN,18887.0,19294.0
2019-06-23,4,TEN,17496.0,17884.0
2019-06-23,5,TEN,16090.0,16447.0
2019-06-23,6,TEN,15073.0,15421.0
2019-06-23,7,TEN,14355.0,14724.0
2019-06-23,8,TEN,13896.0,14229.0
2019-06-23,9,TEN,13517.0,13844.0
2019-06-23,10,TEN,13420.0,13731.0
2019-06-23,11,TEN,13374.0,13720.0
2019-06-23,12,TEN,13647.0,14035.0
2019-06-23,13,TEN,14908.0,15278.0
2019-06-23,14,TEN,16569.0,16876.0
2019-06-23,15,TEN,18048.0,18546.0
2019-06-23,16,TEN,19589.0,20071.0
2019-06-23,17,TEN,21180.0,21605.0
2019-06-23,18,TEN,22535.0,23022.0
2019-06-23,19,TEN,23523.0,24005.0
2019-06-23,20,TEN,24275.0,24554.0
2019-06-23,21,TEN,24781.0,25076.0
2019-06-23,22,TEN,24903.0,25047.0
2019-06-23,23,TEN,24291.0,24640.0
2019-06-24,0,TEN,23475.0,23985.0
2019-06-24,1,TEN,22431.0,23036.0
2019-06-24,2,TEN,21743.0,22229.0
2019-06-24,3,TEN,20439.0,20877.0
2019-06-24,4,TEN,18792.0,19054.0
2019-06-24,5,TEN,17287.0,17624.0
2019-06-24,6,TEN,16165.0,16510.0
2019-06-24,7,TEN,15368.0,15753.0
2019-06-24,8,TEN,14916.0,15282.0
2019-06-24,9,TEN,14796.0,15067.0
2019-06-24,10,TEN,15143.0,15450.0
2019-06-24,11,TEN,15737.0,16119.0
2019-06-24,12,TEN,16754.0,17112.0
2019-06-24,13,TEN,17754.0,18108.0
2019-06-24,14,TEN,18752.0,19107.0
2019-06-24,15,TEN,19611.0,20043.0
2019-06-24,16,TEN,20727.0,21150.0
2019-06-24,17,TEN,21953.0,22322.0
2019-06-24,18,TEN,22942.0,23340.0
2019-06-24,19,TEN,23447.0,23942.0
2019-06-24,20,TEN,23919.0,24072.0
2019-06-24,21,TEN,24229.0,24091.0
2019-06-24,22,TEN,24138.0,24314.0
2019-06-24,23,TEN,23680.0,24108.0
2019-06-25,0,TEN,23085.0,23367.0
2019-06-25,1,TEN,22299.0,22503.0
2019-06-25,2,TEN,21523.0,21699.0
2019-06-25,3,TEN,20386.0,20623.0
2019-06-25,4,TEN,18512.0,18676.0
2019-06-25,5,TEN,17017.0,17210.0
2019-06-25,6,TEN,15875.0,16053.0
2019-06-25,7,TEN,15150.0,15385.0
2019-06-25,8,TEN,14513.0,15183.0
2019-06-25,9,TEN,14322.0,15137.0
2019-06-25,10,TEN,14520.0,15180.0
2019-06-25,11,TEN,15094.0,15395.0
2019-06-25,12,TEN,16004.0,16396.0
2019-06-25,13,TEN,17271.0,17675.0
2019-06-25,14,TEN,18606.0,18980.0
2019-06-25,15,TEN,20069.0,20500.0
2019-06-25,16,TEN,21396.0,21824.0
2019-06-25,17,TEN,22688.0,23162.0
2019-06-25,18,TEN,23897.0,24368.0
2019-06-25,19,TEN,24574.0,24952.0
2019-06-25,20,TEN,25241.0,25341.0
2019-06-25,21,TEN,25562.0,25311.0
2019-06-25,22,TEN,25824.0,25606.0
2019-06-25,23,TEN,25369.0,25439.0
2019-06-26,0,TEN,24644.0,24913.0
2019-06-26,1,TEN,23657.0,24036.0
2019-06-26,2,TEN,22914.0,23274.0
2019-06-26,3,TEN,21621.0,21825.0
2019-06-26,4,TEN,19867.0,20014.0
2019-06-26,5,TEN,18005.0,18180.0
2019-06-26,6,TEN,16841.0,17029.0
2019-06-26,7,TEN,16003.0,16544.0
2019-06-26,8,TEN,15409.0,16176.0
2019-06-26,9,TEN,15062.0,15883.0
2019-06-26,10,TEN,15136.0,16030.0
2019-06-26,11,TEN,15511.0,16190.0
2019-06-26,12,TEN,16264.0,16786.0
2019-06-26,13,TEN,17333.0,17772.0
2019-06-26,14,TEN,18742.0,19148.0
2019-06-26,15,TEN,20463.0,20777.0
2019-06-26,16,TEN,22102.0,22492.0
2019-06-26,17,TEN,23601.0,24149.0
2019-06-26,18,TEN,24833.0,25491.0
2019-06-26,19,TEN,25681.0,26148.0
2019-06-26,20,TEN,26424.0,26337.0
2019-06-26,21,TEN,26911.0,26446.0
2019-06-26,22,TEN,27092.0,26394.0
2019-06-26,23,TEN,26879.0,26599.0
2019-06-27,0,TEN,26189.0,26444.0
2019-06-27,1,TEN,24944.0,25552.0
2019-06-27,2,TEN,23982.0,24527.0
2019-06-27,3,TEN,22365.0,22864.0
2019-06-27,4,TEN,20381.0,20601.0
2019-06-27,5,TEN,18488.0,18647.0
2019-06-27,6,TEN,17084.0,17279.0
2019-06-27,7,TEN,15972.0,16262.0
2019-06-27,8,TEN,15322.0,15836.0
2019-06-27,9,TEN,15080.0,15307.0
2019-06-27,10,TEN,15100.0,15343.0
2019-06-27,11,TEN,15588.0,16000.0
2019-06-27,12,TEN,16560.0,16983.0
2019-06-27,13,TEN,17804.0,18325.0
2019-06-27,14,TEN,19134.0,19676.0
2019-06-27,15,TEN,20664.0,21110.0
2019-06-27,16,TEN,22019.0,22668.0
2019-06-27,17,TEN,23082.0,23679.0
2019-06-27,18,TEN,23875.0,24463.0
2019-06-27,19,TEN,24345.0,24846.0
2019-06-27,20,TEN,24667.0,24935.0
2019-06-27,21,TEN,24656.0,24485.0
2019-06-27,22,TEN,24431.0,24326.0
2019-06-27,23,TEN,23806.0,24163.0
2019-06-28,0,TEN,22679.0,23096.0
2019-06-28,1,TEN,21699.0,22085.0
2019-06-28,2,TEN,21159.0,21554.0
2019-06-28,3,TEN,19966.0,20357.0
2019-06-28,4,TEN,18451.0,18964.0
2019-06-28,5,TEN,17001.0,17491.0
2019-06-28,6,TEN,15880.0,16414.0
2019-06-28,7,TEN,15082.0,15660.0
2019-06-28,8,TEN,14534.0,15143.0
2019-06-28,9,TEN,14277.0,14873.0
2019-06-28,10,TEN,14488.0,15014.0
2019-06-28,11,TEN,15025.0,15501.0
2019-06-28,12,TEN,15968.0,16385.0
2019-06-28,13,TEN,17147.0,17518.0
2019-06-28,14,TEN,18434.0,18737.0
2019-06-28,15,TEN,20024.0,20427.0
2019-06-28,16,TEN,21659.0,21935.0
2019-06-28,17,TEN,23199.0,23458.0
2019-06-28,18,TEN,24326.0,24602.0
2019-06-28,19,TEN,25281.0,25396.0
2019-06-28,20,TEN,25421.0,25438.0
2019-06-28,21,TEN,25261.0,24563.0
2019-06-28,22,TEN,24991.0,24172.0
2019-06-28,23,TEN,24534.0,24360.0
2019-06-29,0,TEN,23554.0,23677.0
2019-06-29,1,TEN,22627.0,22715.0
2019-06-29,2,TEN,22094.0,22281.0
2019-06-29,3,TEN,20861.0,21067.0
2019-06-29,4,TEN,19239.0,19638.0
2019-06-29,5,TEN,17673.0,18145.0
2019-06-29,6,TEN,16855.0,18145.0
2019-06-29,7,TEN,15855.0,15660.0
2019-06-29,8,TEN,15019.0,15143.0
2019-06-29,9,TEN,14625.0,14873.0
2019-06-29,10,TEN,14507.0,15014.0
2019-06-29,11,TEN,14449.0,15501.0
2019-06-29,12,TEN,14786.0,16385.0
2019-06-29,13,TEN,16149.0,17518.0
2019-06-29,14,TEN,17974.0,18737.0
2019-06-29,15,TEN,19790.0,20427.0
2019-06-29,16,TEN,21527.0,21935.0
2019-06-29,17,TEN,22900.0,23458.0
2019-06-29,18,TEN,23949.0,24602.0
2019-06-29,19,TEN,24865.0,25396.0
2019-06-29,20,TEN,25453.0,25438.0
2019-06-29,21,TEN,25946.0,24563.0
2019-06-29,22,TEN,26164.0,24172.0
2019-06-29,23,TEN,25888.0,24360.0
2019-06-30,0,TEN,25236.0,23677.0
2019-06-30,1,TEN,24014.0,22715.0
2019-06-30,2,TEN,23238.0,22281.0
2019-06-30,3,TEN,22017.0,21067.0
2019-06-30,4,TEN,20325.0,19638.0
2019-06-30,5,TEN,18619.0,18145.0
2019-06-30,6,TEN,16471.0,16960.0
2019-06-30,7,TEN,15505.0,16037.0
2019-06-30,8,TEN,14830.0,14928.0
2019-06-30,9,TEN,14326.0,14588.0
2019-06-30,10,TEN,14136.0,14433.0
2019-06-30,11,TEN,13951.0,14340.0
2019-06-30,12,TEN,14319.0,14671.0
2019-06-30,13,TEN,15652.0,16187.0
2019-06-30,14,TEN,17210.0,17911.0
2019-06-30,15,TEN,19331.0,19992.0
2019-06-30,16,TEN,21154.0,21685.0
2019-06-30,17,TEN,22712.0,23371.0
2019-06-30,18,TEN,23901.0,24521.0
2019-06-30,19,TEN,24725.0,24868.0
2019-06-30,20,TEN,25339.0,25365.0
2019-06-30,21,TEN,25885.0,25988.0
2019-06-30,22,TEN,26111.0,26064.0
2019-06-30,23,TEN,25834.0,25841.0
2019-07-01,0,TEN,25247.0,25194.0
2019-07-01,1,TEN,24158.0,24581.0
2019-07-01,2,TEN,23517.0,23968.0
2019-07-01,3,TEN,22261.0,22640.0
2019-07-01,4,TEN,20584.0,20940.0
2019-07-01,5,TEN,18794.0,19220.0
2019-07-01,6,TEN,17407.0,17802.0
2019-07-01,7,TEN,16336.0,16805.0
2019-07-01,8,TEN,15673.0,16409.0
2019-07-01,9,TEN,15338.0,16130.0
2019-07-01,10,TEN,15366.0,16105.0
2019-07-01,11,TEN,16006.0,16605.0
2019-07-01,12,TEN,16808.0,17007.0
2019-07-01,13,TEN,18263.0,18237.0
2019-07-01,14,TEN,19990.0,19919.0
2019-07-01,15,TEN,21751.0,21739.0
2019-07-01,16,TEN,23471.0,23450.0
2019-07-01,17,TEN,24929.0,24862.0
2019-07-01,18,TEN,26108.0,25977.0
2019-07-01,19,TEN,26644.0,26103.0
2019-07-01,20,TEN,27406.0,26804.0
2019-07-01,21,TEN,27681.0,26831.0
2019-07-01,22,TEN,27595.0,26676.0
2019-07-01,23,TEN,27442.0,27056.0
2019-07-02,0,TEN,26771.0,26635.0
2019-07-02,1,TEN,25635.0,25553.0
2019-07-02,2,TEN,24746.0,24737.0
2019-07-02,3,TEN,23290.0,23330.0
2019-07-02,4,TEN,21347.0,21524.0
2019-07-02,5,TEN,19488.0,19949.0
2019-07-02,6,TEN,18186.0,19949.0
2019-07-02,7,TEN,17187.0,16805.0
2019-07-02,8,TEN,16485.0,16409.0
2019-07-02,9,TEN,16086.0,16130.0
2019-07-02,10,TEN,16194.0,16105.0
2019-07-02,11,TEN,16796.0,16605.0
2019-07-02,12,TEN,17670.0,17007.0
2019-07-02,13,TEN,18929.0,18237.0
2019-07-02,14,TEN,20496.0,19919.0
2019-07-02,15,TEN,22236.0,21739.0
2019-07-02,16,TEN,23959.0,23450.0
2019-07-02,17,TEN,25535.0,24862.0
2019-07-02,18,TEN,26754.0,25977.0
2019-07-02,19,TEN,27383.0,26103.0
2019-07-02,20,TEN,27833.0,26804.0
2019-07-02,21,TEN,27998.0,26831.0
2019-07-02,22,TEN,27759.0,26676.0
2019-07-02,23,TEN,27287.0,27056.0
2019-07-03,0,TEN,26408.0,26635.0
2019-07-03,1,TEN,25515.0,25553.0
2019-07-03,2,TEN,24652.0,24737.0
2019-07-03,3,TEN,23221.0,23330.0
2019-07-03,4,TEN,21328.0,21524.0
2019-07-03,5,TEN,19568.0,19949.0
2019-07-03,6,TEN,17964.0,17821.0
2019-07-03,7,TEN,17069.0,17229.0
2019-07-03,8,TEN,16379.0,16883.0
2019-07-03,9,TEN,15961.0,16535.0
2019-07-03,10,TEN,16028.0,16609.0
2019-07-03,11,TEN,16429.0,16968.0
2019-07-03,12,TEN,17238.0,17699.0
2019-07-03,13,TEN,18357.0,18811.0
2019-07-03,14,TEN,19532.0,20051.0
2019-07-03,15,TEN,21021.0,21397.0
2019-07-03,16,TEN,22614.0,23041.0
2019-07-03,17,TEN,23911.0,24278.0
2019-07-03,18,TEN,24993.0,25128.0
2019-07-03,19,TEN,25739.0,25208.0
2019-07-03,20,TEN,26039.0,25286.0
2019-07-03,21,TEN,25911.0,25069.0
2019-07-03,22,TEN,25910.0,25222.0
2019-07-03,23,TEN,25797.0,25544.0
2019-07-04,0,TEN,25110.0,25278.0
2019-07-04,1,TEN,24004.0,24393.0
2019-07-04,2,TEN,23115.0,23497.0
2019-07-04,3,TEN,21778.0,22309.0
2019-07-04,4,TEN,20176.0,20770.0
2019-07-04,5,TEN,18481.0,18991.0
2019-07-04,6,TEN,17144.0,17614.0
2019-07-04,7,TEN,16043.0,16569.0
2019-07-04,8,TEN,15354.0,15857.0
2019-07-04,9,TEN,14858.0,15426.0
2019-07-04,10,TEN,14551.0,15099.0
2019-07-04,11,TEN,14517.0,15046.0
2019-07-04,12,TEN,14719.0,15326.0
2019-07-04,13,TEN,15824.0,16325.0
2019-07-04,14,TEN,17594.0,18187.0
2019-07-04,15,TEN,19601.0,20186.0
2019-07-04,16,TEN,21664.0,22216.0
2019-07-04,17,TEN,23160.0,23768.0
2019-07-04,18,TEN,24002.0,24548.0
2019-07-04,19,TEN,24344.0,24616.0
2019-07-04,20,TEN,24365.0,24753.0
2019-07-04,21,TEN,24428.0,24632.0
2019-07-04,22,TEN,24256.0,24589.0
2019-07-04,23,TEN,23648.0,24079.0
2019-07-05,0,TEN,22498.0,23063.0
2019-07-05,1,TEN,21337.0,21859.0
2019-07-05,2,TEN,20470.0,20985.0
2019-07-05,3,TEN,19608.0,20096.0
2019-07-05,4,TEN,18681.0,19191.0
2019-07-05,5,TEN,17462.0,17926.0
2019-07-05,6,TEN,16332.0,16890.0
2019-07-05,7,TEN,15328.0,15898.0
2019-07-05,8,TEN,14810.0,15462.0
2019-07-05,9,TEN,14514.0,15223.0
2019-07-05,10,TEN,14411.0,14976.0
2019-07-05,11,TEN,14693.0,15214.0
2019-07-05,12,TEN,15204.0,15696.0
2019-07-05,13,TEN,16546.0,16527.0
2019-07-05,14,TEN,18409.0,18893.0
2019-07-05,15,TEN,20396.0,20883.0
2019-07-05,16,TEN,22376.0,22428.0
2019-07-05,17,TEN,23886.0,24047.0
2019-07-05,18,TEN,24905.0,24907.0
2019-07-05,19,TEN,25671.0,25633.0
2019-07-05,20,TEN,25875.0,25833.0
2019-07-05,21,TEN,25857.0,25652.0
2019-07-05,22,TEN,25852.0,25538.0
2019-07-05,23,TEN,25466.0,25118.0
2019-07-06,0,TEN,24704.0,24314.0
2019-07-06,1,TEN,23652.0,23357.0
2019-07-06,2,TEN,22820.0,22612.0
2019-07-06,3,TEN,21563.0,21437.0
2019-07-06,4,TEN,19908.0,20153.0
2019-07-06,5,TEN,18361.0,18883.0
2019-07-06,6,TEN,17049.0,17598.0
2019-07-06,7,TEN,16131.0,16703.0
2019-07-06,8,TEN,15482.0,16052.0
2019-07-06,9,TEN,14900.0,15522.0
2019-07-06,10,TEN,14678.0,15432.0
2019-07-06,11,TEN,14619.0,15422.0
2019-07-06,12,TEN,14918.0,15617.0
2019-07-06,13,TEN,16060.0,16746.0
2019-07-06,14,TEN,17891.0,18529.0
2019-07-06,15,TEN,19765.0,20452.0
2019-07-06,16,TEN,21687.0,22376.0
2019-07-06,17,TEN,23289.0,24049.0
2019-07-06,18,TEN,24307.0,24910.0
2019-07-06,19,TEN,25245.0,25752.0
2019-07-06,20,TEN,25537.0,25695.0
2019-07-06,21,TEN,25920.0,25935.0
2019-07-06,22,TEN,25720.0,25798.0
2019-07-06,23,TEN,25094.0,25288.0
2019-07-07,0,TEN,24171.0,24793.0
2019-07-07,1,TEN,23165.0,23810.0
2019-07-07,2,TEN,22530.0,23239.0
2019-07-07,3,TEN,21373.0,21919.0
2019-07-07,4,TEN,19957.0,20579.0
2019-07-07,5,TEN,18480.0,19102.0
2019-07-07,6,TEN,17334.0,17811.0
2019-07-07,7,TEN,16394.0,16815.0
2019-07-07,8,TEN,15656.0,16161.0
2019-07-07,9,TEN,15241.0,15707.0
2019-07-07,10,TEN,14988.0,15483.0
2019-07-07,11,TEN,14967.0,15479.0
2019-07-07,12,TEN,15032.0,15736.0
2019-07-07,13,TEN,16171.0,16916.0
2019-07-07,14,TEN,17702.0,18507.0
2019-07-07,15,TEN,19038.0,19835.0
2019-07-07,16,TEN,20487.0,21302.0
2019-07-07,17,TEN,21868.0,22714.0
2019-07-07,18,TEN,23137.0,23988.0
2019-07-07,19,TEN,24129.0,24577.0
2019-07-07,20,TEN,24872.0,25041.0
2019-07-07,21,TEN,25133.0,25183.0
2019-07-07,22,TEN,24952.0,24931.0
2019-07-07,23,TEN,24480.0,24868.0
2019-07-08,0,TEN,23587.0,24275.0
2019-07-08,1,TEN,22543.0,23276.0
2019-07-08,2,TEN,21987.0,22607.0
2019-07-08,3,TEN,20872.0,21479.0
2019-07-08,4,TEN,19425.0,19960.0
2019-07-08,5,TEN,17956.0,18461.0
2019-07-08,6,TEN,16851.0,17291.0
2019-07-08,7,TEN,16049.0,16503.0
2019-07-08,8,TEN,15519.0,15995.0
2019-07-08,9,TEN,15287.0,15836.0
2019-07-08,10,TEN,15541.0,16041.0
2019-07-08,11,TEN,16126.0,16635.0
2019-07-08,12,TEN,17164.0,17711.0
2019-07-08,13,TEN,18515.0,19094.0
2019-07-08,14,TEN,20185.0,20749.0
2019-07-08,15,TEN,22134.0,22620.0
2019-07-08,16,TEN,24175.0,24832.0
2019-07-08,17,TEN,25903.0,26219.0
2019-07-08,18,TEN,27163.0,26475.0
2019-07-08,19,TEN,27895.0,27133.0
2019-07-08,20,TEN,28265.0,27500.0
2019-07-08,21,TEN,28290.0,27214.0
2019-07-08,22,TEN,28164.0,27165.0
2019-07-08,23,TEN,27863.0,27239.0
2019-07-09,0,TEN,27290.0,27269.0
2019-07-09,1,TEN,26324.0,26876.0
2019-07-09,2,TEN,25597.0,26258.0
2019-07-09,3,TEN,24125.0,24589.0
2019-07-09,4,TEN,22135.0,22643.0
2019-07-09,5,TEN,20195.0,20702.0
2019-07-09,6,TEN,18917.0,19321.0
2019-07-09,7,TEN,17859.0,18226.0
2019-07-09,8,TEN,16993.0,17404.0
2019-07-09,9,TEN,16674.0,17109.0
2019-07-09,10,TEN,16703.0,17148.0
2019-07-09,11,TEN,17176.0,17619.0
2019-07-09,12,TEN,17892.0,18477.0
2019-07-09,13,TEN,19397.0,19975.0
2019-07-09,14,TEN,21124.0,21588.0
2019-07-09,15,TEN,23004.0,23508.0
2019-07-09,16,TEN,24939.0,25054.0
2019-07-09,17,TEN,26635.0,26114.0
2019-07-09,18,TEN,27767.0,26088.0
2019-07-09,19,TEN,28495.0,26563.0
2019-07-09,20,TEN,28916.0,27237.0
2019-07-09,21,TEN,29188.0,27636.0
2019-07-09,22,TEN,29216.0,27731.0
2019-07-09,23,TEN,29023.0,27899.0
2019-07-10,0,TEN,28273.0,27510.0
2019-07-10,1,TEN,27187.0,26569.0
2019-07-10,2,TEN,26223.0,26226.0
2019-07-10,3,TEN,24675.0,24884.0
2019-07-10,4,TEN,22552.0,23088.0
2019-07-10,5,TEN,20830.0,21392.0
2019-07-10,6,TEN,19380.0,19937.0
2019-07-10,7,TEN,18441.0,19020.0
2019-07-10,8,TEN,17608.0,18173.0
2019-07-10,9,TEN,17191.0,17802.0
2019-07-10,10,TEN,17146.0,17865.0
2019-07-10,11,TEN,17534.0,18183.0
2019-07-10,12,TEN,18336.0,18650.0
2019-07-10,13,TEN,19757.0,19682.0
2019-07-10,14,TEN,21390.0,21279.0
2019-07-10,15,TEN,23236.0,23126.0
2019-07-10,16,TEN,25057.0,24873.0
2019-07-10,17,TEN,26595.0,25833.0
2019-07-10,18,TEN,27644.0,26405.0
2019-07-10,19,TEN,28262.0,26394.0
2019-07-10,20,TEN,28310.0,26805.0
2019-07-10,21,TEN,28103.0,26550.0
2019-07-10,22,TEN,27826.0,26108.0
2019-07-10,23,TEN,27251.0,25642.0
2019-07-11,0,TEN,26221.0,24854.0
2019-07-11,1,TEN,25146.0,24220.0
2019-07-11,2,TEN,24536.0,23995.0
2019-07-11,3,TEN,23332.0,22877.0
2019-07-11,4,TEN,21478.0,21484.0
2019-07-11,5,TEN,19947.0,20516.0
2019-07-11,6,TEN,18762.0,19350.0
2019-07-11,7,TEN,17845.0,18492.0
2019-07-11,8,TEN,17222.0,17842.0
2019-07-11,9,TEN,16912.0,17579.0
2019-07-11,10,TEN,17030.0,17722.0
2019-07-11,11,TEN,17623.0,18261.0
2019-07-11,12,TEN,18371.0,18990.0
2019-07-11,13,TEN,19640.0,20264.0
2019-07-11,14,TEN,20872.0,21517.0
2019-07-11,15,TEN,22283.0,22936.0
2019-07-11,16,TEN,23646.0,24052.0
2019-07-11,17,TEN,24707.0,24805.0
2019-07-11,18,TEN,25852.0,25356.0
2019-07-11,19,TEN,26607.0,25973.0
2019-07-11,20,TEN,26930.0,26253.0
2019-07-11,21,TEN,27035.0,26363.0
2019-07-11,22,TEN,27092.0,26439.0
2019-07-11,23,TEN,26833.0,26118.0
2019-07-12,0,TEN,26285.0,25838.0
2019-07-12,1,TEN,25243.0,24846.0
2019-07-12,2,TEN,24485.0,24192.0
2019-07-12,3,TEN,23220.0,23222.0
2019-07-12,4,TEN,21321.0,21545.0
2019-07-12,5,TEN,19646.0,20010.0
2019-07-12,6,TEN,18062.0,20010.0
2019-07-12,7,TEN,17054.0,18492.0
2019-07-12,8,TEN,16304.0,17842.0
2019-07-12,9,TEN,15885.0,17579.0
2019-07-12,10,TEN,15951.0,17722.0
2019-07-12,11,TEN,16439.0,18261.0
2019-07-12,12,TEN,17198.0,18990.0
2019-07-12,13,TEN,18487.0,20264.0
2019-07-12,14,TEN,19908.0,21517.0
2019-07-12,15,TEN,21416.0,22936.0
2019-07-12,16,TEN,22979.0,24052.0
2019-07-12,17,TEN,24225.0,24805.0
2019-07-12,18,TEN,25310.0,25356.0
2019-07-12,19,TEN,25941.0,25973.0
2019-07-12,20,TEN,26277.0,26253.0
2019-07-12,21,TEN,26499.0,26363.0
2019-07-12,22,TEN,26458.0,26439.0
2019-07-12,23,TEN,25959.0,26118.0
2019-07-13,0,TEN,25184.0,25838.0
2019-07-13,1,TEN,24141.0,24846.0
2019-07-13,2,TEN,23560.0,24192.0
2019-07-13,3,TEN,22349.0,23222.0
2019-07-13,4,TEN,20769.0,21545.0
2019-07-13,5,TEN,19192.0,20010.0
2019-07-13,6,TEN,18230.0,18897.0
2019-07-13,7,TEN,17297.0,17972.0
2019-07-13,8,TEN,16649.0,17363.0
2019-07-13,9,TEN,16110.0,16879.0
2019-07-13,10,TEN,15948.0,16735.0
2019-07-13,11,TEN,15995.0,16705.0
2019-07-13,12,TEN,16162.0,16954.0
2019-07-13,13,TEN,17267.0,18064.0
2019-07-13,14,TEN,18960.0,19705.0
2019-07-13,15,TEN,20706.0,21480.0
2019-07-13,16,TEN,22545.0,23408.0
2019-07-13,17,TEN,23922.0,24750.0
2019-07-13,18,TEN,24963.0,25158.0
2019-07-13,19,TEN,25658.0,25237.0
2019-07-13,20,TEN,26026.0,25404.0
2019-07-13,21,TEN,26149.0,25650.0
2019-07-13,22,TEN,25744.0,25599.0
2019-07-13,23,TEN,24764.0,25153.0
2019-07-14,0,TEN,23467.0,23890.0
2019-07-14,1,TEN,22348.0,23171.0
2019-07-14,2,TEN,21583.0,22324.0
2019-07-14,3,TEN,20408.0,21119.0
2019-07-14,4,TEN,19136.0,19758.0
2019-07-14,5,TEN,17788.0,18428.0
2019-07-14,6,TEN,16710.0,17578.0
2019-07-14,7,TEN,15903.0,17119.0
2019-07-14,8,TEN,15417.0,16655.0
2019-07-14,9,TEN,14941.0,16152.0
2019-07-14,10,TEN,14800.0,16028.0
2019-07-14,11,TEN,14898.0,16101.0
2019-07-14,12,TEN,14993.0,16010.0
2019-07-14,13,TEN,15797.0,16448.0
2019-07-14,14,TEN,16890.0,17544.0
2019-07-14,15,TEN,17786.0,18439.0
2019-07-14,16,TEN,18677.0,19308.0
2019-07-14,17,TEN,19727.0,20317.0
2019-07-14,18,TEN,20633.0,21267.0
2019-07-14,19,TEN,21372.0,22086.0
2019-07-14,20,TEN,21776.0,22453.0
2019-07-14,21,TEN,21973.0,22665.0
2019-07-14,22,TEN,22130.0,22824.0
2019-07-14,23,TEN,21968.0,22693.0
2019-07-15,0,TEN,21485.0,22157.0
2019-07-15,1,TEN,20750.0,21469.0
2019-07-15,2,TEN,20456.0,21093.0
2019-07-15,3,TEN,19625.0,20220.0
2019-07-15,4,TEN,18339.0,18957.0
2019-07-15,5,TEN,16964.0,17602.0
2019-07-15,6,TEN,16025.0,16739.0
2019-07-15,7,TEN,15358.0,16393.0
2019-07-15,8,TEN,14873.0,15925.0
2019-07-15,9,TEN,14823.0,15855.0
2019-07-15,10,TEN,15244.0,16187.0
2019-07-15,11,TEN,16051.0,16958.0
2019-07-15,12,TEN,17065.0,17761.0
2019-07-15,13,TEN,18024.0,18711.0
2019-07-15,14,TEN,18972.0,19892.0
2019-07-15,15,TEN,20016.0,20760.0
2019-07-15,16,TEN,20970.0,21725.0
2019-07-15,17,TEN,22058.0,22602.0
2019-07-15,18,TEN,22944.0,23574.0
2019-07-15,19,TEN,23349.0,24006.0
2019-07-15,20,TEN,23602.0,24276.0
2019-07-15,21,TEN,23610.0,24411.0
2019-07-15,22,TEN,23575.0,24334.0
2019-07-15,23,TEN,23344.0,24129.0
2019-07-16,0,TEN,22930.0,23697.0
2019-07-16,1,TEN,22200.0,22985.0
2019-07-16,2,TEN,21898.0,22628.0
2019-07-16,3,TEN,21036.0,21629.0
2019-07-16,4,TEN,19419.0,20099.0
2019-07-16,5,TEN,18138.0,18737.0
2019-07-16,6,TEN,17007.0,17662.0
2019-07-16,7,TEN,16285.0,16926.0
2019-07-16,8,TEN,15879.0,16582.0
2019-07-16,9,TEN,15745.0,16439.0
2019-07-16,10,TEN,15970.0,16652.0
2019-07-16,11,TEN,16767.0,17437.0
2019-07-16,12,TEN,17664.0,18383.0
2019-07-16,13,TEN,18733.0,19425.0
2019-07-16,14,TEN,20068.0,20834.0
2019-07-16,15,TEN,21500.0,22340.0
2019-07-16,16,TEN,22833.0,23754.0
2019-07-16,17,TEN,24023.0,24869.0
2019-07-16,18,TEN,24864.0,25809.0
2019-07-16,19,TEN,25299.0,26137.0
2019-07-16,20,TEN,25707.0,26209.0
2019-07-16,21,TEN,25673.0,26034.0
2019-07-16,22,TEN,25433.0,25769.0
2019-07-16,23,TEN,25066.0,25538.0
2019-07-17,0,TEN,24154.0,25050.0
2019-07-17,1,TEN,23385.0,24293.0
2019-07-17,2,TEN,22916.0,23743.0
2019-07-17,3,TEN,21846.0,22620.0
2019-07-17,4,TEN,20397.0,21102.0
2019-07-17,5,TEN,18769.0,19459.0
2019-07-17,6,TEN,17723.0,18308.0
2019-07-17,7,TEN,16880.0,17556.0
2019-07-17,8,TEN,16377.0,17077.0
2019-07-17,9,TEN,16128.0,16858.0
2019-07-17,10,TEN,16169.0,16819.0
2019-07-17,11,TEN,16875.0,17602.0
2019-07-17,12,TEN,17637.0,18337.0
2019-07-17,13,TEN,18626.0,19350.0
2019-07-17,14,TEN,19489.0,20224.0
2019-07-17,15,TEN,20224.0,21085.0
2019-07-17,16,TEN,21082.0,21888.0
2019-07-17,17,TEN,22020.0,22988.0
2019-07-17,18,TEN,23013.0,24088.0
2019-07-17,19,TEN,23911.0,24927.0
2019-07-17,20,TEN,24708.0,25523.0
2019-07-17,21,TEN,25634.0,25973.0
2019-07-17,22,TEN,25930.0,26452.0
2019-07-17,23,TEN,26050.0,26633.0
2019-07-18,0,TEN,25739.0,26488.0
2019-07-18,1,TEN,24797.0,25625.0
2019-07-18,2,TEN,24181.0,25035.0
2019-07-18,3,TEN,23127.0,23834.0
2019-07-18,4,TEN,21232.0,21771.0
2019-07-18,5,TEN,19543.0,20096.0
2019-07-18,6,TEN,18285.0,18906.0
2019-07-18,7,TEN,17352.0,17988.0
2019-07-18,8,TEN,16833.0,17466.0
2019-07-18,9,TEN,16441.0,17089.0
2019-07-18,10,TEN,16595.0,17254.0
2019-07-18,11,TEN,17232.0,17892.0
2019-07-18,12,TEN,17998.0,18685.0
2019-07-18,13,TEN,19050.0,19719.0
2019-07-18,14,TEN,20250.0,20906.0
2019-07-18,15,TEN,21627.0,22446.0
2019-07-18,16,TEN,23043.0,24093.0
2019-07-18,17,TEN,24443.0,25226.0
2019-07-18,18,TEN,25460.0,26383.0
2019-07-18,19,TEN,26394.0,27220.0
2019-07-18,20,TEN,26829.0,27715.0
2019-07-18,21,TEN,26707.0,27607.0
2019-07-18,22,TEN,26497.0,27408.0
2019-07-18,23,TEN,25863.0,26747.0
2019-07-19,0,TEN,25034.0,25927.0
2019-07-19,1,TEN,24050.0,24999.0
2019-07-19,2,TEN,23516.0,24248.0
2019-07-19,3,TEN,22358.0,22931.0
2019-07-19,4,TEN,20937.0,21444.0
2019-07-19,5,TEN,19175.0,19827.0
2019-07-19,6,TEN,18043.0,18664.0
2019-07-19,7,TEN,17136.0,17698.0
2019-07-19,8,TEN,16552.0,17212.0
2019-07-19,9,TEN,16352.0,17210.0
2019-07-19,10,TEN,16467.0,17235.0
2019-07-19,11,TEN,17000.0,17593.0
2019-07-19,12,TEN,17734.0,18389.0
2019-07-19,13,TEN,19093.0,19737.0
2019-07-19,14,TEN,20556.0,21236.0
2019-07-19,15,TEN,22304.0,22997.0
2019-07-19,16,TEN,24083.0,24967.0
2019-07-19,17,TEN,25576.0,26571.0
2019-07-19,18,TEN,26812.0,27501.0
2019-07-19,19,TEN,27433.0,28324.0
2019-07-19,20,TEN,27907.0,28743.0
2019-07-19,21,TEN,28216.0,29013.0
2019-07-19,22,TEN,28227.0,29063.0
2019-07-19,23,TEN,27882.0,28775.0
2019-07-20,0,TEN,27092.0,27960.0
2019-07-20,1,TEN,26021.0,26797.0
2019-07-20,2,TEN,25241.0,25997.0
2019-07-20,3,TEN,23947.0,24633.0
2019-07-20,4,TEN,22196.0,22771.0
2019-07-20,5,TEN,20423.0,21032.0
2019-07-20,6,TEN,19072.0,19673.0
2019-07-20,7,TEN,17788.0,18396.0
2019-07-20,8,TEN,17065.0,17692.0
2019-07-20,9,TEN,16476.0,17111.0
2019-07-20,10,TEN,16263.0,16850.0
2019-07-20,11,TEN,16255.0,16868.0
2019-07-20,12,TEN,16430.0,17077.0
2019-07-20,13,TEN,17475.0,18171.0
2019-07-20,14,TEN,19101.0,19823.0
2019-07-20,15,TEN,21042.0,21708.0
2019-07-20,16,TEN,22704.0,23468.0
2019-07-20,17,TEN,24212.0,25114.0
2019-07-20,18,TEN,25214.0,25896.0
2019-07-20,19,TEN,25981.0,26703.0
2019-07-20,20,TEN,26349.0,27234.0
2019-07-20,21,TEN,26573.0,27306.0
2019-07-20,22,TEN,26450.0,27354.0
2019-07-20,23,TEN,26060.0,26864.0
2019-07-21,0,TEN,25071.0,25885.0
2019-07-21,1,TEN,23836.0,24590.0
2019-07-21,2,TEN,22944.0,23626.0
2019-07-21,3,TEN,21631.0,22204.0
2019-07-21,4,TEN,20166.0,20800.0
2019-07-21,5,TEN,18646.0,19321.0
2019-07-21,6,TEN,17451.0,18025.0
2019-07-21,7,TEN,16637.0,17197.0
2019-07-21,8,TEN,15952.0,16475.0
2019-07-21,9,TEN,15536.0,16109.0
2019-07-21,10,TEN,15431.0,16089.0
2019-07-21,11,TEN,15442.0,16123.0
2019-07-21,12,TEN,15525.0,16075.0
2019-07-21,13,TEN,16444.0,17045.0
2019-07-21,14,TEN,17734.0,18331.0
2019-07-21,15,TEN,19024.0,19515.0
2019-07-21,16,TEN,20216.0,20952.0
2019-07-21,17,TEN,21450.0,22204.0
2019-07-21,18,TEN,22592.0,23484.0
2019-07-21,19,TEN,23477.0,24414.0
2019-07-21,20,TEN,24158.0,25099.0
2019-07-21,21,TEN,24753.0,25667.0
2019-07-21,22,TEN,25160.0,26017.0
2019-07-21,23,TEN,25141.0,25949.0
2019-07-22,0,TEN,24766.0,25610.0
2019-07-22,1,TEN,23848.0,24614.0
2019-07-22,2,TEN,23370.0,24069.0
2019-07-22,3,TEN,22147.0,22744.0
2019-07-22,4,TEN,20594.0,21134.0
2019-07-22,5,TEN,19142.0,19715.0
2019-07-22,6,TEN,17949.0,18518.0
2019-07-22,7,TEN,17279.0,17811.0
2019-07-22,8,TEN,16565.0,17135.0
2019-07-22,9,TEN,16409.0,16971.0
2019-07-22,10,TEN,16699.0,17253.0
2019-07-22,11,TEN,17453.0,18022.0
2019-07-22,12,TEN,18190.0,18748.0
2019-07-22,13,TEN,19256.0,19839.0
2019-07-22,14,TEN,20193.0,20746.0
2019-07-22,15,TEN,21291.0,21847.0
2019-07-22,16,TEN,22615.0,23334.0
2019-07-22,17,TEN,23769.0,24508.0
2019-07-22,18,TEN,24665.0,25328.0
2019-07-22,19,TEN,24966.0,25599.0
2019-07-22,20,TEN,24822.0,25541.0
2019-07-22,21,TEN,24238.0,25001.0
2019-07-22,22,TEN,23641.0,24357.0
2019-07-22,23,TEN,23408.0,24017.0
2019-07-23,0,TEN,22290.0,23024.0
2019-07-23,1,TEN,21691.0,22347.0
2019-07-23,2,TEN,21309.0,21921.0
2019-07-23,3,TEN,20199.0,20961.0
2019-07-23,4,TEN,18711.0,19469.0
2019-07-23,5,TEN,17355.0,18105.0
2019-07-23,6,TEN,16432.0,17477.0
2019-07-23,7,TEN,15612.0,16985.0
2019-07-23,8,TEN,15172.0,16538.0
2019-07-23,9,TEN,15057.0,16623.0
2019-07-23,10,TEN,15220.0,16593.0
2019-07-23,11,TEN,15979.0,17267.0
2019-07-23,12,TEN,16561.0,17150.0
2019-07-23,13,TEN,17367.0,17904.0
2019-07-23,14,TEN,18033.0,18627.0
2019-07-23,15,TEN,18678.0,19291.0
2019-07-23,16,TEN,19387.0,20010.0
2019-07-23,17,TEN,20050.0,20647.0
2019-07-23,18,TEN,20751.0,21333.0
2019-07-23,19,TEN,21242.0,21813.0
2019-07-23,20,TEN,21752.0,22322.0
2019-07-23,21,TEN,22247.0,22806.0
2019-07-23,22,TEN,22473.0,23048.0
2019-07-23,23,TEN,22402.0,22954.0
2019-07-24,0,TEN,21685.0,22351.0
2019-07-24,1,TEN,20726.0,21331.0
2019-07-24,2,TEN,20155.0,20648.0
2019-07-24,3,TEN,18991.0,19593.0
2019-07-24,4,TEN,17461.0,18039.0
2019-07-24,5,TEN,15942.0,16496.0
2019-07-24,6,TEN,14930.0,15660.0
2019-07-24,7,TEN,14007.0,15094.0
2019-07-24,8,TEN,13558.0,14757.0
2019-07-24,9,TEN,13456.0,14817.0
2019-07-24,10,TEN,13647.0,15049.0
2019-07-24,11,TEN,14213.0,15343.0
2019-07-24,12,TEN,14812.0,15618.0
2019-07-24,13,TEN,15869.0,16455.0
2019-07-24,14,TEN,16812.0,17460.0
2019-07-24,15,TEN,17747.0,18370.0
2019-07-24,16,TEN,18779.0,19431.0
2019-07-24,17,TEN,19926.0,20573.0
2019-07-24,18,TEN,20857.0,21527.0
2019-07-24,19,TEN,21543.0,21992.0
2019-07-24,20,TEN,22353.0,22634.0
2019-07-24,21,TEN,22922.0,22954.0
2019-07-24,22,TEN,23075.0,23185.0
2019-07-24,23,TEN,22918.0,23079.0
2019-07-25,0,TEN,22179.0,22561.0
2019-07-25,1,TEN,21012.0,21669.0
2019-07-25,2,TEN,20327.0,20877.0
2019-07-25,3,TEN,19066.0,19694.0
2019-07-25,4,TEN,17396.0,18064.0
2019-07-25,5,TEN,15754.0,16390.0
2019-07-25,6,TEN,14803.0,15317.0
2019-07-25,7,TEN,14100.0,15007.0
2019-07-25,8,TEN,13696.0,15037.0
2019-07-25,9,TEN,13478.0,14861.0
2019-07-25,10,TEN,13723.0,15082.0
2019-07-25,11,TEN,14396.0,15582.0
2019-07-25,12,TEN,15020.0,15618.0
2019-07-25,13,TEN,15968.0,16559.0
2019-07-25,14,TEN,16873.0,17586.0
2019-07-25,15,TEN,17979.0,18665.0
2019-07-25,16,TEN,19137.0,19856.0
2019-07-25,17,TEN,20400.0,21121.0
2019-07-25,18,TEN,21563.0,22281.0
2019-07-25,19,TEN,22518.0,23084.0
2019-07-25,20,TEN,23328.0,23548.0
2019-07-25,21,TEN,23864.0,24059.0
2019-07-25,22,TEN,24179.0,24723.0
2019-07-25,23,TEN,24041.0,24703.0
2019-07-26,0,TEN,23276.0,24313.0
2019-07-26,1,TEN,22143.0,23187.0
2019-07-26,2,TEN,21405.0,22323.0
2019-07-26,3,TEN,19982.0,20563.0
2019-07-26,4,TEN,18124.0,18684.0
2019-07-26,5,TEN,16600.0,17214.0
2019-07-26,6,TEN,15495.0,16086.0
2019-07-26,7,TEN,14655.0,15384.0
2019-07-26,8,TEN,14228.0,14974.0
2019-07-26,9,TEN,13978.0,14741.0
2019-07-26,10,TEN,14034.0,14810.0
2019-07-26,11,TEN,14644.0,15316.0
2019-07-26,12,TEN,15379.0,15957.0
2019-07-26,13,TEN,16412.0,17063.0
2019-07-26,14,TEN,17511.0,18205.0
2019-07-26,15,TEN,18938.0,19644.0
2019-07-26,16,TEN,20482.0,21259.0
2019-07-26,17,TEN,21919.0,22642.0
2019-07-26,18,TEN,23027.0,23785.0
2019-07-26,19,TEN,23974.0,24652.0
2019-07-26,20,TEN,24616.0,25041.0
2019-07-26,21,TEN,25131.0,25566.0
2019-07-26,22,TEN,25232.0,25761.0
2019-07-26,23,TEN,24955.0,25580.0
2019-07-27,0,TEN,24131.0,24734.0
2019-07-27,1,TEN,22804.0,23398.0
2019-07-27,2,TEN,21866.0,22424.0
2019-07-27,3,TEN,20520.0,20973.0
2019-07-27,4,TEN,18819.0,19323.0
2019-07-27,5,TEN,17169.0,17667.0
2019-07-27,6,TEN,15854.0,16385.0
2019-07-27,7,TEN,14945.0,15489.0
2019-07-27,8,TEN,14273.0,14850.0
2019-07-27,9,TEN,13839.0,14603.0
2019-07-27,10,TEN,13690.0,14658.0
2019-07-27,11,TEN,13771.0,14802.0
2019-07-27,12,TEN,14049.0,15117.0
2019-07-27,13,TEN,15203.0,16041.0
2019-07-27,14,TEN,16765.0,17521.0
2019-07-27,15,TEN,18483.0,19093.0
2019-07-27,16,TEN,20351.0,21077.0
2019-07-27,17,TEN,21871.0,22726.0
2019-07-27,18,TEN,23132.0,23967.0
2019-07-27,19,TEN,24060.0,24906.0
2019-07-27,20,TEN,24662.0,25493.0
2019-07-27,21,TEN,25107.0,25940.0
2019-07-27,22,TEN,25211.0,26009.0
2019-07-27,23,TEN,25072.0,25802.0
2019-07-28,0,TEN,24314.0,24987.0
2019-07-28,1,TEN,23092.0,23683.0
2019-07-28,2,TEN,22055.0,22691.0
2019-07-28,3,TEN,20754.0,21307.0
2019-07-28,4,TEN,19073.0,19664.0
2019-07-28,5,TEN,17374.0,17916.0
2019-07-28,6,TEN,16130.0,16638.0
2019-07-28,7,TEN,15266.0,15776.0
2019-07-28,8,TEN,14453.0,15091.0
2019-07-28,9,TEN,14095.0,14925.0
2019-07-28,10,TEN,13927.0,14927.0
2019-07-28,11,TEN,13851.0,14836.0
2019-07-28,12,TEN,13992.0,14988.0
2019-07-28,13,TEN,15100.0,15943.0
2019-07-28,14,TEN,16892.0,17615.0
2019-07-28,15,TEN,18770.0,19581.0
2019-07-28,16,TEN,20599.0,21401.0
2019-07-28,17,TEN,22286.0,23111.0
2019-07-28,18,TEN,23627.0,24369.0
2019-07-28,19,TEN,24371.0,24779.0
2019-07-28,20,TEN,25041.0,25283.0
2019-07-28,21,TEN,25364.0,25705.0
2019-07-28,22,TEN,25561.0,25832.0
2019-07-28,23,TEN,25381.0,25841.0
2019-07-29,0,TEN,24596.0,25138.0
2019-07-29,1,TEN,23389.0,23943.0
2019-07-29,2,TEN,22591.0,23083.0
2019-07-29,3,TEN,21275.0,21762.0
2019-07-29,4,TEN,19467.0,19977.0
2019-07-29,5,TEN,17707.0,18163.0
2019-07-29,6,TEN,16447.0,16916.0
2019-07-29,7,TEN,15533.0,16354.0
2019-07-29,8,TEN,15115.0,15981.0
2019-07-29,9,TEN,14870.0,15941.0
2019-07-29,10,TEN,15099.0,16134.0
2019-07-29,11,TEN,15746.0,16607.0
2019-07-29,12,TEN,16531.0,17073.0
2019-07-29,13,TEN,17920.0,18444.0
2019-07-29,14,TEN,19392.0,19930.0
2019-07-29,15,TEN,21264.0,21781.0
2019-07-29,16,TEN,23268.0,23858.0
2019-07-29,17,TEN,24810.0,25407.0
2019-07-29,18,TEN,25930.0,26570.0
2019-07-29,19,TEN,26810.0,27522.0
2019-07-29,20,TEN,27240.0,27863.0
2019-07-29,21,TEN,27319.0,27991.0
2019-07-29,22,TEN,26879.0,27606.0
2019-07-29,23,TEN,26329.0,27039.0
2019-07-30,0,TEN,25381.0,26043.0
2019-07-30,1,TEN,24213.0,24796.0
2019-07-30,2,TEN,23409.0,23866.0
2019-07-30,3,TEN,21863.0,22323.0
2019-07-30,4,TEN,19973.0,20471.0
2019-07-30,5,TEN,18379.0,18899.0
2019-07-30,6,TEN,17202.0,17751.0
2019-07-30,7,TEN,16381.0,16994.0
2019-07-30,8,TEN,15937.0,16533.0
2019-07-30,9,TEN,15626.0,16276.0
2019-07-30,10,TEN,15809.0,16454.0
2019-07-30,11,TEN,16587.0,17177.0
2019-07-30,12,TEN,17320.0,17964.0
2019-07-30,13,TEN,18218.0,18870.0
2019-07-30,14,TEN,18993.0,19630.0
2019-07-30,15,TEN,19927.0,20590.0
2019-07-30,16,TEN,21270.0,21978.0
2019-07-30,17,TEN,22578.0,23208.0
2019-07-30,18,TEN,23655.0,24306.0
2019-07-30,19,TEN,24451.0,25159.0
2019-07-30,20,TEN,25128.0,25798.0
2019-07-30,21,TEN,25439.0,26083.0
2019-07-30,22,TEN,25415.0,26130.0
2019-07-30,23,TEN,24909.0,25607.0
2019-07-31,0,TEN,24282.0,24939.0
2019-07-31,1,TEN,23374.0,24084.0
2019-07-31,2,TEN,22903.0,23513.0
2019-07-31,3,TEN,21468.0,22079.0
2019-07-31,4,TEN,19785.0,20435.0
2019-07-31,5,TEN,18237.0,18842.0
2019-07-31,6,TEN,17089.0,17853.0
2019-07-31,7,TEN,16321.0,17253.0
2019-07-31,8,TEN,15690.0,16631.0
2019-07-31,9,TEN,15277.0,16295.0
2019-07-31,10,TEN,15391.0,16389.0
2019-07-31,11,TEN,16004.0,16891.0
2019-07-31,12,TEN,16739.0,17312.0
2019-07-31,13,TEN,17876.0,18394.0
2019-07-31,14,TEN,19182.0,19660.0
2019-07-31,15,TEN,20830.0,21320.0
2019-07-31,16,TEN,22558.0,23084.0
2019-07-31,17,TEN,24104.0,24691.0
2019-07-31,18,TEN,25189.0,25880.0
2019-07-31,19,TEN,25811.0,26390.0
2019-07-31,20,TEN,26343.0,26829.0
2019-07-31,21,TEN,26552.0,27007.0
2019-07-31,22,TEN,26539.0,27092.0
2019-07-31,23,TEN,26237.0,26757.0
2019-08-01,0,TEN,25482.0,26096.0
2019-08-01,1,TEN,24375.0,25005.0
2019-08-01,2,TEN,23561.0,24071.0
2019-08-01,3,TEN,21952.0,22348.0
2019-08-01,4,TEN,20023.0,20565.0
2019-08-01,5,TEN,18269.0,18789.0
2019-08-01,6,TEN,17148.0,17709.0
2019-08-01,7,TEN,16203.0,16813.0
2019-08-01,8,TEN,15497.0,16110.0
2019-08-01,9,TEN,15103.0,15800.0
2019-08-01,10,TEN,15227.0,15793.0
2019-08-01,11,TEN,15940.0,16484.0
2019-08-01,12,TEN,16740.0,17279.0
2019-08-01,13,TEN,17773.0,18352.0
2019-08-01,14,TEN,18948.0,19548.0
2019-08-01,15,TEN,20599.0,21253.0
2019-08-01,16,TEN,22348.0,22967.0
2019-08-01,17,TEN,24044.0,24789.0
2019-08-01,18,TEN,25315.0,25981.0
2019-08-01,19,TEN,26106.0,26916.0
2019-08-01,20,TEN,26660.0,27024.0
2019-08-01,21,TEN,26878.0,27054.0
2019-08-01,22,TEN,26606.0,26654.0
2019-08-01,23,TEN,25799.0,26230.0
2019-08-02,0,TEN,24960.0,25792.0
2019-08-02,1,TEN,23956.0,24810.0
2019-08-02,2,TEN,23258.0,24016.0
2019-08-02,3,TEN,21867.0,22644.0
2019-08-02,4,TEN,20067.0,20513.0
2019-08-02,5,TEN,18598.0,19075.0
2019-08-02,6,TEN,17076.0,17619.0
2019-08-02,7,TEN,16120.0,16716.0
2019-08-02,8,TEN,15519.0,16165.0
2019-08-02,9,TEN,15010.0,15810.0
2019-08-02,10,TEN,15204.0,15910.0
2019-08-02,11,TEN,15912.0,16560.0
2019-08-02,12,TEN,16613.0,17230.0
2019-08-02,13,TEN,17631.0,18252.0
2019-08-02,14,TEN,18870.0,19578.0
2019-08-02,15,TEN,20493.0,21122.0
2019-08-02,16,TEN,22150.0,22809.0
2019-08-02,17,TEN,23500.0,24100.0
2019-08-02,18,TEN,24845.0,25380.0
2019-08-02,19,TEN,25607.0,26125.0
2019-08-02,20,TEN,26004.0,26238.0
2019-08-02,21,TEN,26046.0,25786.0
2019-08-02,22,TEN,25858.0,25472.0
2019-08-02,23,TEN,25246.0,25543.0
2019-08-03,0,TEN,24274.0,24947.0
2019-08-03,1,TEN,23018.0,23701.0
2019-08-03,2,TEN,22304.0,22979.0
2019-08-03,3,TEN,21089.0,21630.0
2019-08-03,4,TEN,19410.0,20053.0
2019-08-03,5,TEN,17921.0,18520.0
2019-08-03,6,TEN,16728.0,17324.0
2019-08-03,7,TEN,15859.0,16453.0
2019-08-03,8,TEN,15110.0,15704.0
2019-08-03,9,TEN,14617.0,15241.0
2019-08-03,10,TEN,14406.0,15111.0
2019-08-03,11,TEN,14476.0,15118.0
2019-08-03,12,TEN,14546.0,15212.0
2019-08-03,13,TEN,15783.0,16478.0
2019-08-03,14,TEN,17468.0,18079.0
2019-08-03,15,TEN,19294.0,20023.0
2019-08-03,16,TEN,21261.0,21965.0
2019-08-03,17,TEN,22992.0,23726.0
2019-08-03,18,TEN,24090.0,24886.0
2019-08-03,19,TEN,24730.0,25491.0
2019-08-03,20,TEN,25188.0,25924.0
2019-08-03,21,TEN,25555.0,26094.0
2019-08-03,22,TEN,25400.0,25929.0
2019-08-03,23,TEN,24962.0,25684.0
2019-08-04,0,TEN,23859.0,24548.0
2019-08-04,1,TEN,22760.0,23377.0
2019-08-04,2,TEN,22065.0,22703.0
2019-08-04,3,TEN,20639.0,21234.0
2019-08-04,4,TEN,19125.0,19753.0
2019-08-04,5,TEN,17647.0,18279.0
2019-08-04,6,TEN,16540.0,17126.0
2019-08-04,7,TEN,15673.0,16252.0
2019-08-04,8,TEN,15038.0,15636.0
2019-08-04,9,TEN,14718.0,15325.0
2019-08-04,10,TEN,14428.0,15074.0
2019-08-04,11,TEN,14421.0,15017.0
2019-08-04,12,TEN,14484.0,15125.0
2019-08-04,13,TEN,15567.0,16276.0
2019-08-04,14,TEN,17012.0,17724.0
2019-08-04,15,TEN,18555.0,19240.0
2019-08-04,16,TEN,20098.0,20762.0
2019-08-04,17,TEN,21556.0,22075.0
2019-08-04,18,TEN,23013.0,23662.0
2019-08-04,19,TEN,23603.0,24305.0
2019-08-04,20,TEN,23356.0,24160.0
2019-08-04,21,TEN,23021.0,23688.0
2019-08-04,22,TEN,22800.0,23493.0
2019-08-04,23,TEN,22261.0,22933.0
2019-08-05,0,TEN,21388.0,22224.0
2019-08-05,1,TEN,20580.0,21575.0
2019-08-05,2,TEN,20369.0,21280.0
2019-08-05,3,TEN,19281.0,20106.0
2019-08-05,4,TEN,17777.0,18415.0
2019-08-05,5,TEN,16551.0,17195.0
2019-08-05,6,TEN,15485.0,15965.0
2019-08-05,7,TEN,14826.0,15394.0
2019-08-05,8,TEN,14373.0,15054.0
2019-08-05,9,TEN,14332.0,14986.0
2019-08-05,10,TEN,14695.0,15255.0
2019-08-05,11,TEN,15694.0,16280.0
2019-08-05,12,TEN,16540.0,17184.0
2019-08-05,13,TEN,17492.0,18100.0
2019-08-05,14,TEN,18653.0,19315.0
2019-08-05,15,TEN,19898.0,20546.0
2019-08-05,16,TEN,21363.0,21975.0
2019-08-05,17,TEN,22950.0,23683.0
2019-08-05,18,TEN,24295.0,25029.0
2019-08-05,19,TEN,25393.0,25979.0
2019-08-05,20,TEN,26311.0,27018.0
2019-08-05,21,TEN,26757.0,27473.0
2019-08-05,22,TEN,26864.0,27366.0
2019-08-05,23,TEN,26697.0,27199.0
2019-08-06,0,TEN,25959.0,26585.0
2019-08-06,1,TEN,24737.0,25316.0
2019-08-06,2,TEN,23898.0,24493.0
2019-08-06,3,TEN,22149.0,22655.0
2019-08-06,4,TEN,20080.0,20546.0
2019-08-06,5,TEN,18263.0,18726.0
2019-08-06,6,TEN,17078.0,17587.0
2019-08-06,7,TEN,16148.0,16752.0
2019-08-06,8,TEN,15566.0,16152.0
2019-08-06,9,TEN,15143.0,15717.0
2019-08-06,10,TEN,15271.0,15848.0
2019-08-06,11,TEN,16137.0,16710.0
2019-08-06,12,TEN,16929.0,17500.0
2019-08-06,13,TEN,17864.0,18513.0
2019-08-06,14,TEN,19182.0,19847.0
2019-08-06,15,TEN,20820.0,21396.0
2019-08-06,16,TEN,22541.0,22915.0
2019-08-06,17,TEN,23987.0,24588.0
2019-08-06,18,TEN,25358.0,26004.0
2019-08-06,19,TEN,26233.0,26677.0
2019-08-06,20,TEN,26929.0,27264.0
2019-08-06,21,TEN,27385.0,27621.0
2019-08-06,22,TEN,27492.0,27698.0
2019-08-06,23,TEN,27181.0,27508.0
2019-08-07,0,TEN,26483.0,27141.0
2019-08-07,1,TEN,25547.0,26112.0
2019-08-07,2,TEN,24203.0,24789.0
2019-08-07,3,TEN,22263.0,22848.0
2019-08-07,4,TEN,20318.0,20833.0
2019-08-07,5,TEN,18602.0,19090.0
2019-08-07,6,TEN,17385.0,17842.0
2019-08-07,7,TEN,16467.0,16971.0
2019-08-07,8,TEN,15902.0,16437.0
2019-08-07,9,TEN,15459.0,16027.0
2019-08-07,10,TEN,15496.0,16058.0
2019-08-07,11,TEN,16379.0,16961.0
2019-08-07,12,TEN,17245.0,17832.0
2019-08-07,13,TEN,18131.0,18747.0
2019-08-07,14,TEN,19216.0,19812.0
2019-08-07,15,TEN,20611.0,21103.0
2019-08-07,16,TEN,22340.0,22808.0
2019-08-07,17,TEN,23918.0,24303.0
2019-08-07,18,TEN,25367.0,25978.0
2019-08-07,19,TEN,26483.0,26897.0
2019-08-07,20,TEN,27047.0,27307.0
2019-08-07,21,TEN,27199.0,27251.0
2019-08-07,22,TEN,26647.0,26759.0
2019-08-07,23,TEN,25357.0,25892.0
2019-08-08,0,TEN,24320.0,24966.0
2019-08-08,1,TEN,23273.0,23762.0
2019-08-08,2,TEN,22641.0,23142.0
2019-08-08,3,TEN,21139.0,21647.0
2019-08-08,4,TEN,19360.0,19809.0
2019-08-08,5,TEN,17813.0,18267.0
2019-08-08,6,TEN,16724.0,17216.0
2019-08-08,7,TEN,15947.0,16451.0
2019-08-08,8,TEN,15446.0,15986.0
2019-08-08,9,TEN,15185.0,15772.0
2019-08-08,10,TEN,15457.0,15997.0
2019-08-08,11,TEN,16451.0,17040.0
2019-08-08,12,TEN,17437.0,18010.0
2019-08-08,13,TEN,18240.0,18844.0
2019-08-08,14,TEN,19225.0,19872.0
2019-08-08,15,TEN,20437.0,21038.0
2019-08-08,16,TEN,21797.0,22138.0
2019-08-08,17,TEN,22985.0,23554.0
2019-08-08,18,TEN,23941.0,24692.0
2019-08-08,19,TEN,24687.0,25343.0
2019-08-08,20,TEN,25111.0,25276.0
2019-08-08,21,TEN,25575.0,25547.0
2019-08-08,22,TEN,25776.0,25756.0
2019-08-08,23,TEN,25544.0,26064.0
2019-08-09,0,TEN,24736.0,25534.0
2019-08-09,1,TEN,24124.0,24866.0
2019-08-09,2,TEN,23536.0,24306.0
2019-08-09,3,TEN,22086.0,22675.0
2019-08-09,4,TEN,20333.0,20797.0
2019-08-09,5,TEN,18821.0,19365.0
2019-08-09,6,TEN,17558.0,18238.0
2019-08-09,7,TEN,16891.0,17495.0
2019-08-09,8,TEN,16321.0,16947.0
2019-08-09,9,TEN,16080.0,16731.0
2019-08-09,10,TEN,16328.0,16901.0
2019-08-09,11,TEN,17078.0,17652.0
2019-08-09,12,TEN,17960.0,18531.0
2019-08-09,13,TEN,18789.0,19332.0
2019-08-09,14,TEN,19966.0,20627.0
2019-08-09,15,TEN,21408.0,22085.0
2019-08-09,16,TEN,22737.0,23375.0
2019-08-09,17,TEN,24027.0,24760.0
2019-08-09,18,TEN,25084.0,25702.0
2019-08-09,19,TEN,25707.0,26072.0
2019-08-09,20,TEN,25964.0,26287.0
2019-08-09,21,TEN,26109.0,26239.0
2019-08-09,22,TEN,26072.0,26392.0
2019-08-09,23,TEN,25746.0,26410.0
2019-08-10,0,TEN,24793.0,25325.0
2019-08-10,1,TEN,23959.0,24383.0
2019-08-10,2,TEN,23446.0,23759.0
2019-08-10,3,TEN,22009.0,22258.0
2019-08-10,4,TEN,20449.0,20697.0
2019-08-10,5,TEN,18898.0,19254.0
2019-08-10,6,TEN,17660.0,18030.0
2019-08-10,7,TEN,16869.0,17158.0
2019-08-10,8,TEN,16176.0,16585.0
2019-08-10,9,TEN,15839.0,16236.0
2019-08-10,10,TEN,15707.0,16140.0
2019-08-10,11,TEN,15865.0,16265.0
2019-08-10,12,TEN,16065.0,16481.0
2019-08-10,13,TEN,17009.0,17394.0
2019-08-10,14,TEN,18484.0,18769.0
2019-08-10,15,TEN,20283.0,20639.0
2019-08-10,16,TEN,22000.0,22372.0
2019-08-10,17,TEN,23464.0,23820.0
2019-08-10,18,TEN,24454.0,24786.0
2019-08-10,19,TEN,25418.0,25327.0
2019-08-10,20,TEN,25975.0,26087.0
2019-08-10,21,TEN,26237.0,26434.0
2019-08-10,22,TEN,26399.0,26573.0
2019-08-10,23,TEN,26148.0,26546.0
2019-08-11,0,TEN,25308.0,25689.0
2019-08-11,1,TEN,24097.0,24751.0
2019-08-11,2,TEN,23305.0,23623.0
2019-08-11,3,TEN,21881.0,22202.0
2019-08-11,4,TEN,20212.0,20520.0
2019-08-11,5,TEN,18572.0,18933.0
2019-08-11,6,TEN,17216.0,17493.0
2019-08-11,7,TEN,16278.0,16522.0
2019-08-11,8,TEN,15556.0,15793.0
2019-08-11,9,TEN,15002.0,15290.0
2019-08-11,10,TEN,14765.0,15230.0
2019-08-11,11,TEN,14682.0,15189.0
2019-08-11,12,TEN,14776.0,15003.0
2019-08-11,13,TEN,15934.0,16100.0
2019-08-11,14,TEN,17900.0,18098.0
2019-08-11,15,TEN,19590.0,19678.0
2019-08-11,16,TEN,21391.0,21448.0
2019-08-11,17,TEN,23057.0,23134.0
2019-08-11,18,TEN,24404.0,24543.0
2019-08-11,19,TEN,25420.0,25582.0
2019-08-11,20,TEN,26067.0,25982.0
2019-08-11,21,TEN,26554.0,26311.0
2019-08-11,22,TEN,26678.0,26356.0
2019-08-11,23,TEN,26467.0,26152.0
2019-08-12,0,TEN,25519.0,25490.0
2019-08-12,1,TEN,24529.0,24470.0
2019-08-12,2,TEN,23746.0,23578.0
2019-08-12,3,TEN,22041.0,22138.0
2019-08-12,4,TEN,20062.0,20031.0
2019-08-12,5,TEN,18374.0,18372.0
2019-08-12,6,TEN,17088.0,17169.0
2019-08-12,7,TEN,16198.0,16324.0
2019-08-12,8,TEN,15640.0,16036.0
2019-08-12,9,TEN,15522.0,15940.0
2019-08-12,10,TEN,15743.0,16191.0
2019-08-12,11,TEN,16782.0,17173.0
2019-08-12,12,TEN,17763.0,17859.0
2019-08-12,13,TEN,18572.0,18823.0
2019-08-12,14,TEN,19851.0,19948.0
2019-08-12,15,TEN,21602.0,21716.0
2019-08-12,16,TEN,23509.0,23483.0
2019-08-12,17,TEN,25429.0,25461.0
2019-08-12,18,TEN,27065.0,26962.0
2019-08-12,19,TEN,28150.0,28024.0
2019-08-12,20,TEN,28869.0,28761.0
2019-08-12,21,TEN,29289.0,29195.0
2019-08-12,22,TEN,29355.0,29317.0
2019-08-12,23,TEN,29286.0,29148.0
2019-08-13,0,TEN,28658.0,28584.0
2019-08-13,1,TEN,27782.0,27781.0
2019-08-13,2,TEN,27059.0,27118.0
2019-08-13,3,TEN,25114.0,25162.0
2019-08-13,4,TEN,23042.0,23144.0
2019-08-13,5,TEN,21288.0,21430.0
2019-08-13,6,TEN,20003.0,20111.0
2019-08-13,7,TEN,18975.0,19144.0
2019-08-13,8,TEN,18305.0,18359.0
2019-08-13,9,TEN,17968.0,18087.0
2019-08-13,10,TEN,18134.0,18271.0
2019-08-13,11,TEN,19028.0,19091.0
2019-08-13,12,TEN,19798.0,19901.0
2019-08-13,13,TEN,20811.0,20883.0
2019-08-13,14,TEN,22397.0,22470.0
2019-08-13,15,TEN,24411.0,24599.0
2019-08-13,16,TEN,26250.0,26498.0
2019-08-13,17,TEN,27649.0,27805.0
2019-08-13,18,TEN,28501.0,28517.0
2019-08-13,19,TEN,29110.0,28575.0
2019-08-13,20,TEN,29568.0,28927.0
2019-08-13,21,TEN,29388.0,28918.0
2019-08-13,22,TEN,28923.0,28690.0
2019-08-13,23,TEN,28493.0,28506.0
2019-08-14,0,TEN,27624.0,28134.0
2019-08-14,1,TEN,26563.0,26987.0
2019-08-14,2,TEN,25244.0,25485.0
2019-08-14,3,TEN,23326.0,23612.0
2019-08-14,4,TEN,21461.0,21892.0
2019-08-14,5,TEN,19768.0,20247.0
2019-08-14,6,TEN,18529.0,19025.0
2019-08-14,7,TEN,17706.0,18218.0
2019-08-14,8,TEN,17003.0,17532.0
2019-08-14,9,TEN,16764.0,17278.0
2019-08-14,10,TEN,16727.0,17355.0
2019-08-14,11,TEN,17380.0,17980.0
2019-08-14,12,TEN,18425.0,19004.0
2019-08-14,13,TEN,19108.0,19703.0
2019-08-14,14,TEN,20163.0,20773.0
2019-08-14,15,TEN,21560.0,22134.0
2019-08-14,16,TEN,23116.0,23683.0
2019-08-14,17,TEN,24722.0,25273.0
2019-08-14,18,TEN,25617.0,26306.0
2019-08-14,19,TEN,26444.0,27177.0
2019-08-14,20,TEN,27081.0,27607.0
2019-08-14,21,TEN,27641.0,27861.0
2019-08-14,22,TEN,27791.0,28033.0
2019-08-14,23,TEN,27538.0,28102.0
2019-08-15,0,TEN,26594.0,27369.0
2019-08-15,1,TEN,25263.0,26042.0
2019-08-15,2,TEN,24301.0,24932.0
2019-08-15,3,TEN,22410.0,23022.0
2019-08-15,4,TEN,20416.0,20999.0
2019-08-15,5,TEN,18569.0,19214.0
2019-08-15,6,TEN,17389.0,18195.0
2019-08-15,7,TEN,16324.0,17004.0
2019-08-15,8,TEN,15668.0,16468.0
2019-08-15,9,TEN,15354.0,16217.0
2019-08-15,10,TEN,15518.0,16262.0
2019-08-15,11,TEN,16556.0,17225.0
2019-08-15,12,TEN,17481.0,18295.0
2019-08-15,13,TEN,18320.0,19125.0
2019-08-15,14,TEN,19574.0,20391.0
2019-08-15,15,TEN,21124.0,21907.0
2019-08-15,16,TEN,22850.0,23591.0
2019-08-15,17,TEN,24406.0,25233.0
2019-08-15,18,TEN,25502.0,26417.0
2019-08-15,19,TEN,26274.0,27184.0
2019-08-15,20,TEN,26841.0,27391.0
2019-08-15,21,TEN,27239.0,27511.0
2019-08-15,22,TEN,27399.0,27706.0
2019-08-15,23,TEN,26919.0,27400.0
2019-08-16,0,TEN,25918.0,26330.0
2019-08-16,1,TEN,24620.0,25219.0
2019-08-16,2,TEN,23726.0,24249.0
2019-08-16,3,TEN,21908.0,22386.0
2019-08-16,4,TEN,19764.0,20481.0
2019-08-16,5,TEN,17954.0,18755.0
2019-08-16,6,TEN,16764.0,17385.0
2019-08-16,7,TEN,15796.0,16521.0
2019-08-16,8,TEN,15127.0,15903.0
2019-08-16,9,TEN,14900.0,15648.0
2019-08-16,10,TEN,14960.0,15754.0
2019-08-16,11,TEN,15854.0,16485.0
2019-08-16,12,TEN,16720.0,17351.0
2019-08-16,13,TEN,17574.0,18214.0
2019-08-16,14,TEN,18878.0,19565.0
2019-08-16,15,TEN,20286.0,21173.0
2019-08-16,16,TEN,21871.0,22645.0
2019-08-16,17,TEN,23251.0,24039.0
2019-08-16,18,TEN,24602.0,25517.0
2019-08-16,19,TEN,25765.0,26766.0
2019-08-16,20,TEN,26545.0,27375.0
2019-08-16,21,TEN,27044.0,27186.0
2019-08-16,22,TEN,27371.0,27259.0
2019-08-16,23,TEN,26927.0,27322.0
2019-08-17,0,TEN,25798.0,26470.0
2019-08-17,1,TEN,24418.0,25067.0
2019-08-17,2,TEN,23510.0,24101.0
2019-08-17,3,TEN,21905.0,22394.0
2019-08-17,4,TEN,20158.0,20671.0
2019-08-17,5,TEN,18262.0,18839.0
2019-08-17,6,TEN,16999.0,17507.0
2019-08-17,7,TEN,16087.0,16600.0
2019-08-17,8,TEN,15422.0,16145.0
2019-08-17,9,TEN,14913.0,15824.0
2019-08-17,10,TEN,14665.0,15643.0
2019-08-17,11,TEN,14787.0,15812.0
2019-08-17,12,TEN,14935.0,15719.0
2019-08-17,13,TEN,15928.0,16617.0
2019-08-17,14,TEN,17633.0,18311.0
2019-08-17,15,TEN,19637.0,20281.0
2019-08-17,16,TEN,21760.0,22396.0
2019-08-17,17,TEN,23598.0,24115.0
2019-08-17,18,TEN,25143.0,25747.0
2019-08-17,19,TEN,26187.0,26851.0
2019-08-17,20,TEN,26926.0,27651.0
2019-08-17,21,TEN,27399.0,27704.0
2019-08-17,22,TEN,27612.0,27900.0
2019-08-17,23,TEN,27405.0,27790.0
2019-08-18,0,TEN,26343.0,26986.0
2019-08-18,1,TEN,25041.0,25872.0
2019-08-18,2,TEN,23995.0,24810.0
2019-08-18,3,TEN,22315.0,23049.0
2019-08-18,4,TEN,20446.0,21082.0
2019-08-18,5,TEN,18712.0,19279.0
2019-08-18,6,TEN,17311.0,17826.0
2019-08-18,7,TEN,16310.0,16867.0
2019-08-18,8,TEN,15540.0,16107.0
2019-08-18,9,TEN,15012.0,15756.0
2019-08-18,10,TEN,14793.0,15776.0
2019-08-18,11,TEN,14587.0,15556.0
2019-08-18,12,TEN,14655.0,15656.0
2019-08-18,13,TEN,16009.0,16688.0
2019-08-18,14,TEN,18038.0,18792.0
2019-08-18,15,TEN,20027.0,20739.0
2019-08-18,16,TEN,22091.0,22810.0
2019-08-18,17,TEN,23950.0,24665.0
2019-08-18,18,TEN,25570.0,26284.0
2019-08-18,19,TEN,26700.0,27390.0
2019-08-18,20,TEN,27351.0,28028.0
2019-08-18,21,TEN,27875.0,28457.0
2019-08-18,22,TEN,28037.0,28555.0
2019-08-18,23,TEN,27711.0,28250.0
2019-08-19,0,TEN,26525.0,27246.0
2019-08-19,1,TEN,25456.0,26110.0
2019-08-19,2,TEN,24561.0,25093.0
2019-08-19,3,TEN,22758.0,23375.0
2019-08-19,4,TEN,20873.0,21433.0
2019-08-19,5,TEN,19186.0,19704.0
2019-08-19,6,TEN,17973.0,18533.0
2019-08-19,7,TEN,17026.0,17564.0
2019-08-19,8,TEN,16543.0,17104.0
2019-08-19,9,TEN,16139.0,16685.0
2019-08-19,10,TEN,16353.0,16958.0
2019-08-19,11,TEN,17349.0,17967.0
2019-08-19,12,TEN,18331.0,18939.0
2019-08-19,13,TEN,19176.0,19827.0
2019-08-19,14,TEN,20564.0,21270.0
2019-08-19,15,TEN,22260.0,22836.0
2019-08-19,16,TEN,24374.0,25049.0
2019-08-19,17,TEN,26171.0,26710.0
2019-08-19,18,TEN,27827.0,28124.0
2019-08-19,19,TEN,28680.0,28608.0
2019-08-19,20,TEN,29202.0,28702.0
2019-08-19,21,TEN,29342.0,28553.0
2019-08-19,22,TEN,29082.0,28416.0
2019-08-19,23,TEN,28484.0,27921.0
2019-08-20,0,TEN,27563.0,27474.0
2019-08-20,1,TEN,26694.0,27357.0
2019-08-20,2,TEN,25891.0,26501.0
2019-08-20,3,TEN,23893.0,24129.0
2019-08-20,4,TEN,21795.0,22291.0
2019-08-20,5,TEN,20080.0,20731.0
2019-08-20,6,TEN,18834.0,19373.0
2019-08-20,7,TEN,17818.0,18419.0
2019-08-20,8,TEN,17160.0,17816.0
2019-08-20,9,TEN,16751.0,17333.0
2019-08-20,10,TEN,16891.0,17550.0
2019-08-20,11,TEN,17529.0,18249.0
2019-08-20,12,TEN,18424.0,18965.0
2019-08-20,13,TEN,19224.0,19821.0
2019-08-20,14,TEN,20671.0,21249.0
2019-08-20,15,TEN,22551.0,23115.0
2019-08-20,16,TEN,24417.0,25141.0
2019-08-20,17,TEN,26151.0,26661.0
2019-08-20,18,TEN,27672.0,27715.0
2019-08-20,19,TEN,28613.0,28468.0
2019-08-20,20,TEN,29310.0,28678.0
2019-08-20,21,TEN,29304.0,28498.0
2019-08-20,22,TEN,29182.0,28354.0
2019-08-20,23,TEN,28461.0,28082.0
2019-08-21,0,TEN,27146.0,27326.0
2019-08-21,1,TEN,26208.0,26580.0
2019-08-21,2,TEN,24989.0,25492.0
2019-08-21,3,TEN,23085.0,23795.0
2019-08-21,4,TEN,21097.0,21710.0
2019-08-21,5,TEN,19316.0,19834.0
2019-08-21,6,TEN,18072.0,18645.0
2019-08-21,7,TEN,17145.0,17766.0
2019-08-21,8,TEN,16468.0,17105.0
2019-08-21,9,TEN,16119.0,16855.0
2019-08-21,10,TEN,16254.0,16980.0
2019-08-21,11,TEN,17081.0,17746.0
2019-08-21,12,TEN,17973.0,18552.0
2019-08-21,13,TEN,18804.0,19425.0
2019-08-21,14,TEN,20073.0,20708.0
2019-08-21,15,TEN,21739.0,22345.0
2019-08-21,16,TEN,23526.0,23976.0
2019-08-21,17,TEN,25280.0,26005.0
2019-08-21,18,TEN,26645.0,27479.0
2019-08-21,19,TEN,27849.0,28093.0
2019-08-21,20,TEN,28546.0,28924.0
2019-08-21,21,TEN,29187.0,29329.0
2019-08-21,22,TEN,29294.0,29575.0
2019-08-21,23,TEN,29124.0,29671.0
2019-08-22,0,TEN,28256.0,28692.0
2019-08-22,1,TEN,27212.0,27685.0
2019-08-22,2,TEN,26146.0,26806.0
2019-08-22,3,TEN,24287.0,24865.0
2019-08-22,4,TEN,22290.0,22798.0
2019-08-22,5,TEN,20339.0,20972.0
2019-08-22,6,TEN,19033.0,19641.0
2019-08-22,7,TEN,18113.0,18709.0
2019-08-22,8,TEN,17382.0,17969.0
2019-08-22,9,TEN,17033.0,17579.0
2019-08-22,10,TEN,17143.0,17684.0
2019-08-22,11,TEN,18105.0,18684.0
2019-08-22,12,TEN,19025.0,19633.0
2019-08-22,13,TEN,19556.0,20089.0
2019-08-22,14,TEN,20463.0,21085.0
2019-08-22,15,TEN,21721.0,22365.0
2019-08-22,16,TEN,23107.0,23725.0
2019-08-22,17,TEN,24204.0,24838.0
2019-08-22,18,TEN,25188.0,25802.0
2019-08-22,19,TEN,26170.0,26847.0
2019-08-22,20,TEN,26620.0,27205.0
2019-08-22,21,TEN,26668.0,27189.0
2019-08-22,22,TEN,26268.0,26896.0
2019-08-22,23,TEN,25413.0,26258.0
2019-08-23,0,TEN,24261.0,25150.0
2019-08-23,1,TEN,23563.0,24440.0
2019-08-23,2,TEN,23023.0,23936.0
2019-08-23,3,TEN,21541.0,22470.0
2019-08-23,4,TEN,19847.0,20797.0
2019-08-23,5,TEN,18215.0,19060.0
2019-08-23,6,TEN,17248.0,17904.0
2019-08-23,7,TEN,16488.0,17133.0
2019-08-23,8,TEN,16087.0,16756.0
2019-08-23,9,TEN,15831.0,16518.0
2019-08-23,10,TEN,16111.0,16772.0
2019-08-23,11,TEN,17017.0,17655.0
2019-08-23,12,TEN,17936.0,18525.0
2019-08-23,13,TEN,18541.0,19138.0
2019-08-23,14,TEN,19628.0,20218.0
2019-08-23,15,TEN,20770.0,21377.0
2019-08-23,16,TEN,21951.0,22474.0
2019-08-23,17,TEN,23287.0,23408.0
2019-08-23,18,TEN,24411.0,24645.0
2019-08-23,19,TEN,25310.0,25479.0
2019-08-23,20,TEN,25713.0,25482.0
2019-08-23,21,TEN,25642.0,25467.0
2019-08-23,22,TEN,25307.0,25145.0
2019-08-23,23,TEN,24670.0,24639.0
2019-08-24,0,TEN,23557.0,23955.0
2019-08-24,1,TEN,22747.0,23321.0
2019-08-24,2,TEN,21994.0,22643.0
2019-08-24,3,TEN,20722.0,21282.0
2019-08-24,4,TEN,19280.0,19925.0
2019-08-24,5,TEN,17925.0,18564.0
2019-08-24,6,TEN,16806.0,17435.0
2019-08-24,7,TEN,16017.0,16662.0
2019-08-24,8,TEN,15501.0,16152.0
2019-08-24,9,TEN,15128.0,15950.0
2019-08-24,10,TEN,15097.0,15977.0
2019-08-24,11,TEN,15265.0,16153.0
2019-08-24,12,TEN,15395.0,16080.0
2019-08-24,13,TEN,16048.0,16679.0
2019-08-24,14,TEN,16962.0,17667.0
2019-08-24,15,TEN,18073.0,18756.0
2019-08-24,16,TEN,19041.0,19864.0
2019-08-24,17,TEN,20387.0,21123.0
2019-08-24,18,TEN,21618.0,22517.0
2019-08-24,19,TEN,22529.0,23390.0
2019-08-24,20,TEN,23207.0,24157.0
2019-08-24,21,TEN,23656.0,24592.0
2019-08-24,22,TEN,23616.0,24330.0
2019-08-24,23,TEN,23208.0,23884.0
2019-08-25,0,TEN,22338.0,23211.0
2019-08-25,1,TEN,21697.0,22581.0
2019-08-25,2,TEN,20911.0,21754.0
2019-08-25,3,TEN,19677.0,20489.0
2019-08-25,4,TEN,18065.0,18711.0
2019-08-25,5,TEN,16745.0,17306.0
2019-08-25,6,TEN,15744.0,16274.0
2019-08-25,7,TEN,15008.0,15514.0
2019-08-25,8,TEN,14556.0,15057.0
2019-08-25,9,TEN,14167.0,14921.0
2019-08-25,10,TEN,14145.0,14872.0
2019-08-25,11,TEN,14207.0,14949.0
2019-08-25,12,TEN,14388.0,14971.0
2019-08-25,13,TEN,15096.0,15732.0
2019-08-25,14,TEN,16220.0,16812.0
2019-08-25,15,TEN,17218.0,17829.0
2019-08-25,16,TEN,18026.0,18651.0
2019-08-25,17,TEN,18917.0,19529.0
2019-08-25,18,TEN,19624.0,20257.0
2019-08-25,19,TEN,20272.0,20942.0
2019-08-25,20,TEN,20509.0,21094.0
2019-08-25,21,TEN,20591.0,21294.0
2019-08-25,22,TEN,20612.0,21361.0
2019-08-25,23,TEN,20604.0,21346.0
2019-08-26,0,TEN,20145.0,20925.0
2019-08-26,1,TEN,20130.0,20917.0
2019-08-26,2,TEN,19661.0,20381.0
2019-08-26,3,TEN,18669.0,19355.0
2019-08-26,4,TEN,17357.0,18029.0
2019-08-26,5,TEN,16245.0,16881.0
2019-08-26,6,TEN,15510.0,16106.0
2019-08-26,7,TEN,15039.0,15664.0
2019-08-26,8,TEN,14763.0,15382.0
2019-08-26,9,TEN,14717.0,15355.0
2019-08-26,10,TEN,15197.0,15868.0
2019-08-26,11,TEN,16241.0,16902.0
2019-08-26,12,TEN,17500.0,18208.0
2019-08-26,13,TEN,17911.0,18593.0
2019-08-26,14,TEN,18221.0,18890.0
2019-08-26,15,TEN,18642.0,19339.0
2019-08-26,16,TEN,19093.0,19930.0
2019-08-26,17,TEN,19383.0,20106.0
2019-08-26,18,TEN,19666.0,20471.0
2019-08-26,19,TEN,19881.0,20701.0
2019-08-26,20,TEN,20135.0,20972.0
2019-08-26,21,TEN,20577.0,21377.0
2019-08-26,22,TEN,20778.0,21562.0
2019-08-26,23,TEN,20848.0,21641.0
2019-08-27,0,TEN,20704.0,21469.0
2019-08-27,1,TEN,20785.0,21469.0
2019-08-27,2,TEN,20416.0,21094.0
2019-08-27,3,TEN,19368.0,19958.0
2019-08-27,4,TEN,18052.0,18669.0
2019-08-27,5,TEN,16765.0,17331.0
2019-08-27,6,TEN,16114.0,16620.0
2019-08-27,7,TEN,15568.0,15778.0
2019-08-27,8,TEN,15284.0,15263.0
2019-08-27,9,TEN,15187.0,15219.0
2019-08-27,10,TEN,15455.0,15412.0
2019-08-27,11,TEN,16566.0,16419.0
2019-08-27,12,TEN,17730.0,17981.0
2019-08-27,13,TEN,18287.0,18800.0
2019-08-27,14,TEN,18822.0,19387.0
2019-08-27,15,TEN,19616.0,20141.0
2019-08-27,16,TEN,20471.0,21114.0
2019-08-27,17,TEN,21308.0,21999.0
2019-08-27,18,TEN,22378.0,23038.0
2019-08-27,19,TEN,23055.0,23867.0
2019-08-27,20,TEN,23878.0,24666.0
2019-08-27,21,TEN,24543.0,25243.0
2019-08-27,22,TEN,24596.0,25447.0
2019-08-27,23,TEN,24143.0,24948.0
2019-08-28,0,TEN,23341.0,24125.0
2019-08-28,1,TEN,23014.0,23782.0
2019-08-28,2,TEN,22422.0,23046.0
2019-08-28,3,TEN,20892.0,21433.0
2019-08-28,4,TEN,19214.0,19830.0
2019-08-28,5,TEN,17719.0,18353.0
2019-08-28,6,TEN,16614.0,17205.0
2019-08-28,7,TEN,15869.0,16528.0
2019-08-28,8,TEN,15335.0,15898.0
2019-08-28,9,TEN,15117.0,15711.0
2019-08-28,10,TEN,15122.0,15751.0
2019-08-28,11,TEN,16082.0,16765.0
2019-08-28,12,TEN,17046.0,17743.0
2019-08-28,13,TEN,17714.0,18366.0
2019-08-28,14,TEN,18651.0,19439.0
2019-08-28,15,TEN,19755.0,20466.0
2019-08-28,16,TEN,21042.0,21467.0
2019-08-28,17,TEN,22010.0,22880.0
2019-08-28,18,TEN,23170.0,24004.0
2019-08-28,19,TEN,24066.0,24675.0
2019-08-28,20,TEN,24686.0,25052.0
2019-08-28,21,TEN,25101.0,25083.0
2019-08-28,22,TEN,25221.0,25266.0
2019-08-28,23,TEN,24786.0,25204.0
2019-08-29,0,TEN,23690.0,24105.0
2019-08-29,1,TEN,22367.0,23189.0
2019-08-29,2,TEN,21228.0,21933.0
2019-08-29,3,TEN,19544.0,20213.0
2019-08-29,4,TEN,17742.0,18405.0
2019-08-29,5,TEN,16007.0,16602.0
2019-08-29,6,TEN,14927.0,15502.0
2019-08-29,7,TEN,14184.0,14824.0
2019-08-29,8,TEN,13679.0,14629.0
2019-08-29,9,TEN,13535.0,14598.0
2019-08-29,10,TEN,13930.0,14996.0
2019-08-29,11,TEN,14779.0,15519.0
2019-08-29,12,TEN,15565.0,16247.0
2019-08-29,13,TEN,16241.0,16867.0
2019-08-29,14,TEN,16873.0,17652.0
2019-08-29,15,TEN,17880.0,18564.0
2019-08-29,16,TEN,18847.0,19476.0
2019-08-29,17,TEN,19946.0,20686.0
2019-08-29,18,TEN,21224.0,22246.0
2019-08-29,19,TEN,22017.0,23038.0
2019-08-29,20,TEN,22862.0,23671.0
2019-08-29,21,TEN,23674.0,24595.0
2019-08-29,22,TEN,24033.0,24839.0
2019-08-29,23,TEN,23707.0,24571.0
2019-08-30,0,TEN,22762.0,23479.0
2019-08-30,1,TEN,21742.0,22806.0
2019-08-30,2,TEN,20845.0,21465.0
2019-08-30,3,TEN,19291.0,20144.0
2019-08-30,4,TEN,17417.0,18051.0
2019-08-30,5,TEN,15863.0,16376.0
2019-08-30,6,TEN,14826.0,15304.0
2019-08-30,7,TEN,14119.0,14710.0
2019-08-30,8,TEN,13685.0,14550.0
2019-08-30,9,TEN,13529.0,14366.0
2019-08-30,10,TEN,13800.0,14564.0
2019-08-30,11,TEN,14659.0,15252.0
2019-08-30,12,TEN,15497.0,16063.0
2019-08-30,13,TEN,16035.0,16672.0
2019-08-30,14,TEN,16837.0,17457.0
2019-08-30,15,TEN,17863.0,18448.0
2019-08-30,16,TEN,19290.0,19884.0
2019-08-30,17,TEN,20553.0,21269.0
2019-08-30,18,TEN,21925.0,22621.0
2019-08-30,19,TEN,22991.0,23597.0
2019-08-30,20,TEN,23818.0,24091.0
2019-08-30,21,TEN,24478.0,24311.0
2019-08-30,22,TEN,24816.0,24625.0
2019-08-30,23,TEN,24454.0,24587.0
2019-08-31,0,TEN,23030.0,23553.0
2019-08-31,1,TEN,21809.0,22389.0
2019-08-31,2,TEN,20677.0,21191.0
2019-08-31,3,TEN,19134.0,19777.0
2019-08-31,4,TEN,17468.0,18102.0
2019-08-31,5,TEN,16159.0,16690.0
2019-08-31,6,TEN,15064.0,15665.0
2019-08-31,7,TEN,14283.0,14860.0
2019-08-31,8,TEN,13769.0,14346.0
2019-08-31,9,TEN,13415.0,13930.0
2019-08-31,10,TEN,13292.0,13830.0
2019-08-31,11,TEN,13411.0,13946.0
2019-08-31,12,TEN,13520.0,14075.0
2019-08-31,13,TEN,14362.0,14904.0
2019-08-31,14,TEN,15686.0,16249.0
2019-08-31,15,TEN,17334.0,17919.0
2019-08-31,16,TEN,19061.0,19555.0
2019-08-31,17,TEN,20676.0,21301.0
2019-08-31,18,TEN,22125.0,22444.0
2019-08-31,19,TEN,23335.0,23650.0
2019-08-31,20,TEN,24094.0,24444.0
2019-08-31,21,TEN,24524.0,24090.0
2019-08-31,22,TEN,24747.0,24247.0
2019-08-31,23,TEN,24425.0,24341.0
2019-09-01,0,TEN,23324.0,24046.0
2019-09-01,1,TEN,22144.0,22736.0
2019-09-01,2,TEN,21099.0,21452.0
2019-09-01,3,TEN,19537.0,19922.0
2019-09-01,4,TEN,17969.0,18288.0
2019-09-01,5,TEN,16429.0,16654.0
2019-09-01,6,TEN,15163.0,15005.0
2019-09-01,7,TEN,14399.0,14154.0
2019-09-01,8,TEN,13828.0,13630.0
2019-09-01,9,TEN,13331.0,13177.0
2019-09-01,10,TEN,13208.0,13027.0
2019-09-01,11,TEN,13246.0,13050.0
2019-09-01,12,TEN,13251.0,13139.0
2019-09-01,13,TEN,14035.0,13887.0
2019-09-01,14,TEN,15680.0,15564.0
2019-09-01,15,TEN,17536.0,17265.0
2019-09-01,16,TEN,19266.0,19040.0
2019-09-01,17,TEN,20841.0,20629.0
2019-09-01,18,TEN,22229.0,21830.0
2019-09-01,19,TEN,23405.0,22840.0
2019-09-01,20,TEN,24101.0,23220.0
2019-09-01,21,TEN,24398.0,23370.0
2019-09-01,22,TEN,24494.0,23446.0
2019-09-01,23,TEN,24314.0,23335.0
2019-09-02,0,TEN,23349.0,23000.0
2019-09-02,1,TEN,22196.0,22155.0
2019-09-02,2,TEN,21097.0,21021.0
2019-09-02,3,TEN,19675.0,19492.0
2019-09-02,4,TEN,18168.0,18026.0
2019-09-02,5,TEN,16738.0,16655.0
2019-09-02,6,TEN,15488.0,15323.0
2019-09-02,7,TEN,14702.0,14509.0
2019-09-02,8,TEN,14049.0,13926.0
2019-09-02,9,TEN,13790.0,13701.0
2019-09-02,10,TEN,13688.0,13631.0
2019-09-02,11,TEN,13700.0,13640.0
2019-09-02,12,TEN,13840.0,13727.0
2019-09-02,13,TEN,14562.0,14271.0
2019-09-02,14,TEN,16195.0,15938.0
2019-09-02,15,TEN,18338.0,18113.0
2019-09-02,16,TEN,20398.0,20133.0
2019-09-02,17,TEN,22184.0,21829.0
2019-09-02,18,TEN,23501.0,23098.0
2019-09-02,19,TEN,24373.0,23590.0
2019-09-02,20,TEN,25004.0,23833.0
2019-09-02,21,TEN,25639.0,24304.0
2019-09-02,22,TEN,25929.0,24336.0
2019-09-02,23,TEN,25682.0,24329.0
2019-09-03,0,TEN,24676.0,23952.0
2019-09-03,1,TEN,23821.0,23514.0
2019-09-03,2,TEN,22632.0,22257.0
2019-09-03,3,TEN,20854.0,20588.0
2019-09-03,4,TEN,18827.0,18657.0
2019-09-03,5,TEN,17320.0,17133.0
2019-09-03,6,TEN,15940.0,15865.0
2019-09-03,7,TEN,15248.0,15183.0
2019-09-03,8,TEN,14741.0,14690.0
2019-09-03,9,TEN,14451.0,14422.0
2019-09-03,10,TEN,14672.0,14626.0
2019-09-03,11,TEN,15663.0,15565.0
2019-09-03,12,TEN,16678.0,16498.0
2019-09-03,13,TEN,17394.0,17158.0
2019-09-03,14,TEN,18646.0,18301.0
2019-09-03,15,TEN,20294.0,20002.0
2019-09-03,16,TEN,22276.0,21995.0
2019-09-03,17,TEN,24093.0,23762.0
2019-09-03,18,TEN,25642.0,24758.0
2019-09-03,19,TEN,26640.0,25418.0
2019-09-03,20,TEN,26748.0,25687.0
2019-09-03,21,TEN,27178.0,25745.0
2019-09-03,22,TEN,27250.0,25579.0
2019-09-03,23,TEN,26880.0,25382.0
2019-09-04,0,TEN,26077.0,24377.0
2019-09-04,1,TEN,25177.0,23937.0
2019-09-04,2,TEN,23947.0,23388.0
2019-09-04,3,TEN,21933.0,21674.0
2019-09-04,4,TEN,19988.0,19797.0
2019-09-04,5,TEN,18187.0,18125.0
2019-09-04,6,TEN,16963.0,16778.0
2019-09-04,7,TEN,16037.0,15987.0
2019-09-04,8,TEN,15380.0,15306.0
2019-09-04,9,TEN,15072.0,15002.0
2019-09-04,10,TEN,15143.0,15057.0
2019-09-04,11,TEN,16055.0,15926.0
2019-09-04,12,TEN,16907.0,16796.0
2019-09-04,13,TEN,17530.0,17316.0
2019-09-04,14,TEN,18710.0,18377.0
2019-09-04,15,TEN,20401.0,20091.0
2019-09-04,16,TEN,22486.0,22138.0
2019-09-04,17,TEN,24261.0,23980.0
2019-09-04,18,TEN,26091.0,25605.0
2019-09-04,19,TEN,27300.0,26178.0
2019-09-04,20,TEN,27928.0,26296.0
2019-09-04,21,TEN,28501.0,26640.0
2019-09-04,22,TEN,28802.0,26845.0
2019-09-04,23,TEN,28478.0,26608.0
2019-09-05,0,TEN,27462.0,25889.0
2019-09-05,1,TEN,26580.0,25584.0
2019-09-05,2,TEN,25473.0,24940.0
2019-09-05,3,TEN,23559.0,23169.0
2019-09-05,4,TEN,21487.0,21259.0
2019-09-05,5,TEN,19709.0,19559.0
2019-09-05,6,TEN,18373.0,18163.0
2019-09-05,7,TEN,17389.0,17279.0
2019-09-05,8,TEN,16662.0,16531.0
2019-09-05,9,TEN,16205.0,16098.0
2019-09-05,10,TEN,16278.0,16189.0
2019-09-05,11,TEN,17083.0,17028.0
2019-09-05,12,TEN,17904.0,17881.0
2019-09-05,13,TEN,18281.0,18138.0
2019-09-05,14,TEN,19318.0,19223.0
2019-09-05,15,TEN,20593.0,20551.0
2019-09-05,16,TEN,21967.0,21952.0
2019-09-05,17,TEN,23212.0,23204.0
2019-09-05,18,TEN,24282.0,24304.0
2019-09-05,19,TEN,25138.0,25178.0
2019-09-05,20,TEN,25823.0,25555.0
2019-09-05,21,TEN,26099.0,25684.0
2019-09-05,22,TEN,26084.0,25545.0
2019-09-05,23,TEN,25367.0,25184.0
2019-09-06,0,TEN,24229.0,24124.0
2019-09-06,1,TEN,23258.0,23264.0
2019-09-06,2,TEN,22136.0,22080.0
2019-09-06,3,TEN,20446.0,20289.0
2019-09-06,4,TEN,18513.0,18331.0
2019-09-06,5,TEN,16892.0,16695.0
2019-09-06,6,TEN,15687.0,15466.0
2019-09-06,7,TEN,14802.0,14645.0
2019-09-06,8,TEN,14280.0,14193.0
2019-09-06,9,TEN,14033.0,14011.0
2019-09-06,10,TEN,14161.0,14185.0
2019-09-06,11,TEN,15076.0,15047.0
2019-09-06,12,TEN,16020.0,15951.0
2019-09-06,13,TEN,16558.0,16488.0
2019-09-06,14,TEN,17494.0,17478.0
2019-09-06,15,TEN,18625.0,18695.0
2019-09-06,16,TEN,19917.0,19923.0
2019-09-06,17,TEN,21357.0,21384.0
2019-09-06,18,TEN,22755.0,22877.0
2019-09-06,19,TEN,24174.0,24217.0
2019-09-06,20,TEN,25341.0,24888.0
2019-09-06,21,TEN,26191.0,25406.0
2019-09-06,22,TEN,26513.0,25475.0
2019-09-06,23,TEN,26157.0,25427.0
2019-09-07,0,TEN,24959.0,24562.0
2019-09-07,1,TEN,23977.0,23928.0
2019-09-07,2,TEN,22778.0,22671.0
2019-09-07,3,TEN,21342.0,21191.0
2019-09-07,4,TEN,19874.0,19627.0
2019-09-07,5,TEN,18386.0,18210.0
2019-09-07,6,TEN,17327.0,17036.0
2019-09-07,7,TEN,16382.0,16198.0
2019-09-07,8,TEN,15758.0,15586.0
2019-09-07,9,TEN,15306.0,15190.0
2019-09-07,10,TEN,15111.0,15017.0
2019-09-07,11,TEN,15239.0,15210.0
2019-09-07,12,TEN,15331.0,15259.0
2019-09-07,13,TEN,16100.0,15970.0
2019-09-07,14,TEN,17425.0,17337.0
2019-09-07,15,TEN,19071.0,18980.0
2019-09-07,16,TEN,20636.0,20531.0
2019-09-07,17,TEN,22059.0,21915.0
2019-09-07,18,TEN,23225.0,23119.0
2019-09-07,19,TEN,24202.0,23887.0
2019-09-07,20,TEN,24933.0,24223.0
2019-09-07,21,TEN,25378.0,24366.0
2019-09-07,22,TEN,25430.0,24440.0
2019-09-07,23,TEN,25110.0,24482.0
2019-09-08,0,TEN,23630.0,23441.0
2019-09-08,1,TEN,22402.0,22146.0
2019-09-08,2,TEN,21114.0,20870.0
2019-09-08,3,TEN,19482.0,19245.0
2019-09-08,4,TEN,18026.0,17727.0
2019-09-08,5,TEN,16454.0,16167.0
2019-09-08,6,TEN,15193.0,14968.0
2019-09-08,7,TEN,14330.0,14154.0
2019-09-08,8,TEN,13713.0,13617.0
2019-09-08,9,TEN,13430.0,13414.0
2019-09-08,10,TEN,13278.0,13177.0
2019-09-08,11,TEN,13326.0,13220.0
2019-09-08,12,TEN,13405.0,13399.0
2019-09-08,13,TEN,14147.0,14043.0
2019-09-08,14,TEN,15620.0,15546.0
2019-09-08,15,TEN,17003.0,16996.0
2019-09-08,16,TEN,18536.0,18506.0
2019-09-08,17,TEN,20176.0,20131.0
2019-09-08,18,TEN,21924.0,21850.0
2019-09-08,19,TEN,23297.0,23185.0
2019-09-08,20,TEN,24270.0,23961.0
2019-09-08,21,TEN,24909.0,24190.0
2019-09-08,22,TEN,25271.0,24064.0
2019-09-08,23,TEN,25071.0,24024.0
2019-09-09,0,TEN,23942.0,23463.0
2019-09-09,1,TEN,23004.0,22493.0
2019-09-09,2,TEN,21814.0,21668.0
2019-09-09,3,TEN,20093.0,19843.0
2019-09-09,4,TEN,18306.0,18100.0
2019-09-09,5,TEN,16822.0,16565.0
2019-09-09,6,TEN,15670.0,15483.0
2019-09-09,7,TEN,14914.0,14996.0
2019-09-09,8,TEN,14521.0,14826.0
2019-09-09,9,TEN,14202.0,14594.0
2019-09-09,10,TEN,14389.0,14536.0
2019-09-09,11,TEN,15380.0,15297.0
2019-09-09,12,TEN,16427.0,16041.0
2019-09-09,13,TEN,16981.0,16608.0
2019-09-09,14,TEN,17924.0,17622.0
2019-09-09,15,TEN,19426.0,19097.0
2019-09-09,16,TEN,21264.0,20755.0
2019-09-09,17,TEN,23121.0,22508.0
2019-09-09,18,TEN,24907.0,24406.0
2019-09-09,19,TEN,26395.0,25824.0
2019-09-09,20,TEN,27419.0,26654.0
2019-09-09,21,TEN,27933.0,26414.0
2019-09-09,22,TEN,28042.0,26509.0
2019-09-09,23,TEN,27578.0,26480.0
2019-09-10,0,TEN,26461.0,25934.0
2019-09-10,1,TEN,25578.0,24949.0
2019-09-10,2,TEN,24116.0,23603.0
2019-09-10,3,TEN,22138.0,21576.0
2019-09-10,4,TEN,20079.0,19837.0
2019-09-10,5,TEN,18312.0,18049.0
2019-09-10,6,TEN,17124.0,16871.0
2019-09-10,7,TEN,16244.0,16063.0
2019-09-10,8,TEN,15691.0,15570.0
2019-09-10,9,TEN,15320.0,15259.0
2019-09-10,10,TEN,15563.0,15494.0
2019-09-10,11,TEN,16454.0,16289.0
2019-09-10,12,TEN,17420.0,17005.0
2019-09-10,13,TEN,17956.0,17395.0
2019-09-10,14,TEN,19140.0,18641.0
2019-09-10,15,TEN,20605.0,20087.0
2019-09-10,16,TEN,22669.0,22122.0
2019-09-10,17,TEN,24486.0,23903.0
2019-09-10,18,TEN,26206.0,25637.0
2019-09-10,19,TEN,27246.0,26461.0
2019-09-10,20,TEN,27959.0,26619.0
2019-09-10,21,TEN,28158.0,26543.0
2019-09-10,22,TEN,27776.0,26349.0
2019-09-10,23,TEN,26561.0,25554.0
2019-09-11,0,TEN,25446.0,24805.0
2019-09-11,1,TEN,24769.0,24301.0
2019-09-11,2,TEN,23635.0,23079.0
2019-09-11,3,TEN,21910.0,21591.0
2019-09-11,4,TEN,20086.0,20146.0
2019-09-11,5,TEN,18464.0,18229.0
2019-09-11,6,TEN,17263.0,17027.0
2019-09-11,7,TEN,16430.0,16259.0
2019-09-11,8,TEN,15917.0,15834.0
2019-09-11,9,TEN,15658.0,15565.0
2019-09-11,10,TEN,15783.0,15703.0
2019-09-11,11,TEN,16723.0,16634.0
2019-09-11,12,TEN,17776.0,17567.0
2019-09-11,13,TEN,18287.0,18024.0
2019-09-11,14,TEN,19423.0,19234.0
2019-09-11,15,TEN,21097.0,20896.0
2019-09-11,16,TEN,23111.0,22819.0
2019-09-11,17,TEN,25056.0,24678.0
2019-09-11,18,TEN,26684.0,26150.0
2019-09-11,19,TEN,27685.0,27260.0
2019-09-11,20,TEN,28281.0,27580.0
2019-09-11,21,TEN,28371.0,27524.0
2019-09-11,22,TEN,28047.0,27314.0
2019-09-11,23,TEN,27316.0,26700.0
2019-09-12,0,TEN,26055.0,25576.0
2019-09-12,1,TEN,25259.0,24792.0
2019-09-12,2,TEN,24147.0,24039.0
2019-09-12,3,TEN,22270.0,22226.0
2019-09-12,4,TEN,20406.0,20588.0
2019-09-12,5,TEN,18695.0,18503.0
2019-09-12,6,TEN,17443.0,17256.0
2019-09-12,7,TEN,16471.0,16407.0
2019-09-12,8,TEN,15852.0,15823.0
2019-09-12,9,TEN,15535.0,15478.0
2019-09-12,10,TEN,15779.0,15674.0
2019-09-12,11,TEN,16705.0,16580.0
2019-09-12,12,TEN,17693.0,17189.0
2019-09-12,13,TEN,18243.0,17741.0
2019-09-12,14,TEN,19479.0,18939.0
2019-09-12,15,TEN,21217.0,20681.0
2019-09-12,16,TEN,23307.0,22704.0
2019-09-12,17,TEN,25219.0,24648.0
2019-09-12,18,TEN,26626.0,25972.0
2019-09-12,19,TEN,27789.0,26884.0
2019-09-12,20,TEN,28554.0,27432.0
2019-09-12,21,TEN,28897.0,27668.0
2019-09-12,22,TEN,28828.0,27585.0
2019-09-12,23,TEN,28289.0,27303.0
2019-09-13,0,TEN,27099.0,26191.0
2019-09-13,1,TEN,26368.0,25606.0
2019-09-13,2,TEN,25096.0,24663.0
2019-09-13,3,TEN,23181.0,22658.0
2019-09-13,4,TEN,21099.0,20754.0
2019-09-13,5,TEN,19268.0,19086.0
2019-09-13,6,TEN,17996.0,17889.0
2019-09-13,7,TEN,17031.0,16912.0
2019-09-13,8,TEN,16422.0,16312.0
2019-09-13,9,TEN,16021.0,15859.0
2019-09-13,10,TEN,16067.0,15918.0
2019-09-13,11,TEN,16876.0,16758.0
2019-09-13,12,TEN,17829.0,17547.0
2019-09-13,13,TEN,18379.0,18066.0
2019-09-13,14,TEN,19823.0,19535.0
2019-09-13,15,TEN,21704.0,21472.0
2019-09-13,16,TEN,23870.0,23724.0
2019-09-13,17,TEN,25795.0,25647.0
2019-09-13,18,TEN,27426.0,27223.0
2019-09-13,19,TEN,28275.0,28078.0
2019-09-13,20,TEN,28597.0,28149.0
2019-09-13,21,TEN,28755.0,28146.0
2019-09-13,22,TEN,28589.0,28159.0
2019-09-13,23,TEN,27855.0,27778.0
2019-09-14,0,TEN,26505.0,26440.0
2019-09-14,1,TEN,25509.0,25351.0
2019-09-14,2,TEN,24156.0,24049.0
2019-09-14,3,TEN,22575.0,22259.0
2019-09-14,4,TEN,21000.0,20678.0
2019-09-14,5,TEN,19243.0,19129.0
2019-09-14,6,TEN,17807.0,17659.0
2019-09-14,7,TEN,16831.0,16734.0
2019-09-14,8,TEN,16034.0,15890.0
2019-09-14,9,TEN,15523.0,15413.0
2019-09-14,10,TEN,15313.0,15206.0
2019-09-14,11,TEN,15394.0,15298.0
2019-09-14,12,TEN,15567.0,15331.0
2019-09-14,13,TEN,16173.0,15853.0
2019-09-14,14,TEN,17483.0,17210.0
2019-09-14,15,TEN,18861.0,18610.0
2019-09-14,16,TEN,20334.0,20027.0
2019-09-14,17,TEN,21665.0,21359.0
2019-09-14,18,TEN,22912.0,22548.0
2019-09-14,19,TEN,24019.0,23522.0
2019-09-14,20,TEN,24936.0,24188.0
2019-09-14,21,TEN,25517.0,24788.0
2019-09-14,22,TEN,25889.0,25336.0
2019-09-14,23,TEN,25136.0,24956.0
2019-09-15,0,TEN,23885.0,23760.0
2019-09-15,1,TEN,22950.0,22626.0
2019-09-15,2,TEN,21587.0,21281.0
2019-09-15,3,TEN,20117.0,19841.0
2019-09-15,4,TEN,18614.0,18530.0
2019-09-15,5,TEN,17079.0,17092.0
2019-09-15,6,TEN,15886.0,15958.0
2019-09-15,7,TEN,15099.0,15297.0
2019-09-15,8,TEN,14466.0,14653.0
2019-09-15,9,TEN,14017.0,14219.0
2019-09-15,10,TEN,13855.0,14046.0
2019-09-15,11,TEN,13912.0,14116.0
2019-09-15,12,TEN,14016.0,14037.0
2019-09-15,13,TEN,14775.0,14477.0
2019-09-15,14,TEN,16418.0,16217.0
2019-09-15,15,TEN,18261.0,17995.0
2019-09-15,16,TEN,20208.0,19923.0
2019-09-15,17,TEN,22244.0,21916.0
2019-09-15,18,TEN,23943.0,23682.0
2019-09-15,19,TEN,25343.0,25102.0
2019-09-15,20,TEN,26200.0,25896.0
2019-09-15,21,TEN,26727.0,26132.0
2019-09-15,22,TEN,26895.0,26285.0
2019-09-15,23,TEN,26520.0,26134.0
2019-09-16,0,TEN,25216.0,25256.0
2019-09-16,1,TEN,24221.0,24165.0
2019-09-16,2,TEN,22813.0,22630.0
2019-09-16,3,TEN,20958.0,20742.0
2019-09-16,4,TEN,19015.0,19029.0
2019-09-16,5,TEN,17313.0,17115.0
2019-09-16,6,TEN,16229.0,16081.0
2019-09-16,7,TEN,15362.0,15130.0
2019-09-16,8,TEN,14833.0,14655.0
2019-09-16,9,TEN,14655.0,14518.0
2019-09-16,10,TEN,14858.0,14795.0
2019-09-16,11,TEN,15924.0,15832.0
2019-09-16,12,TEN,16987.0,16117.0
2019-09-16,13,TEN,17512.0,16507.0
2019-09-16,14,TEN,18859.0,17878.0
2019-09-16,15,TEN,20554.0,19576.0
2019-09-16,16,TEN,22475.0,21471.0
2019-09-16,17,TEN,24517.0,23499.0
2019-09-16,18,TEN,26137.0,25112.0
2019-09-16,19,TEN,27094.0,25819.0
2019-09-16,20,TEN,27785.0,26079.0
2019-09-16,21,TEN,28251.0,26273.0
2019-09-16,22,TEN,28342.0,26306.0
2019-09-16,23,TEN,27934.0,26206.0
2019-09-17,0,TEN,26865.0,25831.0
2019-09-17,1,TEN,25993.0,24949.0
2019-09-17,2,TEN,24355.0,23285.0
2019-09-17,3,TEN,22321.0,21263.0
2019-09-17,4,TEN,20147.0,19698.0
2019-09-17,5,TEN,18565.0,18218.0
2019-09-17,6,TEN,17229.0,16940.0
2019-09-17,7,TEN,16392.0,16136.0
2019-09-17,8,TEN,15740.0,15506.0
2019-09-17,9,TEN,15394.0,15136.0
2019-09-17,10,TEN,15592.0,15449.0
2019-09-17,11,TEN,16531.0,16460.0
2019-09-17,12,TEN,17376.0,16957.0
2019-09-17,13,TEN,17847.0,17393.0
2019-09-17,14,TEN,18995.0,18620.0
2019-09-17,15,TEN,20877.0,20460.0
2019-09-17,16,TEN,23048.0,22638.0
2019-09-17,17,TEN,25073.0,24696.0
2019-09-17,18,TEN,26515.0,25772.0
2019-09-17,19,TEN,27358.0,25831.0
2019-09-17,20,TEN,28031.0,26300.0
2019-09-17,21,TEN,28166.0,26473.0
2019-09-17,22,TEN,28185.0,26669.0
2019-09-17,23,TEN,27582.0,26300.0
2019-09-18,0,TEN,26383.0,25339.0
2019-09-18,1,TEN,25589.0,24806.0
2019-09-18,2,TEN,24026.0,23566.0
2019-09-18,3,TEN,21863.0,21534.0
2019-09-18,4,TEN,20100.0,19829.0
2019-09-18,5,TEN,18445.0,18185.0
2019-09-18,6,TEN,17273.0,17021.0
2019-09-18,7,TEN,16348.0,16104.0
2019-09-18,8,TEN,15685.0,15493.0
2019-09-18,9,TEN,15370.0,15231.0
2019-09-18,10,TEN,15373.0,15350.0
2019-09-18,11,TEN,16291.0,16213.0
2019-09-18,12,TEN,17248.0,17032.0
2019-09-18,13,TEN,17767.0,17497.0
2019-09-18,14,TEN,18833.0,18603.0
2019-09-18,15,TEN,20367.0,20169.0
2019-09-18,16,TEN,22105.0,21836.0
2019-09-18,17,TEN,24034.0,23757.0
2019-09-18,18,TEN,25594.0,25297.0
2019-09-18,19,TEN,26659.0,25802.0
2019-09-18,20,TEN,27322.0,26063.0
2019-09-18,21,TEN,27924.0,26378.0
2019-09-18,22,TEN,27919.0,26360.0
2019-09-18,23,TEN,27361.0,26161.0
2019-09-19,0,TEN,26054.0,25510.0
2019-09-19,1,TEN,25148.0,24818.0
2019-09-19,2,TEN,23752.0,23486.0
2019-09-19,3,TEN,21727.0,21568.0
2019-09-19,4,TEN,19811.0,19543.0
2019-09-19,5,TEN,18284.0,18006.0
2019-09-19,6,TEN,17043.0,16795.0
2019-09-19,7,TEN,16102.0,15907.0
2019-09-19,8,TEN,15470.0,15329.0
2019-09-19,9,TEN,15236.0,15158.0
2019-09-19,10,TEN,15404.0,15361.0
2019-09-19,11,TEN,16399.0,16345.0
2019-09-19,12,TEN,17468.0,17278.0
2019-09-19,13,TEN,17845.0,17703.0
2019-09-19,14,TEN,18479.0,18334.0
2019-09-19,15,TEN,19783.0,19557.0
2019-09-19,16,TEN,21182.0,20960.0
2019-09-19,17,TEN,22457.0,22259.0
2019-09-19,18,TEN,23594.0,23482.0
2019-09-19,19,TEN,24423.0,24042.0
2019-09-19,20,TEN,25005.0,24512.0
2019-09-19,21,TEN,25572.0,24560.0
2019-09-19,22,TEN,24943.0,24418.0
2019-09-19,23,TEN,24496.0,24199.0
2019-09-20,0,TEN,23604.0,23580.0
2019-09-20,1,TEN,23376.0,23342.0
2019-09-20,2,TEN,22263.0,22196.0
2019-09-20,3,TEN,20679.0,20538.0
2019-09-20,4,TEN,18901.0,18766.0
2019-09-20,5,TEN,17541.0,17385.0
2019-09-20,6,TEN,16322.0,16261.0
2019-09-20,7,TEN,15686.0,15655.0
2019-09-20,8,TEN,15153.0,15134.0
2019-09-20,9,TEN,14870.0,14928.0
2019-09-20,10,TEN,15104.0,15100.0
2019-09-20,11,TEN,16005.0,16041.0
2019-09-20,12,TEN,17072.0,17032.0
2019-09-20,13,TEN,17388.0,17449.0
2019-09-20,14,TEN,17678.0,17692.0
2019-09-20,15,TEN,18632.0,18371.0
2019-09-20,16,TEN,19780.0,19591.0
2019-09-20,17,TEN,21137.0,21026.0
2019-09-20,18,TEN,22181.0,22098.0
2019-09-20,19,TEN,23165.0,23099.0
2019-09-20,20,TEN,23980.0,23828.0
2019-09-20,21,TEN,24465.0,24290.0
2019-09-20,22,TEN,24483.0,24248.0
2019-09-20,23,TEN,23893.0,23836.0
2019-09-21,0,TEN,22663.0,22643.0
2019-09-21,1,TEN,21832.0,21765.0
2019-09-21,2,TEN,20749.0,20697.0
2019-09-21,3,TEN,19328.0,19332.0
2019-09-21,4,TEN,17843.0,17838.0
2019-09-21,5,TEN,16442.0,16383.0
2019-09-21,6,TEN,15351.0,15159.0
2019-09-21,7,TEN,14666.0,14477.0
2019-09-21,8,TEN,14098.0,13988.0
2019-09-21,9,TEN,13563.0,13427.0
2019-09-21,10,TEN,13518.0,13428.0
2019-09-21,11,TEN,13794.0,13687.0
2019-09-21,12,TEN,13929.0,13829.0
2019-09-21,13,TEN,14424.0,14290.0
2019-09-21,14,TEN,15785.0,15567.0
2019-09-21,15,TEN,17262.0,17165.0
2019-09-21,16,TEN,18541.0,18396.0
2019-09-21,17,TEN,20001.0,19864.0
2019-09-21,18,TEN,21384.0,21233.0
2019-09-21,19,TEN,22504.0,22340.0
2019-09-21,20,TEN,23326.0,23127.0
2019-09-21,21,TEN,23795.0,23457.0
2019-09-21,22,TEN,23803.0,23371.0
2019-09-21,23,TEN,23292.0,22994.0
2019-09-22,0,TEN,22058.0,21962.0
2019-09-22,1,TEN,21194.0,21080.0
2019-09-22,2,TEN,19685.0,19728.0
2019-09-22,3,TEN,18281.0,18083.0
2019-09-22,4,TEN,16964.0,16783.0
2019-09-22,5,TEN,15633.0,15485.0
2019-09-22,6,TEN,14642.0,14457.0
2019-09-22,7,TEN,13815.0,13950.0
2019-09-22,8,TEN,13102.0,13055.0
2019-09-22,9,TEN,12957.0,13082.0
2019-09-22,10,TEN,12876.0,13012.0
2019-09-22,11,TEN,12963.0,13050.0
2019-09-22,12,TEN,13187.0,12970.0
2019-09-22,13,TEN,13803.0,13594.0
2019-09-22,14,TEN,15233.0,15051.0
2019-09-22,15,TEN,16808.0,16671.0
2019-09-22,16,TEN,18226.0,18107.0
2019-09-22,17,TEN,19826.0,19685.0
2019-09-22,18,TEN,21138.0,21003.0
2019-09-22,19,TEN,22257.0,22150.0
2019-09-22,20,TEN,23195.0,22948.0
2019-09-22,21,TEN,23776.0,23698.0
2019-09-22,22,TEN,24056.0,23783.0
2019-09-22,23,TEN,23642.0,23297.0
2019-09-23,0,TEN,22539.0,22301.0
2019-09-23,1,TEN,21858.0,21780.0
2019-09-23,2,TEN,20519.0,20380.0
2019-09-23,3,TEN,18969.0,18812.0
2019-09-23,4,TEN,17385.0,17134.0
2019-09-23,5,TEN,15971.0,15767.0
2019-09-23,6,TEN,14929.0,14704.0
2019-09-23,7,TEN,14322.0,14160.0
2019-09-23,8,TEN,13928.0,13770.0
2019-09-23,9,TEN,13754.0,13635.0
2019-09-23,10,TEN,14235.0,14083.0
2019-09-23,11,TEN,15369.0,15209.0
2019-09-23,12,TEN,16572.0,16374.0
2019-09-23,13,TEN,16985.0,16730.0
2019-09-23,14,TEN,17616.0,17390.0
2019-09-23,15,TEN,18465.0,18293.0
2019-09-23,16,TEN,19570.0,19426.0
2019-09-23,17,TEN,20535.0,20357.0
2019-09-23,18,TEN,21435.0,21249.0
2019-09-23,19,TEN,22112.0,21947.0
2019-09-23,20,TEN,22686.0,22649.0
2019-09-23,21,TEN,22980.0,22947.0
2019-09-23,22,TEN,23118.0,23013.0
2019-09-23,23,TEN,22600.0,22539.0
2019-09-24,0,TEN,22226.0,22092.0
2019-09-24,1,TEN,22410.0,22234.0
2019-09-24,2,TEN,21400.0,21238.0
2019-09-24,3,TEN,19935.0,19778.0
2019-09-24,4,TEN,18279.0,18018.0
2019-09-24,5,TEN,16747.0,16466.0
2019-09-24,6,TEN,15683.0,15471.0
2019-09-24,7,TEN,14973.0,14817.0
2019-09-24,8,TEN,14523.0,14308.0
2019-09-24,9,TEN,14287.0,14098.0
2019-09-24,10,TEN,14487.0,14258.0
2019-09-24,11,TEN,15444.0,15242.0
2019-09-24,12,TEN,16489.0,16220.0
2019-09-24,13,TEN,16792.0,16517.0
2019-09-24,14,TEN,17349.0,17198.0
2019-09-24,15,TEN,18337.0,18087.0
2019-09-24,16,TEN,19487.0,19290.0
2019-09-24,17,TEN,20626.0,20438.0
2019-09-24,18,TEN,21657.0,21474.0
2019-09-24,19,TEN,22484.0,22323.0
2019-09-24,20,TEN,23023.0,22807.0
2019-09-24,21,TEN,23232.0,22977.0
2019-09-24,22,TEN,23054.0,22884.0
2019-09-24,23,TEN,22390.0,22094.0
2019-09-25,0,TEN,21378.0,21326.0
2019-09-25,1,TEN,20805.0,20643.0
2019-09-25,2,TEN,19510.0,19333.0
2019-09-25,3,TEN,17963.0,17717.0
2019-09-25,4,TEN,16402.0,16319.0
2019-09-25,5,TEN,15045.0,14912.0
2019-09-25,6,TEN,14163.0,13935.0
2019-09-25,7,TEN,13583.0,13428.0
2019-09-25,8,TEN,13137.0,12957.0
2019-09-25,9,TEN,13061.0,12894.0
2019-09-25,10,TEN,13351.0,13230.0
2019-09-25,11,TEN,14377.0,14200.0
2019-09-25,12,TEN,15474.0,15321.0
2019-09-25,13,TEN,15843.0,15637.0
2019-09-25,14,TEN,16538.0,16343.0
2019-09-25,15,TEN,17480.0,17259.0
2019-09-25,16,TEN,18803.0,18659.0
2019-09-25,17,TEN,20195.0,20016.0
2019-09-25,18,TEN,21553.0,21501.0
2019-09-25,19,TEN,22604.0,22394.0
2019-09-25,20,TEN,23457.0,23090.0
2019-09-25,21,TEN,24101.0,23574.0
2019-09-25,22,TEN,24102.0,23551.0
2019-09-25,23,TEN,23676.0,22864.0
2019-09-26,0,TEN,22961.0,22695.0
2019-09-26,1,TEN,22582.0,22449.0
2019-09-26,2,TEN,21414.0,21276.0
2019-09-26,3,TEN,19879.0,19735.0
2019-09-26,4,TEN,18283.0,18067.0
2019-09-26,5,TEN,16810.0,16651.0
2019-09-26,6,TEN,15865.0,15622.0
2019-09-26,7,TEN,15061.0,14879.0
2019-09-26,8,TEN,14634.0,14454.0
2019-09-26,9,TEN,14351.0,14113.0
2019-09-26,10,TEN,14803.0,14594.0
2019-09-26,11,TEN,15871.0,15714.0
2019-09-26,12,TEN,17169.0,16922.0
2019-09-26,13,TEN,17700.0,17468.0
2019-09-26,14,TEN,18373.0,18145.0
2019-09-26,15,TEN,19436.0,19223.0
2019-09-26,16,TEN,20536.0,20406.0
2019-09-26,17,TEN,21478.0,21305.0
2019-09-26,18,TEN,22319.0,22159.0
2019-09-26,19,TEN,22922.0,22734.0
2019-09-26,20,TEN,23326.0,23328.0
2019-09-26,21,TEN,23564.0,23274.0
2019-09-26,22,TEN,23565.0,23272.0
2019-09-26,23,TEN,22981.0,22786.0
2019-09-27,0,TEN,22289.0,22191.0
2019-09-27,1,TEN,22013.0,21797.0
2019-09-27,2,TEN,20934.0,20799.0
2019-09-27,3,TEN,19556.0,19388.0
2019-09-27,4,TEN,17969.0,17721.0
2019-09-27,5,TEN,16373.0,16094.0
2019-09-27,6,TEN,15490.0,15260.0
2019-09-27,7,TEN,14806.0,14647.0
2019-09-27,8,TEN,14334.0,14284.0
2019-09-27,9,TEN,14153.0,14046.0
2019-09-27,10,TEN,14526.0,14420.0
2019-09-27,11,TEN,15476.0,15403.0
2019-09-27,12,TEN,16622.0,16492.0
2019-09-27,13,TEN,16876.0,16795.0
2019-09-27,14,TEN,17825.0,17771.0
2019-09-27,15,TEN,19163.0,19052.0
2019-09-27,16,TEN,20667.0,20426.0
2019-09-27,17,TEN,22497.0,22361.0
2019-09-27,18,TEN,24035.0,23978.0
2019-09-27,19,TEN,25255.0,24759.0
2019-09-27,20,TEN,26060.0,25170.0
2019-09-27,21,TEN,26353.0,25006.0
2019-09-27,22,TEN,26397.0,24991.0
2019-09-27,23,TEN,25670.0,24520.0
2019-09-28,0,TEN,24242.0,23969.0
2019-09-28,1,TEN,23320.0,23198.0
2019-09-28,2,TEN,21952.0,21611.0
2019-09-28,3,TEN,20548.0,20202.0
2019-09-28,4,TEN,19175.0,18997.0
2019-09-28,5,TEN,17737.0,17599.0
2019-09-28,6,TEN,16490.0,15996.0
2019-09-28,7,TEN,15729.0,15595.0
2019-09-28,8,TEN,15038.0,14810.0
2019-09-28,9,TEN,14615.0,14391.0
2019-09-28,10,TEN,14401.0,14272.0
2019-09-28,11,TEN,14554.0,14455.0
2019-09-28,12,TEN,14863.0,14796.0
2019-09-28,13,TEN,15465.0,15369.0
2019-09-28,14,TEN,16946.0,16887.0
2019-09-28,15,TEN,18639.0,18728.0
2019-09-28,16,TEN,20329.0,20232.0
2019-09-28,17,TEN,21941.0,21870.0
2019-09-28,18,TEN,23248.0,23246.0
2019-09-28,19,TEN,24430.0,24048.0
2019-09-28,20,TEN,25136.0,24314.0
2019-09-28,21,TEN,25491.0,24596.0
2019-09-28,22,TEN,25376.0,24542.0
2019-09-28,23,TEN,24748.0,24022.0
2019-09-29,0,TEN,23632.0,23604.0
2019-09-29,1,TEN,22731.0,22699.0
2019-09-29,2,TEN,21388.0,21408.0
2019-09-29,3,TEN,19978.0,19958.0
2019-09-29,4,TEN,18499.0,18328.0
2019-09-29,5,TEN,17127.0,16903.0
2019-09-29,6,TEN,15880.0,15602.0
2019-09-29,7,TEN,15092.0,14835.0
2019-09-29,8,TEN,14520.0,14243.0
2019-09-29,9,TEN,14200.0,14009.0
2019-09-29,10,TEN,14041.0,13839.0
2019-09-29,11,TEN,14080.0,13862.0
2019-09-29,12,TEN,14272.0,14084.0
2019-09-29,13,TEN,15123.0,14966.0
2019-09-29,14,TEN,16773.0,16655.0
2019-09-29,15,TEN,18712.0,18650.0
2019-09-29,16,TEN,20712.0,20694.0
2019-09-29,17,TEN,22737.0,22680.0
2019-09-29,18,TEN,24379.0,24258.0
2019-09-29,19,TEN,25445.0,24759.0
2019-09-29,20,TEN,26114.0,24757.0
2019-09-29,21,TEN,26472.0,24797.0
2019-09-29,22,TEN,26616.0,24767.0
2019-09-29,23,TEN,26077.0,24502.0
2019-09-30,0,TEN,25059.0,24102.0
2019-09-30,1,TEN,24319.0,23956.0
2019-09-30,2,TEN,22786.0,22526.0
2019-09-30,3,TEN,21043.0,20911.0
2019-09-30,4,TEN,19266.0,19125.0
2019-09-30,5,TEN,17766.0,17578.0
2019-09-30,6,TEN,16617.0,16317.0
2019-09-30,7,TEN,15781.0,15576.0
2019-09-30,8,TEN,15266.0,14944.0
2019-09-30,9,TEN,15091.0,14816.0
2019-09-30,10,TEN,15296.0,15039.0
2019-09-30,11,TEN,16422.0,16162.0
2019-09-30,12,TEN,17485.0,17209.0
2019-09-30,13,TEN,17848.0,17557.0
2019-09-30,14,TEN,18978.0,18668.0
2019-09-30,15,TEN,20702.0,20383.0
2019-09-30,16,TEN,22789.0,22493.0
2019-09-30,17,TEN,24783.0,23826.0
2019-09-30,18,TEN,26268.0,24556.0
2019-09-30,19,TEN,27250.0,25332.0
2019-09-30,20,TEN,27966.0,25769.0
2019-09-30,21,TEN,28127.0,25874.0
2019-09-30,22,TEN,28141.0,25943.0
2019-09-30,23,TEN,27626.0,25496.0
2019-10-01,0,TEN,26400.0,24379.0
2019-10-01,1,TEN,25549.0,24080.0
2019-10-01,2,TEN,23871.0,22991.0
2019-10-01,3,TEN,22023.0,21689.0
2019-10-01,4,TEN,20090.0,19870.0
2019-10-01,5,TEN,18316.0,18078.0
2019-10-01,6,TEN,17856.0,18078.0
2019-10-01,7,TEN,16832.0,15576.0
2019-10-01,8,TEN,16138.0,14944.0
2019-10-01,9,TEN,15744.0,14816.0
2019-10-01,10,TEN,15888.0,15039.0
2019-10-01,11,TEN,16830.0,16162.0
2019-10-01,12,TEN,17881.0,17209.0
2019-10-01,13,TEN,18146.0,17557.0
2019-10-01,14,TEN,19158.0,18668.0
2019-10-01,15,TEN,20680.0,20383.0
2019-10-01,16,TEN,22725.0,22493.0
2019-10-01,17,TEN,24535.0,23826.0
2019-10-01,18,TEN,25967.0,24556.0
2019-10-01,19,TEN,27188.0,25332.0
2019-10-01,20,TEN,27980.0,25769.0
2019-10-01,21,TEN,28482.0,25874.0
2019-10-01,22,TEN,28474.0,25943.0
2019-10-01,23,TEN,27709.0,25496.0
2019-10-02,0,TEN,26800.0,24379.0
2019-10-02,1,TEN,26279.0,24080.0
2019-10-02,2,TEN,24812.0,22991.0
2019-10-02,3,TEN,23204.0,21689.0
2019-10-02,4,TEN,21306.0,19870.0
2019-10-02,5,TEN,19527.0,18078.0
2019-10-02,6,TEN,17342.0,17097.0
2019-10-02,7,TEN,16415.0,16132.0
2019-10-02,8,TEN,15803.0,15572.0
2019-10-02,9,TEN,15341.0,15156.0
2019-10-02,10,TEN,15334.0,15127.0
2019-10-02,11,TEN,16246.0,16049.0
2019-10-02,12,TEN,17233.0,16375.0
2019-10-02,13,TEN,17538.0,16027.0
2019-10-02,14,TEN,18605.0,17214.0
2019-10-02,15,TEN,20372.0,18884.0
2019-10-02,16,TEN,22460.0,21027.0
2019-10-02,17,TEN,24510.0,22832.0
2019-10-02,18,TEN,26044.0,23825.0
2019-10-02,19,TEN,27188.0,24341.0
2019-10-02,20,TEN,27896.0,24506.0
2019-10-02,21,TEN,28321.0,24882.0
2019-10-02,22,TEN,28353.0,24919.0
2019-10-02,23,TEN,27601.0,24159.0
2019-10-03,0,TEN,26385.0,23378.0
2019-10-03,1,TEN,25392.0,23182.0
2019-10-03,2,TEN,23816.0,22129.0
2019-10-03,3,TEN,21989.0,20472.0
2019-10-03,4,TEN,20048.0,19164.0
2019-10-03,5,TEN,18377.0,17989.0
2019-10-03,6,TEN,17093.0,16770.0
2019-10-03,7,TEN,16139.0,15855.0
2019-10-03,8,TEN,15592.0,15323.0
2019-10-03,9,TEN,15284.0,15088.0
2019-10-03,10,TEN,15506.0,15265.0
2019-10-03,11,TEN,16373.0,16146.0
2019-10-03,12,TEN,17549.0,16966.0
2019-10-03,13,TEN,17830.0,17077.0
2019-10-03,14,TEN,18991.0,18216.0
2019-10-03,15,TEN,20689.0,19840.0
2019-10-03,16,TEN,22765.0,22001.0
2019-10-03,17,TEN,24766.0,23728.0
2019-10-03,18,TEN,26461.0,24415.0
2019-10-03,19,TEN,27598.0,24983.0
2019-10-03,20,TEN,28236.0,25418.0
2019-10-03,21,TEN,28582.0,25571.0
2019-10-03,22,TEN,28419.0,25415.0
2019-10-03,23,TEN,27589.0,24652.0
2019-10-04,0,TEN,26501.0,23938.0
2019-10-04,1,TEN,25636.0,24145.0
2019-10-04,2,TEN,24203.0,23233.0
2019-10-04,3,TEN,22478.0,21691.0
2019-10-04,4,TEN,20668.0,20168.0
2019-10-04,5,TEN,18900.0,18546.0
2019-10-04,6,TEN,17592.0,17288.0
2019-10-04,7,TEN,16684.0,16434.0
2019-10-04,8,TEN,15976.0,15684.0
2019-10-04,9,TEN,15523.0,15297.0
2019-10-04,10,TEN,15570.0,15287.0
2019-10-04,11,TEN,16309.0,16015.0
2019-10-04,12,TEN,17121.0,16921.0
2019-10-04,13,TEN,17379.0,17105.0
2019-10-04,14,TEN,18027.0,17854.0
2019-10-04,15,TEN,19041.0,18831.0
2019-10-04,16,TEN,20292.0,20104.0
2019-10-04,17,TEN,21588.0,21302.0
2019-10-04,18,TEN,22655.0,22298.0
2019-10-04,19,TEN,23483.0,22909.0
2019-10-04,20,TEN,24119.0,23248.0
2019-10-04,21,TEN,24201.0,23248.0
2019-10-04,22,TEN,23933.0,22816.0
2019-10-04,23,TEN,22842.0,21966.0
2019-10-05,0,TEN,21384.0,20861.0
2019-10-05,1,TEN,20499.0,20371.0
2019-10-05,2,TEN,19590.0,19323.0
2019-10-05,3,TEN,18242.0,18117.0
2019-10-05,4,TEN,16743.0,16388.0
2019-10-05,5,TEN,15333.0,15060.0
2019-10-05,6,TEN,14256.0,13991.0
2019-10-05,7,TEN,13423.0,13133.0
2019-10-05,8,TEN,13072.0,12799.0
2019-10-05,9,TEN,12838.0,12575.0
2019-10-05,10,TEN,12781.0,12545.0
2019-10-05,11,TEN,13012.0,12774.0
2019-10-05,12,TEN,13349.0,13128.0
2019-10-05,13,TEN,13623.0,13385.0
2019-10-05,14,TEN,14654.0,14424.0
2019-10-05,15,TEN,15738.0,15453.0
2019-10-05,16,TEN,16948.0,16707.0
2019-10-05,17,TEN,18328.0,18051.0
2019-10-05,18,TEN,19873.0,19430.0
2019-10-05,19,TEN,21214.0,20450.0
2019-10-05,20,TEN,22321.0,20851.0
2019-10-05,21,TEN,22999.0,21191.0
2019-10-05,22,TEN,23156.0,21235.0
2019-10-05,23,TEN,22315.0,20391.0
2019-10-06,0,TEN,21268.0,19484.0
2019-10-06,1,TEN,20449.0,19015.0
2019-10-06,2,TEN,19332.0,18246.0
2019-10-06,3,TEN,18198.0,17455.0
2019-10-06,4,TEN,17092.0,16559.0
2019-10-06,5,TEN,15942.0,15704.0
2019-10-06,6,TEN,15020.0,14708.0
2019-10-06,7,TEN,14362.0,14032.0
2019-10-06,8,TEN,13990.0,13692.0
2019-10-06,9,TEN,13657.0,13402.0
2019-10-06,10,TEN,13605.0,13375.0
2019-10-06,11,TEN,13741.0,13522.0
2019-10-06,12,TEN,14109.0,13949.0
2019-10-06,13,TEN,14637.0,14480.0
2019-10-06,14,TEN,15555.0,15443.0
2019-10-06,15,TEN,16311.0,16146.0
2019-10-06,16,TEN,17031.0,16850.0
2019-10-06,17,TEN,17716.0,17516.0
2019-10-06,18,TEN,18335.0,18117.0
2019-10-06,19,TEN,18924.0,18732.0
2019-10-06,20,TEN,19377.0,18968.0
2019-10-06,21,TEN,19647.0,19163.0
2019-10-06,22,TEN,19587.0,19079.0
2019-10-06,23,TEN,19411.0,18919.0
2019-10-07,0,TEN,19226.0,18858.0
2019-10-07,1,TEN,18960.0,18664.0
2019-10-07,2,TEN,18167.0,17828.0
2019-10-07,3,TEN,17265.0,16926.0
2019-10-07,4,TEN,16080.0,15778.0
2019-10-07,5,TEN,15014.0,14669.0
2019-10-07,6,TEN,14309.0,13973.0
2019-10-07,7,TEN,13769.0,13500.0
2019-10-07,8,TEN,13571.0,13278.0
2019-10-07,9,TEN,13554.0,13293.0
2019-10-07,10,TEN,13918.0,13631.0
2019-10-07,11,TEN,14757.0,14556.0
2019-10-07,12,TEN,15857.0,15605.0
2019-10-07,13,TEN,16164.0,16048.0
2019-10-07,14,TEN,16559.0,16284.0
2019-10-07,15,TEN,16726.0,16483.0
2019-10-07,16,TEN,17019.0,16721.0
2019-10-07,17,TEN,17151.0,16943.0
2019-10-07,18,TEN,17151.0,16968.0
2019-10-07,19,TEN,16945.0,16765.0
2019-10-07,20,TEN,16833.0,16632.0
2019-10-07,21,TEN,16821.0,16630.0
2019-10-07,22,TEN,16763.0,16608.0
2019-10-07,23,TEN,16743.0,16608.0
2019-10-08,0,TEN,16976.0,16800.0
2019-10-08,1,TEN,16924.0,16790.0
2019-10-08,2,TEN,16475.0,16282.0
2019-10-08,3,TEN,15641.0,15374.0
2019-10-08,4,TEN,14652.0,14368.0
2019-10-08,5,TEN,13586.0,13351.0
2019-10-08,6,TEN,13084.0,12760.0
2019-10-08,7,TEN,12629.0,12427.0
2019-10-08,8,TEN,12400.0,12172.0
2019-10-08,9,TEN,12326.0,12098.0
2019-10-08,10,TEN,12631.0,12440.0
2019-10-08,11,TEN,13650.0,13243.0
2019-10-08,12,TEN,14737.0,14072.0
2019-10-08,13,TEN,15144.0,14383.0
2019-10-08,14,TEN,15497.0,14977.0
2019-10-08,15,TEN,15737.0,15129.0
2019-10-08,16,TEN,15986.0,15548.0
2019-10-08,17,TEN,16184.0,16049.0
2019-10-08,18,TEN,16451.0,16318.0
2019-10-08,19,TEN,16721.0,16584.0
2019-10-08,20,TEN,17036.0,16935.0
2019-10-08,21,TEN,17316.0,17240.0
2019-10-08,22,TEN,17533.0,17427.0
2019-10-08,23,TEN,17329.0,17169.0
2019-10-09,0,TEN,17372.0,17236.0
2019-10-09,1,TEN,17482.0,17391.0
2019-10-09,2,TEN,16803.0,16657.0
2019-10-09,3,TEN,15740.0,15541.0
2019-10-09,4,TEN,14642.0,14487.0
2019-10-09,5,TEN,13591.0,13355.0
2019-10-09,6,TEN,13001.0,12804.0
2019-10-09,7,TEN,12590.0,12301.0
2019-10-09,8,TEN,12322.0,12063.0
2019-10-09,9,TEN,12259.0,12015.0
2019-10-09,10,TEN,12734.0,12450.0
2019-10-09,11,TEN,13647.0,13391.0
2019-10-09,12,TEN,14738.0,14593.0
2019-10-09,13,TEN,14986.0,14740.0
2019-10-09,14,TEN,15300.0,14737.0
2019-10-09,15,TEN,15681.0,14559.0
2019-10-09,16,TEN,16147.0,15172.0
2019-10-09,17,TEN,16549.0,15827.0
2019-10-09,18,TEN,17077.0,16722.0
2019-10-09,19,TEN,17643.0,17410.0
2019-10-09,20,TEN,18278.0,18126.0
2019-10-09,21,TEN,18773.0,18601.0
2019-10-09,22,TEN,18973.0,18746.0
2019-10-09,23,TEN,18740.0,18373.0
2019-10-10,0,TEN,18473.0,18020.0
2019-10-10,1,TEN,18256.0,17892.0
2019-10-10,2,TEN,17442.0,17002.0
2019-10-10,3,TEN,16598.0,16251.0
2019-10-10,4,TEN,15198.0,14990.0
2019-10-10,5,TEN,14139.0,13857.0
2019-10-10,6,TEN,13489.0,13249.0
2019-10-10,7,TEN,12936.0,12732.0
2019-10-10,8,TEN,12757.0,12494.0
2019-10-10,9,TEN,12709.0,12479.0
2019-10-10,10,TEN,13057.0,12833.0
2019-10-10,11,TEN,14031.0,13819.0
2019-10-10,12,TEN,15099.0,15067.0
2019-10-10,13,TEN,15423.0,15282.0
2019-10-10,14,TEN,15680.0,15541.0
2019-10-10,15,TEN,16454.0,16376.0
2019-10-10,16,TEN,17232.0,17056.0
2019-10-10,17,TEN,18106.0,17831.0
2019-10-10,18,TEN,18962.0,18870.0
2019-10-10,19,TEN,19575.0,19536.0
2019-10-10,20,TEN,20016.0,19859.0
2019-10-10,21,TEN,20238.0,19944.0
2019-10-10,22,TEN,20246.0,19879.0
2019-10-10,23,TEN,19817.0,19343.0
2019-10-11,0,TEN,19682.0,19320.0
2019-10-11,1,TEN,19364.0,19209.0
2019-10-11,2,TEN,18452.0,18411.0
2019-10-11,3,TEN,17386.0,17179.0
2019-10-11,4,TEN,16063.0,15804.0
2019-10-11,5,TEN,14902.0,14646.0
2019-10-11,6,TEN,14173.0,13892.0
2019-10-11,7,TEN,13544.0,13345.0
2019-10-11,8,TEN,13252.0,13045.0
2019-10-11,9,TEN,13220.0,12992.0
2019-10-11,10,TEN,13448.0,13178.0
2019-10-11,11,TEN,14306.0,13995.0
2019-10-11,12,TEN,15347.0,15189.0
2019-10-11,13,TEN,15547.0,15318.0
2019-10-11,14,TEN,16042.0,15801.0
2019-10-11,15,TEN,16569.0,16282.0
2019-10-11,16,TEN,17335.0,17162.0
2019-10-11,17,TEN,17795.0,17608.0
2019-10-11,18,TEN,18268.0,18185.0
2019-10-11,19,TEN,18506.0,18438.0
2019-10-11,20,TEN,18557.0,18343.0
2019-10-11,21,TEN,18499.0,18172.0
2019-10-11,22,TEN,18082.0,17721.0
2019-10-11,23,TEN,17537.0,17349.0
2019-10-12,0,TEN,17407.0,17327.0
2019-10-12,1,TEN,17061.0,17022.0
2019-10-12,2,TEN,16338.0,16332.0
2019-10-12,3,TEN,15429.0,15287.0
2019-10-12,4,TEN,14569.0,14238.0
2019-10-12,5,TEN,13577.0,13271.0
2019-10-12,6,TEN,12797.0,12482.0
2019-10-12,7,TEN,12348.0,12062.0
2019-10-12,8,TEN,12070.0,11850.0
2019-10-12,9,TEN,11907.0,11656.0
2019-10-12,10,TEN,11939.0,11654.0
2019-10-12,11,TEN,12263.0,11985.0
2019-10-12,12,TEN,12650.0,12397.0
2019-10-12,13,TEN,13091.0,12834.0
2019-10-12,14,TEN,13744.0,13438.0
2019-10-12,15,TEN,14194.0,14003.0
2019-10-12,16,TEN,14310.0,14034.0
2019-10-12,17,TEN,14266.0,14020.0
2019-10-12,18,TEN,14001.0,13767.0
2019-10-12,19,TEN,14016.0,13803.0
2019-10-12,20,TEN,13964.0,13790.0
2019-10-12,21,TEN,14156.0,13981.0
2019-10-12,22,TEN,14212.0,14237.0
2019-10-12,23,TEN,14239.0,14240.0
2019-10-13,0,TEN,14551.0,14326.0
2019-10-13,1,TEN,14691.0,14432.0
2019-10-13,2,TEN,14365.0,14123.0
2019-10-13,3,TEN,13969.0,13703.0
2019-10-13,4,TEN,13251.0,13027.0
2019-10-13,5,TEN,12662.0,12425.0
2019-10-13,6,TEN,12218.0,12019.0
2019-10-13,7,TEN,11963.0,11738.0
2019-10-13,8,TEN,11841.0,11660.0
2019-10-13,9,TEN,11777.0,11582.0
2019-10-13,10,TEN,12017.0,11764.0
2019-10-13,11,TEN,12151.0,11924.0
2019-10-13,12,TEN,12870.0,12615.0
2019-10-13,13,TEN,13647.0,13327.0
2019-10-13,14,TEN,14085.0,13860.0
2019-10-13,15,TEN,14141.0,14113.0
2019-10-13,16,TEN,13985.0,13965.0
2019-10-13,17,TEN,13886.0,13661.0
2019-10-13,18,TEN,13847.0,13586.0
2019-10-13,19,TEN,13896.0,13606.0
2019-10-13,20,TEN,13952.0,13707.0
2019-10-13,21,TEN,14036.0,13889.0
2019-10-13,22,TEN,14323.0,14187.0
2019-10-13,23,TEN,14456.0,14368.0
2019-10-14,0,TEN,15018.0,14874.0
2019-10-14,1,TEN,15256.0,15016.0
2019-10-14,2,TEN,14827.0,14589.0
2019-10-14,3,TEN,14179.0,13907.0
2019-10-14,4,TEN,13357.0,13053.0
2019-10-14,5,TEN,12672.0,12519.0
2019-10-14,6,TEN,12348.0,11875.0
2019-10-14,7,TEN,12126.0,11635.0
2019-10-14,8,TEN,11997.0,11604.0
2019-10-14,9,TEN,12130.0,11718.0
2019-10-14,10,TEN,12724.0,12398.0
2019-10-14,11,TEN,14092.0,13981.0
2019-10-14,12,TEN,15325.0,15171.0
2019-10-14,13,TEN,15792.0,15669.0
2019-10-14,14,TEN,15809.0,15672.0
2019-10-14,15,TEN,15798.0,15698.0
2019-10-14,16,TEN,15765.0,15679.0
2019-10-14,17,TEN,15654.0,15626.0
2019-10-14,18,TEN,15753.0,15520.0
2019-10-14,19,TEN,15627.0,15462.0
2019-10-14,20,TEN,15780.0,15565.0
2019-10-14,21,TEN,15758.0,15563.0
2019-10-14,22,TEN,15827.0,15649.0
2019-10-14,23,TEN,15768.0,15660.0
2019-10-15,0,TEN,16276.0,16032.0
2019-10-15,1,TEN,16373.0,16175.0
2019-10-15,2,TEN,15755.0,15542.0
2019-10-15,3,TEN,15061.0,14791.0
2019-10-15,4,TEN,14073.0,13863.0
2019-10-15,5,TEN,13304.0,13041.0
2019-10-15,6,TEN,12744.0,12468.0
2019-10-15,7,TEN,12351.0,12123.0
2019-10-15,8,TEN,12361.0,12113.0
2019-10-15,9,TEN,12412.0,12178.0
2019-10-15,10,TEN,12967.0,12407.0
2019-10-15,11,TEN,13988.0,13627.0
2019-10-15,12,TEN,15357.0,14765.0
2019-10-15,13,TEN,15552.0,15052.0
2019-10-15,14,TEN,15675.0,15113.0
2019-10-15,15,TEN,15789.0,15317.0
2019-10-15,16,TEN,16018.0,15435.0
2019-10-15,17,TEN,16017.0,15517.0
2019-10-15,18,TEN,16262.0,15705.0
2019-10-15,19,TEN,16246.0,15744.0
2019-10-15,20,TEN,16229.0,15751.0
2019-10-15,21,TEN,16146.0,15815.0
2019-10-15,22,TEN,16311.0,15962.0
2019-10-15,23,TEN,16431.0,16136.0
2019-10-16,0,TEN,17044.0,16723.0
2019-10-16,1,TEN,17105.0,16778.0
2019-10-16,2,TEN,16645.0,16389.0
2019-10-16,3,TEN,15771.0,15462.0
2019-10-16,4,TEN,14823.0,14441.0
2019-10-16,5,TEN,13858.0,13522.0
2019-10-16,6,TEN,13324.0,12941.0
2019-10-16,7,TEN,12951.0,12591.0
2019-10-16,8,TEN,12670.0,12347.0
2019-10-16,9,TEN,12650.0,12313.0
2019-10-16,10,TEN,12930.0,12641.0
2019-10-16,11,TEN,13795.0,13505.0
2019-10-16,12,TEN,14915.0,14635.0
2019-10-16,13,TEN,15093.0,14844.0
2019-10-16,14,TEN,15253.0,15055.0
2019-10-16,15,TEN,15415.0,15068.0
2019-10-16,16,TEN,15498.0,15190.0
2019-10-16,17,TEN,15543.0,15257.0
2019-10-16,18,TEN,15536.0,15214.0
2019-10-16,19,TEN,15448.0,15127.0
2019-10-16,20,TEN,15423.0,15113.0
2019-10-16,21,TEN,15426.0,15150.0
2019-10-16,22,TEN,15589.0,15340.0
2019-10-16,23,TEN,15604.0,15408.0
2019-10-17,0,TEN,16109.0,15874.0
2019-10-17,1,TEN,16355.0,16122.0
2019-10-17,2,TEN,15916.0,15669.0
2019-10-17,3,TEN,15221.0,14929.0
2019-10-17,4,TEN,14266.0,13922.0
2019-10-17,5,TEN,13544.0,13245.0
2019-10-17,6,TEN,13190.0,12799.0
2019-10-17,7,TEN,13009.0,12705.0
2019-10-17,8,TEN,12935.0,12678.0
2019-10-17,9,TEN,13092.0,12816.0
2019-10-17,10,TEN,13821.0,13573.0
2019-10-17,11,TEN,15185.0,14938.0
2019-10-17,12,TEN,16601.0,16432.0
2019-10-17,13,TEN,16892.0,16737.0
2019-10-17,14,TEN,16782.0,16578.0
2019-10-17,15,TEN,16694.0,16490.0
2019-10-17,16,TEN,16312.0,16174.0
2019-10-17,17,TEN,15924.0,15745.0
2019-10-17,18,TEN,15824.0,15469.0
2019-10-17,19,TEN,15605.0,15267.0
2019-10-17,20,TEN,15319.0,15011.0
2019-10-17,21,TEN,15353.0,15049.0
2019-10-17,22,TEN,15411.0,15250.0
2019-10-17,23,TEN,15489.0,15297.0
2019-10-18,0,TEN,16257.0,15990.0
2019-10-18,1,TEN,16559.0,16343.0
2019-10-18,2,TEN,16279.0,16073.0
2019-10-18,3,TEN,15540.0,15291.0
2019-10-18,4,TEN,14787.0,14561.0
2019-10-18,5,TEN,14101.0,13796.0
2019-10-18,6,TEN,13697.0,13430.0
2019-10-18,7,TEN,13499.0,13209.0
2019-10-18,8,TEN,13526.0,13210.0
2019-10-18,9,TEN,13796.0,13500.0
2019-10-18,10,TEN,14319.0,14042.0
2019-10-18,11,TEN,15552.0,15339.0
2019-10-18,12,TEN,17013.0,16900.0
2019-10-18,13,TEN,17182.0,17083.0
2019-10-18,14,TEN,17060.0,17015.0
2019-10-18,15,TEN,16588.0,16486.0
2019-10-18,16,TEN,16245.0,16179.0
2019-10-18,17,TEN,15833.0,15706.0
2019-10-18,18,TEN,15627.0,15377.0
2019-10-18,19,TEN,15301.0,15048.0
2019-10-18,20,TEN,15203.0,14950.0
2019-10-18,21,TEN,15126.0,14986.0
2019-10-18,22,TEN,15043.0,14864.0
2019-10-18,23,TEN,15019.0,14812.0
2019-10-19,0,TEN,15298.0,15116.0
2019-10-19,1,TEN,15507.0,15248.0
2019-10-19,2,TEN,15221.0,14983.0
2019-10-19,3,TEN,14698.0,14478.0
2019-10-19,4,TEN,13999.0,13754.0
2019-10-19,5,TEN,13319.0,13103.0
2019-10-19,6,TEN,12957.0,12698.0
2019-10-19,7,TEN,12725.0,12418.0
2019-10-19,8,TEN,12671.0,12418.0
2019-10-19,9,TEN,12669.0,12357.0
2019-10-19,10,TEN,12861.0,12653.0
2019-10-19,11,TEN,13318.0,13163.0
2019-10-19,12,TEN,13973.0,13823.0
2019-10-19,13,TEN,14381.0,14126.0
2019-10-19,14,TEN,14851.0,14620.0
2019-10-19,15,TEN,14990.0,14724.0
2019-10-19,16,TEN,14950.0,14677.0
2019-10-19,17,TEN,14765.0,14476.0
2019-10-19,18,TEN,14556.0,14336.0
2019-10-19,19,TEN,14524.0,14284.0
2019-10-19,20,TEN,14405.0,14183.0
2019-10-19,21,TEN,14423.0,14169.0
2019-10-19,22,TEN,14485.0,14238.0
2019-10-19,23,TEN,14681.0,14410.0
2019-10-20,0,TEN,15053.0,14794.0
2019-10-20,1,TEN,14986.0,14699.0
2019-10-20,2,TEN,14676.0,14389.0
2019-10-20,3,TEN,14129.0,13842.0
2019-10-20,4,TEN,13561.0,13339.0
2019-10-20,5,TEN,12967.0,12670.0
2019-10-20,6,TEN,12328.0,12078.0
2019-10-20,7,TEN,11994.0,11672.0
2019-10-20,8,TEN,11752.0,11477.0
2019-10-20,9,TEN,11635.0,11359.0
2019-10-20,10,TEN,11778.0,11486.0
2019-10-20,11,TEN,12088.0,11876.0
2019-10-20,12,TEN,12494.0,12302.0
2019-10-20,13,TEN,13058.0,12820.0
2019-10-20,14,TEN,13709.0,13487.0
2019-10-20,15,TEN,14040.0,13829.0
2019-10-20,16,TEN,14127.0,13901.0
2019-10-20,17,TEN,14280.0,14055.0
2019-10-20,18,TEN,14487.0,14252.0
2019-10-20,19,TEN,14703.0,14485.0
2019-10-20,20,TEN,14967.0,14785.0
2019-10-20,21,TEN,15213.0,15075.0
2019-10-20,22,TEN,15423.0,15262.0
2019-10-20,23,TEN,15524.0,15293.0
2019-10-21,0,TEN,16070.0,15787.0
2019-10-21,1,TEN,16177.0,15963.0
2019-10-21,2,TEN,15636.0,15370.0
2019-10-21,3,TEN,14873.0,14607.0
2019-10-21,4,TEN,13827.0,13582.0
2019-10-21,5,TEN,13173.0,12889.0
2019-10-21,6,TEN,12423.0,12116.0
2019-10-21,7,TEN,12296.0,12006.0
2019-10-21,8,TEN,12142.0,11834.0
2019-10-21,9,TEN,12235.0,11924.0
2019-10-21,10,TEN,12756.0,12485.0
2019-10-21,11,TEN,13951.0,13543.0
2019-10-21,12,TEN,15321.0,15091.0
2019-10-21,13,TEN,15462.0,15272.0
2019-10-21,14,TEN,15796.0,15345.0
2019-10-21,15,TEN,16192.0,15726.0
2019-10-21,16,TEN,16338.0,15923.0
2019-10-21,17,TEN,16427.0,16059.0
2019-10-21,18,TEN,16420.0,15915.0
2019-10-21,19,TEN,16164.0,15780.0
2019-10-21,20,TEN,15907.0,15581.0
2019-10-21,21,TEN,15931.0,15567.0
2019-10-21,22,TEN,15954.0,15646.0
2019-10-21,23,TEN,16293.0,16118.0
2019-10-22,0,TEN,16742.0,16597.0
2019-10-22,1,TEN,16882.0,16687.0
2019-10-22,2,TEN,16330.0,16105.0
2019-10-22,3,TEN,15567.0,15348.0
2019-10-22,4,TEN,14427.0,14172.0
2019-10-22,5,TEN,13586.0,13373.0
2019-10-22,6,TEN,13045.0,12772.0
2019-10-22,7,TEN,12532.0,12297.0
2019-10-22,8,TEN,12364.0,12134.0
2019-10-22,9,TEN,12479.0,12235.0
2019-10-22,10,TEN,12637.0,12431.0
2019-10-22,11,TEN,13819.0,13595.0
2019-10-22,12,TEN,15150.0,14987.0
2019-10-22,13,TEN,15375.0,15223.0
2019-10-22,14,TEN,15436.0,15241.0
2019-10-22,15,TEN,15567.0,15355.0
2019-10-22,16,TEN,15508.0,15325.0
2019-10-22,17,TEN,15677.0,15465.0
2019-10-22,18,TEN,15478.0,15278.0
2019-10-22,19,TEN,15507.0,15325.0
2019-10-22,20,TEN,15397.0,15240.0
2019-10-22,21,TEN,15401.0,15243.0
2019-10-22,22,TEN,15439.0,15286.0
2019-10-22,23,TEN,15533.0,15319.0
2019-10-23,0,TEN,16154.0,15962.0
2019-10-23,1,TEN,16346.0,16078.0
2019-10-23,2,TEN,16083.0,15817.0
2019-10-23,3,TEN,15219.0,14911.0
2019-10-23,4,TEN,14146.0,13982.0
2019-10-23,5,TEN,13460.0,13304.0
2019-10-23,6,TEN,13083.0,12941.0
2019-10-23,7,TEN,12939.0,12780.0
2019-10-23,8,TEN,12774.0,12592.0
2019-10-23,9,TEN,13105.0,12935.0
2019-10-23,10,TEN,13840.0,13638.0
2019-10-23,11,TEN,15450.0,15162.0
2019-10-23,12,TEN,16936.0,16743.0
2019-10-23,13,TEN,17106.0,16909.0
2019-10-23,14,TEN,17060.0,16681.0
2019-10-23,15,TEN,16476.0,16205.0
2019-10-23,16,TEN,16277.0,15915.0
2019-10-23,17,TEN,15994.0,15689.0
2019-10-23,18,TEN,15652.0,15328.0
2019-10-23,19,TEN,15498.0,15274.0
2019-10-23,20,TEN,15481.0,15167.0
2019-10-23,21,TEN,15339.0,15044.0
2019-10-23,22,TEN,15562.0,15376.0
2019-10-23,23,TEN,15697.0,15569.0
2019-10-24,0,TEN,16366.0,16214.0
2019-10-24,1,TEN,16547.0,16378.0
2019-10-24,2,TEN,16297.0,16071.0
2019-10-24,3,TEN,15429.0,15127.0
2019-10-24,4,TEN,14704.0,14421.0
2019-10-24,5,TEN,13989.0,13759.0
2019-10-24,6,TEN,13678.0,13421.0
2019-10-24,7,TEN,13534.0,13306.0
2019-10-24,8,TEN,13570.0,13386.0
2019-10-24,9,TEN,13814.0,13678.0
2019-10-24,10,TEN,14426.0,14174.0
2019-10-24,11,TEN,15724.0,15469.0
2019-10-24,12,TEN,17358.0,17218.0
2019-10-24,13,TEN,17636.0,17545.0
2019-10-24,14,TEN,17226.0,17139.0
2019-10-24,15,TEN,16677.0,16556.0
2019-10-24,16,TEN,16245.0,16113.0
2019-10-24,17,TEN,15904.0,15736.0
2019-10-24,18,TEN,15710.0,15537.0
2019-10-24,19,TEN,15518.0,15292.0
2019-10-24,20,TEN,15517.0,15221.0
2019-10-24,21,TEN,15547.0,15463.0
2019-10-24,22,TEN,15587.0,15487.0
2019-10-24,23,TEN,15611.0,15560.0
2019-10-25,0,TEN,16303.0,16249.0
2019-10-25,1,TEN,16381.0,16356.0
2019-10-25,2,TEN,16034.0,15877.0
2019-10-25,3,TEN,15373.0,15154.0
2019-10-25,4,TEN,14416.0,14175.0
2019-10-25,5,TEN,13586.0,13373.0
2019-10-25,6,TEN,13106.0,12879.0
2019-10-25,7,TEN,12837.0,12671.0
2019-10-25,8,TEN,12755.0,12625.0
2019-10-25,9,TEN,12964.0,12810.0
2019-10-25,10,TEN,13499.0,13307.0
2019-10-25,11,TEN,14458.0,14050.0
2019-10-25,12,TEN,15878.0,15635.0
2019-10-25,13,TEN,16126.0,16003.0
2019-10-25,14,TEN,16164.0,16072.0
2019-10-25,15,TEN,16231.0,16088.0
2019-10-25,16,TEN,16174.0,16016.0
2019-10-25,17,TEN,16084.0,15675.0
2019-10-25,18,TEN,15930.0,15702.0
2019-10-25,19,TEN,15748.0,15622.0
2019-10-25,20,TEN,15503.0,15317.0
2019-10-25,21,TEN,15514.0,15338.0
2019-10-25,22,TEN,15634.0,15498.0
2019-10-25,23,TEN,15833.0,15717.0
2019-10-26,0,TEN,16163.0,16017.0
2019-10-26,1,TEN,16193.0,16031.0
2019-10-26,2,TEN,15920.0,15738.0
2019-10-26,3,TEN,15184.0,14988.0
2019-10-26,4,TEN,14501.0,14286.0
2019-10-26,5,TEN,13622.0,13317.0
2019-10-26,6,TEN,13043.0,12838.0
2019-10-26,7,TEN,12785.0,12508.0
2019-10-26,8,TEN,12510.0,12225.0
2019-10-26,9,TEN,12575.0,12238.0
2019-10-26,10,TEN,12378.0,12023.0
2019-10-26,11,TEN,12788.0,12604.0
2019-10-26,12,TEN,13264.0,13275.0
2019-10-26,13,TEN,13817.0,13798.0
2019-10-26,14,TEN,14445.0,14452.0
2019-10-26,15,TEN,14972.0,14961.0
2019-10-26,16,TEN,15281.0,15184.0
2019-10-26,17,TEN,15172.0,15143.0
2019-10-26,18,TEN,14956.0,14894.0
2019-10-26,19,TEN,14861.0,14801.0
2019-10-26,20,TEN,14688.0,14629.0
2019-10-26,21,TEN,14579.0,14618.0
2019-10-26,22,TEN,14669.0,14728.0
2019-10-26,23,TEN,14839.0,14897.0
2019-10-27,0,TEN,15315.0,15265.0
2019-10-27,1,TEN,15190.0,15175.0
2019-10-27,2,TEN,14807.0,14771.0
2019-10-27,3,TEN,14415.0,14408.0
2019-10-27,4,TEN,13650.0,13468.0
2019-10-27,5,TEN,12794.0,12632.0
2019-10-27,6,TEN,12205.0,11927.0
2019-10-27,7,TEN,11863.0,11551.0
2019-10-27,8,TEN,11542.0,11254.0
2019-10-27,9,TEN,11431.0,11123.0
2019-10-27,10,TEN,11512.0,11147.0
2019-10-27,11,TEN,11752.0,11516.0
2019-10-27,12,TEN,12300.0,12243.0
2019-10-27,13,TEN,12993.0,13001.0
2019-10-27,14,TEN,13738.0,13742.0
2019-10-27,15,TEN,13958.0,13952.0
2019-10-27,16,TEN,14070.0,14037.0
2019-10-27,17,TEN,14148.0,14205.0
2019-10-27,18,TEN,14229.0,14264.0
2019-10-27,19,TEN,14298.0,14308.0
2019-10-27,20,TEN,14058.0,14108.0
2019-10-27,21,TEN,14118.0,14073.0
2019-10-27,22,TEN,14252.0,14126.0
2019-10-27,23,TEN,14630.0,14414.0
2019-10-28,0,TEN,15443.0,15239.0
2019-10-28,1,TEN,15416.0,15218.0
2019-10-28,2,TEN,14973.0,14820.0
2019-10-28,3,TEN,14199.0,14063.0
2019-10-28,4,TEN,13437.0,13092.0
2019-10-28,5,TEN,12732.0,12453.0
2019-10-28,6,TEN,12093.0,11980.0
2019-10-28,7,TEN,12016.0,11918.0
2019-10-28,8,TEN,12014.0,11927.0
2019-10-28,9,TEN,12229.0,12178.0
2019-10-28,10,TEN,12798.0,12631.0
2019-10-28,11,TEN,14268.0,14165.0
2019-10-28,12,TEN,15517.0,15423.0
2019-10-28,13,TEN,15882.0,16064.0
2019-10-28,14,TEN,15967.0,15940.0
2019-10-28,15,TEN,15999.0,15925.0
2019-10-28,16,TEN,15940.0,15886.0
2019-10-28,17,TEN,15872.0,15913.0
2019-10-28,18,TEN,15560.0,15663.0
2019-10-28,19,TEN,15622.0,15688.0
2019-10-28,20,TEN,15436.0,15467.0
2019-10-28,21,TEN,15451.0,15488.0
2019-10-28,22,TEN,15649.0,15611.0
2019-10-28,23,TEN,15853.0,15846.0
2019-10-29,0,TEN,16658.0,16570.0
2019-10-29,1,TEN,16633.0,16493.0
2019-10-29,2,TEN,16170.0,16060.0
2019-10-29,3,TEN,15317.0,15177.0
2019-10-29,4,TEN,14280.0,14148.0
2019-10-29,5,TEN,13330.0,13176.0
2019-10-29,6,TEN,12931.0,12772.0
2019-10-29,7,TEN,12681.0,12548.0
2019-10-29,8,TEN,12504.0,12375.0
2019-10-29,9,TEN,12633.0,12496.0
2019-10-29,10,TEN,13199.0,13063.0
2019-10-29,11,TEN,14307.0,14337.0
2019-10-29,12,TEN,15766.0,15614.0
2019-10-29,13,TEN,15975.0,15966.0
2019-10-29,14,TEN,15842.0,15862.0
2019-10-29,15,TEN,15831.0,16061.0
2019-10-29,16,TEN,15883.0,16101.0
2019-10-29,17,TEN,15936.0,16056.0
2019-10-29,18,TEN,15710.0,15713.0
2019-10-29,19,TEN,15662.0,15591.0
2019-10-29,20,TEN,15495.0,15688.0
2019-10-29,21,TEN,15507.0,15698.0
2019-10-29,22,TEN,15601.0,15559.0
2019-10-29,23,TEN,15822.0,15927.0
2019-10-30,0,TEN,16708.0,16704.0
2019-10-30,1,TEN,16816.0,16836.0
2019-10-30,2,TEN,16358.0,16161.0
2019-10-30,3,TEN,15462.0,15282.0
2019-10-30,4,TEN,14512.0,14370.0
2019-10-30,5,TEN,13491.0,13312.0
2019-10-30,6,TEN,13051.0,12867.0
2019-10-30,7,TEN,12708.0,12568.0
2019-10-30,8,TEN,12516.0,12353.0
2019-10-30,9,TEN,12605.0,12455.0
2019-10-30,10,TEN,12949.0,12918.0
2019-10-30,11,TEN,14139.0,14107.0
2019-10-30,12,TEN,15416.0,15487.0
2019-10-30,13,TEN,15787.0,16095.0
2019-10-30,14,TEN,15819.0,16308.0
2019-10-30,15,TEN,15945.0,16382.0
2019-10-30,16,TEN,16137.0,16461.0
2019-10-30,17,TEN,16155.0,16416.0
2019-10-30,18,TEN,16011.0,16194.0
2019-10-30,19,TEN,15858.0,15804.0
2019-10-30,20,TEN,15761.0,15984.0
2019-10-30,21,TEN,15706.0,15974.0
2019-10-30,22,TEN,15907.0,16134.0
2019-10-30,23,TEN,16237.0,16152.0
2019-10-31,0,TEN,16815.0,16722.0
2019-10-31,1,TEN,16694.0,16605.0
2019-10-31,2,TEN,16358.0,16195.0
2019-10-31,3,TEN,15664.0,15489.0
2019-10-31,4,TEN,14674.0,14523.0
2019-10-31,5,TEN,13767.0,13624.0
2019-10-31,6,TEN,13197.0,13043.0
2019-10-31,7,TEN,12877.0,12657.0
2019-10-31,8,TEN,12713.0,12564.0
2019-10-31,9,TEN,12868.0,12697.0
2019-10-31,10,TEN,13330.0,13288.0
2019-10-31,11,TEN,14628.0,14562.0
2019-10-31,12,TEN,15649.0,15642.0
2019-10-31,13,TEN,16196.0,16107.0
2019-10-31,14,TEN,16498.0,16449.0
2019-10-31,15,TEN,17025.0,17008.0
2019-10-31,16,TEN,16852.0,16836.0
2019-10-31,17,TEN,17066.0,16981.0
2019-10-31,18,TEN,17099.0,17075.0
2019-10-31,19,TEN,17114.0,17074.0
2019-10-31,20,TEN,17207.0,17163.0
2019-10-31,21,TEN,17141.0,17124.0
2019-10-31,22,TEN,17539.0,17501.0
2019-10-31,23,TEN,17942.0,17913.0
2019-11-01,0,TEN,18612.0,18579.0
2019-11-01,1,TEN,19025.0,18775.0
2019-11-01,2,TEN,19238.0,19152.0
2019-11-01,3,TEN,18853.0,18781.0
2019-11-01,4,TEN,18070.0,17963.0
2019-11-01,5,TEN,17478.0,17377.0
2019-11-01,6,TEN,17192.0,17116.0
2019-11-01,7,TEN,17136.0,17058.0
2019-11-01,8,TEN,17218.0,17138.0
2019-11-01,9,TEN,17540.0,17438.0
2019-11-01,10,TEN,18359.0,18242.0
2019-11-01,11,TEN,19729.0,19486.0
2019-11-01,12,TEN,21231.0,20284.0
2019-11-01,13,TEN,21451.0,20555.0
2019-11-01,14,TEN,20956.0,20805.0
2019-11-01,15,TEN,20051.0,19900.0
2019-11-01,16,TEN,19260.0,19106.0
2019-11-01,17,TEN,18235.0,18042.0
2019-11-01,18,TEN,17416.0,17297.0
2019-11-01,19,TEN,16894.0,16763.0
2019-11-01,20,TEN,16116.0,16089.0
2019-11-01,21,TEN,15965.0,15859.0
2019-11-01,22,TEN,16160.0,16043.0
2019-11-01,23,TEN,16747.0,16675.0
2019-11-02,0,TEN,17969.0,17829.0
2019-11-02,1,TEN,18194.0,18094.0
2019-11-02,2,TEN,18406.0,18255.0
2019-11-02,3,TEN,17998.0,17838.0
2019-11-02,4,TEN,17698.0,17541.0
2019-11-02,5,TEN,17261.0,17148.0
2019-11-02,6,TEN,17174.0,16990.0
2019-11-02,7,TEN,17307.0,17136.0
2019-11-02,8,TEN,17453.0,17287.0
2019-11-02,9,TEN,17686.0,17555.0
2019-11-02,10,TEN,18113.0,18024.0
2019-11-02,11,TEN,18776.0,18609.0
2019-11-02,12,TEN,19489.0,19371.0
2019-11-02,13,TEN,20093.0,19906.0
2019-11-02,14,TEN,19930.0,19812.0
2019-11-02,15,TEN,18944.0,18938.0
2019-11-02,16,TEN,17743.0,17618.0
2019-11-02,17,TEN,16781.0,16674.0
2019-11-02,18,TEN,15912.0,15803.0
2019-11-02,19,TEN,15212.0,15118.0
2019-11-02,20,TEN,14911.0,14887.0
2019-11-02,21,TEN,14777.0,14701.0
2019-11-02,22,TEN,14944.0,14874.0
2019-11-02,23,TEN,15448.0,15360.0
2019-11-03,0,TEN,16450.0,16389.0
2019-11-03,1,TEN,16639.0,16509.0
2019-11-03,2,TEN,16838.0,16694.0
2019-11-03,3,TEN,16426.0,16268.0
2019-11-03,4,TEN,16259.0,16113.0
2019-11-03,5,TEN,15876.0,15763.0
2019-11-03,6,TEN,15808.0,15679.0
2019-11-03,7,TEN,15879.0,15670.0
2019-11-03,8,TEN,16123.0,15997.0
2019-11-03,9,TEN,16358.0,16206.0
2019-11-03,10,TEN,16734.0,16663.0
2019-11-03,11,TEN,17076.0,16951.0
2019-11-03,12,TEN,17804.0,17691.0
2019-11-03,13,TEN,18560.0,18413.0
2019-11-03,14,TEN,18740.0,18638.0
2019-11-03,15,TEN,17851.0,17868.0
2019-11-03,16,TEN,16603.0,16678.0
2019-11-03,17,TEN,15664.0,15555.0
2019-11-03,18,TEN,15042.0,14888.0
2019-11-03,19,TEN,14690.0,14577.0
2019-11-03,20,TEN,14494.0,14367.0
2019-11-03,21,TEN,14372.0,14242.0
2019-11-03,22,TEN,14561.0,14449.0
2019-11-03,23,TEN,15152.0,15070.0
2019-11-04,0,TEN,16554.0,16426.0
2019-11-04,1,TEN,16933.0,16863.0
2019-11-04,2,TEN,17099.0,16959.0
2019-11-04,3,TEN,16955.0,16861.0
2019-11-04,4,TEN,16571.0,16438.0
2019-11-04,5,TEN,16147.0,15976.0
2019-11-04,6,TEN,1583.0,1567.0
2019-11-04,7,TEN,15843.0,15686.0
2019-11-04,8,TEN,15923.0,15387.0
2019-11-04,9,TEN,16202.0,15599.0
2019-11-04,10,TEN,16779.0,16279.0
2019-11-04,11,TEN,17578.0,17349.0
2019-11-04,12,TEN,19108.0,18844.0
2019-11-04,13,TEN,20259.0,19723.0
2019-11-04,14,TEN,19926.0,19358.0
2019-11-04,15,TEN,18937.0,18352.0
2019-11-04,16,TEN,18098.0,17521.0
2019-11-04,17,TEN,17518.0,16938.0
2019-11-04,18,TEN,17043.0,16454.0
2019-11-04,19,TEN,16642.0,16096.0
2019-11-04,20,TEN,16245.0,16083.0
2019-11-04,21,TEN,16068.0,15928.0
2019-11-04,22,TEN,16160.0,15980.0
2019-11-04,23,TEN,16652.0,16474.0
2019-11-05,0,TEN,17826.0,17591.0
2019-11-05,1,TEN,18119.0,17832.0
2019-11-05,2,TEN,17892.0,17772.0
2019-11-05,3,TEN,17549.0,17338.0
2019-11-05,4,TEN,16894.0,16763.0
2019-11-05,5,TEN,16065.0,15903.0
2019-11-05,6,TEN,15538.0,15435.0
2019-11-05,7,TEN,15265.0,15117.0
2019-11-05,8,TEN,15101.0,14990.0
2019-11-05,9,TEN,15197.0,15049.0
2019-11-05,10,TEN,15302.0,15243.0
2019-11-05,11,TEN,15842.0,15739.0
2019-11-05,12,TEN,17200.0,17009.0
2019-11-05,13,TEN,18309.0,18138.0
2019-11-05,14,TEN,18070.0,17919.0
2019-11-05,15,TEN,17598.0,17119.0
2019-11-05,16,TEN,17187.0,16716.0
2019-11-05,17,TEN,16582.0,16035.0
2019-11-05,18,TEN,16259.0,15978.0
2019-11-05,19,TEN,16176.0,15847.0
2019-11-05,20,TEN,15897.0,15380.0
2019-11-05,21,TEN,15642.0,15208.0
2019-11-05,22,TEN,15725.0,15320.0
2019-11-05,23,TEN,16133.0,15961.0
2019-11-06,0,TEN,17261.0,17157.0
2019-11-06,1,TEN,17559.0,17513.0
2019-11-06,2,TEN,16969.0,16907.0
2019-11-06,3,TEN,16753.0,16662.0
2019-11-06,4,TEN,16263.0,16065.0
2019-11-06,5,TEN,15450.0,15227.0
2019-11-06,6,TEN,14962.0,14796.0
2019-11-06,7,TEN,14795.0,14650.0
2019-11-06,8,TEN,14768.0,14628.0
2019-11-06,9,TEN,14916.0,14728.0
2019-11-06,10,TEN,15162.0,14981.0
2019-11-06,11,TEN,15932.0,15733.0
2019-11-06,12,TEN,17484.0,17170.0
2019-11-06,13,TEN,18683.0,18511.0
2019-11-06,14,TEN,18250.0,18157.0
2019-11-06,15,TEN,17323.0,17205.0
2019-11-06,16,TEN,16622.0,16489.0
2019-11-06,17,TEN,16309.0,16142.0
2019-11-06,18,TEN,15830.0,15699.0
2019-11-06,19,TEN,15622.0,15481.0
2019-11-06,20,TEN,15557.0,15409.0
2019-11-06,21,TEN,15381.0,15225.0
2019-11-06,22,TEN,15580.0,15396.0
2019-11-06,23,TEN,15946.0,15829.0
2019-11-07,0,TEN,16905.0,16784.0
2019-11-07,1,TEN,17077.0,16957.0
2019-11-07,2,TEN,16826.0,16737.0
2019-11-07,3,TEN,16488.0,16308.0
2019-11-07,4,TEN,15466.0,15285.0
2019-11-07,5,TEN,14742.0,14656.0
2019-11-07,6,TEN,13957.0,13754.0
2019-11-07,7,TEN,13583.0,13513.0
2019-11-07,8,TEN,13349.0,13241.0
2019-11-07,9,TEN,13236.0,13146.0
2019-11-07,10,TEN,13431.0,13386.0
2019-11-07,11,TEN,13849.0,13862.0
2019-11-07,12,TEN,15192.0,15207.0
2019-11-07,13,TEN,16385.0,16366.0
2019-11-07,14,TEN,16513.0,16494.0
2019-11-07,15,TEN,16512.0,16525.0
2019-11-07,16,TEN,16659.0,16585.0
2019-11-07,17,TEN,16872.0,16775.0
2019-11-07,18,TEN,16878.0,16819.0
2019-11-07,19,TEN,16902.0,16865.0
2019-11-07,20,TEN,16864.0,16928.0
2019-11-07,21,TEN,16923.0,17208.0
2019-11-07,22,TEN,17155.0,17317.0
2019-11-07,23,TEN,17857.0,17938.0
2019-11-08,0,TEN,18473.0,18486.0
2019-11-08,1,TEN,18542.0,18158.0
2019-11-08,2,TEN,18385.0,18142.0
2019-11-08,3,TEN,18005.0,17983.0
2019-11-08,4,TEN,17342.0,17336.0
2019-11-08,5,TEN,16564.0,16496.0
2019-11-08,6,TEN,16150.0,16028.0
2019-11-08,7,TEN,15924.0,15667.0
2019-11-08,8,TEN,16080.0,15804.0
2019-11-08,9,TEN,16372.0,16159.0
2019-11-08,10,TEN,16721.0,16509.0
2019-11-08,11,TEN,17559.0,17353.0
2019-11-08,12,TEN,19234.0,18664.0
2019-11-08,13,TEN,20630.0,19334.0
2019-11-08,14,TEN,20740.0,19453.0
2019-11-08,15,TEN,20276.0,19579.0
2019-11-08,16,TEN,19592.0,19382.0
2019-11-08,17,TEN,19038.0,18802.0
2019-11-08,18,TEN,18413.0,18177.0
2019-11-08,19,TEN,17844.0,17596.0
2019-11-08,20,TEN,17578.0,17390.0
2019-11-08,21,TEN,17374.0,17200.0
2019-11-08,22,TEN,17600.0,17433.0
2019-11-08,23,TEN,18421.0,18223.0
2019-11-09,0,TEN,19840.0,19519.0
2019-11-09,1,TEN,20226.0,19576.0
2019-11-09,2,TEN,20358.0,19701.0
2019-11-09,3,TEN,20351.0,19636.0
2019-11-09,4,TEN,20194.0,19554.0
2019-11-09,5,TEN,19833.0,19248.0
2019-11-09,6,TEN,19505.0,18860.0
2019-11-09,7,TEN,19440.0,19018.0
2019-11-09,8,TEN,19508.0,19061.0
2019-11-09,9,TEN,19626.0,19338.0
2019-11-09,10,TEN,19798.0,19188.0
2019-11-09,11,TEN,20235.0,19410.0
2019-11-09,12,TEN,20820.0,19819.0
2019-11-09,13,TEN,21517.0,20120.0
2019-11-09,14,TEN,21545.0,20171.0
2019-11-09,15,TEN,20603.0,19995.0
2019-11-09,16,TEN,19237.0,19041.0
2019-11-09,17,TEN,18075.0,17936.0
2019-11-09,18,TEN,17136.0,16995.0
2019-11-09,19,TEN,16366.0,16170.0
2019-11-09,20,TEN,15800.0,15613.0
2019-11-09,21,TEN,15428.0,15288.0
2019-11-09,22,TEN,15400.0,15278.0
2019-11-09,23,TEN,16040.0,15983.0
2019-11-10,0,TEN,17204.0,17102.0
2019-11-10,1,TEN,17413.0,17236.0
2019-11-10,2,TEN,17522.0,17372.0
2019-11-10,3,TEN,17414.0,17262.0
2019-11-10,4,TEN,17198.0,16969.0
2019-11-10,5,TEN,16748.0,16528.0
2019-11-10,6,TEN,16331.0,16109.0
2019-11-10,7,TEN,16119.0,15869.0
2019-11-10,8,TEN,16011.0,15787.0
2019-11-10,9,TEN,16105.0,15871.0
2019-11-10,10,TEN,16337.0,16115.0
2019-11-10,11,TEN,16630.0,16483.0
2019-11-10,12,TEN,17187.0,17040.0
2019-11-10,13,TEN,17770.0,17616.0
2019-11-10,14,TEN,17915.0,17779.0
2019-11-10,15,TEN,17381.0,17193.0
2019-11-10,16,TEN,16484.0,16279.0
2019-11-10,17,TEN,15609.0,15380.0
2019-11-10,18,TEN,15041.0,14857.0
2019-11-10,19,TEN,14682.0,14501.0
2019-11-10,20,TEN,14439.0,14301.0
2019-11-10,21,TEN,14259.0,14137.0
2019-11-10,22,TEN,14431.0,14334.0
2019-11-10,23,TEN,15023.0,14946.0
2019-11-11,0,TEN,16169.0,16046.0
2019-11-11,1,TEN,16247.0,16060.0
2019-11-11,2,TEN,16232.0,16106.0
2019-11-11,3,TEN,15631.0,15450.0
2019-11-11,4,TEN,15378.0,15168.0
2019-11-11,5,TEN,14782.0,14712.0
2019-11-11,6,TEN,14364.0,14287.0
2019-11-11,7,TEN,14184.0,14159.0
2019-11-11,8,TEN,14149.0,14187.0
2019-11-11,9,TEN,14284.0,14240.0
2019-11-11,10,TEN,14520.0,14474.0
2019-11-11,11,TEN,15154.0,15058.0
2019-11-11,12,TEN,16653.0,16583.0
2019-11-11,13,TEN,17759.0,17727.0
2019-11-11,14,TEN,17822.0,17762.0
2019-11-11,15,TEN,17356.0,17387.0
2019-11-11,16,TEN,16870.0,16798.0
2019-11-11,17,TEN,16718.0,16658.0
2019-11-11,18,TEN,16402.0,16373.0
2019-11-11,19,TEN,16331.0,16322.0
2019-11-11,20,TEN,16214.0,16159.0
2019-11-11,21,TEN,16267.0,16216.0
2019-11-11,22,TEN,16499.0,16520.0
2019-11-11,23,TEN,17360.0,17393.0
2019-11-12,0,TEN,18184.0,18308.0
2019-11-12,1,TEN,18434.0,18443.0
2019-11-12,2,TEN,18468.0,18546.0
2019-11-12,3,TEN,18213.0,18171.0
2019-11-12,4,TEN,17950.0,17805.0
2019-11-12,5,TEN,17360.0,17227.0
2019-11-12,6,TEN,17132.0,16979.0
2019-11-12,7,TEN,17217.0,16811.0
2019-11-12,8,TEN,17415.0,16860.0
2019-11-12,9,TEN,17825.0,17176.0
2019-11-12,10,TEN,18613.0,18069.0
2019-11-12,11,TEN,19789.0,19119.0
2019-11-12,12,TEN,21566.0,20991.0
2019-11-12,13,TEN,23153.0,22435.0
2019-11-12,14,TEN,23987.0,23186.0
2019-11-12,15,TEN,24204.0,23463.0
2019-11-12,16,TEN,24103.0,23661.0
2019-11-12,17,TEN,23942.0,23475.0
2019-11-12,18,TEN,23618.0,23210.0
2019-11-12,19,TEN,23279.0,22818.0
2019-11-12,20,TEN,22736.0,22308.0
2019-11-12,21,TEN,22692.0,22269.0
2019-11-12,22,TEN,22916.0,22453.0
2019-11-12,23,TEN,24275.0,23802.0
2019-11-13,0,TEN,25772.0,24492.0
2019-11-13,1,TEN,26138.0,24281.0
2019-11-13,2,TEN,26215.0,24219.0
2019-11-13,3,TEN,25971.0,24140.0
2019-11-13,4,TEN,25369.0,23952.0
2019-11-13,5,TEN,24708.0,23656.0
2019-11-13,6,TEN,24093.0,23134.0
2019-11-13,7,TEN,24034.0,23423.0
2019-11-13,8,TEN,24219.0,23232.0
2019-11-13,9,TEN,24437.0,23298.0
2019-11-13,10,TEN,24711.0,23704.0
2019-11-13,11,TEN,25489.0,24218.0
2019-11-13,12,TEN,26829.0,25122.0
2019-11-13,13,TEN,27720.0,25296.0
2019-11-13,14,TEN,27185.0,25024.0
2019-11-13,15,TEN,25581.0,24294.0
2019-11-13,16,TEN,24019.0,23218.0
2019-11-13,17,TEN,22792.0,22186.0
2019-11-13,18,TEN,21706.0,21294.0
2019-11-13,19,TEN,20707.0,20365.0
2019-11-13,20,TEN,20019.0,19584.0
2019-11-13,21,TEN,19465.0,19219.0
2019-11-13,22,TEN,19586.0,19205.0
2019-11-13,23,TEN,20750.0,20402.0
2019-11-14,0,TEN,22283.0,21941.0
2019-11-14,1,TEN,22877.0,22541.0
2019-11-14,2,TEN,23030.0,22649.0
2019-11-14,3,TEN,22969.0,22564.0
2019-11-14,4,TEN,22420.0,21932.0
2019-11-14,5,TEN,21639.0,21340.0
2019-11-14,6,TEN,21023.0,20720.0
2019-11-14,7,TEN,20697.0,20326.0
2019-11-14,8,TEN,20492.0,20109.0
2019-11-14,9,TEN,20473.0,20060.0
2019-11-14,10,TEN,20670.0,20351.0
2019-11-14,11,TEN,21096.0,20679.0
2019-11-14,12,TEN,22429.0,22066.0
2019-11-14,13,TEN,23625.0,23119.0
2019-11-14,14,TEN,23204.0,22783.0
2019-11-14,15,TEN,22145.0,21626.0
2019-11-14,16,TEN,20989.0,20554.0
2019-11-14,17,TEN,20026.0,19467.0
2019-11-14,18,TEN,19169.0,18646.0
2019-11-14,19,TEN,18497.0,18029.0
2019-11-14,20,TEN,17997.0,17544.0
2019-11-14,21,TEN,17885.0,17408.0
2019-11-14,22,TEN,18006.0,17505.0
2019-11-14,23,TEN,18890.0,18314.0
2019-11-15,0,TEN,20088.0,19525.0
2019-11-15,1,TEN,20261.0,19764.0
2019-11-15,2,TEN,20339.0,19838.0
2019-11-15,3,TEN,20128.0,19542.0
2019-11-15,4,TEN,19506.0,18944.0
2019-11-15,5,TEN,18547.0,18064.0
2019-11-15,6,TEN,17881.0,17414.0
2019-11-15,7,TEN,17521.0,16823.0
2019-11-15,8,TEN,17401.0,16680.0
2019-11-15,9,TEN,17517.0,16819.0
2019-11-15,10,TEN,17800.0,17158.0
2019-11-15,11,TEN,18570.0,17899.0
2019-11-15,12,TEN,20023.0,19406.0
2019-11-15,13,TEN,21268.0,20633.0
2019-11-15,14,TEN,21192.0,20566.0
2019-11-15,15,TEN,20495.0,19861.0
2019-11-15,16,TEN,19700.0,19107.0
2019-11-15,17,TEN,19111.0,18499.0
2019-11-15,18,TEN,18547.0,17974.0
2019-11-15,19,TEN,17900.0,17351.0
2019-11-15,20,TEN,17534.0,16941.0
2019-11-15,21,TEN,17280.0,16719.0
2019-11-15,22,TEN,17251.0,16709.0
2019-11-15,23,TEN,18225.0,17600.0
2019-11-16,0,TEN,19421.0,18803.0
2019-11-16,1,TEN,19598.0,19094.0
2019-11-16,2,TEN,19704.0,19107.0
2019-11-16,3,TEN,19709.0,19152.0
2019-11-16,4,TEN,19342.0,18687.0
2019-11-16,5,TEN,18781.0,18082.0
2019-11-16,6,TEN,18395.0,17398.0
2019-11-16,7,TEN,18248.0,17073.0
2019-11-16,8,TEN,18277.0,17015.0
2019-11-16,9,TEN,18434.0,17030.0
2019-11-16,10,TEN,18667.0,17398.0
2019-11-16,11,TEN,19180.0,17938.0
2019-11-16,12,TEN,19868.0,18382.0
2019-11-16,13,TEN,20531.0,19014.0
2019-11-16,14,TEN,20753.0,19069.0
2019-11-16,15,TEN,20137.0,18576.0
2019-11-16,16,TEN,19207.0,17604.0
2019-11-16,17,TEN,18227.0,16704.0
2019-11-16,18,TEN,17229.0,15881.0
2019-11-16,19,TEN,16389.0,15193.0
2019-11-16,20,TEN,15765.0,14628.0
2019-11-16,21,TEN,15429.0,14302.0
2019-11-16,22,TEN,15476.0,14357.0
2019-11-16,23,TEN,16277.0,15170.0
2019-11-17,0,TEN,17473.0,16366.0
2019-11-17,1,TEN,17647.0,16853.0
2019-11-17,2,TEN,17836.0,17003.0
2019-11-17,3,TEN,17913.0,16902.0
2019-11-17,4,TEN,17707.0,16381.0
2019-11-17,5,TEN,17418.0,16377.0
2019-11-17,6,TEN,17187.0,16321.0
2019-11-17,7,TEN,17159.0,16325.0
2019-11-17,8,TEN,17314.0,16434.0
2019-11-17,9,TEN,17594.0,16590.0
2019-11-17,10,TEN,17997.0,16948.0
2019-11-17,11,TEN,18466.0,17244.0
2019-11-17,12,TEN,19135.0,17774.0
2019-11-17,13,TEN,19809.0,18399.0
2019-11-17,14,TEN,20078.0,18577.0
2019-11-17,15,TEN,19291.0,17803.0
2019-11-17,16,TEN,17860.0,16752.0
2019-11-17,17,TEN,16672.0,15723.0
2019-11-17,18,TEN,15821.0,15021.0
2019-11-17,19,TEN,15450.0,14630.0
2019-11-17,20,TEN,15126.0,14299.0
2019-11-17,21,TEN,14980.0,14173.0
2019-11-17,22,TEN,15144.0,14366.0
2019-11-17,23,TEN,16088.0,15207.0
2019-11-18,0,TEN,17215.0,16337.0
2019-11-18,1,TEN,17520.0,16678.0
2019-11-18,2,TEN,17546.0,16672.0
2019-11-18,3,TEN,17305.0,16354.0
2019-11-18,4,TEN,16755.0,15745.0
2019-11-18,5,TEN,16147.0,15140.0
2019-11-18,6,TEN,15661.0,14755.0
2019-11-18,7,TEN,15520.0,14672.0
2019-11-18,8,TEN,15391.0,14522.0
2019-11-18,9,TEN,15482.0,14631.0
2019-11-18,10,TEN,15917.0,15010.0
2019-11-18,11,TEN,16652.0,15679.0
2019-11-18,12,TEN,18273.0,17138.0
2019-11-18,13,TEN,19773.0,18412.0
2019-11-18,14,TEN,19703.0,18279.0
2019-11-18,15,TEN,18980.0,17873.0
2019-11-18,16,TEN,17783.0,17159.0
2019-11-18,17,TEN,17318.0,16553.0
2019-11-18,18,TEN,17079.0,16282.0
2019-11-18,19,TEN,16639.0,15880.0
2019-11-18,20,TEN,16390.0,15637.0
2019-11-18,21,TEN,16234.0,15501.0
2019-11-18,22,TEN,16416.0,15517.0
2019-11-18,23,TEN,17276.0,16403.0
2019-11-19,0,TEN,18515.0,17594.0
2019-11-19,1,TEN,18900.0,17953.0
2019-11-19,2,TEN,18783.0,18022.0
2019-11-19,3,TEN,18475.0,17671.0
2019-11-19,4,TEN,17732.0,16705.0
2019-11-19,5,TEN,16819.0,15816.0
2019-11-19,6,TEN,16130.0,15058.0
2019-11-19,7,TEN,15743.0,14484.0
2019-11-19,8,TEN,15517.0,14321.0
2019-11-19,9,TEN,15481.0,14300.0
2019-11-19,10,TEN,15587.0,14417.0
2019-11-19,11,TEN,16153.0,14869.0
2019-11-19,12,TEN,17497.0,16449.0
2019-11-19,13,TEN,18756.0,17243.0
2019-11-19,14,TEN,18697.0,17436.0
2019-11-19,15,TEN,18158.0,17156.0
2019-11-19,16,TEN,17610.0,16596.0
2019-11-19,17,TEN,17266.0,16273.0
2019-11-19,18,TEN,16741.0,15741.0
2019-11-19,19,TEN,16379.0,15518.0
2019-11-19,20,TEN,16094.0,15115.0
2019-11-19,21,TEN,15963.0,15015.0
2019-11-19,22,TEN,15991.0,15082.0
2019-11-19,23,TEN,16658.0,15731.0
2019-11-20,0,TEN,17779.0,16924.0
2019-11-20,1,TEN,17934.0,17110.0
2019-11-20,2,TEN,17937.0,17111.0
2019-11-20,3,TEN,17504.0,16652.0
2019-11-20,4,TEN,17069.0,16113.0
2019-11-20,5,TEN,16248.0,15327.0
2019-11-20,6,TEN,15575.0,14548.0
2019-11-20,7,TEN,15482.0,14222.0
2019-11-20,8,TEN,15564.0,14201.0
2019-11-20,9,TEN,15759.0,14416.0
2019-11-20,10,TEN,16082.0,14844.0
2019-11-20,11,TEN,16864.0,15876.0
2019-11-20,12,TEN,18482.0,17099.0
2019-11-20,13,TEN,19939.0,18156.0
2019-11-20,14,TEN,19764.0,18226.0
2019-11-20,15,TEN,18576.0,17467.0
2019-11-20,16,TEN,17564.0,16730.0
2019-11-20,17,TEN,16882.0,16066.0
2019-11-20,18,TEN,16242.0,15457.0
2019-11-20,19,TEN,15855.0,15064.0
2019-11-20,20,TEN,15595.0,14846.0
2019-11-20,21,TEN,15441.0,14704.0
2019-11-20,22,TEN,15537.0,14808.0
2019-11-20,23,TEN,16386.0,15586.0
2019-11-21,0,TEN,17484.0,16672.0
2019-11-21,1,TEN,17743.0,16838.0
2019-11-21,2,TEN,17789.0,16979.0
2019-11-21,3,TEN,17588.0,16724.0
2019-11-21,4,TEN,16972.0,15999.0
2019-11-21,5,TEN,15989.0,14722.0
2019-11-21,6,TEN,15319.0,13786.0
2019-11-21,7,TEN,14962.0,13275.0
2019-11-21,8,TEN,14700.0,13001.0
2019-11-21,9,TEN,14924.0,13241.0
2019-11-21,10,TEN,15161.0,13491.0
2019-11-21,11,TEN,15782.0,14172.0
2019-11-21,12,TEN,17162.0,15777.0
2019-11-21,13,TEN,18350.0,16945.0
2019-11-21,14,TEN,18203.0,16829.0
2019-11-21,15,TEN,17734.0,16313.0
2019-11-21,16,TEN,17224.0,15695.0
2019-11-21,17,TEN,16892.0,15301.0
2019-11-21,18,TEN,16505.0,14927.0
2019-11-21,19,TEN,16354.0,14938.0
2019-11-21,20,TEN,16227.0,14825.0
2019-11-21,21,TEN,16075.0,14719.0
2019-11-21,22,TEN,16133.0,14769.0
2019-11-21,23,TEN,16746.0,15352.0
2019-11-22,0,TEN,17463.0,16046.0
2019-11-22,1,TEN,17442.0,16049.0
2019-11-22,2,TEN,17185.0,15812.0
2019-11-22,3,TEN,16691.0,15325.0
2019-11-22,4,TEN,16048.0,14628.0
2019-11-22,5,TEN,15080.0,13704.0
2019-11-22,6,TEN,14231.0,13177.0
2019-11-22,7,TEN,13645.0,13385.0
2019-11-22,8,TEN,13487.0,13231.0
2019-11-22,9,TEN,13371.0,13204.0
2019-11-22,10,TEN,13455.0,13288.0
2019-11-22,11,TEN,13900.0,13515.0
2019-11-22,12,TEN,15131.0,14934.0
2019-11-22,13,TEN,16450.0,15966.0
2019-11-22,14,TEN,16609.0,16163.0
2019-11-22,15,TEN,16706.0,16199.0
2019-11-22,16,TEN,16833.0,16271.0
2019-11-22,17,TEN,17010.0,16421.0
2019-11-22,18,TEN,16865.0,16410.0
2019-11-22,19,TEN,16804.0,16288.0
2019-11-22,20,TEN,16800.0,16212.0
2019-11-22,21,TEN,16727.0,16141.0
2019-11-22,22,TEN,16803.0,16200.0
2019-11-22,23,TEN,17359.0,16711.0
2019-11-23,0,TEN,17774.0,16955.0
2019-11-23,1,TEN,17472.0,16712.0
2019-11-23,2,TEN,17116.0,16471.0
2019-11-23,3,TEN,16518.0,15885.0
2019-11-23,4,TEN,15959.0,15272.0
2019-11-23,5,TEN,15143.0,14523.0
2019-11-23,6,TEN,14448.0,13856.0
2019-11-23,7,TEN,13922.0,13501.0
2019-11-23,8,TEN,13620.0,13119.0
2019-11-23,9,TEN,13480.0,12850.0
2019-11-23,10,TEN,13437.0,12854.0
2019-11-23,11,TEN,13604.0,13050.0
2019-11-23,12,TEN,14063.0,13583.0
2019-11-23,13,TEN,14571.0,14079.0
2019-11-23,14,TEN,15240.0,14831.0
2019-11-23,15,TEN,16021.0,15651.0
2019-11-23,16,TEN,16474.0,16048.0
2019-11-23,17,TEN,16711.0,16270.0
2019-11-23,18,TEN,16729.0,16171.0
2019-11-23,19,TEN,16455.0,15825.0
2019-11-23,20,TEN,16331.0,15660.0
2019-11-23,21,TEN,16250.0,15674.0
2019-11-23,22,TEN,16463.0,15974.0
2019-11-23,23,TEN,17142.0,16604.0
2019-11-24,0,TEN,17602.0,16975.0
2019-11-24,1,TEN,17697.0,16942.0
2019-11-24,2,TEN,17509.0,16979.0
2019-11-24,3,TEN,17311.0,16887.0
2019-11-24,4,TEN,16911.0,16438.0
2019-11-24,5,TEN,16339.0,15685.0
2019-11-24,6,TEN,15781.0,15081.0
2019-11-24,7,TEN,15463.0,14711.0
2019-11-24,8,TEN,15306.0,14404.0
2019-11-24,9,TEN,15377.0,14452.0
2019-11-24,10,TEN,15393.0,14489.0
2019-11-24,11,TEN,15703.0,14784.0
2019-11-24,12,TEN,16311.0,15395.0
2019-11-24,13,TEN,17124.0,16243.0
2019-11-24,14,TEN,17872.0,16967.0
2019-11-24,15,TEN,17982.0,17040.0
2019-11-24,16,TEN,17525.0,16826.0
2019-11-24,17,TEN,16783.0,16190.0
2019-11-24,18,TEN,16326.0,15755.0
2019-11-24,19,TEN,15940.0,15365.0
2019-11-24,20,TEN,15494.0,14963.0
2019-11-24,21,TEN,15273.0,14766.0
2019-11-24,22,TEN,15511.0,14986.0
2019-11-24,23,TEN,16522.0,16015.0
2019-11-25,0,TEN,17893.0,17218.0
2019-11-25,1,TEN,18359.0,17444.0
2019-11-25,2,TEN,18506.0,17519.0
2019-11-25,3,TEN,18457.0,17545.0
2019-11-25,4,TEN,18095.0,17323.0
2019-11-25,5,TEN,17618.0,16772.0
2019-11-25,6,TEN,17165.0,16327.0
2019-11-25,7,TEN,17043.0,16073.0
2019-11-25,8,TEN,17145.0,16138.0
2019-11-25,9,TEN,17398.0,16260.0
2019-11-25,10,TEN,17814.0,16572.0
2019-11-25,11,TEN,18447.0,17209.0
2019-11-25,12,TEN,20004.0,18173.0
2019-11-25,13,TEN,21267.0,19561.0
2019-11-25,14,TEN,21168.0,19831.0
2019-11-25,15,TEN,19994.0,19218.0
2019-11-25,16,TEN,18722.0,18019.0
2019-11-25,17,TEN,17870.0,17138.0
2019-11-25,18,TEN,17092.0,16347.0
2019-11-25,19,TEN,16731.0,15985.0
2019-11-25,20,TEN,16399.0,15696.0
2019-11-25,21,TEN,16164.0,15518.0
2019-11-25,22,TEN,16149.0,15418.0
2019-11-25,23,TEN,16899.0,16096.0
2019-11-26,0,TEN,18075.0,17307.0
2019-11-26,1,TEN,18374.0,17563.0
2019-11-26,2,TEN,18409.0,17647.0
2019-11-26,3,TEN,18213.0,17513.0
2019-11-26,4,TEN,17619.0,16885.0
2019-11-26,5,TEN,16924.0,16650.0
2019-11-26,6,TEN,16313.0,16036.0
2019-11-26,7,TEN,16005.0,15773.0
2019-11-26,8,TEN,15897.0,15698.0
2019-11-26,9,TEN,15879.0,15612.0
2019-11-26,10,TEN,16166.0,15979.0
2019-11-26,11,TEN,16587.0,16445.0
2019-11-26,12,TEN,17776.0,17624.0
2019-11-26,13,TEN,18918.0,18766.0
2019-11-26,14,TEN,18853.0,18701.0
2019-11-26,15,TEN,18522.0,18446.0
2019-11-26,16,TEN,18029.0,18015.0
2019-11-26,17,TEN,17709.0,17661.0
2019-11-26,18,TEN,17123.0,17111.0
2019-11-26,19,TEN,16755.0,16571.0
2019-11-26,20,TEN,16676.0,16604.0
2019-11-26,21,TEN,16548.0,16451.0
2019-11-26,22,TEN,16586.0,16493.0
2019-11-26,23,TEN,17290.0,17144.0
2019-11-27,0,TEN,17833.0,17677.0
2019-11-27,1,TEN,17631.0,17525.0
2019-11-27,2,TEN,17139.0,17066.0
2019-11-27,3,TEN,16902.0,16825.0
2019-11-27,4,TEN,16142.0,15936.0
2019-11-27,5,TEN,15282.0,15053.0
2019-11-27,6,TEN,14427.0,14242.0
2019-11-27,7,TEN,13912.0,13560.0
2019-11-27,8,TEN,13534.0,13202.0
2019-11-27,9,TEN,13281.0,12928.0
2019-11-27,10,TEN,13270.0,12914.0
2019-11-27,11,TEN,13462.0,13112.0
2019-11-27,12,TEN,14217.0,13843.0
2019-11-27,13,TEN,15220.0,14933.0
2019-11-27,14,TEN,15817.0,15759.0
2019-11-27,15,TEN,16246.0,16156.0
2019-11-27,16,TEN,16324.0,16308.0
2019-11-27,17,TEN,16525.0,16433.0
2019-11-27,18,TEN,16302.0,16292.0
2019-11-27,19,TEN,16068.0,15984.0
2019-11-27,20,TEN,15905.0,15821.0
2019-11-27,21,TEN,15817.0,15751.0
2019-11-27,22,TEN,15750.0,15689.0
2019-11-27,23,TEN,16254.0,16134.0
2019-11-28,0,TEN,17368.0,17139.0
2019-11-28,1,TEN,17523.0,17366.0
2019-11-28,2,TEN,17530.0,17386.0
2019-11-28,3,TEN,17514.0,17367.0
2019-11-28,4,TEN,17038.0,16883.0
2019-11-28,5,TEN,16416.0,16199.0
2019-11-28,6,TEN,15693.0,15420.0
2019-11-28,7,TEN,15298.0,15075.0
2019-11-28,8,TEN,15152.0,14952.0
2019-11-28,9,TEN,15179.0,14978.0
2019-11-28,10,TEN,15416.0,15199.0
2019-11-28,11,TEN,15989.0,15753.0
2019-11-28,12,TEN,16684.0,16517.0
2019-11-28,13,TEN,17395.0,17272.0
2019-11-28,14,TEN,18017.0,17893.0
2019-11-28,15,TEN,18197.0,18132.0
2019-11-28,16,TEN,18125.0,18098.0
2019-11-28,17,TEN,17749.0,17658.0
2019-11-28,18,TEN,16849.0,16736.0
2019-11-28,19,TEN,15891.0,15785.0
2019-11-28,20,TEN,15123.0,15031.0
2019-11-28,21,TEN,14613.0,14542.0
2019-11-28,22,TEN,14673.0,14539.0
2019-11-28,23,TEN,15087.0,14925.0
2019-11-29,0,TEN,15730.0,15549.0
2019-11-29,1,TEN,15738.0,15622.0
2019-11-29,2,TEN,15795.0,15640.0
2019-11-29,3,TEN,15621.0,15506.0
2019-11-29,4,TEN,15345.0,15143.0
2019-11-29,5,TEN,14959.0,14724.0
2019-11-29,6,TEN,14554.0,14309.0
2019-11-29,7,TEN,14177.0,13937.0
2019-11-29,8,TEN,13932.0,13738.0
2019-11-29,9,TEN,13836.0,13637.0
2019-11-29,10,TEN,13895.0,13698.0
2019-11-29,11,TEN,14049.0,13936.0
2019-11-29,12,TEN,14594.0,14521.0
2019-11-29,13,TEN,15151.0,15006.0
2019-11-29,14,TEN,15507.0,15350.0
2019-11-29,15,TEN,15838.0,15708.0
2019-11-29,16,TEN,16011.0,15861.0
2019-11-29,17,TEN,15919.0,15748.0
2019-11-29,18,TEN,15612.0,15422.0
2019-11-29,19,TEN,15248.0,15103.0
2019-11-29,20,TEN,14913.0,14845.0
2019-11-29,21,TEN,14900.0,14755.0
2019-11-29,22,TEN,15047.0,14898.0
2019-11-29,23,TEN,15622.0,15480.0
2019-11-30,0,TEN,16154.0,16010.0
2019-11-30,1,TEN,16051.0,15922.0
2019-11-30,2,TEN,15902.0,15796.0
2019-11-30,3,TEN,15526.0,15353.0
2019-11-30,4,TEN,14800.0,14595.0
2019-11-30,5,TEN,14571.0,14277.0
2019-11-30,6,TEN,13796.0,13492.0
2019-11-30,7,TEN,13312.0,13036.0
2019-11-30,8,TEN,13034.0,12784.0
2019-11-30,9,TEN,12818.0,12634.0
2019-11-30,10,TEN,12829.0,12653.0
2019-11-30,11,TEN,12897.0,12844.0
2019-11-30,12,TEN,13327.0,13306.0
2019-11-30,13,TEN,13852.0,13749.0
2019-11-30,14,TEN,14272.0,14137.0
2019-11-30,15,TEN,14912.0,14768.0
2019-11-30,16,TEN,15224.0,15074.0
2019-11-30,17,TEN,15260.0,15131.0
2019-11-30,18,TEN,15084.0,14900.0
2019-11-30,19,TEN,14824.0,14648.0
2019-11-30,20,TEN,14770.0,14605.0
2019-11-30,21,TEN,14784.0,14631.0
2019-11-30,22,TEN,14764.0,14675.0
2019-11-30,23,TEN,15299.0,15161.0
2019-12-01,0,TEN,15580.0,15441.0
2019-12-01,1,TEN,15396.0,15262.0
2019-12-01,2,TEN,15261.0,15137.0
2019-12-01,3,TEN,14929.0,14824.0
2019-12-01,4,TEN,14395.0,14216.0
2019-12-01,5,TEN,13655.0,13358.0
2019-12-01,6,TEN,12899.0,12605.0
2019-12-01,7,TEN,12466.0,12200.0
2019-12-01,8,TEN,12040.0,11798.0
2019-12-01,9,TEN,11926.0,11696.0
2019-12-01,10,TEN,11923.0,11711.0
2019-12-01,11,TEN,12117.0,11982.0
2019-12-01,12,TEN,12603.0,12492.0
2019-12-01,13,TEN,13284.0,13241.0
2019-12-01,14,TEN,14089.0,14084.0
2019-12-01,15,TEN,14693.0,14700.0
2019-12-01,16,TEN,14963.0,14963.0
2019-12-01,17,TEN,14701.0,14691.0
2019-12-01,18,TEN,14692.0,14630.0
2019-12-01,19,TEN,14646.0,14538.0
2019-12-01,20,TEN,14616.0,14545.0
2019-12-01,21,TEN,14783.0,14668.0
2019-12-01,22,TEN,15245.0,15154.0
2019-12-01,23,TEN,16464.0,16319.0
2019-12-02,0,TEN,17591.0,17448.0
2019-12-02,1,TEN,17832.0,17693.0
2019-12-02,2,TEN,17836.0,17665.0
2019-12-02,3,TEN,17754.0,17564.0
2019-12-02,4,TEN,17255.0,17045.0
2019-12-02,5,TEN,16500.0,16294.0
2019-12-02,6,TEN,15940.0,15755.0
2019-12-02,7,TEN,15717.0,15540.0
2019-12-02,8,TEN,15713.0,15542.0
2019-12-02,9,TEN,15827.0,15658.0
2019-12-02,10,TEN,16320.0,16184.0
2019-12-02,11,TEN,17061.0,16688.0
2019-12-02,12,TEN,18697.0,18021.0
2019-12-02,13,TEN,20253.0,19592.0
2019-12-02,14,TEN,20647.0,20224.0
2019-12-02,15,TEN,20675.0,20455.0
2019-12-02,16,TEN,20630.0,20452.0
2019-12-02,17,TEN,20813.0,20611.0
2019-12-02,18,TEN,20825.0,20499.0
2019-12-02,19,TEN,20626.0,19921.0
2019-12-02,20,TEN,20550.0,19717.0
2019-12-02,21,TEN,20478.0,19720.0
2019-12-02,22,TEN,20770.0,20482.0
2019-12-02,23,TEN,21613.0,21355.0
2019-12-03,0,TEN,22380.0,22174.0
2019-12-03,1,TEN,22481.0,21987.0
2019-12-03,2,TEN,22141.0,21882.0
2019-12-03,3,TEN,21717.0,21403.0
2019-12-03,4,TEN,20970.0,20696.0
2019-12-03,5,TEN,19989.0,19683.0
2019-12-03,6,TEN,19090.0,18974.0
2019-12-03,7,TEN,18723.0,18592.0
2019-12-03,8,TEN,18633.0,18534.0
2019-12-03,9,TEN,18644.0,18542.0
2019-12-03,10,TEN,18879.0,18791.0
2019-12-03,11,TEN,19304.0,18841.0
2019-12-03,12,TEN,20654.0,19998.0
2019-12-03,13,TEN,22064.0,20908.0
2019-12-03,14,TEN,22063.0,20835.0
2019-12-03,15,TEN,21534.0,20803.0
2019-12-03,16,TEN,20821.0,20666.0
2019-12-03,17,TEN,20246.0,20102.0
2019-12-03,18,TEN,19708.0,19567.0
2019-12-03,19,TEN,19301.0,19124.0
2019-12-03,20,TEN,18779.0,18664.0
2019-12-03,21,TEN,18431.0,18289.0
2019-12-03,22,TEN,18762.0,18684.0
2019-12-03,23,TEN,19828.0,19708.0
2019-12-04,0,TEN,20956.0,20847.0
2019-12-04,1,TEN,21291.0,21147.0
2019-12-04,2,TEN,21283.0,21215.0
2019-12-04,3,TEN,21118.0,20883.0
2019-12-04,4,TEN,20455.0,20086.0
2019-12-04,5,TEN,19704.0,19590.0
2019-12-04,6,TEN,19083.0,18993.0
2019-12-04,7,TEN,18868.0,18826.0
2019-12-04,8,TEN,18794.0,18689.0
2019-12-04,9,TEN,18960.0,18843.0
2019-12-04,10,TEN,19178.0,18749.0
2019-12-04,11,TEN,19731.0,19458.0
2019-12-04,12,TEN,21225.0,20637.0
2019-12-04,13,TEN,22449.0,21750.0
2019-12-04,14,TEN,22179.0,21389.0
2019-12-04,15,TEN,20611.0,20002.0
2019-12-04,16,TEN,19184.0,18702.0
2019-12-04,17,TEN,18265.0,18108.0
2019-12-04,18,TEN,17497.0,17371.0
2019-12-04,19,TEN,16993.0,16886.0
2019-12-04,20,TEN,16667.0,16551.0
2019-12-04,21,TEN,16319.0,16192.0
2019-12-04,22,TEN,16456.0,16333.0
2019-12-04,23,TEN,17516.0,17378.0
2019-12-05,0,TEN,18886.0,18747.0
2019-12-05,1,TEN,19220.0,19076.0
2019-12-05,2,TEN,19304.0,19210.0
2019-12-05,3,TEN,19145.0,19037.0
2019-12-05,4,TEN,18572.0,18439.0
2019-12-05,5,TEN,17750.0,17671.0
2019-12-05,6,TEN,17159.0,17073.0
2019-12-05,7,TEN,16922.0,16881.0
2019-12-05,8,TEN,16932.0,16876.0
2019-12-05,9,TEN,17133.0,17073.0
2019-12-05,10,TEN,17538.0,17437.0
2019-12-05,11,TEN,18402.0,18308.0
2019-12-05,12,TEN,19915.0,19735.0
2019-12-05,13,TEN,21396.0,21071.0
2019-12-05,14,TEN,21339.0,20976.0
2019-12-05,15,TEN,20171.0,20024.0
2019-12-05,16,TEN,18864.0,18729.0
2019-12-05,17,TEN,17914.0,17750.0
2019-12-05,18,TEN,17244.0,17093.0
2019-12-05,19,TEN,16815.0,16678.0
2019-12-05,20,TEN,16538.0,16373.0
2019-12-05,21,TEN,16324.0,16183.0
2019-12-05,22,TEN,16381.0,16295.0
2019-12-05,23,TEN,17245.0,17083.0
2019-12-06,0,TEN,18416.0,18235.0
2019-12-06,1,TEN,18625.0,18478.0
2019-12-06,2,TEN,18558.0,18409.0
2019-12-06,3,TEN,18541.0,18371.0
2019-12-06,4,TEN,17859.0,17757.0
2019-12-06,5,TEN,16895.0,16763.0
2019-12-06,6,TEN,16092.0,16041.0
2019-12-06,7,TEN,15607.0,15536.0
2019-12-06,8,TEN,15402.0,15281.0
2019-12-06,9,TEN,15250.0,15152.0
2019-12-06,10,TEN,15178.0,15077.0
2019-12-06,11,TEN,15619.0,15529.0
2019-12-06,12,TEN,16952.0,16809.0
2019-12-06,13,TEN,18263.0,18185.0
2019-12-06,14,TEN,18439.0,18319.0
2019-12-06,15,TEN,18254.0,18189.0
2019-12-06,16,TEN,18225.0,18085.0
2019-12-06,17,TEN,18074.0,17959.0
2019-12-06,18,TEN,17773.0,17648.0
2019-12-06,19,TEN,17479.0,17355.0
2019-12-06,20,TEN,17261.0,17106.0
2019-12-06,21,TEN,17003.0,16898.0
2019-12-06,22,TEN,16990.0,16910.0
2019-12-06,23,TEN,17704.0,17540.0
2019-12-07,0,TEN,18317.0,18241.0
2019-12-07,1,TEN,18111.0,17988.0
2019-12-07,2,TEN,17805.0,17744.0
2019-12-07,3,TEN,17615.0,17551.0
2019-12-07,4,TEN,17190.0,17068.0
2019-12-07,5,TEN,16465.0,16313.0
2019-12-07,6,TEN,15698.0,15584.0
2019-12-07,7,TEN,15363.0,15233.0
2019-12-07,8,TEN,15009.0,14824.0
2019-12-07,9,TEN,14909.0,14815.0
2019-12-07,10,TEN,14962.0,14867.0
2019-12-07,11,TEN,15315.0,15199.0
2019-12-07,12,TEN,16028.0,15976.0
2019-12-07,13,TEN,16933.0,16881.0
2019-12-07,14,TEN,17602.0,17541.0
2019-12-07,15,TEN,17540.0,17453.0
2019-12-07,16,TEN,17307.0,17227.0
2019-12-07,17,TEN,16833.0,16727.0
2019-12-07,18,TEN,16318.0,16259.0
2019-12-07,19,TEN,15606.0,15523.0
2019-12-07,20,TEN,15087.0,14993.0
2019-12-07,21,TEN,14889.0,14850.0
2019-12-07,22,TEN,15068.0,15042.0
2019-12-07,23,TEN,15775.0,15746.0
2019-12-08,0,TEN,16901.0,16812.0
2019-12-08,1,TEN,17102.0,17043.0
2019-12-08,2,TEN,17287.0,17157.0
2019-12-08,3,TEN,17218.0,17080.0
2019-12-08,4,TEN,17123.0,16962.0
2019-12-08,5,TEN,16768.0,16615.0
2019-12-08,6,TEN,16177.0,16025.0
2019-12-08,7,TEN,15931.0,15792.0
2019-12-08,8,TEN,15782.0,15644.0
2019-12-08,9,TEN,15861.0,15707.0
2019-12-08,10,TEN,15895.0,15792.0
2019-12-08,11,TEN,16087.0,15952.0
2019-12-08,12,TEN,16394.0,16323.0
2019-12-08,13,TEN,16889.0,16867.0
2019-12-08,14,TEN,17349.0,17240.0
2019-12-08,15,TEN,17468.0,17427.0
2019-12-08,16,TEN,16880.0,16813.0
2019-12-08,17,TEN,16101.0,15998.0
2019-12-08,18,TEN,15619.0,15547.0
2019-12-08,19,TEN,15232.0,15178.0
2019-12-08,20,TEN,15091.0,15002.0
2019-12-08,21,TEN,14998.0,14952.0
2019-12-08,22,TEN,15311.0,15252.0
2019-12-08,23,TEN,16315.0,16195.0
2019-12-09,0,TEN,17210.0,17097.0
2019-12-09,1,TEN,17218.0,17125.0
2019-12-09,2,TEN,17102.0,17003.0
2019-12-09,3,TEN,16711.0,16628.0
2019-12-09,4,TEN,15941.0,15851.0
2019-12-09,5,TEN,15016.0,14947.0
2019-12-09,6,TEN,14292.0,14145.0
2019-12-09,7,TEN,13765.0,13647.0
2019-12-09,8,TEN,13566.0,13377.0
2019-12-09,9,TEN,13440.0,13302.0
2019-12-09,10,TEN,13599.0,13430.0
2019-12-09,11,TEN,14014.0,13895.0
2019-12-09,12,TEN,15373.0,15283.0
2019-12-09,13,TEN,16732.0,16578.0
2019-12-09,14,TEN,16962.0,16785.0
2019-12-09,15,TEN,16865.0,16720.0
2019-12-09,16,TEN,16979.0,16746.0
2019-12-09,17,TEN,17026.0,16922.0
2019-12-09,18,TEN,16846.0,16708.0
2019-12-09,19,TEN,16770.0,16579.0
2019-12-09,20,TEN,16677.0,16520.0
2019-12-09,21,TEN,16409.0,16295.0
2019-12-09,22,TEN,16516.0,16395.0
2019-12-09,23,TEN,17274.0,17190.0
2019-12-10,0,TEN,17922.0,17634.0
2019-12-10,1,TEN,17777.0,17594.0
2019-12-10,2,TEN,17590.0,17363.0
2019-12-10,3,TEN,17010.0,16850.0
2019-12-10,4,TEN,16172.0,15918.0
2019-12-10,5,TEN,14934.0,14735.0
2019-12-10,6,TEN,14155.0,13936.0
2019-12-10,7,TEN,13495.0,13334.0
2019-12-10,8,TEN,13290.0,13173.0
2019-12-10,9,TEN,13275.0,13170.0
2019-12-10,10,TEN,13476.0,13485.0
2019-12-10,11,TEN,14160.0,14228.0
2019-12-10,12,TEN,15582.0,15706.0
2019-12-10,13,TEN,17321.0,17293.0
2019-12-10,14,TEN,17903.0,17920.0
2019-12-10,15,TEN,18360.0,18398.0
2019-12-10,16,TEN,18778.0,18746.0
2019-12-10,17,TEN,19342.0,19318.0
2019-12-10,18,TEN,19690.0,19602.0
2019-12-10,19,TEN,19984.0,19847.0
2019-12-10,20,TEN,20345.0,20137.0
2019-12-10,21,TEN,20721.0,20511.0
2019-12-10,22,TEN,21261.0,21100.0
2019-12-10,23,TEN,22294.0,22003.0
2019-12-11,0,TEN,22872.0,21866.0
2019-12-11,1,TEN,22878.0,22042.0
2019-12-11,2,TEN,22960.0,22146.0
2019-12-11,3,TEN,22501.0,22265.0
2019-12-11,4,TEN,21645.0,21590.0
2019-12-11,5,TEN,20598.0,20650.0
2019-12-11,6,TEN,20084.0,19946.0
2019-12-11,7,TEN,19872.0,19622.0
2019-12-11,8,TEN,19979.0,19681.0
2019-12-11,9,TEN,20146.0,19729.0
2019-12-11,10,TEN,20794.0,20525.0
2019-12-11,11,TEN,21506.0,21238.0
2019-12-11,12,TEN,22875.0,22414.0
2019-12-11,13,TEN,24382.0,22864.0
2019-12-11,14,TEN,24565.0,23135.0
2019-12-11,15,TEN,23429.0,23087.0
2019-12-11,16,TEN,21895.0,21892.0
2019-12-11,17,TEN,20924.0,20709.0
2019-12-11,18,TEN,19875.0,19683.0
2019-12-11,19,TEN,19197.0,19010.0
2019-12-11,20,TEN,18669.0,18464.0
2019-12-11,21,TEN,18329.0,18158.0
2019-12-11,22,TEN,18442.0,18239.0
2019-12-11,23,TEN,19765.0,19540.0
2019-12-12,0,TEN,21567.0,21349.0
2019-12-12,1,TEN,22176.0,21947.0
2019-12-12,2,TEN,22387.0,22097.0
2019-12-12,3,TEN,22376.0,22144.0
2019-12-12,4,TEN,22054.0,21780.0
2019-12-12,5,TEN,21512.0,21303.0
2019-12-12,6,TEN,20858.0,20541.0
2019-12-12,7,TEN,20688.0,20526.0
2019-12-12,8,TEN,20644.0,20421.0
2019-12-12,9,TEN,20884.0,20622.0
2019-12-12,10,TEN,21332.0,21082.0
2019-12-12,11,TEN,22105.0,21556.0
2019-12-12,12,TEN,23555.0,21937.0
2019-12-12,13,TEN,24917.0,22283.0
2019-12-12,14,TEN,24626.0,22116.0
2019-12-12,15,TEN,23235.0,21819.0
2019-12-12,16,TEN,21478.0,20949.0
2019-12-12,17,TEN,20195.0,19960.0
2019-12-12,18,TEN,19266.0,19047.0
2019-12-12,19,TEN,18534.0,18308.0
2019-12-12,20,TEN,18123.0,17925.0
2019-12-12,21,TEN,18005.0,17848.0
2019-12-12,22,TEN,18295.0,18143.0
2019-12-12,23,TEN,19399.0,19359.0
2019-12-13,0,TEN,20308.0,20330.0
2019-12-13,1,TEN,20460.0,20496.0
2019-12-13,2,TEN,20399.0,20421.0
2019-12-13,3,TEN,20067.0,20073.0
2019-12-13,4,TEN,19348.0,19257.0
2019-12-13,5,TEN,18126.0,17961.0
2019-12-13,6,TEN,17220.0,17442.0
2019-12-13,7,TEN,16789.0,17043.0
2019-12-13,8,TEN,16412.0,16698.0
2019-12-13,9,TEN,16279.0,16556.0
2019-12-13,10,TEN,16337.0,16582.0
2019-12-13,11,TEN,16696.0,16867.0
2019-12-13,12,TEN,17936.0,17409.0
2019-12-13,13,TEN,19340.0,18828.0
2019-12-13,14,TEN,19559.0,18946.0
2019-12-13,15,TEN,19443.0,18798.0
2019-12-13,16,TEN,19353.0,19121.0
2019-12-13,17,TEN,19316.0,19101.0
2019-12-13,18,TEN,19109.0,18933.0
2019-12-13,19,TEN,19072.0,18738.0
2019-12-13,20,TEN,18896.0,18569.0
2019-12-13,21,TEN,18727.0,18398.0
2019-12-13,22,TEN,18798.0,18376.0
2019-12-13,23,TEN,19380.0,18641.0
2019-12-14,0,TEN,19609.0,19036.0
2019-12-14,1,TEN,19348.0,18777.0
2019-12-14,2,TEN,19054.0,18825.0
2019-12-14,3,TEN,18677.0,18490.0
2019-12-14,4,TEN,17918.0,17704.0
2019-12-14,5,TEN,17135.0,16982.0
2019-12-14,6,TEN,16991.0,16814.0
2019-12-14,7,TEN,15841.0,15866.0
2019-12-14,8,TEN,15508.0,15547.0
2019-12-14,9,TEN,15297.0,15335.0
2019-12-14,10,TEN,15421.0,15490.0
2019-12-14,11,TEN,15627.0,15720.0
2019-12-14,12,TEN,16059.0,16198.0
2019-12-14,13,TEN,16862.0,16982.0
2019-12-14,14,TEN,17460.0,17572.0
2019-12-14,15,TEN,18040.0,18196.0
2019-12-14,16,TEN,18201.0,18347.0
2019-12-14,17,TEN,18057.0,18211.0
2019-12-14,18,TEN,17642.0,17734.0
2019-12-14,19,TEN,17118.0,17275.0
2019-12-14,20,TEN,16710.0,16883.0
2019-12-14,21,TEN,16516.0,16706.0
2019-12-14,22,TEN,16759.0,16955.0
2019-12-14,23,TEN,17523.0,17622.0
2019-12-15,0,TEN,18259.0,18292.0
2019-12-15,1,TEN,18173.0,18248.0
2019-12-15,2,TEN,18041.0,18098.0
2019-12-15,3,TEN,17726.0,17803.0
2019-12-15,4,TEN,17361.0,17426.0
2019-12-15,5,TEN,16661.0,16785.0
2019-12-15,6,TEN,16128.0,16159.0
2019-12-15,7,TEN,15745.0,15812.0
2019-12-15,8,TEN,15521.0,15575.0
2019-12-15,9,TEN,15509.0,15529.0
2019-12-15,10,TEN,15584.0,15689.0
2019-12-15,11,TEN,15899.0,15988.0
2019-12-15,12,TEN,16413.0,16558.0
2019-12-15,13,TEN,17088.0,17233.0
2019-12-15,14,TEN,17742.0,17813.0
2019-12-15,15,TEN,18078.0,18111.0
2019-12-15,16,TEN,17716.0,17773.0
2019-12-15,17,TEN,17126.0,17279.0
2019-12-15,18,TEN,16525.0,16604.0
2019-12-15,19,TEN,16248.0,16316.0
2019-12-15,20,TEN,15987.0,16104.0
2019-12-15,21,TEN,15785.0,15917.0
2019-12-15,22,TEN,16145.0,16294.0
2019-12-15,23,TEN,17138.0,17220.0
2019-12-16,0,TEN,17957.0,17981.0
2019-12-16,1,TEN,17921.0,18065.0
2019-12-16,2,TEN,17702.0,17793.0
2019-12-16,3,TEN,17297.0,17362.0
2019-12-16,4,TEN,16709.0,16742.0
2019-12-16,5,TEN,15836.0,15915.0
2019-12-16,6,TEN,14962.0,15020.0
2019-12-16,7,TEN,14493.0,14570.0
2019-12-16,8,TEN,14167.0,14198.0
2019-12-16,9,TEN,14004.0,13970.0
2019-12-16,10,TEN,14094.0,14050.0
2019-12-16,11,TEN,14500.0,14500.0
2019-12-16,12,TEN,15796.0,15896.0
2019-12-16,13,TEN,17207.0,17267.0
2019-12-16,14,TEN,17400.0,17481.0
2019-12-16,15,TEN,17344.0,17408.0
2019-12-16,16,TEN,17309.0,17432.0
2019-12-16,17,TEN,17491.0,17594.0
2019-12-16,18,TEN,17534.0,17590.0
2019-12-16,19,TEN,17428.0,17535.0
2019-12-16,20,TEN,17305.0,17364.0
2019-12-16,21,TEN,17257.0,17319.0
2019-12-16,22,TEN,17459.0,17539.0
2019-12-16,23,TEN,18212.0,18268.0
2019-12-17,0,TEN,18648.0,18719.0
2019-12-17,1,TEN,18463.0,18526.0
2019-12-17,2,TEN,18210.0,18274.0
2019-12-17,3,TEN,17792.0,17851.0
2019-12-17,4,TEN,16950.0,16908.0
2019-12-17,5,TEN,15950.0,15974.0
2019-12-17,6,TEN,15230.0,15224.0
2019-12-17,7,TEN,14776.0,14749.0
2019-12-17,8,TEN,14646.0,14535.0
2019-12-17,9,TEN,14707.0,14613.0
2019-12-17,10,TEN,14792.0,14732.0
2019-12-17,11,TEN,15461.0,15405.0
2019-12-17,12,TEN,17175.0,17258.0
2019-12-17,13,TEN,18860.0,18873.0
2019-12-17,14,TEN,19448.0,19461.0
2019-12-17,15,TEN,19756.0,19766.0
2019-12-17,16,TEN,20008.0,20026.0
2019-12-17,17,TEN,20378.0,20338.0
2019-12-17,18,TEN,20717.0,20742.0
2019-12-17,19,TEN,20739.0,20766.0
2019-12-17,20,TEN,20960.0,21041.0
2019-12-17,21,TEN,20890.0,20949.0
2019-12-17,22,TEN,21100.0,21125.0
2019-12-17,23,TEN,21932.0,21416.0
2019-12-18,0,TEN,23108.0,22535.0
2019-12-18,1,TEN,23259.0,22677.0
2019-12-18,2,TEN,23319.0,22947.0
2019-12-18,3,TEN,23310.0,23242.0
2019-12-18,4,TEN,22738.0,22649.0
2019-12-18,5,TEN,21934.0,21890.0
2019-12-18,6,TEN,21391.0,21330.0
2019-12-18,7,TEN,21107.0,21046.0
2019-12-18,8,TEN,21050.0,21006.0
2019-12-18,9,TEN,21307.0,21266.0
2019-12-18,10,TEN,21474.0,21382.0
2019-12-18,11,TEN,22402.0,22341.0
2019-12-18,12,TEN,23780.0,23757.0
2019-12-18,13,TEN,25192.0,24394.0
2019-12-18,14,TEN,25174.0,24455.0
2019-12-18,15,TEN,24082.0,23879.0
2019-12-18,16,TEN,23009.0,23005.0
2019-12-18,17,TEN,22027.0,22032.0
2019-12-18,18,TEN,21093.0,21142.0
2019-12-18,19,TEN,20256.0,20231.0
2019-12-18,20,TEN,19657.0,19625.0
2019-12-18,21,TEN,19435.0,19455.0
2019-12-18,22,TEN,19702.0,19909.0
2019-12-18,23,TEN,21114.0,21080.0
2019-12-19,0,TEN,22652.0,22593.0
2019-12-19,1,TEN,23232.0,22833.0
2019-12-19,2,TEN,23361.0,22976.0
2019-12-19,3,TEN,23260.0,23250.0
2019-12-19,4,TEN,22890.0,22832.0
2019-12-19,5,TEN,22115.0,22008.0
2019-12-19,6,TEN,21699.0,21642.0
2019-12-19,7,TEN,21647.0,21653.0
2019-12-19,8,TEN,21789.0,21739.0
2019-12-19,9,TEN,21983.0,21940.0
2019-12-19,10,TEN,22431.0,22376.0
2019-12-19,11,TEN,23181.0,23116.0
2019-12-19,12,TEN,24823.0,24197.0
2019-12-19,13,TEN,26107.0,25332.0
2019-12-19,14,TEN,26124.0,25455.0
2019-12-19,15,TEN,24827.0,24519.0
2019-12-19,16,TEN,23226.0,23170.0
2019-12-19,17,TEN,21875.0,21780.0
2019-12-19,18,TEN,20712.0,20635.0
2019-12-19,19,TEN,19607.0,19542.0
2019-12-19,20,TEN,19218.0,19157.0
2019-12-19,21,TEN,18494.0,18504.0
2019-12-19,22,TEN,18695.0,18676.0
2019-12-19,23,TEN,19702.0,19685.0
2019-12-20,0,TEN,21312.0,21203.0
2019-12-20,1,TEN,22017.0,21983.0
2019-12-20,2,TEN,22278.0,22241.0
2019-12-20,3,TEN,22368.0,22350.0
2019-12-20,4,TEN,22195.0,22072.0
2019-12-20,5,TEN,21511.0,21463.0
2019-12-20,6,TEN,21075.0,21002.0
2019-12-20,7,TEN,20965.0,20855.0
2019-12-20,8,TEN,20953.0,20860.0
2019-12-20,9,TEN,21183.0,21060.0
2019-12-20,10,TEN,21510.0,21421.0
2019-12-20,11,TEN,22126.0,22194.0
2019-12-20,12,TEN,23336.0,23569.0
2019-12-20,13,TEN,24661.0,24382.0
2019-12-20,14,TEN,24658.0,24112.0
2019-12-20,15,TEN,23641.0,23960.0
2019-12-20,16,TEN,22076.0,22279.0
2019-12-20,17,TEN,20384.0,20214.0
2019-12-20,18,TEN,19208.0,19142.0
2019-12-20,19,TEN,18449.0,18430.0
2019-12-20,20,TEN,17907.0,17918.0
2019-12-20,21,TEN,17597.0,17671.0
2019-12-20,22,TEN,17794.0,17859.0
2019-12-20,23,TEN,18599.0,18703.0
2019-12-21,0,TEN,19681.0,19708.0
2019-12-21,1,TEN,19900.0,19933.0
2019-12-21,2,TEN,19828.0,19870.0
2019-12-21,3,TEN,19706.0,19714.0
2019-12-21,4,TEN,19295.0,19200.0
2019-12-21,5,TEN,18522.0,18472.0
2019-12-21,6,TEN,17902.0,17852.0
2019-12-21,7,TEN,17373.0,17393.0
2019-12-21,8,TEN,17097.0,17184.0
2019-12-21,9,TEN,17041.0,17049.0
2019-12-21,10,TEN,17050.0,17095.0
2019-12-21,11,TEN,17314.0,17404.0
2019-12-21,12,TEN,17827.0,17888.0
2019-12-21,13,TEN,18472.0,18546.0
2019-12-21,14,TEN,18934.0,19037.0
2019-12-21,15,TEN,19393.0,19309.0
2019-12-21,16,TEN,19202.0,19161.0
2019-12-21,17,TEN,18652.0,18689.0
2019-12-21,18,TEN,17762.0,17761.0
2019-12-21,19,TEN,17282.0,17321.0
2019-12-21,20,TEN,16831.0,16891.0
2019-12-21,21,TEN,16804.0,16822.0
2019-12-21,22,TEN,17019.0,17102.0
2019-12-21,23,TEN,17759.0,17781.0
2019-12-22,0,TEN,18499.0,18520.0
2019-12-22,1,TEN,18493.0,18532.0
2019-12-22,2,TEN,18403.0,18453.0
2019-12-22,3,TEN,18184.0,18229.0
2019-12-22,4,TEN,17772.0,17770.0
2019-12-22,5,TEN,17082.0,17089.0
2019-12-22,6,TEN,16423.0,16487.0
2019-12-22,7,TEN,15902.0,15943.0
2019-12-22,8,TEN,15597.0,15627.0
2019-12-22,9,TEN,15451.0,15425.0
2019-12-22,10,TEN,15435.0,15416.0
2019-12-22,11,TEN,15540.0,15574.0
2019-12-22,12,TEN,16046.0,16159.0
2019-12-22,13,TEN,16625.0,16748.0
2019-12-22,14,TEN,17338.0,17439.0
2019-12-22,15,TEN,17795.0,17853.0
2019-12-22,16,TEN,17846.0,17894.0
2019-12-22,17,TEN,17593.0,17869.0
2019-12-22,18,TEN,17400.0,17793.0
2019-12-22,19,TEN,17249.0,17578.0
2019-12-22,20,TEN,17205.0,17576.0
2019-12-22,21,TEN,17194.0,17585.0
2019-12-22,22,TEN,17342.0,17721.0
2019-12-22,23,TEN,17953.0,18254.0
2019-12-23,0,TEN,18380.0,18764.0
2019-12-23,1,TEN,18301.0,18660.0
2019-12-23,2,TEN,18128.0,18479.0
2019-12-23,3,TEN,17732.0,17806.0
2019-12-23,4,TEN,17051.0,17141.0
2019-12-23,5,TEN,16206.0,16188.0
2019-12-23,6,TEN,15407.0,15471.0
2019-12-23,7,TEN,14929.0,15046.0
2019-12-23,8,TEN,14587.0,14717.0
2019-12-23,9,TEN,14411.0,14502.0
2019-12-23,10,TEN,14379.0,14500.0
2019-12-23,11,TEN,14726.0,14808.0
2019-12-23,12,TEN,15430.0,15542.0
2019-12-23,13,TEN,16450.0,16529.0
2019-12-23,14,TEN,16884.0,17017.0
2019-12-23,15,TEN,17042.0,17124.0
2019-12-23,16,TEN,16907.0,16963.0
2019-12-23,17,TEN,16770.0,16823.0
2019-12-23,18,TEN,16365.0,16407.0
2019-12-23,19,TEN,15980.0,16010.0
2019-12-23,20,TEN,15697.0,15753.0
2019-12-23,21,TEN,15358.0,15491.0
2019-12-23,22,TEN,15289.0,15341.0
2019-12-23,23,TEN,15695.0,15766.0
2019-12-24,0,TEN,16599.0,16683.0
2019-12-24,1,TEN,16543.0,16572.0
2019-12-24,2,TEN,16524.0,16575.0
2019-12-24,3,TEN,16305.0,16386.0
2019-12-24,4,TEN,15873.0,16015.0
2019-12-24,5,TEN,15242.0,15413.0
2019-12-24,6,TEN,14563.0,14681.0
2019-12-24,7,TEN,14127.0,14105.0
2019-12-24,8,TEN,13967.0,13941.0
2019-12-24,9,TEN,14008.0,13992.0
2019-12-24,10,TEN,14143.0,14159.0
2019-12-24,11,TEN,14471.0,14367.0
2019-12-24,12,TEN,15061.0,15014.0
2019-12-24,13,TEN,15961.0,15862.0
2019-12-24,14,TEN,16594.0,16517.0
2019-12-24,15,TEN,16544.0,16421.0
2019-12-24,16,TEN,16171.0,16030.0
2019-12-24,17,TEN,15673.0,15649.0
2019-12-24,18,TEN,15179.0,15114.0
2019-12-24,19,TEN,14717.0,14669.0
2019-12-24,20,TEN,14325.0,14246.0
2019-12-24,21,TEN,14156.0,14050.0
2019-12-24,22,TEN,14047.0,13963.0
2019-12-24,23,TEN,14185.0,14095.0
2019-12-25,0,TEN,14759.0,14675.0
2019-12-25,1,TEN,14635.0,14520.0
2019-12-25,2,TEN,14521.0,14525.0
2019-12-25,3,TEN,14516.0,14475.0
2019-12-25,4,TEN,14354.0,14384.0
2019-12-25,5,TEN,13987.0,13967.0
2019-12-25,6,TEN,13508.0,13520.0
2019-12-25,7,TEN,13195.0,13175.0
2019-12-25,8,TEN,13094.0,13101.0
2019-12-25,9,TEN,13177.0,13170.0
2019-12-25,10,TEN,13385.0,13341.0
2019-12-25,11,TEN,13762.0,13740.0
2019-12-25,12,TEN,14335.0,14384.0
2019-12-25,13,TEN,15079.0,15068.0
2019-12-25,14,TEN,15691.0,15681.0
2019-12-25,15,TEN,15627.0,15619.0
2019-12-25,16,TEN,15129.0,15110.0
2019-12-25,17,TEN,14567.0,14487.0
2019-12-25,18,TEN,14010.0,14019.0
2019-12-25,19,TEN,13466.0,13323.0
2019-12-25,20,TEN,13122.0,13016.0
2019-12-25,21,TEN,12769.0,12706.0
2019-12-25,22,TEN,12699.0,12658.0
2019-12-25,23,TEN,13206.0,13128.0
2019-12-26,0,TEN,14039.0,13968.0
2019-12-26,1,TEN,14109.0,14024.0
2019-12-26,2,TEN,14106.0,14038.0
2019-12-26,3,TEN,14066.0,14000.0
2019-12-26,4,TEN,13675.0,13662.0
2019-12-26,5,TEN,13246.0,13162.0
2019-12-26,6,TEN,12784.0,12669.0
2019-12-26,7,TEN,12511.0,12426.0
2019-12-26,8,TEN,12440.0,12360.0
2019-12-26,9,TEN,12447.0,12376.0
2019-12-26,10,TEN,12716.0,12619.0
2019-12-26,11,TEN,13185.0,13078.0
2019-12-26,12,TEN,14064.0,13974.0
2019-12-26,13,TEN,15049.0,14976.0
2019-12-26,14,TEN,15582.0,15481.0
2019-12-26,15,TEN,15813.0,15690.0
2019-12-26,16,TEN,15646.0,15508.0
2019-12-26,17,TEN,15658.0,15551.0
2019-12-26,18,TEN,15333.0,15200.0
2019-12-26,19,TEN,15162.0,15040.0
2019-12-26,20,TEN,14980.0,14862.0
2019-12-26,21,TEN,14819.0,14728.0
2019-12-26,22,TEN,14820.0,14683.0
2019-12-26,23,TEN,15229.0,15192.0
2019-12-27,0,TEN,16204.0,16114.0
2019-12-27,1,TEN,16232.0,16109.0
2019-12-27,2,TEN,16115.0,16027.0
2019-12-27,3,TEN,15757.0,15637.0
2019-12-27,4,TEN,15228.0,15154.0
2019-12-27,5,TEN,14456.0,14365.0
2019-12-27,6,TEN,13858.0,13721.0
2019-12-27,7,TEN,13469.0,13560.0
2019-12-27,8,TEN,13209.0,13376.0
2019-12-27,9,TEN,13144.0,13288.0
2019-12-27,10,TEN,13258.0,13400.0
2019-12-27,11,TEN,13621.0,13758.0
2019-12-27,12,TEN,14413.0,14494.0
2019-12-27,13,TEN,15238.0,15359.0
2019-12-27,14,TEN,15599.0,15724.0
2019-12-27,15,TEN,15913.0,16035.0
2019-12-27,16,TEN,15883.0,16036.0
2019-12-27,17,TEN,15767.0,15937.0
2019-12-27,18,TEN,15615.0,15764.0
2019-12-27,19,TEN,15206.0,15360.0
2019-12-27,20,TEN,15179.0,15335.0
2019-12-27,21,TEN,14881.0,15082.0
2019-12-27,22,TEN,14948.0,15064.0
2019-12-27,23,TEN,15441.0,15506.0
2019-12-28,0,TEN,16269.0,16362.0
2019-12-28,1,TEN,16203.0,16357.0
2019-12-28,2,TEN,15967.0,16121.0
2019-12-28,3,TEN,15579.0,15723.0
2019-12-28,4,TEN,15103.0,15266.0
2019-12-28,5,TEN,14385.0,14569.0
2019-12-28,6,TEN,13633.0,13720.0
2019-12-28,7,TEN,13167.0,13073.0
2019-12-28,8,TEN,12942.0,12810.0
2019-12-28,9,TEN,12896.0,12840.0
2019-12-28,10,TEN,12871.0,12750.0
2019-12-28,11,TEN,12984.0,12949.0
2019-12-28,12,TEN,13434.0,13441.0
2019-12-28,13,TEN,13952.0,13948.0
2019-12-28,14,TEN,14280.0,14267.0
2019-12-28,15,TEN,14673.0,14693.0
2019-12-28,16,TEN,14874.0,14883.0
2019-12-28,17,TEN,14786.0,14812.0
2019-12-28,18,TEN,14598.0,14570.0
2019-12-28,19,TEN,14284.0,14285.0
2019-12-28,20,TEN,14178.0,14121.0
2019-12-28,21,TEN,14213.0,14136.0
2019-12-28,22,TEN,14223.0,14151.0
2019-12-28,23,TEN,14703.0,14630.0
2019-12-29,0,TEN,15389.0,15311.0
2019-12-29,1,TEN,15358.0,15325.0
2019-12-29,2,TEN,15141.0,15108.0
2019-12-29,3,TEN,14782.0,14762.0
2019-12-29,4,TEN,14301.0,14237.0
2019-12-29,5,TEN,13591.0,13550.0
2019-12-29,6,TEN,12833.0,12768.0
2019-12-29,7,TEN,12268.0,12102.0
2019-12-29,8,TEN,11861.0,11813.0
2019-12-29,9,TEN,11650.0,11922.0
2019-12-29,10,TEN,11508.0,11779.0
2019-12-29,11,TEN,11717.0,12001.0
2019-12-29,12,TEN,11864.0,12168.0
2019-12-29,13,TEN,12331.0,12306.0
2019-12-29,14,TEN,12788.0,12710.0
2019-12-29,15,TEN,13493.0,13472.0
2019-12-29,16,TEN,13812.0,13808.0
2019-12-29,17,TEN,13980.0,13992.0
2019-12-29,18,TEN,14233.0,14194.0
2019-12-29,19,TEN,14430.0,14373.0
2019-12-29,20,TEN,14420.0,14376.0
2019-12-29,21,TEN,14424.0,14387.0
2019-12-29,22,TEN,14610.0,14530.0
2019-12-29,23,TEN,15231.0,15194.0
2019-12-30,0,TEN,15768.0,15759.0
2019-12-30,1,TEN,15590.0,15550.0
2019-12-30,2,TEN,15352.0,15324.0
2019-12-30,3,TEN,14930.0,14904.0
2019-12-30,4,TEN,14375.0,14315.0
2019-12-30,5,TEN,13631.0,13594.0
2019-12-30,6,TEN,12929.0,12779.0
2019-12-30,7,TEN,12361.0,12267.0
2019-12-30,8,TEN,12125.0,12459.0
2019-12-30,9,TEN,12225.0,12583.0
2019-12-30,10,TEN,12408.0,12761.0
2019-12-30,11,TEN,12882.0,13215.0
2019-12-30,12,TEN,13987.0,14429.0
2019-12-30,13,TEN,15145.0,15109.0
2019-12-30,14,TEN,15848.0,15784.0
2019-12-30,15,TEN,16217.0,16163.0
2019-12-30,16,TEN,16292.0,16223.0
2019-12-30,17,TEN,16451.0,16362.0
2019-12-30,18,TEN,16192.0,16111.0
2019-12-30,19,TEN,15895.0,15860.0
2019-12-30,20,TEN,15646.0,15605.0
2019-12-30,21,TEN,15424.0,15340.0
2019-12-30,22,TEN,15604.0,15532.0
2019-12-30,23,TEN,16247.0,16227.0
2019-12-31,0,TEN,17651.0,17538.0
2019-12-31,1,TEN,17976.0,17855.0
2019-12-31,2,TEN,17876.0,17827.0
2019-12-31,3,TEN,17669.0,17663.0
2019-12-31,4,TEN,17130.0,17083.0
2019-12-31,5,TEN,16470.0,16371.0
2019-12-31,6,TEN,15697.0,15685.0
2019-12-31,7,TEN,15455.0,15549.0
2019-12-31,8,TEN,15361.0,15454.0
2019-12-31,9,TEN,15384.0,15498.0
2019-12-31,10,TEN,15640.0,15753.0
2019-12-31,11,TEN,16040.0,16256.0
2019-12-31,12,TEN,17034.0,17202.0
2019-12-31,13,TEN,18096.0,18226.0
2019-12-31,14,TEN,18595.0,18708.0
2019-12-31,15,TEN,18548.0,18733.0
2019-12-31,16,TEN,18297.0,18503.0
2019-12-31,17,TEN,18086.0,18242.0
2019-12-31,18,TEN,17639.0,17739.0
2019-12-31,19,TEN,17032.0,17148.0
2019-12-31,20,TEN,16638.0,16727.0
2019-12-31,21,TEN,16264.0,16409.0
2019-12-31,22,TEN,16329.0,16465.0
2019-12-31,23,TEN,17195.0,17279.0
2020-01-01,0,TEN,18379.0,18442.0
2020-01-01,1,TEN,18496.0,18558.0
2020-01-01,2,TEN,18286.0,18371.0
2020-01-01,3,TEN,18021.0,18166.0
2020-01-01,4,TEN,17531.0,17701.0
2020-01-01,5,TEN,17244.0,17331.0
2020-01-01,6,TEN,16920.0,17036.0
2020-01-01,7,TEN,16841.0,16909.0
2020-01-01,8,TEN,16827.0,16889.0
2020-01-01,9,TEN,16871.0,16904.0
2020-01-01,10,TEN,17123.0,17204.0
2020-01-01,11,TEN,17472.0,17622.0
2020-01-01,12,TEN,18017.0,18142.0
2020-01-01,13,TEN,18498.0,18555.0
2020-01-01,14,TEN,18782.0,18875.0
2020-01-01,15,TEN,18574.0,18658.0
2020-01-01,16,TEN,17829.0,17937.0
2020-01-01,17,TEN,17191.0,17270.0
2020-01-01,18,TEN,16591.0,16690.0
2020-01-01,19,TEN,15945.0,16101.0
2020-01-01,20,TEN,15436.0,15522.0
2020-01-01,21,TEN,15305.0,15405.0
2020-01-01,22,TEN,15428.0,15577.0
2020-01-01,23,TEN,16396.0,16405.0
2020-01-02,0,TEN,17682.0,17657.0
2020-01-02,1,TEN,17758.0,17885.0
2020-01-02,2,TEN,17780.0,17844.0
2020-01-02,3,TEN,17491.0,17563.0
2020-01-02,4,TEN,17091.0,17178.0
2020-01-02,5,TEN,16312.0,16416.0
2020-01-02,6,TEN,15726.0,15802.0
2020-01-02,7,TEN,15452.0,15474.0
2020-01-02,8,TEN,15226.0,15304.0
2020-01-02,9,TEN,15036.0,15103.0
2020-01-02,10,TEN,15015.0,15101.0
2020-01-02,11,TEN,15317.0,15449.0
2020-01-02,12,TEN,16248.0,16326.0
2020-01-02,13,TEN,17330.0,17474.0
2020-01-02,14,TEN,17916.0,17981.0
2020-01-02,15,TEN,18244.0,18319.0
2020-01-02,16,TEN,18450.0,18545.0
2020-01-02,17,TEN,18707.0,18783.0
2020-01-02,18,TEN,18732.0,18776.0
2020-01-02,19,TEN,18644.0,18633.0
2020-01-02,20,TEN,18509.0,18631.0
2020-01-02,21,TEN,18309.0,17993.0
2020-01-02,22,TEN,18322.0,17931.0
2020-01-02,23,TEN,18760.0,18278.0
2020-01-03,0,TEN,19226.0,18719.0
2020-01-03,1,TEN,18836.0,18410.0
2020-01-03,2,TEN,18445.0,18299.0
2020-01-03,3,TEN,17919.0,18030.0
2020-01-03,4,TEN,17119.0,17222.0
2020-01-03,5,TEN,16221.0,16255.0
2020-01-03,6,TEN,15280.0,15292.0
2020-01-03,7,TEN,14853.0,14907.0
2020-01-03,8,TEN,14402.0,14429.0
2020-01-03,9,TEN,14155.0,14200.0
2020-01-03,10,TEN,14175.0,14233.0
2020-01-03,11,TEN,14374.0,14447.0
2020-01-03,12,TEN,15154.0,15134.0
2020-01-03,13,TEN,16126.0,16001.0
2020-01-03,14,TEN,16563.0,16588.0
2020-01-03,15,TEN,16771.0,16845.0
2020-01-03,16,TEN,16952.0,17042.0
2020-01-03,17,TEN,17219.0,17197.0
2020-01-03,18,TEN,17246.0,17184.0
2020-01-03,19,TEN,17102.0,17147.0
2020-01-03,20,TEN,17003.0,17063.0
2020-01-03,21,TEN,16830.0,16928.0
2020-01-03,22,TEN,16644.0,16750.0
2020-01-03,23,TEN,16941.0,17043.0
2020-01-04,0,TEN,17458.0,17449.0
2020-01-04,1,TEN,17235.0,17230.0
2020-01-04,2,TEN,16775.0,16752.0
2020-01-04,3,TEN,16485.0,16557.0
2020-01-04,4,TEN,15919.0,15856.0
2020-01-04,5,TEN,15196.0,15239.0
2020-01-04,6,TEN,14498.0,14544.0
2020-01-04,7,TEN,13969.0,14017.0
2020-01-04,8,TEN,13699.0,13657.0
2020-01-04,9,TEN,13571.0,13510.0
2020-01-04,10,TEN,13615.0,13648.0
2020-01-04,11,TEN,14059.0,14037.0
2020-01-04,12,TEN,14594.0,14628.0
2020-01-04,13,TEN,15387.0,15449.0
2020-01-04,14,TEN,15932.0,16016.0
2020-01-04,15,TEN,16393.0,16453.0
2020-01-04,16,TEN,17220.0,17273.0
2020-01-04,17,TEN,17340.0,17387.0
2020-01-04,18,TEN,17374.0,17402.0
2020-01-04,19,TEN,17395.0,17402.0
2020-01-04,20,TEN,17554.0,17551.0
2020-01-04,21,TEN,17690.0,17736.0
2020-01-04,22,TEN,18012.0,17995.0
2020-01-04,23,TEN,18954.0,18968.0
2020-01-05,0,TEN,20000.0,19938.0
2020-01-05,1,TEN,20104.0,19920.0
2020-01-05,2,TEN,19969.0,19815.0
2020-01-05,3,TEN,19764.0,19598.0
2020-01-05,4,TEN,19348.0,19184.0
2020-01-05,5,TEN,18832.0,18611.0
2020-01-05,6,TEN,18346.0,18198.0
2020-01-05,7,TEN,18123.0,17972.0
2020-01-05,8,TEN,18072.0,17919.0
2020-01-05,9,TEN,18140.0,17937.0
2020-01-05,10,TEN,18331.0,18232.0
2020-01-05,11,TEN,18551.0,18470.0
2020-01-05,12,TEN,19118.0,19093.0
2020-01-05,13,TEN,20021.0,19997.0
2020-01-05,14,TEN,20568.0,20527.0
2020-01-05,15,TEN,20338.0,20395.0
2020-01-05,16,TEN,19117.0,19122.0
2020-01-05,17,TEN,17976.0,18037.0
2020-01-05,18,TEN,17224.0,17290.0
2020-01-05,19,TEN,16651.0,16740.0
2020-01-05,20,TEN,16154.0,16216.0
2020-01-05,21,TEN,15759.0,15785.0
2020-01-05,22,TEN,15732.0,15834.0
2020-01-05,23,TEN,16521.0,16581.0
2020-01-06,0,TEN,18031.0,18089.0
2020-01-06,1,TEN,18585.0,18660.0
2020-01-06,2,TEN,18648.0,18668.0
2020-01-06,3,TEN,18569.0,18614.0
2020-01-06,4,TEN,18175.0,18203.0
2020-01-06,5,TEN,17526.0,17643.0
2020-01-06,6,TEN,17087.0,17171.0
2020-01-06,7,TEN,16991.0,17032.0
2020-01-06,8,TEN,17039.0,17133.0
2020-01-06,9,TEN,17390.0,17464.0
2020-01-06,10,TEN,17810.0,17880.0
2020-01-06,11,TEN,18601.0,18680.0
2020-01-06,12,TEN,20166.0,19814.0
2020-01-06,13,TEN,21782.0,21017.0
2020-01-06,14,TEN,21928.0,21214.0
2020-01-06,15,TEN,20972.0,20675.0
2020-01-06,16,TEN,19546.0,19678.0
2020-01-06,17,TEN,18557.0,18682.0
2020-01-06,18,TEN,17928.0,18071.0
2020-01-06,19,TEN,17517.0,17672.0
2020-01-06,20,TEN,17115.0,17306.0
2020-01-06,21,TEN,16767.0,17042.0
2020-01-06,22,TEN,16761.0,17005.0
2020-01-06,23,TEN,17449.0,17618.0
2020-01-07,0,TEN,19001.0,19107.0
2020-01-07,1,TEN,19332.0,19492.0
2020-01-07,2,TEN,19247.0,19373.0
2020-01-07,3,TEN,18827.0,18965.0
2020-01-07,4,TEN,18054.0,18073.0
2020-01-07,5,TEN,17154.0,17198.0
2020-01-07,6,TEN,16433.0,16503.0
2020-01-07,7,TEN,15981.0,16066.0
2020-01-07,8,TEN,15775.0,15825.0
2020-01-07,9,TEN,15712.0,15800.0
2020-01-07,10,TEN,15897.0,15991.0
2020-01-07,11,TEN,16394.0,16396.0
2020-01-07,12,TEN,17911.0,18059.0
2020-01-07,13,TEN,19529.0,19716.0
2020-01-07,14,TEN,19784.0,19867.0
2020-01-07,15,TEN,19367.0,19520.0
2020-01-07,16,TEN,18784.0,18930.0
2020-01-07,17,TEN,18326.0,18453.0
2020-01-07,18,TEN,17884.0,18000.0
2020-01-07,19,TEN,17646.0,17816.0
2020-01-07,20,TEN,17268.0,17448.0
2020-01-07,21,TEN,17101.0,17285.0
2020-01-07,22,TEN,17180.0,17399.0
2020-01-07,23,TEN,18021.0,18242.0
2020-01-08,0,TEN,19534.0,19642.0
2020-01-08,1,TEN,20115.0,20300.0
2020-01-08,2,TEN,20185.0,20355.0
2020-01-08,3,TEN,20087.0,20267.0
2020-01-08,4,TEN,19587.0,19651.0
2020-01-08,5,TEN,18868.0,18927.0
2020-01-08,6,TEN,18364.0,18421.0
2020-01-08,7,TEN,18239.0,18318.0
2020-01-08,8,TEN,18279.0,18345.0
2020-01-08,9,TEN,18514.0,18586.0
2020-01-08,10,TEN,18828.0,18889.0
2020-01-08,11,TEN,19357.0,19459.0
2020-01-08,12,TEN,20867.0,21009.0
2020-01-08,13,TEN,22243.0,21791.0
2020-01-08,14,TEN,22178.0,22026.0
2020-01-08,15,TEN,20874.0,20981.0
2020-01-08,16,TEN,19369.0,19465.0
2020-01-08,17,TEN,18397.0,18483.0
2020-01-08,18,TEN,17728.0,17951.0
2020-01-08,19,TEN,17005.0,17250.0
2020-01-08,20,TEN,16551.0,16782.0
2020-01-08,21,TEN,16206.0,16458.0
2020-01-08,22,TEN,16210.0,16539.0
2020-01-08,23,TEN,16832.0,17037.0
2020-01-09,0,TEN,18611.0,18810.0
2020-01-09,1,TEN,19122.0,19298.0
2020-01-09,2,TEN,19343.0,19474.0
2020-01-09,3,TEN,19208.0,19353.0
2020-01-09,4,TEN,18724.0,18741.0
2020-01-09,5,TEN,17996.0,18050.0
2020-01-09,6,TEN,17432.0,17447.0
2020-01-09,7,TEN,17474.0,17517.0
2020-01-09,8,TEN,17465.0,17523.0
2020-01-09,9,TEN,17657.0,17686.0
2020-01-09,10,TEN,18000.0,18049.0
2020-01-09,11,TEN,18742.0,18779.0
2020-01-09,12,TEN,20298.0,20367.0
2020-01-09,13,TEN,21693.0,21677.0
2020-01-09,14,TEN,21599.0,21693.0
2020-01-09,15,TEN,20489.0,20671.0
2020-01-09,16,TEN,19326.0,19485.0
2020-01-09,17,TEN,18438.0,18625.0
2020-01-09,18,TEN,17741.0,17924.0
2020-01-09,19,TEN,17213.0,17441.0
2020-01-09,20,TEN,16848.0,17146.0
2020-01-09,21,TEN,16542.0,16860.0
2020-01-09,22,TEN,16632.0,16924.0
2020-01-09,23,TEN,17241.0,17500.0
2020-01-10,0,TEN,18319.0,18477.0
2020-01-10,1,TEN,18441.0,18579.0
2020-01-10,2,TEN,18264.0,18305.0
2020-01-10,3,TEN,17942.0,18073.0
2020-01-10,4,TEN,17003.0,16995.0
2020-01-10,5,TEN,15959.0,15969.0
2020-01-10,6,TEN,15110.0,15106.0
2020-01-10,7,TEN,14464.0,14490.0
2020-01-10,8,TEN,14209.0,14225.0
2020-01-10,9,TEN,14057.0,14099.0
2020-01-10,10,TEN,13983.0,14042.0
2020-01-10,11,TEN,14233.0,14363.0
2020-01-10,12,TEN,15458.0,15669.0
2020-01-10,13,TEN,16652.0,16835.0
2020-01-10,14,TEN,16764.0,16912.0
2020-01-10,15,TEN,16659.0,16826.0
2020-01-10,16,TEN,16658.0,16820.0
2020-01-10,17,TEN,16603.0,16750.0
2020-01-10,18,TEN,16529.0,16624.0
2020-01-10,19,TEN,16212.0,16334.0
2020-01-10,20,TEN,16168.0,16267.0
2020-01-10,21,TEN,15927.0,16052.0
2020-01-10,22,TEN,15858.0,16034.0
2020-01-10,23,TEN,16290.0,16449.0
2020-01-11,0,TEN,16873.0,16935.0
2020-01-11,1,TEN,16644.0,16690.0
2020-01-11,2,TEN,16326.0,16360.0
2020-01-11,3,TEN,15865.0,16023.0
2020-01-11,4,TEN,15290.0,15325.0
2020-01-11,5,TEN,14372.0,14431.0
2020-01-11,6,TEN,13645.0,13585.0
2020-01-11,7,TEN,12932.0,13109.0
2020-01-11,8,TEN,12552.0,13007.0
2020-01-11,9,TEN,12340.0,12915.0
2020-01-11,10,TEN,12296.0,12940.0
2020-01-11,11,TEN,12411.0,12989.0
2020-01-11,12,TEN,12614.0,13071.0
2020-01-11,13,TEN,13509.0,13670.0
2020-01-11,14,TEN,13481.0,13576.0
2020-01-11,15,TEN,14204.0,14335.0
2020-01-11,16,TEN,14829.0,14900.0
2020-01-11,17,TEN,15141.0,15435.0
2020-01-11,18,TEN,15317.0,15809.0
2020-01-11,19,TEN,15335.0,15721.0
2020-01-11,20,TEN,15156.0,15519.0
2020-01-11,21,TEN,15071.0,15426.0
2020-01-11,22,TEN,15059.0,15533.0
2020-01-11,23,TEN,15439.0,15860.0
2020-01-12,0,TEN,16059.0,16090.0
2020-01-12,1,TEN,15987.0,15980.0
2020-01-12,2,TEN,15805.0,15849.0
2020-01-12,3,TEN,15469.0,15493.0
2020-01-12,4,TEN,15163.0,15125.0
2020-01-12,5,TEN,14575.0,14536.0
2020-01-12,6,TEN,14108.0,14013.0
2020-01-12,7,TEN,13569.0,13656.0
2020-01-12,8,TEN,13329.0,13478.0
2020-01-12,9,TEN,13385.0,13538.0
2020-01-12,10,TEN,13552.0,13588.0
2020-01-12,11,TEN,13776.0,13643.0
2020-01-12,12,TEN,14354.0,14280.0
2020-01-12,13,TEN,15010.0,14990.0
2020-01-12,14,TEN,15847.0,15831.0
2020-01-12,15,TEN,16435.0,16526.0
2020-01-12,16,TEN,16600.0,16648.0
2020-01-12,17,TEN,16332.0,16383.0
2020-01-12,18,TEN,16052.0,16098.0
2020-01-12,19,TEN,15906.0,15931.0
2020-01-12,20,TEN,15655.0,15678.0
2020-01-12,21,TEN,15438.0,15458.0
2020-01-12,22,TEN,15563.0,15574.0
2020-01-12,23,TEN,16029.0,16064.0
2020-01-13,0,TEN,17337.0,17277.0
2020-01-13,1,TEN,17608.0,17595.0
2020-01-13,2,TEN,17656.0,17643.0
2020-01-13,3,TEN,17469.0,17451.0
2020-01-13,4,TEN,17029.0,17010.0
2020-01-13,5,TEN,16302.0,16255.0
2020-01-13,6,TEN,15747.0,15588.0
2020-01-13,7,TEN,15483.0,15467.0
2020-01-13,8,TEN,15396.0,15360.0
2020-01-13,9,TEN,15412.0,15358.0
2020-01-13,10,TEN,15653.0,15714.0
2020-01-13,11,TEN,16242.0,16318.0
2020-01-13,12,TEN,17637.0,17817.0
2020-01-13,13,TEN,19082.0,19195.0
2020-01-13,14,TEN,19170.0,19163.0
2020-01-13,15,TEN,18932.0,19082.0
2020-01-13,16,TEN,18610.0,18765.0
2020-01-13,17,TEN,18353.0,18483.0
2020-01-13,18,TEN,17865.0,17999.0
2020-01-13,19,TEN,17338.0,17226.0
2020-01-13,20,TEN,16840.0,16796.0
2020-01-13,21,TEN,16471.0,16679.0
2020-01-13,22,TEN,16490.0,16652.0
2020-01-13,23,TEN,17136.0,17321.0
2020-01-14,0,TEN,18255.0,18460.0
2020-01-14,1,TEN,18527.0,18653.0
2020-01-14,2,TEN,18034.0,18214.0
2020-01-14,3,TEN,17472.0,17637.0
2020-01-14,4,TEN,16741.0,16748.0
2020-01-14,5,TEN,15778.0,15821.0
2020-01-14,6,TEN,14845.0,14791.0
2020-01-14,7,TEN,14242.0,14100.0
2020-01-14,8,TEN,13881.0,13717.0
2020-01-14,9,TEN,13668.0,13553.0
2020-01-14,10,TEN,13478.0,13379.0
2020-01-14,11,TEN,13978.0,13895.0
2020-01-14,12,TEN,15250.0,15288.0
2020-01-14,13,TEN,16487.0,16473.0
2020-01-14,14,TEN,16796.0,16781.0
2020-01-14,15,TEN,16664.0,16680.0
2020-01-14,16,TEN,16616.0,16703.0
2020-01-14,17,TEN,16767.0,16841.0
2020-01-14,18,TEN,16714.0,16800.0
2020-01-14,19,TEN,16547.0,16622.0
2020-01-14,20,TEN,16439.0,16519.0
2020-01-14,21,TEN,16118.0,16218.0
2020-01-14,22,TEN,16154.0,16222.0
2020-01-14,23,TEN,16560.0,16661.0
2020-01-15,0,TEN,17409.0,17535.0
2020-01-15,1,TEN,17599.0,17667.0
2020-01-15,2,TEN,17263.0,17380.0
2020-01-15,3,TEN,16654.0,16775.0
2020-01-15,4,TEN,15907.0,15899.0
2020-01-15,5,TEN,14989.0,15019.0
2020-01-15,6,TEN,14188.0,14201.0
2020-01-15,7,TEN,13627.0,13706.0
2020-01-15,8,TEN,13221.0,13540.0
2020-01-15,9,TEN,13127.0,13480.0
2020-01-15,10,TEN,13078.0,13464.0
2020-01-15,11,TEN,13333.0,13376.0
2020-01-15,12,TEN,14439.0,14533.0
2020-01-15,13,TEN,15654.0,15718.0
2020-01-15,14,TEN,15899.0,15969.0
2020-01-15,15,TEN,15836.0,15955.0
2020-01-15,16,TEN,15891.0,16033.0
2020-01-15,17,TEN,16061.0,16293.0
2020-01-15,18,TEN,16058.0,16220.0
2020-01-15,19,TEN,15954.0,16137.0
2020-01-15,20,TEN,15967.0,16118.0
2020-01-15,21,TEN,15919.0,16080.0
2020-01-15,22,TEN,15974.0,16099.0
2020-01-15,23,TEN,16357.0,16565.0
2020-01-16,0,TEN,17216.0,17327.0
2020-01-16,1,TEN,17142.0,17260.0
2020-01-16,2,TEN,16859.0,16998.0
2020-01-16,3,TEN,16452.0,16559.0
2020-01-16,4,TEN,15678.0,15776.0
2020-01-16,5,TEN,14790.0,14872.0
2020-01-16,6,TEN,13835.0,13883.0
2020-01-16,7,TEN,13366.0,13797.0
2020-01-16,8,TEN,12952.0,13525.0
2020-01-16,9,TEN,13032.0,13607.0
2020-01-16,10,TEN,13181.0,13872.0
2020-01-16,11,TEN,13745.0,14023.0
2020-01-16,12,TEN,15157.0,15332.0
2020-01-16,13,TEN,16754.0,16959.0
2020-01-16,14,TEN,17262.0,17385.0
2020-01-16,15,TEN,17280.0,17434.0
2020-01-16,16,TEN,17202.0,17365.0
2020-01-16,17,TEN,17270.0,17502.0
2020-01-16,18,TEN,17055.0,17519.0
2020-01-16,19,TEN,16863.0,17366.0
2020-01-16,20,TEN,16743.0,17237.0
2020-01-16,21,TEN,16700.0,17205.0
2020-01-16,22,TEN,16955.0,17241.0
2020-01-16,23,TEN,17714.0,17921.0
2020-01-17,0,TEN,19071.0,19175.0
2020-01-17,1,TEN,19558.0,19627.0
2020-01-17,2,TEN,19625.0,19738.0
2020-01-17,3,TEN,19527.0,19619.0
2020-01-17,4,TEN,18979.0,19133.0
2020-01-17,5,TEN,18358.0,18419.0
2020-01-17,6,TEN,17781.0,17878.0
2020-01-17,7,TEN,17568.0,17598.0
2020-01-17,8,TEN,17506.0,17552.0
2020-01-17,9,TEN,17545.0,17617.0
2020-01-17,10,TEN,17858.0,17761.0
2020-01-17,11,TEN,18381.0,18326.0
2020-01-17,12,TEN,19616.0,19600.0
2020-01-17,13,TEN,21168.0,21094.0
2020-01-17,14,TEN,21277.0,20919.0
2020-01-17,15,TEN,21109.0,20876.0
2020-01-17,16,TEN,20798.0,20815.0
2020-01-17,17,TEN,20566.0,20533.0
2020-01-17,18,TEN,20201.0,20182.0
2020-01-17,19,TEN,19570.0,19525.0
2020-01-17,20,TEN,19040.0,19147.0
2020-01-17,21,TEN,18823.0,18922.0
2020-01-17,22,TEN,18774.0,18903.0
2020-01-17,23,TEN,19167.0,19308.0
2020-01-18,0,TEN,19832.0,19949.0
2020-01-18,1,TEN,19741.0,19880.0
2020-01-18,2,TEN,19365.0,19590.0
2020-01-18,3,TEN,19008.0,19168.0
2020-01-18,4,TEN,18301.0,18360.0
2020-01-18,5,TEN,17459.0,17525.0
2020-01-18,6,TEN,16671.0,16705.0
2020-01-18,7,TEN,16062.0,16129.0
2020-01-18,8,TEN,15874.0,15895.0
2020-01-18,9,TEN,15605.0,15619.0
2020-01-18,10,TEN,15606.0,15631.0
2020-01-18,11,TEN,15728.0,15747.0
2020-01-18,12,TEN,16103.0,16152.0
2020-01-18,13,TEN,16544.0,16636.0
2020-01-18,14,TEN,17135.0,17197.0
2020-01-18,15,TEN,17697.0,17762.0
2020-01-18,16,TEN,18298.0,18234.0
2020-01-18,17,TEN,18441.0,18472.0
2020-01-18,18,TEN,18212.0,18295.0
2020-01-18,19,TEN,17882.0,17861.0
2020-01-18,20,TEN,17552.0,17613.0
2020-01-18,21,TEN,17222.0,17266.0
2020-01-18,22,TEN,17043.0,17154.0
2020-01-18,23,TEN,17200.0,17254.0
2020-01-19,0,TEN,17854.0,17881.0
2020-01-19,1,TEN,17781.0,17846.0
2020-01-19,2,TEN,17411.0,17487.0
2020-01-19,3,TEN,17162.0,17245.0
2020-01-19,4,TEN,16852.0,16901.0
2020-01-19,5,TEN,16491.0,16518.0
2020-01-19,6,TEN,16068.0,16162.0
2020-01-19,7,TEN,15814.0,15861.0
2020-01-19,8,TEN,15968.0,16019.0
2020-01-19,9,TEN,16284.0,16285.0
2020-01-19,10,TEN,16775.0,16784.0
2020-01-19,11,TEN,17329.0,17394.0
2020-01-19,12,TEN,18197.0,18213.0
2020-01-19,13,TEN,19242.0,19301.0
2020-01-19,14,TEN,20011.0,20143.0
2020-01-19,15,TEN,20262.0,20494.0
2020-01-19,16,TEN,19941.0,20099.0
2020-01-19,17,TEN,19308.0,19431.0
2020-01-19,18,TEN,18881.0,19021.0
2020-01-19,19,TEN,18454.0,18577.0
2020-01-19,20,TEN,18148.0,18304.0
2020-01-19,21,TEN,17902.0,18154.0
2020-01-19,22,TEN,18243.0,18398.0
2020-01-19,23,TEN,19301.0,19421.0
2020-01-20,0,TEN,21130.0,21228.0
2020-01-20,1,TEN,21996.0,22074.0
2020-01-20,2,TEN,22293.0,22399.0
2020-01-20,3,TEN,22421.0,22496.0
2020-01-20,4,TEN,22181.0,22314.0
2020-01-20,5,TEN,21879.0,21946.0
2020-01-20,6,TEN,21557.0,21656.0
2020-01-20,7,TEN,21472.0,21456.0
2020-01-20,8,TEN,21512.0,21452.0
2020-01-20,9,TEN,21803.0,21732.0
2020-01-20,10,TEN,22280.0,22265.0
2020-01-20,11,TEN,22723.0,22656.0
2020-01-20,12,TEN,24001.0,23988.0
2020-01-20,13,TEN,25063.0,24285.0
2020-01-20,14,TEN,25558.0,24714.0
2020-01-20,15,TEN,25949.0,25237.0
2020-01-20,16,TEN,26036.0,25853.0
2020-01-20,17,TEN,25982.0,25694.0
2020-01-20,18,TEN,25610.0,24951.0
2020-01-20,19,TEN,25027.0,24257.0
2020-01-20,20,TEN,24790.0,24026.0
2020-01-20,21,TEN,24384.0,23463.0
2020-01-20,22,TEN,24516.0,23626.0
2020-01-20,23,TEN,25217.0,24273.0
2020-01-21,0,TEN,26491.0,25157.0
2020-01-21,1,TEN,26762.0,25448.0
2020-01-21,2,TEN,26532.0,25243.0
2020-01-21,3,TEN,26159.0,25432.0
2020-01-21,4,TEN,25356.0,24630.0
2020-01-21,5,TEN,24358.0,24354.0
2020-01-21,6,TEN,23686.0,23690.0
2020-01-21,7,TEN,23407.0,23433.0
2020-01-21,8,TEN,23220.0,23218.0
2020-01-21,9,TEN,23222.0,23223.0
2020-01-21,10,TEN,23376.0,23407.0
2020-01-21,11,TEN,23911.0,23909.0
2020-01-21,12,TEN,25783.0,25219.0
2020-01-21,13,TEN,26699.0,25420.0
2020-01-21,14,TEN,26757.0,25686.0
2020-01-21,15,TEN,26011.0,25402.0
2020-01-21,16,TEN,25130.0,24866.0
2020-01-21,17,TEN,24129.0,24154.0
2020-01-21,18,TEN,23235.0,23276.0
2020-01-21,19,TEN,22232.0,22601.0
2020-01-21,20,TEN,21482.0,21989.0
2020-01-21,21,TEN,20881.0,21354.0
2020-01-21,22,TEN,20960.0,21257.0
2020-01-21,23,TEN,21885.0,22167.0
2020-01-22,0,TEN,23883.0,23905.0
2020-01-22,1,TEN,24779.0,24860.0
2020-01-22,2,TEN,25105.0,25175.0
2020-01-22,3,TEN,25088.0,25144.0
2020-01-22,4,TEN,24442.0,24505.0
2020-01-22,5,TEN,23754.0,23784.0
2020-01-22,6,TEN,23315.0,23338.0
2020-01-22,7,TEN,23336.0,23356.0
2020-01-22,8,TEN,23448.0,23465.0
2020-01-22,9,TEN,23710.0,23642.0
2020-01-22,10,TEN,24090.0,24054.0
2020-01-22,11,TEN,24814.0,24769.0
2020-01-22,12,TEN,26119.0,25391.0
2020-01-22,13,TEN,27399.0,26163.0
2020-01-22,14,TEN,27045.0,26020.0
2020-01-22,15,TEN,25991.0,25578.0
2020-01-22,16,TEN,24393.0,24554.0
2020-01-22,17,TEN,23076.0,23060.0
2020-01-22,18,TEN,21911.0,21896.0
2020-01-22,19,TEN,21031.0,21000.0
2020-01-22,20,TEN,20365.0,20381.0
2020-01-22,21,TEN,19976.0,20035.0
2020-01-22,22,TEN,20174.0,20190.0
2020-01-22,23,TEN,20834.0,20885.0
2020-01-23,0,TEN,22117.0,22115.0
2020-01-23,1,TEN,22521.0,22469.0
2020-01-23,2,TEN,22491.0,22450.0
2020-01-23,3,TEN,22029.0,22056.0
2020-01-23,4,TEN,21332.0,21262.0
2020-01-23,5,TEN,20165.0,20121.0
2020-01-23,6,TEN,19322.0,19248.0
2020-01-23,7,TEN,19006.0,18929.0
2020-01-23,8,TEN,18751.0,18711.0
2020-01-23,9,TEN,18654.0,18618.0
2020-01-23,10,TEN,18676.0,18574.0
2020-01-23,11,TEN,19365.0,19297.0
2020-01-23,12,TEN,20616.0,20511.0
2020-01-23,13,TEN,21925.0,21424.0
2020-01-23,14,TEN,21779.0,21737.0
2020-01-23,15,TEN,21447.0,21447.0
2020-01-23,16,TEN,21117.0,21036.0
2020-01-23,17,TEN,20758.0,20685.0
2020-01-23,18,TEN,20536.0,20599.0
2020-01-23,19,TEN,20217.0,20219.0
2020-01-23,20,TEN,19999.0,20029.0
2020-01-23,21,TEN,19773.0,19768.0
2020-01-23,22,TEN,19883.0,19922.0
2020-01-23,23,TEN,20338.0,20374.0
2020-01-24,0,TEN,21105.0,21154.0
2020-01-24,1,TEN,21201.0,21247.0
2020-01-24,2,TEN,20717.0,20713.0
2020-01-24,3,TEN,20169.0,20172.0
2020-01-24,4,TEN,19359.0,19341.0
2020-01-24,5,TEN,18165.0,18138.0
2020-01-24,6,TEN,17218.0,17235.0
2020-01-24,7,TEN,16911.0,16891.0
2020-01-24,8,TEN,16671.0,16632.0
2020-01-24,9,TEN,16503.0,16493.0
2020-01-24,10,TEN,16665.0,16713.0
2020-01-24,11,TEN,16938.0,17011.0
2020-01-24,12,TEN,18129.0,18221.0
2020-01-24,13,TEN,19360.0,19429.0
2020-01-24,14,TEN,19554.0,19563.0
2020-01-24,15,TEN,19357.0,19372.0
2020-01-24,16,TEN,19372.0,19357.0
2020-01-24,17,TEN,19104.0,19131.0
2020-01-24,18,TEN,18678.0,18759.0
2020-01-24,19,TEN,18354.0,18441.0
2020-01-24,20,TEN,18360.0,18404.0
2020-01-24,21,TEN,18317.0,18400.0
2020-01-24,22,TEN,18388.0,18474.0
2020-01-24,23,TEN,18890.0,19003.0
2020-01-25,0,TEN,19833.0,19962.0
2020-01-25,1,TEN,20043.0,20092.0
2020-01-25,2,TEN,19852.0,19929.0
2020-01-25,3,TEN,19467.0,19520.0
2020-01-25,4,TEN,18988.0,18965.0
2020-01-25,5,TEN,18334.0,18313.0
2020-01-25,6,TEN,17743.0,17606.0
2020-01-25,7,TEN,17293.0,17180.0
2020-01-25,8,TEN,17193.0,17078.0
2020-01-25,9,TEN,17102.0,17008.0
2020-01-25,10,TEN,17148.0,17032.0
2020-01-25,11,TEN,17489.0,17459.0
2020-01-25,12,TEN,18076.0,18050.0
2020-01-25,13,TEN,18751.0,18767.0
2020-01-25,14,TEN,19444.0,19539.0
2020-01-25,15,TEN,20113.0,20121.0
2020-01-25,16,TEN,20449.0,20494.0
2020-01-25,17,TEN,20427.0,20471.0
2020-01-25,18,TEN,20203.0,20273.0
2020-01-25,19,TEN,19712.0,19731.0
2020-01-25,20,TEN,19335.0,19370.0
2020-01-25,21,TEN,19032.0,19060.0
2020-01-25,22,TEN,18990.0,19066.0
2020-01-25,23,TEN,19418.0,19498.0
2020-01-26,0,TEN,20303.0,20290.0
2020-01-26,1,TEN,20479.0,20514.0
2020-01-26,2,TEN,20397.0,20429.0
2020-01-26,3,TEN,20192.0,20220.0
2020-01-26,4,TEN,19842.0,19780.0
2020-01-26,5,TEN,19338.0,18875.0
2020-01-26,6,TEN,18702.0,18200.0
2020-01-26,7,TEN,18559.0,18232.0
2020-01-26,8,TEN,18354.0,18277.0
2020-01-26,9,TEN,18486.0,18375.0
2020-01-26,10,TEN,18654.0,18573.0
2020-01-26,11,TEN,18908.0,18844.0
2020-01-26,12,TEN,19344.0,19079.0
2020-01-26,13,TEN,19901.0,19559.0
2020-01-26,14,TEN,20444.0,20083.0
2020-01-26,15,TEN,20526.0,20161.0
2020-01-26,16,TEN,20049.0,19888.0
2020-01-26,17,TEN,19493.0,19535.0
2020-01-26,18,TEN,18978.0,18993.0
2020-01-26,19,TEN,18671.0,18705.0
2020-01-26,20,TEN,18341.0,18421.0
2020-01-26,21,TEN,18041.0,18109.0
2020-01-26,22,TEN,18038.0,18131.0
2020-01-26,23,TEN,18674.0,18568.0
2020-01-27,0,TEN,19360.0,19214.0
2020-01-27,1,TEN,19516.0,19479.0
2020-01-27,2,TEN,19343.0,19285.0
2020-01-27,3,TEN,18915.0,18858.0
2020-01-27,4,TEN,18170.0,18078.0
2020-01-27,5,TEN,17310.0,17050.0
2020-01-27,6,TEN,16552.0,16348.0
2020-01-27,7,TEN,16115.0,15931.0
2020-01-27,8,TEN,15899.0,15744.0
2020-01-27,9,TEN,15853.0,15714.0
2020-01-27,10,TEN,15986.0,15842.0
2020-01-27,11,TEN,16544.0,16451.0
2020-01-27,12,TEN,17899.0,17781.0
2020-01-27,13,TEN,19333.0,19375.0
2020-01-27,14,TEN,19637.0,19673.0
2020-01-27,15,TEN,19410.0,19466.0
2020-01-27,16,TEN,19241.0,19286.0
2020-01-27,17,TEN,19026.0,19075.0
2020-01-27,18,TEN,18656.0,18694.0
2020-01-27,19,TEN,18218.0,18245.0
2020-01-27,20,TEN,17666.0,17722.0
2020-01-27,21,TEN,17370.0,17374.0
2020-01-27,22,TEN,17177.0,17257.0
2020-01-27,23,TEN,17645.0,17713.0
2020-01-28,0,TEN,18952.0,19000.0
2020-01-28,1,TEN,19660.0,19713.0
2020-01-28,2,TEN,19781.0,19811.0
2020-01-28,3,TEN,19657.0,19705.0
2020-01-28,4,TEN,19184.0,19203.0
2020-01-28,5,TEN,18519.0,18523.0
2020-01-28,6,TEN,18105.0,18168.0
2020-01-28,7,TEN,18050.0,18087.0
2020-01-28,8,TEN,18170.0,18171.0
2020-01-28,9,TEN,18402.0,18422.0
2020-01-28,10,TEN,18810.0,18827.0
2020-01-28,11,TEN,19675.0,19695.0
2020-01-28,12,TEN,21183.0,21224.0
2020-01-28,13,TEN,22671.0,22635.0
2020-01-28,14,TEN,22704.0,22522.0
2020-01-28,15,TEN,21919.0,21965.0
2020-01-28,16,TEN,20826.0,20837.0
2020-01-28,17,TEN,20310.0,20346.0
2020-01-28,18,TEN,19445.0,19453.0
2020-01-28,19,TEN,18729.0,18768.0
2020-01-28,20,TEN,17967.0,18005.0
2020-01-28,21,TEN,17546.0,17606.0
2020-01-28,22,TEN,17628.0,17741.0
2020-01-28,23,TEN,18188.0,18257.0
2020-01-29,0,TEN,19587.0,19747.0
2020-01-29,1,TEN,20096.0,20310.0
2020-01-29,2,TEN,20091.0,20378.0
2020-01-29,3,TEN,19934.0,20220.0
2020-01-29,4,TEN,19294.0,19682.0
2020-01-29,5,TEN,18471.0,18721.0
2020-01-29,6,TEN,17762.0,18134.0
2020-01-29,7,TEN,17470.0,17751.0
2020-01-29,8,TEN,17373.0,17547.0
2020-01-29,9,TEN,17355.0,17504.0
2020-01-29,10,TEN,17528.0,17649.0
2020-01-29,11,TEN,17919.0,17962.0
2020-01-29,12,TEN,19233.0,19633.0
2020-01-29,13,TEN,20675.0,20989.0
2020-01-29,14,TEN,20762.0,20969.0
2020-01-29,15,TEN,20444.0,20726.0
2020-01-29,16,TEN,19974.0,20279.0
2020-01-29,17,TEN,19722.0,20306.0
2020-01-29,18,TEN,19271.0,19941.0
2020-01-29,19,TEN,18831.0,19510.0
2020-01-29,20,TEN,18576.0,19038.0
2020-01-29,21,TEN,18531.0,19120.0
2020-01-29,22,TEN,18613.0,19021.0
2020-01-29,23,TEN,19151.0,19468.0
2020-01-30,0,TEN,19915.0,20170.0
2020-01-30,1,TEN,20240.0,20562.0
2020-01-30,2,TEN,20138.0,20501.0
2020-01-30,3,TEN,19818.0,20202.0
2020-01-30,4,TEN,18981.0,19354.0
2020-01-30,5,TEN,18025.0,18216.0
2020-01-30,6,TEN,17359.0,17535.0
2020-01-30,7,TEN,16938.0,17128.0
2020-01-30,8,TEN,16797.0,16990.0
2020-01-30,9,TEN,16853.0,17065.0
2020-01-30,10,TEN,16969.0,17174.0
2020-01-30,11,TEN,17569.0,17731.0
2020-01-30,12,TEN,18981.0,19221.0
2020-01-30,13,TEN,20280.0,20420.0
2020-01-30,14,TEN,20431.0,20537.0
2020-01-30,15,TEN,20136.0,20260.0
2020-01-30,16,TEN,20006.0,20106.0
2020-01-30,17,TEN,19515.0,19609.0
2020-01-30,18,TEN,18823.0,18978.0
2020-01-30,19,TEN,18217.0,18351.0
2020-01-30,20,TEN,17733.0,17877.0
2020-01-30,21,TEN,17374.0,17518.0
2020-01-30,22,TEN,17402.0,17586.0
2020-01-30,23,TEN,17744.0,17974.0
2020-01-31,0,TEN,18942.0,19174.0
2020-01-31,1,TEN,19515.0,19791.0
2020-01-31,2,TEN,19432.0,19714.0
2020-01-31,3,TEN,19031.0,19223.0
2020-01-31,4,TEN,18430.0,18577.0
2020-01-31,5,TEN,17498.0,17644.0
2020-01-31,6,TEN,16793.0,16939.0
2020-01-31,7,TEN,16283.0,16312.0
2020-01-31,8,TEN,16043.0,16057.0
2020-01-31,9,TEN,15978.0,16001.0
2020-01-31,10,TEN,16035.0,16062.0
2020-01-31,11,TEN,16543.0,16551.0
2020-01-31,12,TEN,17829.0,17922.0
2020-01-31,13,TEN,19005.0,19036.0
2020-01-31,14,TEN,19167.0,19124.0
2020-01-31,15,TEN,19104.0,19139.0
2020-01-31,16,TEN,18912.0,19222.0
2020-01-31,17,TEN,18754.0,19088.0
2020-01-31,18,TEN,18510.0,18795.0
2020-01-31,19,TEN,18196.0,18601.0
2020-01-31,20,TEN,18006.0,18389.0
2020-01-31,21,TEN,17781.0,18167.0
2020-01-31,22,TEN,17794.0,18197.0
2020-01-31,23,TEN,18137.0,18509.0
2020-02-01,0,TEN,18891.0,19067.0
2020-02-01,1,TEN,19064.0,19235.0
2020-02-01,2,TEN,18707.0,19104.0
2020-02-01,3,TEN,18359.0,18945.0
2020-02-01,4,TEN,17995.0,18523.0
2020-02-01,5,TEN,17284.0,17818.0
2020-02-01,6,TEN,16645.0,17252.0
2020-02-01,7,TEN,16157.0,17101.0
2020-02-01,8,TEN,15950.0,16915.0
2020-02-01,9,TEN,15928.0,16699.0
2020-02-01,10,TEN,15984.0,16732.0
2020-02-01,11,TEN,16240.0,17142.0
2020-02-01,12,TEN,16494.0,17174.0
2020-02-01,13,TEN,17135.0,17815.0
2020-02-01,14,TEN,17773.0,18498.0
2020-02-01,15,TEN,18331.0,19025.0
2020-02-01,16,TEN,18529.0,19033.0
2020-02-01,17,TEN,18504.0,18855.0
2020-02-01,18,TEN,18307.0,18626.0
2020-02-01,19,TEN,17881.0,18167.0
2020-02-01,20,TEN,17597.0,17893.0
2020-02-01,21,TEN,17427.0,17699.0
2020-02-01,22,TEN,17377.0,17727.0
2020-02-01,23,TEN,17642.0,17949.0
2020-02-02,0,TEN,18510.0,18810.0
2020-02-02,1,TEN,18919.0,19231.0
2020-02-02,2,TEN,18928.0,19250.0
2020-02-02,3,TEN,18782.0,19029.0
2020-02-02,4,TEN,18551.0,18701.0
2020-02-02,5,TEN,18043.0,18215.0
2020-02-02,6,TEN,17478.0,17737.0
2020-02-02,7,TEN,17273.0,17487.0
2020-02-02,8,TEN,17243.0,17492.0
2020-02-02,9,TEN,17352.0,17600.0
2020-02-02,10,TEN,17456.0,17719.0
2020-02-02,11,TEN,17815.0,18099.0
2020-02-02,12,TEN,18308.0,18641.0
2020-02-02,13,TEN,18991.0,19323.0
2020-02-02,14,TEN,19357.0,19691.0
2020-02-02,15,TEN,18796.0,19107.0
2020-02-02,16,TEN,17783.0,18087.0
2020-02-02,17,TEN,16761.0,17072.0
2020-02-02,18,TEN,16056.0,16298.0
2020-02-02,19,TEN,15372.0,15650.0
2020-02-02,20,TEN,14965.0,15226.0
2020-02-02,21,TEN,14751.0,15060.0
2020-02-02,22,TEN,14835.0,15180.0
2020-02-02,23,TEN,15157.0,15480.0
2020-02-03,0,TEN,15899.0,16225.0
2020-02-03,1,TEN,16257.0,16489.0
2020-02-03,2,TEN,16226.0,16554.0
2020-02-03,3,TEN,16245.0,16493.0
2020-02-03,4,TEN,15939.0,16236.0
2020-02-03,5,TEN,15368.0,15595.0
2020-02-03,6,TEN,14897.0,15186.0
2020-02-03,7,TEN,14610.0,14722.0
2020-02-03,8,TEN,14579.0,14670.0
2020-02-03,9,TEN,14673.0,14790.0
2020-02-03,10,TEN,14924.0,15078.0
2020-02-03,11,TEN,15574.0,15677.0
2020-02-03,12,TEN,16994.0,17047.0
2020-02-03,13,TEN,18477.0,18545.0
2020-02-03,14,TEN,18429.0,18460.0
2020-02-03,15,TEN,17870.0,17920.0
2020-02-03,16,TEN,17233.0,17428.0
2020-02-03,17,TEN,16741.0,16961.0
2020-02-03,18,TEN,16544.0,16527.0
2020-02-03,19,TEN,16198.0,16256.0
2020-02-03,20,TEN,16023.0,16053.0
2020-02-03,21,TEN,15827.0,15886.0
2020-02-03,22,TEN,15837.0,15922.0
2020-02-03,23,TEN,16065.0,16204.0
2020-02-04,0,TEN,16887.0,17082.0
2020-02-04,1,TEN,17521.0,17635.0
2020-02-04,2,TEN,17306.0,17404.0
2020-02-04,3,TEN,16814.0,16873.0
2020-02-04,4,TEN,15942.0,16034.0
2020-02-04,5,TEN,14901.0,15235.0
2020-02-04,6,TEN,14037.0,14081.0
2020-02-04,7,TEN,13530.0,13541.0
2020-02-04,8,TEN,13099.0,13162.0
2020-02-04,9,TEN,13173.0,13254.0
2020-02-04,10,TEN,13244.0,13322.0
2020-02-04,11,TEN,13721.0,13806.0
2020-02-04,12,TEN,14816.0,14878.0
2020-02-04,13,TEN,16231.0,16219.0
2020-02-04,14,TEN,16551.0,16574.0
2020-02-04,15,TEN,16641.0,16727.0
2020-02-04,16,TEN,16836.0,16874.0
2020-02-04,17,TEN,17045.0,17111.0
2020-02-04,18,TEN,17071.0,17164.0
2020-02-04,19,TEN,16997.0,17066.0
2020-02-04,20,TEN,16811.0,16901.0
2020-02-04,21,TEN,16613.0,16691.0
2020-02-04,22,TEN,16630.0,16783.0
2020-02-04,23,TEN,17031.0,17193.0
2020-02-05,0,TEN,17801.0,17570.0
2020-02-05,1,TEN,17912.0,16970.0
2020-02-05,2,TEN,17682.0,16476.0
2020-02-05,3,TEN,16983.0,16134.0
2020-02-05,4,TEN,16030.0,15594.0
2020-02-05,5,TEN,15176.0,15085.0
2020-02-05,6,TEN,14299.0,14292.0
2020-02-05,7,TEN,13844.0,13921.0
2020-02-05,8,TEN,13549.0,13625.0
2020-02-05,9,TEN,13525.0,13598.0
2020-02-05,10,TEN,13635.0,13771.0
2020-02-05,11,TEN,13951.0,14109.0
2020-02-05,12,TEN,15025.0,15144.0
2020-02-05,13,TEN,16508.0,16589.0
2020-02-05,14,TEN,16825.0,16907.0
2020-02-05,15,TEN,16945.0,17062.0
2020-02-05,16,TEN,17066.0,17187.0
2020-02-05,17,TEN,17379.0,17477.0
2020-02-05,18,TEN,17334.0,17490.0
2020-02-05,19,TEN,17352.0,17487.0
2020-02-05,20,TEN,17160.0,17285.0
2020-02-05,21,TEN,16963.0,17271.0
2020-02-05,22,TEN,17098.0,17265.0
2020-02-05,23,TEN,17640.0,17789.0
2020-02-06,0,TEN,18224.0,18344.0
2020-02-06,1,TEN,18318.0,18422.0
2020-02-06,2,TEN,17949.0,18029.0
2020-02-06,3,TEN,17484.0,17587.0
2020-02-06,4,TEN,16735.0,16873.0
2020-02-06,5,TEN,15833.0,16041.0
2020-02-06,6,TEN,15003.0,15175.0
2020-02-06,7,TEN,14677.0,14847.0
2020-02-06,8,TEN,14531.0,14735.0
2020-02-06,9,TEN,14446.0,14673.0
2020-02-06,10,TEN,14525.0,14747.0
2020-02-06,11,TEN,14943.0,15193.0
2020-02-06,12,TEN,16144.0,16168.0
2020-02-06,13,TEN,17563.0,17639.0
2020-02-06,14,TEN,18021.0,18168.0
2020-02-06,15,TEN,18310.0,18449.0
2020-02-06,16,TEN,18516.0,18643.0
2020-02-06,17,TEN,18678.0,18792.0
2020-02-06,18,TEN,18626.0,18757.0
2020-02-06,19,TEN,18673.0,18865.0
2020-02-06,20,TEN,18709.0,18875.0
2020-02-06,21,TEN,18556.0,18712.0
2020-02-06,22,TEN,18711.0,18861.0
2020-02-06,23,TEN,19194.0,19354.0
2020-02-07,0,TEN,19991.0,20056.0
2020-02-07,1,TEN,20272.0,20304.0
2020-02-07,2,TEN,20223.0,20330.0
2020-02-07,3,TEN,20127.0,20170.0
2020-02-07,4,TEN,19647.0,19793.0
2020-02-07,5,TEN,18979.0,19148.0
2020-02-07,6,TEN,18456.0,18574.0
2020-02-07,7,TEN,18284.0,18407.0
2020-02-07,8,TEN,18145.0,18213.0
2020-02-07,9,TEN,18327.0,18432.0
2020-02-07,10,TEN,18802.0,18783.0
2020-02-07,11,TEN,19490.0,19515.0
2020-02-07,12,TEN,20856.0,20888.0
2020-02-07,13,TEN,22213.0,22169.0
2020-02-07,14,TEN,22663.0,22712.0
2020-02-07,15,TEN,22823.0,22780.0
2020-02-07,16,TEN,22849.0,22842.0
2020-02-07,17,TEN,22902.0,23025.0
2020-02-07,18,TEN,22596.0,22606.0
2020-02-07,19,TEN,22446.0,22342.0
2020-02-07,20,TEN,21952.0,21842.0
2020-02-07,21,TEN,21180.0,21038.0
2020-02-07,22,TEN,21343.0,21229.0
2020-02-07,23,TEN,21433.0,21431.0
2020-02-08,0,TEN,22263.0,22263.0
2020-02-08,1,TEN,22608.0,22643.0
2020-02-08,2,TEN,22613.0,22610.0
2020-02-08,3,TEN,22304.0,22338.0
2020-02-08,4,TEN,21911.0,21936.0
2020-02-08,5,TEN,21138.0,21177.0
2020-02-08,6,TEN,20637.0,20688.0
2020-02-08,7,TEN,20304.0,20447.0
2020-02-08,8,TEN,20208.0,20272.0
2020-02-08,9,TEN,20097.0,20200.0
2020-02-08,10,TEN,20261.0,20351.0
2020-02-08,11,TEN,20461.0,20522.0
2020-02-08,12,TEN,20934.0,21013.0
2020-02-08,13,TEN,21524.0,21682.0
2020-02-08,14,TEN,21882.0,21982.0
2020-02-08,15,TEN,21805.0,21915.0
2020-02-08,16,TEN,21208.0,21296.0
2020-02-08,17,TEN,20437.0,20543.0
2020-02-08,18,TEN,19734.0,19888.0
2020-02-08,19,TEN,19002.0,19132.0
2020-02-08,20,TEN,18447.0,18622.0
2020-02-08,21,TEN,18058.0,18262.0
2020-02-08,22,TEN,17810.0,17987.0
2020-02-08,23,TEN,18138.0,18210.0
2020-02-09,0,TEN,19120.0,19171.0
2020-02-09,1,TEN,19939.0,20021.0
2020-02-09,2,TEN,20042.0,20190.0
2020-02-09,3,TEN,20137.0,20261.0
2020-02-09,4,TEN,19880.0,19993.0
2020-02-09,5,TEN,19510.0,19595.0
2020-02-09,6,TEN,19124.0,19233.0
2020-02-09,7,TEN,19033.0,19175.0
2020-02-09,8,TEN,18987.0,19118.0
2020-02-09,9,TEN,19014.0,19138.0
2020-02-09,10,TEN,19022.0,19173.0
2020-02-09,11,TEN,19232.0,19385.0
2020-02-09,12,TEN,19529.0,19620.0
2020-02-09,13,TEN,19961.0,20169.0
2020-02-09,14,TEN,20429.0,20401.0
2020-02-09,15,TEN,20021.0,20138.0
2020-02-09,16,TEN,19130.0,19279.0
2020-02-09,17,TEN,17979.0,18080.0
2020-02-09,18,TEN,17104.0,17305.0
2020-02-09,19,TEN,16329.0,16539.0
2020-02-09,20,TEN,15737.0,15962.0
2020-02-09,21,TEN,15340.0,15513.0
2020-02-09,22,TEN,15389.0,15494.0
2020-02-09,23,TEN,15844.0,16024.0
2020-02-10,0,TEN,16926.0,16974.0
2020-02-10,1,TEN,17735.0,17710.0
2020-02-10,2,TEN,17655.0,17761.0
2020-02-10,3,TEN,17356.0,17510.0
2020-02-10,4,TEN,16764.0,16882.0
2020-02-10,5,TEN,16039.0,16160.0
2020-02-10,6,TEN,15392.0,15515.0
2020-02-10,7,TEN,15036.0,15161.0
2020-02-10,8,TEN,14912.0,15027.0
2020-02-10,9,TEN,14882.0,15017.0
2020-02-10,10,TEN,15047.0,15172.0
2020-02-10,11,TEN,15463.0,15625.0
2020-02-10,12,TEN,16901.0,17154.0
2020-02-10,13,TEN,18390.0,18597.0
2020-02-10,14,TEN,18591.0,18768.0
2020-02-10,15,TEN,18528.0,18802.0
2020-02-10,16,TEN,18517.0,18761.0
2020-02-10,17,TEN,18601.0,18872.0
2020-02-10,18,TEN,18715.0,18972.0
2020-02-10,19,TEN,18675.0,18934.0
2020-02-10,20,TEN,18368.0,18667.0
2020-02-10,21,TEN,18159.0,18457.0
2020-02-10,22,TEN,18201.0,18504.0
2020-02-10,23,TEN,18483.0,18806.0
2020-02-11,0,TEN,19072.0,19357.0
2020-02-11,1,TEN,19162.0,19382.0
2020-02-11,2,TEN,18799.0,18987.0
2020-02-11,3,TEN,18262.0,18469.0
2020-02-11,4,TEN,17450.0,17537.0
2020-02-11,5,TEN,16453.0,16551.0
2020-02-11,6,TEN,15699.0,15782.0
2020-02-11,7,TEN,15218.0,15368.0
2020-02-11,8,TEN,15046.0,15215.0
2020-02-11,9,TEN,14989.0,15118.0
2020-02-11,10,TEN,15006.0,15133.0
2020-02-11,11,TEN,15458.0,15617.0
2020-02-11,12,TEN,16668.0,16922.0
2020-02-11,13,TEN,18057.0,18294.0
2020-02-11,14,TEN,18297.0,18530.0
2020-02-11,15,TEN,18278.0,18527.0
2020-02-11,16,TEN,18355.0,18592.0
2020-02-11,17,TEN,18489.0,18711.0
2020-02-11,18,TEN,18289.0,18553.0
2020-02-11,19,TEN,18179.0,18409.0
2020-02-11,20,TEN,18037.0,18283.0
2020-02-11,21,TEN,18016.0,18264.0
2020-02-11,22,TEN,18099.0,18353.0
2020-02-11,23,TEN,18629.0,18886.0
2020-02-12,0,TEN,19550.0,19735.0
2020-02-12,1,TEN,19924.0,20065.0
2020-02-12,2,TEN,19748.0,20021.0
2020-02-12,3,TEN,19453.0,19608.0
2020-02-12,4,TEN,18652.0,18705.0
2020-02-12,5,TEN,17696.0,17741.0
2020-02-12,6,TEN,16881.0,16935.0
2020-02-12,7,TEN,16547.0,16611.0
2020-02-12,8,TEN,16191.0,16268.0
2020-02-12,9,TEN,16209.0,16260.0
2020-02-12,10,TEN,16360.0,16441.0
2020-02-12,11,TEN,16846.0,16999.0
2020-02-12,12,TEN,18179.0,18459.0
2020-02-12,13,TEN,19588.0,19797.0
2020-02-12,14,TEN,19782.0,19945.0
2020-02-12,15,TEN,19743.0,19914.0
2020-02-12,16,TEN,19613.0,19815.0
2020-02-12,17,TEN,19718.0,19912.0
2020-02-12,18,TEN,19536.0,19791.0
2020-02-12,19,TEN,19226.0,19452.0
2020-02-12,20,TEN,19049.0,19257.0
2020-02-12,21,TEN,18755.0,18997.0
2020-02-12,22,TEN,18529.0,18775.0
2020-02-12,23,TEN,18506.0,18742.0
2020-02-13,0,TEN,19164.0,19380.0
2020-02-13,1,TEN,19291.0,19528.0
2020-02-13,2,TEN,18920.0,19159.0
2020-02-13,3,TEN,18343.0,18505.0
2020-02-13,4,TEN,17447.0,17537.0
2020-02-13,5,TEN,16296.0,16434.0
2020-02-13,6,TEN,15500.0,15580.0
2020-02-13,7,TEN,15026.0,15140.0
2020-02-13,8,TEN,14645.0,14781.0
2020-02-13,9,TEN,14505.0,14631.0
2020-02-13,10,TEN,14670.0,14808.0
2020-02-13,11,TEN,15164.0,15318.0
2020-02-13,12,TEN,16501.0,16816.0
2020-02-13,13,TEN,17950.0,18285.0
2020-02-13,14,TEN,18374.0,18644.0
2020-02-13,15,TEN,18655.0,18887.0
2020-02-13,16,TEN,18772.0,19017.0
2020-02-13,17,TEN,18899.0,19111.0
2020-02-13,18,TEN,19098.0,19232.0
2020-02-13,19,TEN,19285.0,19410.0
2020-02-13,20,TEN,19395.0,19640.0
2020-02-13,21,TEN,19336.0,19293.0
2020-02-13,22,TEN,19542.0,19468.0
2020-02-13,23,TEN,19992.0,19542.0
2020-02-14,0,TEN,20974.0,20041.0
2020-02-14,1,TEN,21761.0,20653.0
2020-02-14,2,TEN,22065.0,20928.0
2020-02-14,3,TEN,22029.0,20843.0
2020-02-14,4,TEN,21600.0,21068.0
2020-02-14,5,TEN,20949.0,20968.0
2020-02-14,6,TEN,20455.0,20464.0
2020-02-14,7,TEN,20285.0,20006.0
2020-02-14,8,TEN,20471.0,20188.0
2020-02-14,9,TEN,20818.0,20541.0
2020-02-14,10,TEN,21206.0,20888.0
2020-02-14,11,TEN,22053.0,21258.0
2020-02-14,12,TEN,23665.0,22417.0
2020-02-14,13,TEN,25071.0,23502.0
2020-02-14,14,TEN,25250.0,23710.0
2020-02-14,15,TEN,24580.0,23620.0
2020-02-14,16,TEN,23667.0,23082.0
2020-02-14,17,TEN,22747.0,22378.0
2020-02-14,18,TEN,21669.0,21518.0
2020-02-14,19,TEN,20752.0,20553.0
2020-02-14,20,TEN,19967.0,19807.0
2020-02-14,21,TEN,19357.0,19284.0
2020-02-14,22,TEN,19239.0,19079.0
2020-02-14,23,TEN,19743.0,19590.0
2020-02-15,0,TEN,21410.0,21184.0
2020-02-15,1,TEN,22458.0,22265.0
2020-02-15,2,TEN,22762.0,22560.0
2020-02-15,3,TEN,22798.0,22571.0
2020-02-15,4,TEN,22685.0,22395.0
2020-02-15,5,TEN,22233.0,21946.0
2020-02-15,6,TEN,22065.0,21805.0
2020-02-15,7,TEN,22105.0,22025.0
2020-02-15,8,TEN,22251.0,22189.0
2020-02-15,9,TEN,22450.0,22343.0
2020-02-15,10,TEN,22864.0,22798.0
2020-02-15,11,TEN,23359.0,23269.0
2020-02-15,12,TEN,24011.0,23924.0
2020-02-15,13,TEN,24582.0,24052.0
2020-02-15,14,TEN,24400.0,23835.0
2020-02-15,15,TEN,23189.0,23053.0
2020-02-15,16,TEN,21751.0,21692.0
2020-02-15,17,TEN,20352.0,20273.0
2020-02-15,18,TEN,19008.0,18970.0
2020-02-15,19,TEN,18024.0,18013.0
2020-02-15,20,TEN,17095.0,17129.0
2020-02-15,21,TEN,16636.0,16808.0
2020-02-15,22,TEN,16391.0,16571.0
2020-02-15,23,TEN,16853.0,17045.0
2020-02-16,0,TEN,17862.0,18040.0
2020-02-16,1,TEN,18658.0,18804.0
2020-02-16,2,TEN,18537.0,18683.0
2020-02-16,3,TEN,18287.0,18467.0
2020-02-16,4,TEN,18061.0,18206.0
2020-02-16,5,TEN,17474.0,17626.0
2020-02-16,6,TEN,16901.0,17058.0
2020-02-16,7,TEN,16584.0,16763.0
2020-02-16,8,TEN,16223.0,16399.0
2020-02-16,9,TEN,16102.0,16298.0
2020-02-16,10,TEN,16018.0,16211.0
2020-02-16,11,TEN,16073.0,16231.0
2020-02-16,12,TEN,16466.0,16613.0
2020-02-16,13,TEN,16985.0,17177.0
2020-02-16,14,TEN,17445.0,17637.0
2020-02-16,15,TEN,17913.0,18065.0
2020-02-16,16,TEN,17629.0,17802.0
2020-02-16,17,TEN,17202.0,17350.0
2020-02-16,18,TEN,16599.0,16793.0
2020-02-16,19,TEN,16059.0,16253.0
2020-02-16,20,TEN,15653.0,15910.0
2020-02-16,21,TEN,15388.0,15935.0
2020-02-16,22,TEN,15409.0,15984.0
2020-02-16,23,TEN,15740.0,16165.0
2020-02-17,0,TEN,16582.0,16974.0
2020-02-17,1,TEN,17320.0,17469.0
2020-02-17,2,TEN,17277.0,17461.0
2020-02-17,3,TEN,17022.0,17184.0
2020-02-17,4,TEN,16788.0,16906.0
2020-02-17,5,TEN,16345.0,16483.0
2020-02-17,6,TEN,15952.0,16106.0
2020-02-17,7,TEN,15622.0,15805.0
2020-02-17,8,TEN,15827.0,15993.0
2020-02-17,9,TEN,16006.0,16148.0
2020-02-17,10,TEN,16292.0,16477.0
2020-02-17,11,TEN,17013.0,17181.0
2020-02-17,12,TEN,18206.0,18306.0
2020-02-17,13,TEN,19333.0,19476.0
2020-02-17,14,TEN,19498.0,19655.0
2020-02-17,15,TEN,19114.0,19198.0
2020-02-17,16,TEN,18425.0,18614.0
2020-02-17,17,TEN,18031.0,18468.0
2020-02-17,18,TEN,17405.0,17874.0
2020-02-17,19,TEN,17020.0,17232.0
2020-02-17,20,TEN,16674.0,16937.0
2020-02-17,21,TEN,16403.0,16644.0
2020-02-17,22,TEN,16225.0,16515.0
2020-02-17,23,TEN,16484.0,17017.0
2020-02-18,0,TEN,17363.0,17711.0
2020-02-18,1,TEN,18016.0,18468.0
2020-02-18,2,TEN,17757.0,18209.0
2020-02-18,3,TEN,17395.0,17805.0
2020-02-18,4,TEN,16539.0,16972.0
2020-02-18,5,TEN,15513.0,15937.0
2020-02-18,6,TEN,14730.0,15008.0
2020-02-18,7,TEN,14235.0,14766.0
2020-02-18,8,TEN,13968.0,14422.0
2020-02-18,9,TEN,13956.0,14429.0
2020-02-18,10,TEN,13999.0,14432.0
2020-02-18,11,TEN,14388.0,14781.0
2020-02-18,12,TEN,15531.0,15735.0
2020-02-18,13,TEN,16765.0,17058.0
2020-02-18,14,TEN,16933.0,17126.0
2020-02-18,15,TEN,16809.0,17020.0
2020-02-18,16,TEN,16879.0,17108.0
2020-02-18,17,TEN,17113.0,17317.0
2020-02-18,18,TEN,17172.0,17409.0
2020-02-18,19,TEN,17185.0,17370.0
2020-02-18,20,TEN,17010.0,17225.0
2020-02-18,21,TEN,16955.0,17179.0
2020-02-18,22,TEN,17117.0,17378.0
2020-02-18,23,TEN,17655.0,17749.0
2020-02-19,0,TEN,18450.0,18587.0
2020-02-19,1,TEN,18977.0,19048.0
2020-02-19,2,TEN,18865.0,19022.0
2020-02-19,3,TEN,18495.0,18627.0
2020-02-19,4,TEN,17969.0,18078.0
2020-02-19,5,TEN,17071.0,17199.0
2020-02-19,6,TEN,16334.0,16406.0
2020-02-19,7,TEN,15957.0,16026.0
2020-02-19,8,TEN,15979.0,16154.0
2020-02-19,9,TEN,16223.0,16474.0
2020-02-19,10,TEN,16496.0,16771.0
2020-02-19,11,TEN,17090.0,17303.0
2020-02-19,12,TEN,18555.0,18619.0
2020-02-19,13,TEN,20195.0,20245.0
2020-02-19,14,TEN,20419.0,20519.0
2020-02-19,15,TEN,20303.0,20327.0
2020-02-19,16,TEN,20086.0,20385.0
2020-02-19,17,TEN,19736.0,20079.0
2020-02-19,18,TEN,19025.0,19300.0
2020-02-19,19,TEN,18534.0,18825.0
2020-02-19,20,TEN,18113.0,18346.0
2020-02-19,21,TEN,17539.0,17839.0
2020-02-19,22,TEN,17507.0,17723.0
2020-02-19,23,TEN,18086.0,18292.0
2020-02-20,0,TEN,19204.0,19393.0
2020-02-20,1,TEN,19979.0,20088.0
2020-02-20,2,TEN,20028.0,20096.0
2020-02-20,3,TEN,19600.0,19708.0
2020-02-20,4,TEN,18917.0,19057.0
2020-02-20,5,TEN,17984.0,18113.0
2020-02-20,6,TEN,17284.0,17404.0
2020-02-20,7,TEN,16876.0,17005.0
2020-02-20,8,TEN,16695.0,16828.0
2020-02-20,9,TEN,16672.0,16836.0
2020-02-20,10,TEN,16682.0,16883.0
2020-02-20,11,TEN,17367.0,17498.0
2020-02-20,12,TEN,18839.0,18782.0
2020-02-20,13,TEN,20418.0,20325.0
2020-02-20,14,TEN,20645.0,20613.0
2020-02-20,15,TEN,20970.0,20794.0
2020-02-20,16,TEN,21159.0,21068.0
2020-02-20,17,TEN,21663.0,21557.0
2020-02-20,18,TEN,21759.0,21657.0
2020-02-20,19,TEN,21790.0,21671.0
2020-02-20,20,TEN,21672.0,21666.0
2020-02-20,21,TEN,21463.0,21583.0
2020-02-20,22,TEN,21373.0,21327.0
2020-02-20,23,TEN,21631.0,21803.0
2020-02-21,0,TEN,22302.0,22337.0
2020-02-21,1,TEN,22913.0,22900.0
2020-02-21,2,TEN,22782.0,22730.0
2020-02-21,3,TEN,22661.0,22648.0
2020-02-21,4,TEN,22154.0,22257.0
2020-02-21,5,TEN,21402.0,21463.0
2020-02-21,6,TEN,21026.0,20911.0
2020-02-21,7,TEN,20920.0,20662.0
2020-02-21,8,TEN,21133.0,20917.0
2020-02-21,9,TEN,21310.0,21089.0
2020-02-21,10,TEN,21688.0,22048.0
2020-02-21,11,TEN,22460.0,22800.0
2020-02-21,12,TEN,24070.0,24457.0
2020-02-21,13,TEN,25513.0,24946.0
2020-02-21,14,TEN,25362.0,24715.0
2020-02-21,15,TEN,24218.0,24086.0
2020-02-21,16,TEN,23121.0,23172.0
2020-02-21,17,TEN,22236.0,22280.0
2020-02-21,18,TEN,21139.0,21250.0
2020-02-21,19,TEN,20247.0,20292.0
2020-02-21,20,TEN,19369.0,19503.0
2020-02-21,21,TEN,18893.0,18968.0
2020-02-21,22,TEN,18471.0,18638.0
2020-02-21,23,TEN,18756.0,18942.0
2020-02-22,0,TEN,20140.0,20245.0
2020-02-22,1,TEN,21375.0,21504.0
2020-02-22,2,TEN,21832.0,21853.0
2020-02-22,3,TEN,21996.0,22009.0
2020-02-22,4,TEN,21917.0,21941.0
2020-02-22,5,TEN,21531.0,21601.0
2020-02-22,6,TEN,21204.0,21282.0
2020-02-22,7,TEN,21145.0,21219.0
2020-02-22,8,TEN,21456.0,21496.0
2020-02-22,9,TEN,21709.0,21787.0
2020-02-22,10,TEN,22084.0,22088.0
2020-02-22,11,TEN,22765.0,22884.0
2020-02-22,12,TEN,23548.0,23234.0
2020-02-22,13,TEN,24308.0,23839.0
2020-02-22,14,TEN,24166.0,23484.0
2020-02-22,15,TEN,22707.0,21997.0
2020-02-22,16,TEN,21019.0,20596.0
2020-02-22,17,TEN,19457.0,19518.0
2020-02-22,18,TEN,18302.0,18325.0
2020-02-22,19,TEN,17316.0,17436.0
2020-02-22,20,TEN,16478.0,16654.0
2020-02-22,21,TEN,16124.0,16354.0
2020-02-22,22,TEN,15836.0,16117.0
2020-02-22,23,TEN,16039.0,16282.0
2020-02-23,0,TEN,17095.0,17381.0
2020-02-23,1,TEN,18225.0,18512.0
2020-02-23,2,TEN,18637.0,18950.0
2020-02-23,3,TEN,18944.0,19265.0
2020-02-23,4,TEN,18752.0,18876.0
2020-02-23,5,TEN,18425.0,18552.0
2020-02-23,6,TEN,18093.0,18275.0
2020-02-23,7,TEN,18056.0,18354.0
2020-02-23,8,TEN,18038.0,18380.0
2020-02-23,9,TEN,18074.0,18404.0
2020-02-23,10,TEN,18088.0,18420.0
2020-02-23,11,TEN,18387.0,18537.0
2020-02-23,12,TEN,18808.0,18983.0
2020-02-23,13,TEN,19322.0,19514.0
2020-02-23,14,TEN,19657.0,19835.0
2020-02-23,15,TEN,19481.0,19598.0
2020-02-23,16,TEN,18718.0,18811.0
2020-02-23,17,TEN,17675.0,17752.0
2020-02-23,18,TEN,17206.0,17338.0
2020-02-23,19,TEN,16805.0,17000.0
2020-02-23,20,TEN,16569.0,16772.0
2020-02-23,21,TEN,16512.0,16743.0
2020-02-23,22,TEN,16563.0,16868.0
2020-02-23,23,TEN,17007.0,17305.0
2020-02-24,0,TEN,17851.0,17988.0
2020-02-24,1,TEN,18553.0,18653.0
2020-02-24,2,TEN,18474.0,18589.0
2020-02-24,3,TEN,18123.0,18207.0
2020-02-24,4,TEN,17407.0,17464.0
2020-02-24,5,TEN,16565.0,16613.0
2020-02-24,6,TEN,15905.0,16011.0
2020-02-24,7,TEN,15452.0,15506.0
2020-02-24,8,TEN,15480.0,15519.0
2020-02-24,9,TEN,15501.0,15568.0
2020-02-24,10,TEN,15789.0,15832.0
2020-02-24,11,TEN,16385.0,16478.0
2020-02-24,12,TEN,17911.0,17981.0
2020-02-24,13,TEN,19432.0,19430.0
2020-02-24,14,TEN,19656.0,19676.0
2020-02-24,15,TEN,19679.0,19723.0
2020-02-24,16,TEN,19744.0,19759.0
2020-02-24,17,TEN,19892.0,19943.0
2020-02-24,18,TEN,19765.0,19812.0
2020-02-24,19,TEN,19637.0,19681.0
2020-02-24,20,TEN,19337.0,19376.0
2020-02-24,21,TEN,19119.0,19152.0
2020-02-24,22,TEN,19036.0,19084.0
2020-02-24,23,TEN,19217.0,19262.0
2020-02-25,0,TEN,19671.0,19744.0
2020-02-25,1,TEN,19902.0,19958.0
2020-02-25,2,TEN,19391.0,19426.0
2020-02-25,3,TEN,18750.0,18778.0
2020-02-25,4,TEN,17800.0,17871.0
2020-02-25,5,TEN,16663.0,16711.0
2020-02-25,6,TEN,15706.0,15743.0
2020-02-25,7,TEN,15177.0,15272.0
2020-02-25,8,TEN,14921.0,15027.0
2020-02-25,9,TEN,14795.0,14896.0
2020-02-25,10,TEN,14974.0,15050.0
2020-02-25,11,TEN,15474.0,15544.0
2020-02-25,12,TEN,16892.0,17024.0
2020-02-25,13,TEN,18246.0,18279.0
2020-02-25,14,TEN,18312.0,18380.0
2020-02-25,15,TEN,17950.0,18038.0
2020-02-25,16,TEN,17672.0,17753.0
2020-02-25,17,TEN,17487.0,17550.0
2020-02-25,18,TEN,17240.0,17331.0
2020-02-25,19,TEN,16973.0,17078.0
2020-02-25,20,TEN,16800.0,16906.0
2020-02-25,21,TEN,16595.0,16745.0
2020-02-25,22,TEN,16559.0,16629.0
2020-02-25,23,TEN,16871.0,17019.0
2020-02-26,0,TEN,17588.0,17675.0
2020-02-26,1,TEN,18450.0,18589.0
2020-02-26,2,TEN,18390.0,18493.0
2020-02-26,3,TEN,18099.0,18169.0
2020-02-26,4,TEN,17300.0,17434.0
2020-02-26,5,TEN,16435.0,16578.0
2020-02-26,6,TEN,15789.0,15878.0
2020-02-26,7,TEN,15373.0,15550.0
2020-02-26,8,TEN,15257.0,15445.0
2020-02-26,9,TEN,15149.0,15369.0
2020-02-26,10,TEN,15438.0,15615.0
2020-02-26,11,TEN,15984.0,16214.0
2020-02-26,12,TEN,17472.0,17623.0
2020-02-26,13,TEN,18841.0,18927.0
2020-02-26,14,TEN,19017.0,19107.0
2020-02-26,15,TEN,18968.0,19076.0
2020-02-26,16,TEN,18933.0,19087.0
2020-02-26,17,TEN,19214.0,19306.0
2020-02-26,18,TEN,19257.0,19405.0
2020-02-26,19,TEN,19340.0,19400.0
2020-02-26,20,TEN,19626.0,19692.0
2020-02-26,21,TEN,19621.0,19724.0
2020-02-26,22,TEN,19927.0,20042.0
2020-02-26,23,TEN,20697.0,20789.0
2020-02-27,0,TEN,21623.0,21817.0
2020-02-27,1,TEN,22423.0,22490.0
2020-02-27,2,TEN,22411.0,22459.0
2020-02-27,3,TEN,22111.0,22199.0
2020-02-27,4,TEN,21465.0,21518.0
2020-02-27,5,TEN,20610.0,20703.0
2020-02-27,6,TEN,19966.0,20050.0
2020-02-27,7,TEN,19628.0,19736.0
2020-02-27,8,TEN,19616.0,19709.0
2020-02-27,9,TEN,19706.0,19793.0
2020-02-27,10,TEN,20032.0,20111.0
2020-02-27,11,TEN,20742.0,20772.0
2020-02-27,12,TEN,22249.0,22229.0
2020-02-27,13,TEN,23642.0,23277.0
2020-02-27,14,TEN,23453.0,23277.0
2020-02-27,15,TEN,22713.0,22724.0
2020-02-27,16,TEN,21845.0,21899.0
2020-02-27,17,TEN,21124.0,21131.0
2020-02-27,18,TEN,20214.0,20188.0
2020-02-27,19,TEN,19534.0,19581.0
2020-02-27,20,TEN,18821.0,18929.0
2020-02-27,21,TEN,18162.0,18192.0
2020-02-27,22,TEN,18117.0,18215.0
2020-02-27,23,TEN,18624.0,18708.0
2020-02-28,0,TEN,19786.0,19833.0
2020-02-28,1,TEN,21176.0,21217.0
2020-02-28,2,TEN,21554.0,21588.0
2020-02-28,3,TEN,21471.0,21520.0
2020-02-28,4,TEN,20819.0,20871.0
2020-02-28,5,TEN,20066.0,20078.0
2020-02-28,6,TEN,19466.0,19595.0
2020-02-28,7,TEN,19180.0,19161.0
2020-02-28,8,TEN,18962.0,19011.0
2020-02-28,9,TEN,18744.0,18808.0
2020-02-28,10,TEN,18695.0,18754.0
2020-02-28,11,TEN,19167.0,19262.0
2020-02-28,12,TEN,20445.0,20553.0
2020-02-28,13,TEN,21575.0,21597.0
2020-02-28,14,TEN,21569.0,21566.0
2020-02-28,15,TEN,21235.0,21278.0
2020-02-28,16,TEN,20826.0,20873.0
2020-02-28,17,TEN,20360.0,20403.0
2020-02-28,18,TEN,19946.0,19947.0
2020-02-28,19,TEN,19467.0,19478.0
2020-02-28,20,TEN,18926.0,18954.0
2020-02-28,21,TEN,18656.0,18668.0
2020-02-28,22,TEN,18550.0,18582.0
2020-02-28,23,TEN,18760.0,18800.0
2020-02-29,0,TEN,19518.0,19559.0
2020-02-29,1,TEN,20314.0,20384.0
2020-02-29,2,TEN,20244.0,20322.0
2020-02-29,3,TEN,20075.0,20180.0
2020-02-29,4,TEN,19547.0,19627.0
2020-02-29,5,TEN,18974.0,19008.0
2020-02-29,6,TEN,18512.0,18574.0
2020-02-29,7,TEN,18127.0,18177.0
2020-02-29,8,TEN,18026.0,18090.0
2020-02-29,9,TEN,18035.0,18077.0
2020-02-29,10,TEN,18260.0,18339.0
2020-02-29,11,TEN,18755.0,18894.0
2020-02-29,12,TEN,19602.0,19722.0
2020-02-29,13,TEN,20237.0,20357.0
2020-02-29,14,TEN,20572.0,20692.0
2020-02-29,15,TEN,20306.0,20335.0
2020-02-29,16,TEN,19731.0,19753.0
2020-02-29,17,TEN,19000.0,19016.0
2020-02-29,18,TEN,18092.0,18090.0
2020-02-29,19,TEN,17376.0,17366.0
2020-02-29,20,TEN,16592.0,16661.0
2020-02-29,21,TEN,16057.0,16193.0
2020-02-29,22,TEN,15799.0,15886.0
2020-02-29,23,TEN,16071.0,16191.0
2020-03-01,0,TEN,17029.0,17103.0
2020-03-01,1,TEN,18303.0,18399.0
2020-03-01,2,TEN,18728.0,18797.0
2020-03-01,3,TEN,19035.0,19124.0
2020-03-01,4,TEN,18969.0,19049.0
2020-03-01,5,TEN,18644.0,18702.0
2020-03-01,6,TEN,18155.0,18421.0
2020-03-01,7,TEN,18241.0,18120.0
2020-03-01,8,TEN,18353.0,18165.0
2020-03-01,9,TEN,18478.0,18369.0
2020-03-01,10,TEN,18675.0,18251.0
2020-03-01,11,TEN,19027.0,18560.0
2020-03-01,12,TEN,19533.0,19062.0
2020-03-01,13,TEN,20004.0,19474.0
2020-03-01,14,TEN,19999.0,19477.0
2020-03-01,15,TEN,19183.0,18983.0
2020-03-01,16,TEN,17904.0,17840.0
2020-03-01,17,TEN,16765.0,16669.0
2020-03-01,18,TEN,15965.0,15914.0
2020-03-01,19,TEN,15370.0,15289.0
2020-03-01,20,TEN,14966.0,14895.0
2020-03-01,21,TEN,14608.0,14591.0
2020-03-01,22,TEN,14712.0,14701.0
2020-03-01,23,TEN,14953.0,14905.0
2020-03-02,0,TEN,15782.0,15684.0
2020-03-02,1,TEN,16766.0,16673.0
2020-03-02,2,TEN,16738.0,16651.0
2020-03-02,3,TEN,16429.0,16419.0
2020-03-02,4,TEN,15893.0,15868.0
2020-03-02,5,TEN,15082.0,15090.0
2020-03-02,6,TEN,14519.0,14428.0
2020-03-02,7,TEN,14252.0,14156.0
2020-03-02,8,TEN,14104.0,14014.0
2020-03-02,9,TEN,14149.0,14066.0
2020-03-02,10,TEN,14430.0,14289.0
2020-03-02,11,TEN,14971.0,14921.0
2020-03-02,12,TEN,16298.0,16325.0
2020-03-02,13,TEN,17632.0,17566.0
2020-03-02,14,TEN,17811.0,17759.0
2020-03-02,15,TEN,17743.0,17750.0
2020-03-02,16,TEN,17751.0,17712.0
2020-03-02,17,TEN,17726.0,17675.0
2020-03-02,18,TEN,17623.0,17619.0
2020-03-02,19,TEN,17377.0,17436.0
2020-03-02,20,TEN,17075.0,17051.0
2020-03-02,21,TEN,16811.0,16828.0
2020-03-02,22,TEN,16867.0,16859.0
2020-03-02,23,TEN,16995.0,17070.0
2020-03-03,0,TEN,17484.0,17524.0
2020-03-03,1,TEN,17923.0,17782.0
2020-03-03,2,TEN,17731.0,17685.0
2020-03-03,3,TEN,17226.0,17193.0
2020-03-03,4,TEN,16440.0,16281.0
2020-03-03,5,TEN,15405.0,15247.0
2020-03-03,6,TEN,14549.0,14395.0
2020-03-03,7,TEN,13941.0,13805.0
2020-03-03,8,TEN,13345.0,13265.0
2020-03-03,9,TEN,13254.0,13139.0
2020-03-03,10,TEN,13410.0,13309.0
2020-03-03,11,TEN,13591.0,13646.0
2020-03-03,12,TEN,14624.0,14711.0
2020-03-03,13,TEN,15719.0,15811.0
2020-03-03,14,TEN,16024.0,16002.0
2020-03-03,15,TEN,16170.0,16228.0
2020-03-03,16,TEN,16177.0,16196.0
2020-03-03,17,TEN,16173.0,16163.0
2020-03-03,18,TEN,15955.0,15927.0
2020-03-03,19,TEN,15763.0,15732.0
2020-03-03,20,TEN,15546.0,15547.0
2020-03-03,21,TEN,15511.0,15678.0
2020-03-03,22,TEN,15287.0,15454.0
2020-03-03,23,TEN,15478.0,15606.0
2020-03-04,0,TEN,15992.0,16010.0
2020-03-04,1,TEN,16836.0,16774.0
2020-03-04,2,TEN,16711.0,16620.0
2020-03-04,3,TEN,16324.0,16219.0
2020-03-04,4,TEN,15553.0,15388.0
2020-03-04,5,TEN,14833.0,14757.0
2020-03-04,6,TEN,14161.0,14145.0
2020-03-04,7,TEN,13983.0,13746.0
2020-03-04,8,TEN,13786.0,13712.0
2020-03-04,9,TEN,13800.0,13724.0
2020-03-04,10,TEN,14021.0,13971.0
2020-03-04,11,TEN,14543.0,14619.0
2020-03-04,12,TEN,15790.0,15886.0
2020-03-04,13,TEN,17008.0,17021.0
2020-03-04,14,TEN,17063.0,17031.0
2020-03-04,15,TEN,16621.0,16630.0
2020-03-04,16,TEN,16295.0,16268.0
2020-03-04,17,TEN,16173.0,16174.0
2020-03-04,18,TEN,15981.0,15999.0
2020-03-04,19,TEN,15806.0,15807.0
2020-03-04,20,TEN,15658.0,15959.0
2020-03-04,21,TEN,15561.0,15864.0
2020-03-04,22,TEN,15668.0,15945.0
2020-03-04,23,TEN,16126.0,16173.0
2020-03-05,0,TEN,16922.0,16682.0
2020-03-05,1,TEN,17559.0,17463.0
2020-03-05,2,TEN,17450.0,17445.0
2020-03-05,3,TEN,17137.0,17050.0
2020-03-05,4,TEN,16378.0,16300.0
2020-03-05,5,TEN,15483.0,15355.0
2020-03-05,6,TEN,14774.0,14665.0
2020-03-05,7,TEN,14363.0,14276.0
2020-03-05,8,TEN,14206.0,14136.0
2020-03-05,9,TEN,14224.0,14138.0
2020-03-05,10,TEN,14386.0,14293.0
2020-03-05,11,TEN,14938.0,14905.0
2020-03-05,12,TEN,16272.0,16325.0
2020-03-05,13,TEN,17555.0,17593.0
2020-03-05,14,TEN,17670.0,17631.0
2020-03-05,15,TEN,17414.0,17399.0
2020-03-05,16,TEN,17167.0,17130.0
2020-03-05,17,TEN,16895.0,16940.0
2020-03-05,18,TEN,16567.0,16851.0
2020-03-05,19,TEN,16270.0,16330.0
2020-03-05,20,TEN,15967.0,15982.0
2020-03-05,21,TEN,15716.0,15706.0
2020-03-05,22,TEN,15625.0,15625.0
2020-03-05,23,TEN,15753.0,15725.0
2020-03-06,0,TEN,16200.0,16163.0
2020-03-06,1,TEN,17291.0,17598.0
2020-03-06,2,TEN,17509.0,17726.0
2020-03-06,3,TEN,17276.0,17475.0
2020-03-06,4,TEN,16694.0,16631.0
2020-03-06,5,TEN,15910.0,15782.0
2020-03-06,6,TEN,15187.0,15068.0
2020-03-06,7,TEN,14819.0,14735.0
2020-03-06,8,TEN,14705.0,14621.0
2020-03-06,9,TEN,14807.0,14730.0
2020-03-06,10,TEN,14978.0,14910.0
2020-03-06,11,TEN,15668.0,15489.0
2020-03-06,12,TEN,17269.0,17062.0
2020-03-06,13,TEN,18504.0,18388.0
2020-03-06,14,TEN,18633.0,18550.0
2020-03-06,15,TEN,18506.0,18421.0
2020-03-06,16,TEN,18420.0,18298.0
2020-03-06,17,TEN,18310.0,18199.0
2020-03-06,18,TEN,17916.0,17839.0
2020-03-06,19,TEN,17435.0,17382.0
2020-03-06,20,TEN,17118.0,17013.0
2020-03-06,21,TEN,16806.0,16750.0
2020-03-06,22,TEN,16732.0,16661.0
2020-03-06,23,TEN,17047.0,16971.0
2020-03-07,0,TEN,17794.0,17806.0
2020-03-07,1,TEN,18867.0,18855.0
2020-03-07,2,TEN,19006.0,19022.0
2020-03-07,3,TEN,18860.0,18901.0
2020-03-07,4,TEN,18517.0,18537.0
2020-03-07,5,TEN,18001.0,17994.0
2020-03-07,6,TEN,17497.0,17500.0
2020-03-07,7,TEN,17216.0,17213.0
2020-03-07,8,TEN,17218.0,17198.0
2020-03-07,9,TEN,17373.0,17377.0
2020-03-07,10,TEN,17663.0,17540.0
2020-03-07,11,TEN,19099.0,18960.0
2020-03-07,12,TEN,19087.0,18956.0
2020-03-07,13,TEN,19730.0,19364.0
2020-03-07,14,TEN,19771.0,19155.0
2020-03-07,15,TEN,19174.0,19105.0
2020-03-07,16,TEN,18446.0,18396.0
2020-03-07,17,TEN,17523.0,17441.0
2020-03-07,18,TEN,16715.0,16727.0
2020-03-07,19,TEN,15916.0,15877.0
2020-03-07,20,TEN,15352.0,15325.0
2020-03-07,21,TEN,15041.0,15334.0
2020-03-07,22,TEN,14745.0,15140.0
2020-03-07,23,TEN,14967.0,15015.0
2020-03-08,0,TEN,15593.0,15663.0
2020-03-08,1,TEN,16820.0,16859.0
2020-03-08,2,TEN,17110.0,17171.0
2020-03-08,3,TEN,17252.0,17230.0
2020-03-08,4,TEN,17160.0,17155.0
2020-03-08,5,TEN,16829.0,16729.0
2020-03-08,6,TEN,16522.0,16438.0
2020-03-08,7,TEN,16473.0,16383.0
2020-03-08,8,TEN,16601.0,16479.0
2020-03-08,9,TEN,16813.0,16622.0
2020-03-08,10,TEN,17145.0,16955.0
2020-03-08,11,TEN,17679.0,17476.0
2020-03-08,12,TEN,18452.0,18226.0
2020-03-08,13,TEN,19126.0,18885.0
2020-03-08,14,TEN,18841.0,18675.0
2020-03-08,15,TEN,17578.0,17432.0
2020-03-08,16,TEN,16360.0,16329.0
2020-03-08,17,TEN,15537.0,15487.0
2020-03-08,18,TEN,15055.0,15390.0
2020-03-08,19,TEN,14521.0,14843.0
2020-03-08,20,TEN,14180.0,14544.0
2020-03-08,21,TEN,14119.0,14474.0
2020-03-08,22,TEN,14065.0,14439.0
2020-03-08,23,TEN,14239.0,14415.0
2020-03-09,0,TEN,14833.0,15097.0
2020-03-09,1,TEN,16044.0,16261.0
2020-03-09,2,TEN,16126.0,16350.0
2020-03-09,3,TEN,15586.0,15819.0
2020-03-09,4,TEN,14845.0,15048.0
2020-03-09,5,TEN,14155.0,14495.0
2020-03-09,6,TEN,13893.0,14238.0
2020-03-09,7,TEN,13809.0,14177.0
2020-03-09,8,TEN,13913.0,14237.0
2020-03-09,9,TEN,14265.0,14601.0
2020-03-09,10,TEN,15011.0,15027.0
2020-03-09,11,TEN,16392.0,16262.0
2020-03-09,12,TEN,17948.0,17849.0
2020-03-09,13,TEN,18332.0,18212.0
2020-03-09,14,TEN,17950.0,17872.0
2020-03-09,15,TEN,17519.0,17422.0
2020-03-09,16,TEN,17053.0,17244.0
2020-03-09,17,TEN,16688.0,16956.0
2020-03-09,18,TEN,16261.0,16515.0
2020-03-09,19,TEN,16036.0,16250.0
2020-03-09,20,TEN,15687.0,15910.0
2020-03-09,21,TEN,15588.0,15841.0
2020-03-09,22,TEN,15602.0,15859.0
2020-03-09,23,TEN,15934.0,16166.0
2020-03-10,0,TEN,16374.0,16642.0
2020-03-10,1,TEN,16943.0,17113.0
2020-03-10,2,TEN,16690.0,16952.0
2020-03-10,3,TEN,15999.0,16082.0
2020-03-10,4,TEN,14882.0,14869.0
2020-03-10,5,TEN,14029.0,14179.0
2020-03-10,6,TEN,13347.0,13606.0
2020-03-10,7,TEN,13082.0,13255.0
2020-03-10,8,TEN,12862.0,13185.0
2020-03-10,9,TEN,13057.0,13277.0
2020-03-10,10,TEN,13483.0,13664.0
2020-03-10,11,TEN,14725.0,14816.0
2020-03-10,12,TEN,16091.0,16046.0
2020-03-10,13,TEN,16469.0,16433.0
2020-03-10,14,TEN,16465.0,16492.0
2020-03-10,15,TEN,16528.0,16510.0
2020-03-10,16,TEN,16635.0,16625.0
2020-03-10,17,TEN,16495.0,16477.0
2020-03-10,18,TEN,16412.0,16428.0
2020-03-10,19,TEN,16208.0,16219.0
2020-03-10,20,TEN,16058.0,16080.0
2020-03-10,21,TEN,15901.0,15911.0
2020-03-10,22,TEN,15809.0,15802.0
2020-03-10,23,TEN,16110.0,16088.0
2020-03-11,0,TEN,16483.0,16507.0
2020-03-11,1,TEN,17075.0,17034.0
2020-03-11,2,TEN,16743.0,16827.0
2020-03-11,3,TEN,16165.0,16185.0
2020-03-11,4,TEN,15178.0,15194.0
2020-03-11,5,TEN,14180.0,14225.0
2020-03-11,6,TEN,13648.0,13744.0
2020-03-11,7,TEN,13417.0,13562.0
2020-03-11,8,TEN,13395.0,13518.0
2020-03-11,9,TEN,13624.0,13796.0
2020-03-11,10,TEN,14042.0,14150.0
2020-03-11,11,TEN,15301.0,15462.0
2020-03-11,12,TEN,16779.0,16761.0
2020-03-11,13,TEN,17044.0,17058.0
2020-03-11,14,TEN,16913.0,16941.0
2020-03-11,15,TEN,16730.0,16757.0
2020-03-11,16,TEN,16683.0,16716.0
2020-03-11,17,TEN,16729.0,16719.0
2020-03-11,18,TEN,16708.0,16666.0
2020-03-11,19,TEN,16439.0,16490.0
2020-03-11,20,TEN,16150.0,16164.0
2020-03-11,21,TEN,16055.0,16090.0
2020-03-11,22,TEN,16026.0,16044.0
2020-03-11,23,TEN,16066.0,16094.0
2020-03-12,0,TEN,16433.0,16426.0
2020-03-12,1,TEN,17106.0,16752.0
2020-03-12,2,TEN,16836.0,16858.0
2020-03-12,3,TEN,16228.0,16303.0
2020-03-12,4,TEN,15116.0,15058.0
2020-03-12,5,TEN,14210.0,14160.0
2020-03-12,6,TEN,13725.0,13785.0
2020-03-12,7,TEN,13417.0,13502.0
2020-03-12,8,TEN,13242.0,13361.0
2020-03-12,9,TEN,13383.0,13406.0
2020-03-12,10,TEN,13819.0,13891.0
2020-03-12,11,TEN,15009.0,15093.0
2020-03-12,12,TEN,16206.0,16189.0
2020-03-12,13,TEN,16494.0,16432.0
2020-03-12,14,TEN,16467.0,16386.0
2020-03-12,15,TEN,16401.0,16362.0
2020-03-12,16,TEN,16412.0,16378.0
2020-03-12,17,TEN,16236.0,16157.0
2020-03-12,18,TEN,16218.0,16152.0
2020-03-12,19,TEN,16080.0,16081.0
2020-03-12,20,TEN,15960.0,15910.0
2020-03-12,21,TEN,16007.0,15952.0
2020-03-12,22,TEN,16149.0,16118.0
2020-03-12,23,TEN,16149.0,16076.0
2020-03-13,0,TEN,16390.0,16318.0
2020-03-13,1,TEN,17028.0,16747.0
2020-03-13,2,TEN,16786.0,16745.0
2020-03-13,3,TEN,16096.0,16082.0
2020-03-13,4,TEN,15001.0,14850.0
2020-03-13,5,TEN,14020.0,14034.0
2020-03-13,6,TEN,13400.0,13700.0
2020-03-13,7,TEN,12826.0,13380.0
2020-03-13,8,TEN,12551.0,13255.0
2020-03-13,9,TEN,12573.0,13254.0
2020-03-13,10,TEN,12840.0,13302.0
2020-03-13,11,TEN,13867.0,14113.0
2020-03-13,12,TEN,15088.0,15193.0
2020-03-13,13,TEN,15506.0,15631.0
2020-03-13,14,TEN,15695.0,15806.0
2020-03-13,15,TEN,15784.0,15938.0
2020-03-13,16,TEN,15995.0,16097.0
2020-03-13,17,TEN,15954.0,15932.0
2020-03-13,18,TEN,15987.0,15936.0
2020-03-13,19,TEN,15934.0,15888.0
2020-03-13,20,TEN,15706.0,15701.0
2020-03-13,21,TEN,15577.0,15613.0
2020-03-13,22,TEN,15581.0,15588.0
2020-03-13,23,TEN,15701.0,15715.0
2020-03-14,0,TEN,16089.0,16095.0
2020-03-14,1,TEN,16534.0,16531.0
2020-03-14,2,TEN,16370.0,16414.0
2020-03-14,3,TEN,15826.0,15811.0
2020-03-14,4,TEN,14987.0,14926.0
2020-03-14,5,TEN,14304.0,14208.0
2020-03-14,6,TEN,13912.0,14049.0
2020-03-14,7,TEN,13591.0,13801.0
2020-03-14,8,TEN,13384.0,13573.0
2020-03-14,9,TEN,13395.0,13637.0
2020-03-14,10,TEN,13404.0,13638.0
2020-03-14,11,TEN,14024.0,14150.0
2020-03-14,12,TEN,14679.0,14685.0
2020-03-14,13,TEN,15213.0,15173.0
2020-03-14,14,TEN,15830.0,15776.0
2020-03-14,15,TEN,16311.0,16075.0
2020-03-14,16,TEN,16485.0,16340.0
2020-03-14,17,TEN,16413.0,16291.0
2020-03-14,18,TEN,16141.0,16021.0
2020-03-14,19,TEN,15775.0,15623.0
2020-03-14,20,TEN,15452.0,15312.0
2020-03-14,21,TEN,15418.0,15327.0
2020-03-14,22,TEN,15534.0,15378.0
2020-03-14,23,TEN,15691.0,15497.0
2020-03-15,0,TEN,15868.0,15700.0
2020-03-15,1,TEN,16250.0,16038.0
2020-03-15,2,TEN,16068.0,15892.0
2020-03-15,3,TEN,15570.0,15401.0
2020-03-15,4,TEN,14956.0,14725.0
2020-03-15,5,TEN,14333.0,14112.0
2020-03-15,6,TEN,13761.0,14089.0
2020-03-15,7,TEN,13454.0,13782.0
2020-03-15,8,TEN,13199.0,13535.0
2020-03-15,9,TEN,13184.0,13480.0
2020-03-15,10,TEN,13303.0,13418.0
2020-03-15,11,TEN,13662.0,13786.0
2020-03-15,12,TEN,14280.0,14151.0
2020-03-15,13,TEN,15058.0,14953.0
2020-03-15,14,TEN,15812.0,15608.0
2020-03-15,15,TEN,16488.0,16297.0
2020-03-15,16,TEN,16679.0,16514.0
2020-03-15,17,TEN,16785.0,16561.0
2020-03-15,18,TEN,16646.0,16478.0
2020-03-15,19,TEN,16434.0,16232.0
2020-03-15,20,TEN,16169.0,15982.0
2020-03-15,21,TEN,16203.0,16056.0
2020-03-15,22,TEN,16409.0,16198.0
2020-03-15,23,TEN,16579.0,16359.0
2020-03-16,0,TEN,17030.0,16402.0
2020-03-16,1,TEN,17634.0,16841.0
2020-03-16,2,TEN,17348.0,16670.0
2020-03-16,3,TEN,16848.0,16350.0
2020-03-16,4,TEN,16031.0,15836.0
2020-03-16,5,TEN,15509.0,15290.0
2020-03-16,6,TEN,15075.0,15028.0
2020-03-16,7,TEN,14891.0,14803.0
2020-03-16,8,TEN,14857.0,14782.0
2020-03-16,9,TEN,15005.0,15089.0
2020-03-16,10,TEN,15430.0,15505.0
2020-03-16,11,TEN,16525.0,16497.0
2020-03-16,12,TEN,17719.0,17557.0
2020-03-16,13,TEN,18237.0,18173.0
2020-03-16,14,TEN,18439.0,18297.0
2020-03-16,15,TEN,18525.0,18506.0
2020-03-16,16,TEN,18543.0,18463.0
2020-03-16,17,TEN,18253.0,18186.0
2020-03-16,18,TEN,17995.0,17890.0
2020-03-16,19,TEN,17695.0,17611.0
2020-03-16,20,TEN,17265.0,17179.0
2020-03-16,21,TEN,17035.0,17013.0
2020-03-16,22,TEN,16910.0,16879.0
2020-03-16,23,TEN,17145.0,17034.0
2020-03-17,0,TEN,17617.0,17414.0
2020-03-17,1,TEN,17941.0,17854.0
2020-03-17,2,TEN,17379.0,17329.0
2020-03-17,3,TEN,16844.0,16736.0
2020-03-17,4,TEN,15973.0,15731.0
2020-03-17,5,TEN,15026.0,14756.0
2020-03-17,6,TEN,14481.0,14315.0
2020-03-17,7,TEN,14061.0,14252.0
2020-03-17,8,TEN,13928.0,14174.0
2020-03-17,9,TEN,13939.0,14226.0
2020-03-17,10,TEN,14305.0,14304.0
2020-03-17,11,TEN,15302.0,15317.0
2020-03-17,12,TEN,16332.0,16236.0
2020-03-17,13,TEN,16800.0,16675.0
2020-03-17,14,TEN,17131.0,17003.0
2020-03-17,15,TEN,17343.0,17279.0
2020-03-17,16,TEN,17555.0,17474.0
2020-03-17,17,TEN,17486.0,17346.0
2020-03-17,18,TEN,17366.0,17157.0
2020-03-17,19,TEN,17072.0,16988.0
2020-03-17,20,TEN,16763.0,16677.0
2020-03-17,21,TEN,16494.0,16393.0
2020-03-17,22,TEN,16466.0,16374.0
2020-03-17,23,TEN,16657.0,16452.0
2020-03-18,0,TEN,16815.0,16454.0
2020-03-18,1,TEN,17312.0,16765.0
2020-03-18,2,TEN,16931.0,16558.0
2020-03-18,3,TEN,16254.0,16078.0
2020-03-18,4,TEN,15348.0,15085.0
2020-03-18,5,TEN,14492.0,14269.0
2020-03-18,6,TEN,14013.0,13996.0
2020-03-18,7,TEN,13665.0,13693.0
2020-03-18,8,TEN,13606.0,13544.0
2020-03-18,9,TEN,13507.0,13495.0
2020-03-18,10,TEN,13801.0,13819.0
2020-03-18,11,TEN,14704.0,14838.0
2020-03-18,12,TEN,15611.0,15588.0
2020-03-18,13,TEN,16110.0,15900.0
2020-03-18,14,TEN,16284.0,16162.0
2020-03-18,15,TEN,16295.0,16232.0
2020-03-18,16,TEN,16469.0,16416.0
2020-03-18,17,TEN,16442.0,16396.0
2020-03-18,18,TEN,16548.0,16465.0
2020-03-18,19,TEN,16525.0,16449.0
2020-03-18,20,TEN,16292.0,16221.0
2020-03-18,21,TEN,16164.0,16079.0
2020-03-18,22,TEN,16239.0,16194.0
2020-03-18,23,TEN,16326.0,16264.0
2020-03-19,0,TEN,16460.0,16342.0
2020-03-19,1,TEN,16846.0,16780.0
2020-03-19,2,TEN,16515.0,16437.0
2020-03-19,3,TEN,15822.0,15633.0
2020-03-19,4,TEN,14810.0,14551.0
2020-03-19,5,TEN,14146.0,13853.0
2020-03-19,6,TEN,13452.0,13231.0
2020-03-19,7,TEN,13020.0,12997.0
2020-03-19,8,TEN,12827.0,13000.0
2020-03-19,9,TEN,12785.0,12977.0
2020-03-19,10,TEN,12927.0,12910.0
2020-03-19,11,TEN,13673.0,13666.0
2020-03-19,12,TEN,14577.0,14474.0
2020-03-19,13,TEN,14948.0,14848.0
2020-03-19,14,TEN,15233.0,15150.0
2020-03-19,15,TEN,15677.0,15588.0
2020-03-19,16,TEN,16077.0,16003.0
2020-03-19,17,TEN,16445.0,16358.0
2020-03-19,18,TEN,16674.0,16574.0
2020-03-19,19,TEN,16686.0,16599.0
2020-03-19,20,TEN,16786.0,16656.0
2020-03-19,21,TEN,16759.0,16648.0
2020-03-19,22,TEN,16830.0,16749.0
2020-03-19,23,TEN,17024.0,16917.0
2020-03-20,0,TEN,17162.0,17050.0
2020-03-20,1,TEN,17521.0,17433.0
2020-03-20,2,TEN,17168.0,17055.0
2020-03-20,3,TEN,16318.0,16139.0
2020-03-20,4,TEN,15322.0,15069.0
2020-03-20,5,TEN,14358.0,14002.0
2020-03-20,6,TEN,13620.0,13275.0
2020-03-20,7,TEN,13105.0,12992.0
2020-03-20,8,TEN,12853.0,12931.0
2020-03-20,9,TEN,12743.0,12885.0
2020-03-20,10,TEN,12836.0,12895.0
2020-03-20,11,TEN,13387.0,13449.0
2020-03-20,12,TEN,14309.0,14202.0
2020-03-20,13,TEN,14743.0,14578.0
2020-03-20,14,TEN,15248.0,15145.0
2020-03-20,15,TEN,15797.0,15642.0
2020-03-20,16,TEN,16255.0,16175.0
2020-03-20,17,TEN,16570.0,16458.0
2020-03-20,18,TEN,16716.0,16598.0
2020-03-20,19,TEN,16628.0,16538.0
2020-03-20,20,TEN,16330.0,16495.0
2020-03-20,21,TEN,16182.0,16386.0
2020-03-20,22,TEN,15981.0,16203.0
2020-03-20,23,TEN,15957.0,16133.0
2020-03-21,0,TEN,15838.0,16064.0
2020-03-21,1,TEN,16010.0,16144.0
2020-03-21,2,TEN,15582.0,15797.0
2020-03-21,3,TEN,15088.0,15194.0
2020-03-21,4,TEN,14227.0,14031.0
2020-03-21,5,TEN,13399.0,13176.0
2020-03-21,6,TEN,12946.0,12933.0
2020-03-21,7,TEN,12457.0,12685.0
2020-03-21,8,TEN,12345.0,12554.0
2020-03-21,9,TEN,12325.0,12699.0
2020-03-21,10,TEN,12460.0,12716.0
2020-03-21,11,TEN,12901.0,13160.0
2020-03-21,12,TEN,13497.0,13340.0
2020-03-21,13,TEN,14029.0,13880.0
2020-03-21,14,TEN,14921.0,14753.0
2020-03-21,15,TEN,15671.0,15533.0
2020-03-21,16,TEN,16012.0,15752.0
2020-03-21,17,TEN,16186.0,15751.0
2020-03-21,18,TEN,15988.0,15842.0
2020-03-21,19,TEN,15658.0,15546.0
2020-03-21,20,TEN,15450.0,15342.0
2020-03-21,21,TEN,15290.0,15160.0
2020-03-21,22,TEN,15351.0,15257.0
2020-03-21,23,TEN,15662.0,15530.0
2020-03-22,0,TEN,16003.0,15858.0
2020-03-22,1,TEN,16503.0,16240.0
2020-03-22,2,TEN,16398.0,16257.0
2020-03-22,3,TEN,15959.0,15790.0
2020-03-22,4,TEN,15551.0,15348.0
2020-03-22,5,TEN,14954.0,14708.0
2020-03-22,6,TEN,14551.0,14320.0
2020-03-22,7,TEN,14427.0,14097.0
2020-03-22,8,TEN,14348.0,14088.0
2020-03-22,9,TEN,14371.0,14175.0
2020-03-22,10,TEN,14550.0,14337.0
2020-03-22,11,TEN,14944.0,14741.0
2020-03-22,12,TEN,15357.0,15205.0
2020-03-22,13,TEN,15806.0,15707.0
2020-03-22,14,TEN,16368.0,16243.0
2020-03-22,15,TEN,16581.0,16419.0
2020-03-22,16,TEN,16525.0,16330.0
2020-03-22,17,TEN,16230.0,16034.0
2020-03-22,18,TEN,15682.0,15480.0
2020-03-22,19,TEN,15216.0,15043.0
2020-03-22,20,TEN,14877.0,14699.0
2020-03-22,21,TEN,14831.0,14670.0
2020-03-22,22,TEN,14887.0,14718.0
2020-03-22,23,TEN,15228.0,15080.0
2020-03-23,0,TEN,15431.0,15330.0
2020-03-23,1,TEN,15898.0,15742.0
2020-03-23,2,TEN,15570.0,15405.0
2020-03-23,3,TEN,14954.0,14787.0
2020-03-23,4,TEN,14238.0,14016.0
2020-03-23,5,TEN,13635.0,13432.0
2020-03-23,6,TEN,13166.0,13015.0
2020-03-23,7,TEN,12875.0,12745.0
2020-03-23,8,TEN,12791.0,12678.0
2020-03-23,9,TEN,12814.0,12736.0
2020-03-23,10,TEN,13136.0,12971.0
2020-03-23,11,TEN,13935.0,13879.0
2020-03-23,12,TEN,14985.0,14877.0
2020-03-23,13,TEN,15510.0,15450.0
2020-03-23,14,TEN,15827.0,15736.0
2020-03-23,15,TEN,16202.0,16148.0
2020-03-23,16,TEN,16503.0,16402.0
2020-03-23,17,TEN,16673.0,16515.0
2020-03-23,18,TEN,16591.0,16479.0
2020-03-23,19,TEN,16319.0,16148.0
2020-03-23,20,TEN,16106.0,16003.0
2020-03-23,21,TEN,15868.0,15850.0
2020-03-23,22,TEN,15821.0,15789.0
2020-03-23,23,TEN,16018.0,15913.0
2020-03-24,0,TEN,16027.0,15999.0
2020-03-24,1,TEN,16496.0,16287.0
2020-03-24,2,TEN,16154.0,16076.0
2020-03-24,3,TEN,15473.0,15394.0
2020-03-24,4,TEN,14732.0,14601.0
2020-03-24,5,TEN,13992.0,13895.0
2020-03-24,6,TEN,13571.0,13382.0
2020-03-24,7,TEN,13256.0,13167.0
2020-03-24,8,TEN,13109.0,13064.0
2020-03-24,9,TEN,13115.0,13070.0
2020-03-24,10,TEN,13375.0,13306.0
2020-03-24,11,TEN,14208.0,14046.0
2020-03-24,12,TEN,15073.0,14829.0
2020-03-24,13,TEN,15564.0,15397.0
2020-03-24,14,TEN,16042.0,15904.0
2020-03-24,15,TEN,16390.0,16304.0
2020-03-24,16,TEN,16795.0,16438.0
2020-03-24,17,TEN,16833.0,16416.0
2020-03-24,18,TEN,16829.0,16332.0
2020-03-24,19,TEN,16746.0,15986.0
2020-03-24,20,TEN,16513.0,15679.0
2020-03-24,21,TEN,16296.0,15176.0
2020-03-24,22,TEN,16397.0,15500.0
2020-03-24,23,TEN,16526.0,16008.0
2020-03-25,0,TEN,16404.0,15988.0
2020-03-25,1,TEN,16204.0,15844.0
2020-03-25,2,TEN,15955.0,15749.0
2020-03-25,3,TEN,15392.0,15054.0
2020-03-25,4,TEN,14691.0,14582.0
2020-03-25,5,TEN,13876.0,13775.0
2020-03-25,6,TEN,13334.0,13131.0
2020-03-25,7,TEN,13066.0,12657.0
2020-03-25,8,TEN,12828.0,12475.0
2020-03-25,9,TEN,12840.0,12480.0
2020-03-25,10,TEN,13011.0,12540.0
2020-03-25,11,TEN,13836.0,13388.0
2020-03-25,12,TEN,14750.0,14400.0
2020-03-25,13,TEN,15363.0,15014.0
2020-03-25,14,TEN,15684.0,15442.0
2020-03-25,15,TEN,15966.0,15654.0
2020-03-25,16,TEN,16230.0,16162.0
2020-03-25,17,TEN,16208.0,16115.0
2020-03-25,18,TEN,16024.0,15968.0
2020-03-25,19,TEN,15731.0,15636.0
2020-03-25,20,TEN,15347.0,15273.0
2020-03-25,21,TEN,15244.0,15178.0
2020-03-25,22,TEN,15161.0,15148.0
2020-03-25,23,TEN,15315.0,15204.0
2020-03-26,0,TEN,15439.0,15283.0
2020-03-26,1,TEN,15908.0,15833.0
2020-03-26,2,TEN,15881.0,15815.0
2020-03-26,3,TEN,15212.0,15127.0
2020-03-26,4,TEN,14374.0,14431.0
2020-03-26,5,TEN,13713.0,13821.0
2020-03-26,6,TEN,13337.0,13351.0
2020-03-26,7,TEN,13009.0,13008.0
2020-03-26,8,TEN,13112.0,13077.0
2020-03-26,9,TEN,13368.0,13368.0
2020-03-26,10,TEN,13711.0,13676.0
2020-03-26,11,TEN,14577.0,14634.0
2020-03-26,12,TEN,15581.0,15388.0
2020-03-26,13,TEN,15975.0,15871.0
2020-03-26,14,TEN,15813.0,15761.0
2020-03-26,15,TEN,15442.0,15447.0
2020-03-26,16,TEN,15510.0,15461.0
2020-03-26,17,TEN,15596.0,15738.0
2020-03-26,18,TEN,15672.0,15764.0
2020-03-26,19,TEN,15708.0,15866.0
2020-03-26,20,TEN,15916.0,15888.0
2020-03-26,21,TEN,16057.0,16019.0
2020-03-26,22,TEN,16427.0,16339.0
2020-03-26,23,TEN,16723.0,16344.0
2020-03-27,0,TEN,16745.0,16347.0
2020-03-27,1,TEN,17057.0,16688.0
2020-03-27,2,TEN,16740.0,16301.0
2020-03-27,3,TEN,15820.0,15692.0
2020-03-27,4,TEN,14708.0,14598.0
2020-03-27,5,TEN,13690.0,13566.0
2020-03-27,6,TEN,13019.0,13035.0
2020-03-27,7,TEN,12465.0,12477.0
2020-03-27,8,TEN,12213.0,12218.0
2020-03-27,9,TEN,12067.0,12132.0
2020-03-27,10,TEN,12164.0,12183.0
2020-03-27,11,TEN,12661.0,12720.0
2020-03-27,12,TEN,13461.0,13385.0
2020-03-27,13,TEN,13957.0,13864.0
2020-03-27,14,TEN,14499.0,14474.0
2020-03-27,15,TEN,15049.0,15051.0
2020-03-27,16,TEN,15705.0,15738.0
2020-03-27,17,TEN,16332.0,16215.0
2020-03-27,18,TEN,16877.0,16654.0
2020-03-27,19,TEN,17374.0,17094.0
2020-03-27,20,TEN,17692.0,17391.0
2020-03-27,21,TEN,17934.0,17868.0
2020-03-27,22,TEN,18119.0,17975.0
2020-03-27,23,TEN,18114.0,17905.0
2020-03-28,0,TEN,17916.0,17794.0
2020-03-28,1,TEN,18113.0,17891.0
2020-03-28,2,TEN,17542.0,17431.0
2020-03-28,3,TEN,16527.0,16164.0
2020-03-28,4,TEN,15418.0,14896.0
2020-03-28,5,TEN,14326.0,13854.0
2020-03-28,6,TEN,13431.0,12954.0
2020-03-28,7,TEN,12734.0,12374.0
2020-03-28,8,TEN,12253.0,11872.0
2020-03-28,9,TEN,11987.0,11592.0
2020-03-28,10,TEN,12058.0,11651.0
2020-03-28,11,TEN,12209.0,11824.0
2020-03-28,12,TEN,12513.0,12090.0
2020-03-28,13,TEN,12924.0,12535.0
2020-03-28,14,TEN,13616.0,13129.0
2020-03-28,15,TEN,14495.0,13829.0
2020-03-28,16,TEN,15252.0,14598.0
2020-03-28,17,TEN,15851.0,15059.0
2020-03-28,18,TEN,16432.0,15489.0
2020-03-28,19,TEN,16773.0,15722.0
2020-03-28,20,TEN,16981.0,15790.0
2020-03-28,21,TEN,17221.0,15920.0
2020-03-28,22,TEN,17392.0,16260.0
2020-03-28,23,TEN,17482.0,16886.0
2020-03-29,0,TEN,17145.0,16925.0
2020-03-29,1,TEN,17445.0,17064.0
2020-03-29,2,TEN,16956.0,16755.0
2020-03-29,3,TEN,15869.0,15234.0
2020-03-29,4,TEN,14916.0,14335.0
2020-03-29,5,TEN,13854.0,13746.0
2020-03-29,6,TEN,12936.0,12860.0
2020-03-29,7,TEN,12313.0,12227.0
2020-03-29,8,TEN,11840.0,11713.0
2020-03-29,9,TEN,11608.0,11499.0
2020-03-29,10,TEN,11494.0,11439.0
2020-03-29,11,TEN,11419.0,11369.0
2020-03-29,12,TEN,11488.0,11482.0
2020-03-29,13,TEN,11706.0,11659.0
2020-03-29,14,TEN,12497.0,12354.0
2020-03-29,15,TEN,13448.0,13314.0
2020-03-29,16,TEN,14134.0,14039.0
2020-03-29,17,TEN,14574.0,14487.0
2020-03-29,18,TEN,14829.0,14564.0
2020-03-29,19,TEN,14991.0,14877.0
2020-03-29,20,TEN,15064.0,15023.0
2020-03-29,21,TEN,15370.0,15319.0
2020-03-29,22,TEN,15422.0,15436.0
2020-03-29,23,TEN,15561.0,15140.0
2020-03-30,0,TEN,15278.0,14620.0
2020-03-30,1,TEN,15467.0,14724.0
2020-03-30,2,TEN,15116.0,14780.0
2020-03-30,3,TEN,14254.0,14177.0
2020-03-30,4,TEN,13156.0,13128.0
2020-03-30,5,TEN,12318.0,12166.0
2020-03-30,6,TEN,11867.0,11631.0
2020-03-30,7,TEN,11505.0,11312.0
2020-03-30,8,TEN,11329.0,11143.0
2020-03-30,9,TEN,11292.0,11142.0
2020-03-30,10,TEN,11480.0,11462.0
2020-03-30,11,TEN,12334.0,12201.0
2020-03-30,12,TEN,13139.0,13097.0
2020-03-30,13,TEN,13855.0,13822.0
2020-03-30,14,TEN,14295.0,14205.0
2020-03-30,15,TEN,14546.0,14498.0
2020-03-30,16,TEN,14933.0,14985.0
2020-03-30,17,TEN,15159.0,15313.0
2020-03-30,18,TEN,15284.0,15501.0
2020-03-30,19,TEN,15268.0,15513.0
2020-03-30,20,TEN,15131.0,15384.0
2020-03-30,21,TEN,15005.0,15341.0
2020-03-30,22,TEN,15033.0,15227.0
2020-03-30,23,TEN,15244.0,15456.0
2020-03-31,0,TEN,15396.0,15610.0
2020-03-31,1,TEN,15725.0,15905.0
2020-03-31,2,TEN,15397.0,15589.0
2020-03-31,3,TEN,14694.0,14709.0
2020-03-31,4,TEN,13692.0,13593.0
2020-03-31,5,TEN,13041.0,12883.0
2020-03-31,6,TEN,12469.0,12330.0
2020-03-31,7,TEN,12244.0,12161.0
2020-03-31,8,TEN,12003.0,12041.0
2020-03-31,9,TEN,12106.0,12145.0
2020-03-31,10,TEN,12290.0,12130.0
2020-03-31,11,TEN,13150.0,13004.0
2020-03-31,12,TEN,13944.0,13888.0
2020-03-31,13,TEN,14670.0,14640.0
2020-03-31,14,TEN,15054.0,14998.0
2020-03-31,15,TEN,15534.0,15484.0
2020-03-31,16,TEN,16050.0,16131.0
2020-03-31,17,TEN,16288.0,16421.0
2020-03-31,18,TEN,16446.0,16688.0
2020-03-31,19,TEN,16383.0,16613.0
2020-03-31,20,TEN,16098.0,16352.0
2020-03-31,21,TEN,15864.0,16165.0
2020-03-31,22,TEN,16012.0,16251.0
2020-03-31,23,TEN,16320.0,16483.0
2020-04-01,0,TEN,16410.0,16361.0
2020-04-01,1,TEN,16808.0,16735.0
2020-04-01,2,TEN,16627.0,16601.0
2020-04-01,3,TEN,15917.0,15857.0
2020-04-01,4,TEN,15267.0,15098.0
2020-04-01,5,TEN,14653.0,14524.0
2020-04-01,6,TEN,14227.0,14061.0
2020-04-01,7,TEN,14101.0,13944.0
2020-04-01,8,TEN,14082.0,13953.0
2020-04-01,9,TEN,14288.0,14103.0
2020-04-01,10,TEN,14528.0,14434.0
2020-04-01,11,TEN,15530.0,15396.0
2020-04-01,12,TEN,16607.0,16458.0
2020-04-01,13,TEN,17116.0,17005.0
2020-04-01,14,TEN,16985.0,16898.0
2020-04-01,15,TEN,16843.0,16737.0
2020-04-01,16,TEN,16508.0,16490.0
2020-04-01,17,TEN,16209.0,16145.0
2020-04-01,18,TEN,15877.0,15813.0
2020-04-01,19,TEN,15195.0,15150.0
2020-04-01,20,TEN,14828.0,14837.0
2020-04-01,21,TEN,14660.0,14634.0
2020-04-01,22,TEN,14720.0,14701.0
2020-04-01,23,TEN,14913.0,14898.0
2020-04-02,0,TEN,15081.0,15068.0
2020-04-02,1,TEN,15835.0,15863.0
2020-04-02,2,TEN,15843.0,15768.0
2020-04-02,3,TEN,15348.0,15285.0
2020-04-02,4,TEN,14686.0,14524.0
2020-04-02,5,TEN,14167.0,14008.0
2020-04-02,6,TEN,13802.0,13660.0
2020-04-02,7,TEN,13636.0,13502.0
2020-04-02,8,TEN,13801.0,13659.0
2020-04-02,9,TEN,13994.0,13852.0
2020-04-02,10,TEN,14486.0,14244.0
2020-04-02,11,TEN,15510.0,15338.0
2020-04-02,12,TEN,16500.0,16302.0
2020-04-02,13,TEN,16833.0,16711.0
2020-04-02,14,TEN,16436.0,16319.0
2020-04-02,15,TEN,15900.0,15783.0
2020-04-02,16,TEN,15528.0,15451.0
2020-04-02,17,TEN,15120.0,15184.0
2020-04-02,18,TEN,14866.0,14883.0
2020-04-02,19,TEN,14482.0,14465.0
2020-04-02,20,TEN,14295.0,14340.0
2020-04-02,21,TEN,14165.0,14315.0
2020-04-02,22,TEN,14266.0,14471.0
2020-04-02,23,TEN,14442.0,14513.0
2020-04-03,0,TEN,14549.0,14457.0
2020-04-03,1,TEN,15165.0,15079.0
2020-04-03,2,TEN,15188.0,15070.0
2020-04-03,3,TEN,14537.0,14439.0
2020-04-03,4,TEN,13802.0,13601.0
2020-04-03,5,TEN,13138.0,12969.0
2020-04-03,6,TEN,12800.0,12595.0
2020-04-03,7,TEN,12674.0,12459.0
2020-04-03,8,TEN,12696.0,12527.0
2020-04-03,9,TEN,12961.0,12735.0
2020-04-03,10,TEN,13405.0,13168.0
2020-04-03,11,TEN,14296.0,14100.0
2020-04-03,12,TEN,15111.0,15001.0
2020-04-03,13,TEN,15693.0,15603.0
2020-04-03,14,TEN,15641.0,15487.0
2020-04-03,15,TEN,15246.0,15126.0
2020-04-03,16,TEN,15081.0,15050.0
2020-04-03,17,TEN,14937.0,14858.0
2020-04-03,18,TEN,14633.0,14575.0
2020-04-03,19,TEN,14196.0,14161.0
2020-04-03,20,TEN,14166.0,14087.0
2020-04-03,21,TEN,14197.0,14139.0
2020-04-03,22,TEN,14279.0,14485.0
2020-04-03,23,TEN,14422.0,14570.0
2020-04-04,0,TEN,14447.0,14595.0
2020-04-04,1,TEN,15003.0,15058.0
2020-04-04,2,TEN,14917.0,14908.0
2020-04-04,3,TEN,14165.0,14002.0
2020-04-04,4,TEN,13222.0,13021.0
2020-04-04,5,TEN,12473.0,12161.0
2020-04-04,6,TEN,11974.0,11674.0
2020-04-04,7,TEN,11616.0,11292.0
2020-04-04,8,TEN,11561.0,11255.0
2020-04-04,9,TEN,11520.0,11216.0
2020-04-04,10,TEN,11645.0,11358.0
2020-04-04,11,TEN,11970.0,11727.0
2020-04-04,12,TEN,12328.0,12077.0
2020-04-04,13,TEN,12617.0,12417.0
2020-04-04,14,TEN,13235.0,12977.0
2020-04-04,15,TEN,13548.0,13384.0
2020-04-04,16,TEN,13821.0,13754.0
2020-04-04,17,TEN,13974.0,13961.0
2020-04-04,18,TEN,14183.0,14072.0
2020-04-04,19,TEN,14363.0,14264.0
2020-04-04,20,TEN,14534.0,14443.0
2020-04-04,21,TEN,14687.0,14588.0
2020-04-04,22,TEN,14951.0,14830.0
2020-04-04,23,TEN,15138.0,15068.0
2020-04-05,0,TEN,14997.0,14924.0
2020-04-05,1,TEN,15186.0,15114.0
2020-04-05,2,TEN,14844.0,14561.0
2020-04-05,3,TEN,14108.0,13833.0
2020-04-05,4,TEN,13212.0,12890.0
2020-04-05,5,TEN,12479.0,12174.0
2020-04-05,6,TEN,11829.0,11490.0
2020-04-05,7,TEN,11377.0,11081.0
2020-04-05,8,TEN,11204.0,10916.0
2020-04-05,9,TEN,11086.0,10810.0
2020-04-05,10,TEN,11122.0,10884.0
2020-04-05,11,TEN,11373.0,11171.0
2020-04-05,12,TEN,11664.0,11443.0
2020-04-05,13,TEN,12039.0,11843.0
2020-04-05,14,TEN,12680.0,12472.0
2020-04-05,15,TEN,13232.0,13120.0
2020-04-05,16,TEN,13552.0,13427.0
2020-04-05,17,TEN,14001.0,13869.0
2020-04-05,18,TEN,14370.0,14269.0
2020-04-05,19,TEN,14843.0,14758.0
2020-04-05,20,TEN,15269.0,15264.0
2020-04-05,21,TEN,15706.0,15388.0
2020-04-05,22,TEN,16290.0,15404.0
2020-04-05,23,TEN,16363.0,15234.0
2020-04-06,0,TEN,16170.0,14896.0
2020-04-06,1,TEN,16034.0,14794.0
2020-04-06,2,TEN,15720.0,14784.0
2020-04-06,3,TEN,14830.0,13807.0
2020-04-06,4,TEN,13741.0,13201.0
2020-04-06,5,TEN,12781.0,12466.0
2020-04-06,6,TEN,12085.0,11788.0
2020-04-06,7,TEN,11664.0,11366.0
2020-04-06,8,TEN,11482.0,11234.0
2020-04-06,9,TEN,11367.0,11138.0
2020-04-06,10,TEN,11593.0,11330.0
2020-04-06,11,TEN,12432.0,12205.0
2020-04-06,12,TEN,13213.0,13078.0
2020-04-06,13,TEN,13694.0,13601.0
2020-04-06,14,TEN,14226.0,14101.0
2020-04-06,15,TEN,14681.0,14627.0
2020-04-06,16,TEN,15232.0,15202.0
2020-04-06,17,TEN,15773.0,15702.0
2020-04-06,18,TEN,16309.0,16231.0
2020-04-06,19,TEN,16462.0,16392.0
2020-04-06,20,TEN,16777.0,16721.0
2020-04-06,21,TEN,16991.0,17102.0
2020-04-06,22,TEN,17122.0,17277.0
2020-04-06,23,TEN,17141.0,17106.0
2020-04-07,0,TEN,16899.0,16796.0
2020-04-07,1,TEN,17048.0,16944.0
2020-04-07,2,TEN,16743.0,16606.0
2020-04-07,3,TEN,15620.0,15478.0
2020-04-07,4,TEN,14431.0,14186.0
2020-04-07,5,TEN,13411.0,13115.0
2020-04-07,6,TEN,12642.0,12373.0
2020-04-07,7,TEN,12168.0,11878.0
2020-04-07,8,TEN,11783.0,11564.0
2020-04-07,9,TEN,11679.0,11434.0
2020-04-07,10,TEN,11913.0,11660.0
2020-04-07,11,TEN,12505.0,12298.0
2020-04-07,12,TEN,13099.0,13091.0
2020-04-07,13,TEN,13729.0,13768.0
2020-04-07,14,TEN,14300.0,14254.0
2020-04-07,15,TEN,14904.0,14812.0
2020-04-07,16,TEN,15440.0,15413.0
2020-04-07,17,TEN,15898.0,15875.0
2020-04-07,18,TEN,16282.0,16232.0
2020-04-07,19,TEN,16343.0,16401.0
2020-04-07,20,TEN,16456.0,16745.0
2020-04-07,21,TEN,16592.0,16835.0
2020-04-07,22,TEN,16576.0,16539.0
2020-04-07,23,TEN,16616.0,16537.0
2020-04-08,0,TEN,16414.0,16347.0
2020-04-08,1,TEN,16600.0,16518.0
2020-04-08,2,TEN,16393.0,16281.0
2020-04-08,3,TEN,15452.0,15309.0
2020-04-08,4,TEN,14366.0,14141.0
2020-04-08,5,TEN,13410.0,13195.0
2020-04-08,6,TEN,12710.0,12808.0
2020-04-08,7,TEN,12166.0,12214.0
2020-04-08,8,TEN,11877.0,11953.0
2020-04-08,9,TEN,11811.0,11861.0
2020-04-08,10,TEN,12015.0,12084.0
2020-04-08,11,TEN,12721.0,12794.0
2020-04-08,12,TEN,13412.0,13437.0
2020-04-08,13,TEN,14013.0,14005.0
2020-04-08,14,TEN,14613.0,14622.0
2020-04-08,15,TEN,15189.0,15134.0
2020-04-08,16,TEN,15817.0,15666.0
2020-04-08,17,TEN,16402.0,15989.0
2020-04-08,18,TEN,17107.0,16603.0
2020-04-08,19,TEN,17373.0,16932.0
2020-04-08,20,TEN,17805.0,17308.0
2020-04-08,21,TEN,18103.0,17808.0
2020-04-08,22,TEN,18285.0,17968.0
2020-04-08,23,TEN,18347.0,18008.0
2020-04-09,0,TEN,17921.0,17829.0
2020-04-09,1,TEN,17791.0,17669.0
2020-04-09,2,TEN,17348.0,16901.0
2020-04-09,3,TEN,16193.0,15694.0
2020-04-09,4,TEN,14892.0,14522.0
2020-04-09,5,TEN,13596.0,13342.0
2020-04-09,6,TEN,12943.0,12649.0
2020-04-09,7,TEN,12393.0,12126.0
2020-04-09,8,TEN,11858.0,11593.0
2020-04-09,9,TEN,11592.0,11358.0
2020-04-09,10,TEN,11681.0,11449.0
2020-04-09,11,TEN,12105.0,11930.0
2020-04-09,12,TEN,12618.0,12551.0
2020-04-09,13,TEN,13114.0,13063.0
2020-04-09,14,TEN,13593.0,13504.0
2020-04-09,15,TEN,14051.0,13967.0
2020-04-09,16,TEN,14468.0,14386.0
2020-04-09,17,TEN,14602.0,14732.0
2020-04-09,18,TEN,14792.0,14875.0
2020-04-09,19,TEN,14711.0,14912.0
2020-04-09,20,TEN,14792.0,14717.0
2020-04-09,21,TEN,14927.0,15175.0
2020-04-09,22,TEN,15022.0,15288.0
2020-04-09,23,TEN,14938.0,15258.0
2020-04-10,0,TEN,14664.0,15272.0
2020-04-10,1,TEN,15100.0,16011.0
2020-04-10,2,TEN,15109.0,16189.0
2020-04-10,3,TEN,14444.0,15457.0
2020-04-10,4,TEN,13477.0,14040.0
2020-04-10,5,TEN,12542.0,12908.0
2020-04-10,6,TEN,12068.0,12353.0
2020-04-10,7,TEN,11652.0,12135.0
2020-04-10,8,TEN,11633.0,12116.0
2020-04-10,9,TEN,11697.0,12263.0
2020-04-10,10,TEN,12006.0,12487.0
2020-04-10,11,TEN,12756.0,12971.0
2020-04-10,12,TEN,13614.0,13506.0
2020-04-10,13,TEN,14303.0,14149.0
2020-04-10,14,TEN,14785.0,14639.0
2020-04-10,15,TEN,14914.0,14820.0
2020-04-10,16,TEN,14922.0,14790.0
2020-04-10,17,TEN,14857.0,14724.0
2020-04-10,18,TEN,14483.0,14302.0
2020-04-10,19,TEN,13920.0,13762.0
2020-04-10,20,TEN,13495.0,13362.0
2020-04-10,21,TEN,13385.0,13342.0
2020-04-10,22,TEN,13422.0,13369.0
2020-04-10,23,TEN,13589.0,13493.0
2020-04-11,0,TEN,13789.0,13718.0
2020-04-11,1,TEN,14594.0,14521.0
2020-04-11,2,TEN,14870.0,14777.0
2020-04-11,3,TEN,14546.0,14427.0
2020-04-11,4,TEN,14098.0,13983.0
2020-04-11,5,TEN,13658.0,13530.0
2020-04-11,6,TEN,13425.0,13255.0
2020-04-11,7,TEN,13385.0,13211.0
2020-04-11,8,TEN,13477.0,13326.0
2020-04-11,9,TEN,13701.0,13405.0
2020-04-11,10,TEN,14018.0,13877.0
2020-04-11,11,TEN,14621.0,14408.0
2020-04-11,12,TEN,14968.0,14820.0
2020-04-11,13,TEN,15277.0,15106.0
2020-04-11,14,TEN,15116.0,14902.0
2020-04-11,15,TEN,14808.0,14656.0
2020-04-11,16,TEN,14383.0,14274.0
2020-04-11,17,TEN,13993.0,13726.0
2020-04-11,18,TEN,13675.0,13416.0
2020-04-11,19,TEN,13455.0,13211.0
2020-04-11,20,TEN,13355.0,13125.0
2020-04-11,21,TEN,13322.0,13192.0
2020-04-11,22,TEN,13614.0,13426.0
2020-04-11,23,TEN,13705.0,13757.0
2020-04-12,0,TEN,13758.0,13656.0
2020-04-12,1,TEN,14265.0,14143.0
2020-04-12,2,TEN,14283.0,14051.0
2020-04-12,3,TEN,13669.0,13508.0
2020-04-12,4,TEN,12945.0,12830.0
2020-04-12,5,TEN,12272.0,12110.0
2020-04-12,6,TEN,11803.0,11618.0
2020-04-12,7,TEN,11513.0,11347.0
2020-04-12,8,TEN,11319.0,11154.0
2020-04-12,9,TEN,11325.0,11155.0
2020-04-12,10,TEN,11246.0,11113.0
2020-04-12,11,TEN,11544.0,11395.0
2020-04-12,12,TEN,11783.0,11653.0
2020-04-12,13,TEN,12313.0,12103.0
2020-04-12,14,TEN,13079.0,12925.0
2020-04-12,15,TEN,13759.0,13603.0
2020-04-12,16,TEN,14271.0,14057.0
2020-04-12,17,TEN,14453.0,14266.0
2020-04-12,18,TEN,14587.0,14336.0
2020-04-12,19,TEN,14433.0,14213.0
2020-04-12,20,TEN,14348.0,14142.0
2020-04-12,21,TEN,14028.0,13845.0
2020-04-12,22,TEN,14081.0,13883.0
2020-04-12,23,TEN,14169.0,14001.0
2020-04-13,0,TEN,14185.0,14069.0
2020-04-13,1,TEN,14150.0,14048.0
2020-04-13,2,TEN,13926.0,13775.0
2020-04-13,3,TEN,13386.0,13231.0
2020-04-13,4,TEN,12733.0,12632.0
2020-04-13,5,TEN,11911.0,11720.0
2020-04-13,6,TEN,11589.0,11389.0
2020-04-13,7,TEN,11273.0,11112.0
2020-04-13,8,TEN,11059.0,10974.0
2020-04-13,9,TEN,11239.0,11144.0
2020-04-13,10,TEN,11400.0,11313.0
2020-04-13,11,TEN,12183.0,12007.0
2020-04-13,12,TEN,12990.0,12876.0
2020-04-13,13,TEN,13728.0,13599.0
2020-04-13,14,TEN,14401.0,14486.0
2020-04-13,15,TEN,15024.0,14975.0
2020-04-13,16,TEN,15394.0,15250.0
2020-04-13,17,TEN,15523.0,15388.0
2020-04-13,18,TEN,15470.0,15311.0
2020-04-13,19,TEN,14912.0,14832.0
2020-04-13,20,TEN,14576.0,14470.0
2020-04-13,21,TEN,14292.0,14175.0
2020-04-13,22,TEN,14277.0,14169.0
2020-04-13,23,TEN,14418.0,14259.0
2020-04-14,0,TEN,14626.0,14468.0
2020-04-14,1,TEN,15469.0,15212.0
2020-04-14,2,TEN,15735.0,15555.0
2020-04-14,3,TEN,15251.0,15129.0
2020-04-14,4,TEN,14649.0,14470.0
2020-04-14,5,TEN,14101.0,13848.0
2020-04-14,6,TEN,13751.0,13537.0
2020-04-14,7,TEN,13603.0,13365.0
2020-04-14,8,TEN,13570.0,13308.0
2020-04-14,9,TEN,13691.0,13417.0
2020-04-14,10,TEN,14188.0,13939.0
2020-04-14,11,TEN,15121.0,14920.0
2020-04-14,12,TEN,16023.0,15873.0
2020-04-14,13,TEN,16588.0,16427.0
2020-04-14,14,TEN,16731.0,16520.0
2020-04-14,15,TEN,16508.0,16088.0
2020-04-14,16,TEN,16399.0,15869.0
2020-04-14,17,TEN,16187.0,15691.0
2020-04-14,18,TEN,15747.0,15196.0
2020-04-14,19,TEN,15080.0,14601.0
2020-04-14,20,TEN,14836.0,14274.0
2020-04-14,21,TEN,14618.0,14383.0
2020-04-14,22,TEN,14778.0,14685.0
2020-04-14,23,TEN,14915.0,14627.0
2020-04-15,0,TEN,15174.0,14869.0
2020-04-15,1,TEN,16011.0,15694.0
2020-04-15,2,TEN,16393.0,16055.0
2020-04-15,3,TEN,16067.0,15692.0
2020-04-15,4,TEN,15544.0,15199.0
2020-04-15,5,TEN,15110.0,14723.0
2020-04-15,6,TEN,14986.0,14579.0
2020-04-15,7,TEN,14986.0,14557.0
2020-04-15,8,TEN,15115.0,14693.0
2020-04-15,9,TEN,15471.0,15054.0
2020-04-15,10,TEN,16188.0,15784.0
2020-04-15,11,TEN,17217.0,16830.0
2020-04-15,12,TEN,18255.0,17642.0
2020-04-15,13,TEN,18586.0,17823.0
2020-04-15,14,TEN,17886.0,17412.0
2020-04-15,15,TEN,16976.0,16689.0
2020-04-15,16,TEN,16542.0,16217.0
2020-04-15,17,TEN,16170.0,16068.0
2020-04-15,18,TEN,15589.0,15549.0
2020-04-15,19,TEN,14937.0,14880.0
2020-04-15,20,TEN,14506.0,14466.0
2020-04-15,21,TEN,14170.0,14171.0
2020-04-15,22,TEN,14165.0,14105.0
2020-04-15,23,TEN,14260.0,14130.0
2020-04-16,0,TEN,14474.0,14315.0
2020-04-16,1,TEN,15190.0,15006.0
2020-04-16,2,TEN,15674.0,15522.0
2020-04-16,3,TEN,15356.0,15212.0
2020-04-16,4,TEN,14834.0,14622.0
2020-04-16,5,TEN,14424.0,14209.0
2020-04-16,6,TEN,14235.0,14052.0
2020-04-16,7,TEN,14220.0,14022.0
2020-04-16,8,TEN,14352.0,14157.0
2020-04-16,9,TEN,14703.0,14483.0
2020-04-16,10,TEN,15322.0,15179.0
2020-04-16,11,TEN,16311.0,16237.0
2020-04-16,12,TEN,17171.0,16963.0
2020-04-16,13,TEN,17410.0,17204.0
2020-04-16,14,TEN,16770.0,16848.0
2020-04-16,15,TEN,16139.0,16259.0
2020-04-16,16,TEN,15687.0,15786.0
2020-04-16,17,TEN,15154.0,15247.0
2020-04-16,18,TEN,14934.0,15014.0
2020-04-16,19,TEN,14448.0,14603.0
2020-04-16,20,TEN,14211.0,14408.0
2020-04-16,21,TEN,14042.0,14338.0
2020-04-16,22,TEN,14025.0,14244.0
2020-04-16,23,TEN,14135.0,14278.0
2020-04-17,0,TEN,14218.0,14308.0
2020-04-17,1,TEN,14935.0,14997.0
2020-04-17,2,TEN,15316.0,15380.0
2020-04-17,3,TEN,14825.0,14868.0
2020-04-17,4,TEN,14104.0,13962.0
2020-04-17,5,TEN,13394.0,13227.0
2020-04-17,6,TEN,13110.0,12905.0
2020-04-17,7,TEN,13214.0,12950.0
2020-04-17,8,TEN,13192.0,12991.0
2020-04-17,9,TEN,13446.0,13269.0
2020-04-17,10,TEN,13910.0,13701.0
2020-04-17,11,TEN,14806.0,14562.0
2020-04-17,12,TEN,15533.0,15299.0
2020-04-17,13,TEN,15903.0,15722.0
2020-04-17,14,TEN,15667.0,15528.0
2020-04-17,15,TEN,15218.0,15086.0
2020-04-17,16,TEN,14991.0,14884.0
2020-04-17,17,TEN,14819.0,14708.0
2020-04-17,18,TEN,14549.0,14408.0
2020-04-17,19,TEN,14256.0,14116.0
2020-04-17,20,TEN,14242.0,14135.0
2020-04-17,21,TEN,14150.0,14032.0
2020-04-17,22,TEN,14290.0,14164.0
2020-04-17,23,TEN,14393.0,14285.0
2020-04-18,0,TEN,14413.0,14320.0
2020-04-18,1,TEN,14898.0,14811.0
2020-04-18,2,TEN,14915.0,14724.0
2020-04-18,3,TEN,14257.0,14070.0
2020-04-18,4,TEN,13479.0,13240.0
2020-04-18,5,TEN,12753.0,12555.0
2020-04-18,6,TEN,12216.0,11993.0
2020-04-18,7,TEN,11824.0,11642.0
2020-04-18,8,TEN,11681.0,11581.0
2020-04-18,9,TEN,11643.0,11526.0
2020-04-18,10,TEN,11819.0,11803.0
2020-04-18,11,TEN,12216.0,12072.0
2020-04-18,12,TEN,12652.0,12529.0
2020-04-18,13,TEN,13267.0,13104.0
2020-04-18,14,TEN,14155.0,14059.0
2020-04-18,15,TEN,14589.0,14493.0
2020-04-18,16,TEN,14771.0,14626.0
2020-04-18,17,TEN,14616.0,14474.0
2020-04-18,18,TEN,14248.0,14112.0
2020-04-18,19,TEN,13922.0,13778.0
2020-04-18,20,TEN,13680.0,13603.0
2020-04-18,21,TEN,13545.0,13415.0
2020-04-18,22,TEN,13567.0,13432.0
2020-04-18,23,TEN,13755.0,13601.0
2020-04-19,0,TEN,13928.0,13980.0
2020-04-19,1,TEN,14294.0,14418.0
2020-04-19,2,TEN,14644.0,14685.0
2020-04-19,3,TEN,14199.0,14193.0
2020-04-19,4,TEN,13770.0,13593.0
2020-04-19,5,TEN,13249.0,13041.0
2020-04-19,6,TEN,12912.0,12782.0
2020-04-19,7,TEN,12790.0,12663.0
2020-04-19,8,TEN,12769.0,12676.0
2020-04-19,9,TEN,12849.0,12722.0
2020-04-19,10,TEN,13088.0,12963.0
2020-04-19,11,TEN,13352.0,13243.0
2020-04-19,12,TEN,13532.0,13362.0
2020-04-19,13,TEN,14058.0,13849.0
2020-04-19,14,TEN,14553.0,14553.0
2020-04-19,15,TEN,14721.0,14691.0
2020-04-19,16,TEN,14649.0,14511.0
2020-04-19,17,TEN,14525.0,14637.0
2020-04-19,18,TEN,14308.0,14400.0
2020-04-19,19,TEN,14051.0,14110.0
2020-04-19,20,TEN,13977.0,14058.0
2020-04-19,21,TEN,13987.0,14093.0
2020-04-19,22,TEN,14266.0,14138.0
2020-04-19,23,TEN,14449.0,14309.0
2020-04-20,0,TEN,14596.0,14392.0
2020-04-20,1,TEN,14761.0,14560.0
2020-04-20,2,TEN,14527.0,14416.0
2020-04-20,3,TEN,13889.0,13734.0
2020-04-20,4,TEN,13332.0,13201.0
2020-04-20,5,TEN,12606.0,12373.0
2020-04-20,6,TEN,12301.0,12112.0
2020-04-20,7,TEN,12001.0,11838.0
2020-04-20,8,TEN,12024.0,11841.0
2020-04-20,9,TEN,12055.0,11922.0
2020-04-20,10,TEN,12489.0,12330.0
2020-04-20,11,TEN,13357.0,13186.0
2020-04-20,12,TEN,14147.0,14009.0
2020-04-20,13,TEN,14838.0,14669.0
2020-04-20,14,TEN,15129.0,15032.0
2020-04-20,15,TEN,15087.0,14973.0
2020-04-20,16,TEN,15013.0,14845.0
2020-04-20,17,TEN,14857.0,14742.0
2020-04-20,18,TEN,14805.0,14641.0
2020-04-20,19,TEN,14505.0,14343.0
2020-04-20,20,TEN,14511.0,14354.0
2020-04-20,21,TEN,14563.0,14408.0
2020-04-20,22,TEN,14715.0,14568.0
2020-04-20,23,TEN,14908.0,14787.0
2020-04-21,0,TEN,14813.0,14651.0
2020-04-21,1,TEN,15155.0,15014.0
2020-04-21,2,TEN,15284.0,15137.0
2020-04-21,3,TEN,14552.0,14429.0
2020-04-21,4,TEN,13649.0,13532.0
2020-04-21,5,TEN,12775.0,12687.0
2020-04-21,6,TEN,12460.0,12315.0
2020-04-21,7,TEN,11990.0,11854.0
2020-04-21,8,TEN,11880.0,11733.0
2020-04-21,9,TEN,11918.0,11796.0
2020-04-21,10,TEN,12285.0,12154.0
2020-04-21,11,TEN,12995.0,12860.0
2020-04-21,12,TEN,13667.0,13504.0
2020-04-21,13,TEN,14223.0,14106.0
2020-04-21,14,TEN,14516.0,14385.0
2020-04-21,15,TEN,43225.0,43076.0
2020-04-21,16,TEN,14733.0,14585.0
2020-04-21,17,TEN,14915.0,14659.0
2020-04-21,18,TEN,14801.0,14687.0
2020-04-21,19,TEN,14687.0,14524.0
2020-04-21,20,TEN,14765.0,14691.0
2020-04-21,21,TEN,14797.0,14685.0
2020-04-21,22,TEN,14906.0,14803.0
2020-04-21,23,TEN,15060.0,14969.0
2020-04-22,0,TEN,14936.0,14817.0
2020-04-22,1,TEN,14992.0,14859.0
2020-04-22,2,TEN,15130.0,14994.0
2020-04-22,3,TEN,14327.0,14253.0
2020-04-22,4,TEN,13403.0,13320.0
2020-04-22,5,TEN,12631.0,12531.0
2020-04-22,6,TEN,12095.0,11970.0
2020-04-22,7,TEN,11801.0,11691.0
2020-04-22,8,TEN,11774.0,11643.0
2020-04-22,9,TEN,11998.0,11885.0
2020-04-22,10,TEN,12509.0,12381.0
2020-04-22,11,TEN,13374.0,13175.0
2020-04-22,12,TEN,14268.0,14116.0
2020-04-22,13,TEN,14678.0,14576.0
2020-04-22,14,TEN,14716.0,14593.0
2020-04-22,15,TEN,14622.0,14549.0
2020-04-22,16,TEN,14601.0,14542.0
2020-04-22,17,TEN,14500.0,14455.0
2020-04-22,18,TEN,14445.0,14361.0
2020-04-22,19,TEN,14121.0,14066.0
2020-04-22,20,TEN,14006.0,13896.0
2020-04-22,21,TEN,13943.0,13843.0
2020-04-22,22,TEN,14121.0,14067.0
2020-04-22,23,TEN,14336.0,14392.0
2020-04-23,0,TEN,14506.0,14526.0
2020-04-23,1,TEN,14851.0,14857.0
2020-04-23,2,TEN,14723.0,14697.0
2020-04-23,3,TEN,14064.0,14033.0
2020-04-23,4,TEN,13212.0,13203.0
2020-04-23,5,TEN,12420.0,12318.0
2020-04-23,6,TEN,12011.0,11914.0
2020-04-23,7,TEN,11726.0,11629.0
2020-04-23,8,TEN,11622.0,11577.0
2020-04-23,9,TEN,11610.0,11635.0
2020-04-23,10,TEN,11926.0,11800.0
2020-04-23,11,TEN,12616.0,12411.0
2020-04-23,12,TEN,13395.0,13325.0
2020-04-23,13,TEN,14021.0,13830.0
2020-04-23,14,TEN,14598.0,14503.0
2020-04-23,15,TEN,14914.0,14699.0
2020-04-23,16,TEN,15139.0,14989.0
2020-04-23,17,TEN,15226.0,15240.0
2020-04-23,18,TEN,15007.0,15106.0
2020-04-23,19,TEN,14769.0,14968.0
2020-04-23,20,TEN,14486.0,14680.0
2020-04-23,21,TEN,14356.0,14538.0
2020-04-23,22,TEN,14418.0,14574.0
2020-04-23,23,TEN,14542.0,14693.0
2020-04-24,0,TEN,14505.0,14668.0
2020-04-24,1,TEN,14854.0,14929.0
2020-04-24,2,TEN,14946.0,15072.0
2020-04-24,3,TEN,14381.0,14227.0
2020-04-24,4,TEN,13419.0,13289.0
2020-04-24,5,TEN,12662.0,12523.0
2020-04-24,6,TEN,12089.0,11946.0
2020-04-24,7,TEN,11701.0,11516.0
2020-04-24,8,TEN,11534.0,11346.0
2020-04-24,9,TEN,11608.0,11456.0
2020-04-24,10,TEN,11795.0,11645.0
2020-04-24,11,TEN,12411.0,12288.0
2020-04-24,12,TEN,13061.0,12988.0
2020-04-24,13,TEN,13711.0,13683.0
2020-04-24,14,TEN,14208.0,14171.0
2020-04-24,15,TEN,14426.0,14389.0
2020-04-24,16,TEN,14687.0,14574.0
2020-04-24,17,TEN,14722.0,14594.0
2020-04-24,18,TEN,14684.0,14542.0
2020-04-24,19,TEN,14475.0,14391.0
2020-04-24,20,TEN,14445.0,14375.0
2020-04-24,21,TEN,14400.0,14330.0
2020-04-24,22,TEN,14578.0,14428.0
2020-04-24,23,TEN,14596.0,14547.0
2020-04-25,0,TEN,14465.0,14417.0
2020-04-25,1,TEN,14669.0,14557.0
2020-04-25,2,TEN,14840.0,14695.0
2020-04-25,3,TEN,14130.0,14030.0
2020-04-25,4,TEN,13357.0,13228.0
2020-04-25,5,TEN,12558.0,12397.0
2020-04-25,6,TEN,11942.0,11761.0
2020-04-25,7,TEN,11671.0,11415.0
2020-04-25,8,TEN,11336.0,11158.0
2020-04-25,9,TEN,11272.0,11084.0
2020-04-25,10,TEN,11450.0,11336.0
2020-04-25,11,TEN,11700.0,11600.0
2020-04-25,12,TEN,11947.0,11853.0
2020-04-25,13,TEN,12268.0,12227.0
2020-04-25,14,TEN,12975.0,12896.0
2020-04-25,15,TEN,13431.0,13357.0
2020-04-25,16,TEN,13828.0,13801.0
2020-04-25,17,TEN,13951.0,13920.0
2020-04-25,18,TEN,14034.0,13997.0
2020-04-25,19,TEN,13936.0,14209.0
2020-04-25,20,TEN,13785.0,14047.0
2020-04-25,21,TEN,13845.0,14236.0
2020-04-25,22,TEN,13925.0,14385.0
2020-04-25,23,TEN,13958.0,14418.0
2020-04-26,0,TEN,14091.0,14476.0
2020-04-26,1,TEN,14257.0,14658.0
2020-04-26,2,TEN,14294.0,14663.0
2020-04-26,3,TEN,13763.0,13804.0
2020-04-26,4,TEN,13098.0,12940.0
2020-04-26,5,TEN,12393.0,12245.0
2020-04-26,6,TEN,11883.0,11701.0
2020-04-26,7,TEN,11606.0,11388.0
2020-04-26,8,TEN,11462.0,11303.0
2020-04-26,9,TEN,11379.0,11215.0
2020-04-26,10,TEN,11522.0,11404.0
2020-04-26,11,TEN,11818.0,11730.0
2020-04-26,12,TEN,11910.0,11818.0
2020-04-26,13,TEN,12486.0,12450.0
2020-04-26,14,TEN,13256.0,13139.0
2020-04-26,15,TEN,13937.0,13751.0
2020-04-26,16,TEN,14282.0,14164.0
2020-04-26,17,TEN,14515.0,14468.0
2020-04-26,18,TEN,14551.0,14475.0
2020-04-26,19,TEN,14531.0,14429.0
2020-04-26,20,TEN,14430.0,14368.0
2020-04-26,21,TEN,14351.0,14302.0
2020-04-26,22,TEN,14566.0,14538.0
2020-04-26,23,TEN,14808.0,14714.0
2020-04-27,0,TEN,14789.0,14654.0
2020-04-27,1,TEN,14980.0,14815.0
2020-04-27,2,TEN,15214.0,15082.0
2020-04-27,3,TEN,14736.0,14570.0
2020-04-27,4,TEN,14140.0,13898.0
2020-04-27,5,TEN,13490.0,13288.0
2020-04-27,6,TEN,13191.0,13051.0
2020-04-27,7,TEN,13042.0,12856.0
2020-04-27,8,TEN,13074.0,12907.0
2020-04-27,9,TEN,13413.0,13161.0
2020-04-27,10,TEN,13912.0,13661.0
2020-04-27,11,TEN,14897.0,14603.0
2020-04-27,12,TEN,15888.0,15694.0
2020-04-27,13,TEN,16202.0,16088.0
2020-04-27,14,TEN,15954.0,15820.0
2020-04-27,15,TEN,15550.0,15409.0
2020-04-27,16,TEN,15112.0,14981.0
2020-04-27,17,TEN,14919.0,14807.0
2020-04-27,18,TEN,14779.0,14664.0
2020-04-27,19,TEN,14432.0,14322.0
2020-04-27,20,TEN,14388.0,14295.0
2020-04-27,21,TEN,14394.0,14339.0
2020-04-27,22,TEN,14525.0,14450.0
2020-04-27,23,TEN,14642.0,14565.0
2020-04-28,0,TEN,14565.0,14470.0
2020-04-28,1,TEN,14889.0,14825.0
2020-04-28,2,TEN,15050.0,14989.0
2020-04-28,3,TEN,14258.0,14133.0
2020-04-28,4,TEN,13516.0,13360.0
2020-04-28,5,TEN,12730.0,12587.0
2020-04-28,6,TEN,12248.0,12076.0
2020-04-28,7,TEN,12000.0,11984.0
2020-04-28,8,TEN,11891.0,11894.0
2020-04-28,9,TEN,11991.0,11781.0
2020-04-28,10,TEN,12351.0,12191.0
2020-04-28,11,TEN,13117.0,12916.0
2020-04-28,12,TEN,13762.0,13577.0
2020-04-28,13,TEN,14355.0,14195.0
2020-04-28,14,TEN,14743.0,14614.0
2020-04-28,15,TEN,14887.0,14758.0
2020-04-28,16,TEN,14862.0,14749.0
2020-04-28,17,TEN,15018.0,14812.0
2020-04-28,18,TEN,14999.0,14847.0
2020-04-28,19,TEN,14879.0,14755.0
2020-04-28,20,TEN,14974.0,14867.0
2020-04-28,21,TEN,15023.0,14895.0
2020-04-28,22,TEN,15131.0,15024.0
2020-04-28,23,TEN,15185.0,15088.0
2020-04-29,0,TEN,15077.0,14953.0
2020-04-29,1,TEN,15302.0,15186.0
2020-04-29,2,TEN,15439.0,15357.0
2020-04-29,3,TEN,14723.0,14590.0
2020-04-29,4,TEN,13665.0,13551.0
2020-04-29,5,TEN,12721.0,12553.0
2020-04-29,6,TEN,12033.0,12264.0
2020-04-29,7,TEN,11673.0,11970.0
2020-04-29,8,TEN,11429.0,11729.0
2020-04-29,9,TEN,11399.0,11722.0
2020-04-29,10,TEN,11649.0,11947.0
2020-04-29,11,TEN,12225.0,12055.0
2020-04-29,12,TEN,12869.0,12805.0
2020-04-29,13,TEN,13571.0,13436.0
2020-04-29,14,TEN,14135.0,14026.0
2020-04-29,15,TEN,14557.0,14534.0
2020-04-29,16,TEN,14923.0,14853.0
2020-04-29,17,TEN,15083.0,15052.0
2020-04-29,18,TEN,15094.0,14987.0
2020-04-29,19,TEN,14764.0,14680.0
2020-04-29,20,TEN,14655.0,14576.0
2020-04-29,21,TEN,14542.0,14395.0
2020-04-29,22,TEN,14639.0,14556.0
2020-04-29,23,TEN,14683.0,14571.0
2020-04-30,0,TEN,14579.0,14502.0
2020-04-30,1,TEN,14777.0,14714.0
2020-04-30,2,TEN,14901.0,14829.0
2020-04-30,3,TEN,14329.0,14313.0
2020-04-30,4,TEN,13489.0,13340.0
2020-04-30,5,TEN,12637.0,12490.0
2020-04-30,6,TEN,12142.0,12340.0
2020-04-30,7,TEN,11827.0,12022.0
2020-04-30,8,TEN,11669.0,11908.0
2020-04-30,9,TEN,11737.0,11944.0
2020-04-30,10,TEN,12070.0,12285.0
2020-04-30,11,TEN,12829.0,12601.0
2020-04-30,12,TEN,13554.0,13419.0
2020-04-30,13,TEN,14238.0,14149.0
2020-04-30,14,TEN,14636.0,14507.0
2020-04-30,15,TEN,14796.0,14672.0
2020-04-30,16,TEN,14933.0,14826.0
2020-04-30,17,TEN,15023.0,14918.0
2020-04-30,18,TEN,14938.0,14841.0
2020-04-30,19,TEN,14673.0,14627.0
2020-04-30,20,TEN,14568.0,14459.0
2020-04-30,21,TEN,14534.0,14402.0
2020-04-30,22,TEN,14577.0,14411.0
2020-04-30,23,TEN,14663.0,14544.0
2020-05-01,0,TEN,14662.0,14469.0
2020-05-01,1,TEN,15020.0,14768.0
2020-05-01,2,TEN,15262.0,15150.0
2020-05-01,3,TEN,14667.0,14564.0
2020-05-01,4,TEN,13797.0,13703.0
2020-05-01,5,TEN,13037.0,13015.0
2020-05-01,6,TEN,12592.0,12382.0
2020-05-01,7,TEN,12388.0,12198.0
2020-05-01,8,TEN,12230.0,12018.0
2020-05-01,9,TEN,12364.0,12155.0
2020-05-01,10,TEN,12694.0,12398.0
2020-05-01,11,TEN,13461.0,13201.0
2020-05-01,12,TEN,14229.0,13986.0
2020-05-01,13,TEN,14629.0,14500.0
2020-05-01,14,TEN,14666.0,14553.0
2020-05-01,15,TEN,14803.0,14690.0
2020-05-01,16,TEN,14757.0,14628.0
2020-05-01,17,TEN,14767.0,14618.0
2020-05-01,18,TEN,14748.0,14618.0
2020-05-01,19,TEN,14670.0,14591.0
2020-05-01,20,TEN,14833.0,14648.0
2020-05-01,21,TEN,14981.0,14846.0
2020-05-01,22,TEN,15185.0,15035.0
2020-05-01,23,TEN,15372.0,15259.0
2020-05-02,0,TEN,15194.0,15103.0
2020-05-02,1,TEN,15169.0,15053.0
2020-05-02,2,TEN,15344.0,15243.0
2020-05-02,3,TEN,14594.0,14526.0
2020-05-02,4,TEN,13704.0,13671.0
2020-05-02,5,TEN,12788.0,12622.0
2020-05-02,6,TEN,12147.0,11985.0
2020-05-02,7,TEN,11730.0,11660.0
2020-05-02,8,TEN,11508.0,11526.0
2020-05-02,9,TEN,11554.0,11639.0
2020-05-02,10,TEN,11592.0,11617.0
2020-05-02,11,TEN,11908.0,11817.0
2020-05-02,12,TEN,12121.0,11943.0
2020-05-02,13,TEN,12728.0,12557.0
2020-05-02,14,TEN,13150.0,13059.0
2020-05-02,15,TEN,13615.0,13459.0
2020-05-02,16,TEN,13998.0,13868.0
2020-05-02,17,TEN,14514.0,14353.0
2020-05-02,18,TEN,14977.0,14845.0
2020-05-02,19,TEN,15435.0,15242.0
2020-05-02,20,TEN,16024.0,15919.0
2020-05-02,21,TEN,16574.0,16427.0
2020-05-02,22,TEN,17102.0,16949.0
2020-05-02,23,TEN,17388.0,16827.0
2020-05-03,0,TEN,17131.0,16729.0
2020-05-03,1,TEN,16669.0,16403.0
2020-05-03,2,TEN,16556.0,16417.0
2020-05-03,3,TEN,15654.0,15526.0
2020-05-03,4,TEN,14456.0,14483.0
2020-05-03,5,TEN,13440.0,12975.0
2020-05-03,6,TEN,12520.0,12352.0
2020-05-03,7,TEN,11915.0,11730.0
2020-05-03,8,TEN,11502.0,11297.0
2020-05-03,9,TEN,11239.0,11013.0
2020-05-03,10,TEN,11199.0,10933.0
2020-05-03,11,TEN,11246.0,11034.0
2020-05-03,12,TEN,11337.0,11123.0
2020-05-03,13,TEN,12020.0,11877.0
2020-05-03,14,TEN,12988.0,12746.0
2020-05-03,15,TEN,13982.0,13841.0
2020-05-03,16,TEN,14863.0,14693.0
2020-05-03,17,TEN,15719.0,15568.0
2020-05-03,18,TEN,16500.0,16308.0
2020-05-03,19,TEN,17033.0,16832.0
2020-05-03,20,TEN,17495.0,17297.0
2020-05-03,21,TEN,17610.0,17425.0
2020-05-03,22,TEN,17334.0,16998.0
2020-05-03,23,TEN,16620.0,16396.0
2020-05-04,0,TEN,16012.0,16011.0
2020-05-04,1,TEN,15829.0,15738.0
2020-05-04,2,TEN,15592.0,15536.0
2020-05-04,3,TEN,14787.0,14726.0
2020-05-04,4,TEN,13870.0,13612.0
2020-05-04,5,TEN,13006.0,12825.0
2020-05-04,6,TEN,12241.0,12062.0
2020-05-04,7,TEN,11815.0,11605.0
2020-05-04,8,TEN,11658.0,11466.0
2020-05-04,9,TEN,11525.0,11354.0
2020-05-04,10,TEN,11822.0,11687.0
2020-05-04,11,TEN,12392.0,12281.0
2020-05-04,12,TEN,13071.0,12962.0
2020-05-04,13,TEN,13860.0,13816.0
2020-05-04,14,TEN,14623.0,14562.0
2020-05-04,15,TEN,15399.0,15330.0
2020-05-04,16,TEN,16260.0,16208.0
2020-05-04,17,TEN,16888.0,16854.0
2020-05-04,18,TEN,17464.0,17441.0
2020-05-04,19,TEN,17771.0,17713.0
2020-05-04,20,TEN,18175.0,17659.0
2020-05-04,21,TEN,18375.0,17592.0
2020-05-04,22,TEN,18341.0,17438.0
2020-05-04,23,TEN,18222.0,17532.0
2020-05-05,0,TEN,17786.0,17407.0
2020-05-05,1,TEN,17597.0,17294.0
2020-05-05,2,TEN,17158.0,17082.0
2020-05-05,3,TEN,16062.0,15869.0
2020-05-05,4,TEN,14606.0,14439.0
2020-05-05,5,TEN,13587.0,13406.0
2020-05-05,6,TEN,12837.0,12692.0
2020-05-05,7,TEN,12338.0,12196.0
2020-05-05,8,TEN,11981.0,11962.0
2020-05-05,9,TEN,11871.0,11971.0
2020-05-05,10,TEN,12174.0,12132.0
2020-05-05,11,TEN,12760.0,12662.0
2020-05-05,12,TEN,13470.0,13309.0
2020-05-05,13,TEN,14264.0,14199.0
2020-05-05,14,TEN,14968.0,14847.0
2020-05-05,15,TEN,15450.0,15380.0
2020-05-05,16,TEN,15844.0,15823.0
2020-05-05,17,TEN,16089.0,15723.0
2020-05-05,18,TEN,16132.0,15891.0
2020-05-05,19,TEN,16042.0,15980.0
2020-05-05,20,TEN,15949.0,15901.0
2020-05-05,21,TEN,16020.0,15936.0
2020-05-05,22,TEN,16172.0,16072.0
2020-05-05,23,TEN,16183.0,16090.0
2020-05-06,0,TEN,15814.0,15760.0
2020-05-06,1,TEN,15602.0,15515.0
2020-05-06,2,TEN,15688.0,15618.0
2020-05-06,3,TEN,14864.0,14749.0
2020-05-06,4,TEN,13806.0,13675.0
2020-05-06,5,TEN,12867.0,12713.0
2020-05-06,6,TEN,12140.0,12043.0
2020-05-06,7,TEN,11684.0,11571.0
2020-05-06,8,TEN,11368.0,11306.0
2020-05-06,9,TEN,11281.0,11216.0
2020-05-06,10,TEN,11670.0,11608.0
2020-05-06,11,TEN,12365.0,12316.0
2020-05-06,12,TEN,13038.0,12970.0
2020-05-06,13,TEN,13783.0,13722.0
2020-05-06,14,TEN,14397.0,14397.0
2020-05-06,15,TEN,14731.0,14706.0
2020-05-06,16,TEN,14990.0,14956.0
2020-05-06,17,TEN,15133.0,15077.0
2020-05-06,18,TEN,15120.0,15066.0
2020-05-06,19,TEN,14834.0,14797.0
2020-05-06,20,TEN,14675.0,14652.0
2020-05-06,21,TEN,14565.0,14513.0
2020-05-06,22,TEN,14668.0,14622.0
2020-05-06,23,TEN,14756.0,14641.0
2020-05-07,0,TEN,14679.0,14527.0
2020-05-07,1,TEN,14977.0,14779.0
2020-05-07,2,TEN,15512.0,15305.0
2020-05-07,3,TEN,15042.0,14854.0
2020-05-07,4,TEN,14248.0,14026.0
2020-05-07,5,TEN,13617.0,13466.0
2020-05-07,6,TEN,13165.0,13011.0
2020-05-07,7,TEN,12992.0,12813.0
2020-05-07,8,TEN,12960.0,12792.0
2020-05-07,9,TEN,13108.0,12958.0
2020-05-07,10,TEN,13685.0,13575.0
2020-05-07,11,TEN,14555.0,14439.0
2020-05-07,12,TEN,15451.0,15317.0
2020-05-07,13,TEN,15747.0,15662.0
2020-05-07,14,TEN,15621.0,15510.0
2020-05-07,15,TEN,15277.0,15205.0
2020-05-07,16,TEN,15133.0,15172.0
2020-05-07,17,TEN,14939.0,14983.0
2020-05-07,18,TEN,14710.0,14748.0
2020-05-07,19,TEN,14533.0,14551.0
2020-05-07,20,TEN,14491.0,14490.0
2020-05-07,21,TEN,14482.0,14500.0
2020-05-07,22,TEN,14494.0,14533.0
2020-05-07,23,TEN,14592.0,14652.0
2020-05-08,0,TEN,14553.0,14579.0
2020-05-08,1,TEN,14888.0,14832.0
2020-05-08,2,TEN,15295.0,15244.0
2020-05-08,3,TEN,14755.0,14752.0
2020-05-08,4,TEN,13841.0,13784.0
2020-05-08,5,TEN,12909.0,12865.0
2020-05-08,6,TEN,12519.0,12405.0
2020-05-08,7,TEN,12261.0,12110.0
2020-05-08,8,TEN,12115.0,11963.0
2020-05-08,9,TEN,12140.0,12022.0
2020-05-08,10,TEN,12429.0,12314.0
2020-05-08,11,TEN,13068.0,12971.0
2020-05-08,12,TEN,13725.0,13603.0
2020-05-08,13,TEN,14518.0,14449.0
2020-05-08,14,TEN,15073.0,15010.0
2020-05-08,15,TEN,15479.0,15386.0
2020-05-08,16,TEN,15697.0,15635.0
2020-05-08,17,TEN,15853.0,15813.0
2020-05-08,18,TEN,15816.0,15704.0
2020-05-08,19,TEN,15283.0,15172.0
2020-05-08,20,TEN,14985.0,14850.0
2020-05-08,21,TEN,14691.0,14520.0
2020-05-08,22,TEN,14581.0,14428.0
2020-05-08,23,TEN,14528.0,14452.0
2020-05-09,0,TEN,14503.0,14436.0
2020-05-09,1,TEN,14904.0,14785.0
2020-05-09,2,TEN,15371.0,15272.0
2020-05-09,3,TEN,14996.0,14849.0
2020-05-09,4,TEN,14453.0,14277.0
2020-05-09,5,TEN,13985.0,13837.0
2020-05-09,6,TEN,13545.0,13418.0
2020-05-09,7,TEN,13385.0,13246.0
2020-05-09,8,TEN,13350.0,13207.0
2020-05-09,9,TEN,13520.0,13363.0
2020-05-09,10,TEN,13939.0,13832.0
2020-05-09,11,TEN,14503.0,14339.0
2020-05-09,12,TEN,14953.0,14875.0
2020-05-09,13,TEN,15189.0,15124.0
2020-05-09,14,TEN,15160.0,14973.0
2020-05-09,15,TEN,14980.0,14477.0
2020-05-09,16,TEN,14636.0,14007.0
2020-05-09,17,TEN,14356.0,13428.0
2020-05-09,18,TEN,14066.0,13135.0
2020-05-09,19,TEN,13715.0,12954.0
2020-05-09,20,TEN,13462.0,12797.0
2020-05-09,21,TEN,13435.0,13059.0
2020-05-09,22,TEN,13520.0,13274.0
2020-05-09,23,TEN,13660.0,13649.0
2020-05-10,0,TEN,13805.0,13705.0
2020-05-10,1,TEN,14052.0,13722.0
2020-05-10,2,TEN,14611.0,14156.0
2020-05-10,3,TEN,14326.0,14161.0
2020-05-10,4,TEN,13733.0,13518.0
2020-05-10,5,TEN,13277.0,13079.0
2020-05-10,6,TEN,12801.0,12272.0
2020-05-10,7,TEN,12803.0,12219.0
2020-05-10,8,TEN,12823.0,12622.0
2020-05-10,9,TEN,13051.0,12754.0
2020-05-10,10,TEN,13375.0,13139.0
2020-05-10,11,TEN,13770.0,13574.0
2020-05-10,12,TEN,14167.0,13956.0
2020-05-10,13,TEN,14312.0,14206.0
2020-05-10,14,TEN,14385.0,14258.0
2020-05-10,15,TEN,14254.0,14139.0
2020-05-10,16,TEN,13991.0,14044.0
2020-05-10,17,TEN,13788.0,13787.0
2020-05-10,18,TEN,13536.0,13563.0
2020-05-10,19,TEN,13377.0,13323.0
2020-05-10,20,TEN,13328.0,13294.0
2020-05-10,21,TEN,13485.0,13433.0
2020-05-10,22,TEN,13621.0,13695.0
2020-05-10,23,TEN,13710.0,13725.0
2020-05-11,0,TEN,13835.0,13692.0
2020-05-11,1,TEN,13884.0,13796.0
2020-05-11,2,TEN,14239.0,14091.0
2020-05-11,3,TEN,13716.0,13577.0
2020-05-11,4,TEN,12967.0,12751.0
2020-05-11,5,TEN,12223.0,12127.0
2020-05-11,6,TEN,11759.0,11514.0
2020-05-11,7,TEN,11612.0,11386.0
2020-05-11,8,TEN,11622.0,11375.0
2020-05-11,9,TEN,11897.0,11668.0
2020-05-11,10,TEN,12544.0,12254.0
2020-05-11,11,TEN,13480.0,13108.0
2020-05-11,12,TEN,14485.0,14174.0
2020-05-11,13,TEN,15094.0,14699.0
2020-05-11,14,TEN,15314.0,15184.0
2020-05-11,15,TEN,15421.0,15241.0
2020-05-11,16,TEN,15344.0,15202.0
2020-05-11,17,TEN,15316.0,15135.0
2020-05-11,18,TEN,15233.0,14859.0
2020-05-11,19,TEN,14814.0,14643.0
2020-05-11,20,TEN,14530.0,14309.0
2020-05-11,21,TEN,14474.0,14297.0
2020-05-11,22,TEN,14372.0,14185.0
2020-05-11,23,TEN,14526.0,14387.0
2020-05-12,0,TEN,14487.0,14316.0
2020-05-12,1,TEN,14736.0,14631.0
2020-05-12,2,TEN,15137.0,14979.0
2020-05-12,3,TEN,14589.0,14528.0
2020-05-12,4,TEN,13713.0,13431.0
2020-05-12,5,TEN,13065.0,12823.0
2020-05-12,6,TEN,12662.0,12433.0
2020-05-12,7,TEN,12573.0,12380.0
2020-05-12,8,TEN,12519.0,12346.0
2020-05-12,9,TEN,12693.0,12520.0
2020-05-12,10,TEN,13183.0,12956.0
2020-05-12,11,TEN,13972.0,13660.0
2020-05-12,12,TEN,14778.0,14323.0
2020-05-12,13,TEN,15398.0,14978.0
2020-05-12,14,TEN,15612.0,15222.0
2020-05-12,15,TEN,15533.0,15226.0
2020-05-12,16,TEN,15544.0,15165.0
2020-05-12,17,TEN,15231.0,14893.0
2020-05-12,18,TEN,15054.0,14651.0
2020-05-12,19,TEN,14649.0,14262.0
2020-05-12,20,TEN,14514.0,14134.0
2020-05-12,21,TEN,14379.0,14000.0
2020-05-12,22,TEN,14475.0,14052.0
2020-05-12,23,TEN,14549.0,14149.0
2020-05-13,0,TEN,14598.0,14179.0
2020-05-13,1,TEN,14964.0,14459.0
2020-05-13,2,TEN,15155.0,14623.0
2020-05-13,3,TEN,14541.0,13990.0
2020-05-13,4,TEN,13579.0,13198.0
2020-05-13,5,TEN,12815.0,12552.0
2020-05-13,6,TEN,12325.0,12101.0
2020-05-13,7,TEN,11925.0,11713.0
2020-05-13,8,TEN,11946.0,11491.0
2020-05-13,9,TEN,12044.0,11706.0
2020-05-13,10,TEN,12344.0,11897.0
2020-05-13,11,TEN,13196.0,12462.0
2020-05-13,12,TEN,13812.0,13170.0
2020-05-13,13,TEN,14563.0,13753.0
2020-05-13,14,TEN,14932.0,14346.0
2020-05-13,15,TEN,15136.0,14500.0
2020-05-13,16,TEN,15316.0,14557.0
2020-05-13,17,TEN,15451.0,14535.0
2020-05-13,18,TEN,15516.0,14523.0
2020-05-13,19,TEN,15280.0,14262.0
2020-05-13,20,TEN,15189.0,14257.0
2020-05-13,21,TEN,15199.0,14222.0
2020-05-13,22,TEN,15376.0,14585.0
2020-05-13,23,TEN,15565.0,14846.0
2020-05-14,0,TEN,15447.0,14633.0
2020-05-14,1,TEN,15537.0,14912.0
2020-05-14,2,TEN,15861.0,15243.0
2020-05-14,3,TEN,15182.0,14617.0
2020-05-14,4,TEN,14279.0,13924.0
2020-05-14,5,TEN,13322.0,13060.0
2020-05-14,6,TEN,12735.0,12474.0
2020-05-14,7,TEN,12332.0,12088.0
2020-05-14,8,TEN,12057.0,11866.0
2020-05-14,9,TEN,12208.0,11970.0
2020-05-14,10,TEN,12314.0,12081.0
2020-05-14,11,TEN,12980.0,12574.0
2020-05-14,12,TEN,13763.0,13363.0
2020-05-14,13,TEN,14419.0,13810.0
2020-05-14,14,TEN,15036.0,14225.0
2020-05-14,15,TEN,15468.0,14770.0
2020-05-14,16,TEN,15995.0,15087.0
2020-05-14,17,TEN,16636.0,15770.0
2020-05-14,18,TEN,17202.0,16109.0
2020-05-14,19,TEN,17338.0,16170.0
2020-05-14,20,TEN,17813.0,16565.0
2020-05-14,21,TEN,17945.0,16577.0
2020-05-14,22,TEN,18400.0,17009.0
2020-05-14,23,TEN,18519.0,17188.0
2020-05-15,0,TEN,18108.0,16870.0
2020-05-15,1,TEN,17841.0,17001.0
2020-05-15,2,TEN,17866.0,16996.0
2020-05-15,3,TEN,16781.0,15959.0
2020-05-15,4,TEN,15495.0,14544.0
2020-05-15,5,TEN,14187.0,13629.0
2020-05-15,6,TEN,13420.0,12998.0
2020-05-15,7,TEN,12684.0,12412.0
2020-05-15,8,TEN,12383.0,12094.0
2020-05-15,9,TEN,12075.0,11894.0
2020-05-15,10,TEN,12313.0,12049.0
2020-05-15,11,TEN,12822.0,12608.0
2020-05-15,12,TEN,13562.0,13359.0
2020-05-15,13,TEN,14477.0,14175.0
2020-05-15,14,TEN,15214.0,14948.0
2020-05-15,15,TEN,15878.0,15246.0
2020-05-15,16,TEN,16655.0,15441.0
2020-05-15,17,TEN,17241.0,15954.0
2020-05-15,18,TEN,17583.0,16250.0
2020-05-15,19,TEN,18045.0,16724.0
2020-05-15,20,TEN,18410.0,17017.0
2020-05-15,21,TEN,18600.0,17227.0
2020-05-15,22,TEN,18768.0,17893.0
2020-05-15,23,TEN,18722.0,17503.0
2020-05-16,0,TEN,18140.0,17540.0
2020-05-16,1,TEN,17719.0,17119.0
2020-05-16,2,TEN,17544.0,16953.0
2020-05-16,3,TEN,16613.0,16312.0
2020-05-16,4,TEN,15401.0,15075.0
2020-05-16,5,TEN,14225.0,13866.0
2020-05-16,6,TEN,13312.0,12935.0
2020-05-16,7,TEN,12630.0,12387.0
2020-05-16,8,TEN,12173.0,11848.0
2020-05-16,9,TEN,11905.0,11602.0
2020-05-16,10,TEN,11758.0,11513.0
2020-05-16,11,TEN,11851.0,11565.0
2020-05-16,12,TEN,12069.0,11838.0
2020-05-16,13,TEN,12961.0,12705.0
2020-05-16,14,TEN,14081.0,13521.0
2020-05-16,15,TEN,15216.0,14483.0
2020-05-16,16,TEN,16518.0,15682.0
2020-05-16,17,TEN,17467.0,16339.0
2020-05-16,18,TEN,18279.0,16906.0
2020-05-16,19,TEN,18838.0,17532.0
2020-05-16,20,TEN,19252.0,17762.0
2020-05-16,21,TEN,19682.0,18389.0
2020-05-16,22,TEN,19937.0,18566.0
2020-05-16,23,TEN,19933.0,18588.0
2020-05-17,0,TEN,19285.0,18418.0
2020-05-17,1,TEN,18342.0,17620.0
2020-05-17,2,TEN,18009.0,17051.0
2020-05-17,3,TEN,16959.0,16182.0
2020-05-17,4,TEN,15676.0,14987.0
2020-05-17,5,TEN,14413.0,13671.0
2020-05-17,6,TEN,13382.0,12658.0
2020-05-17,7,TEN,12695.0,12391.0
2020-05-17,8,TEN,12258.0,11957.0
2020-05-17,9,TEN,12062.0,11757.0
2020-05-17,10,TEN,11825.0,11643.0
2020-05-17,11,TEN,11749.0,11483.0
2020-05-17,12,TEN,11796.0,11600.0
2020-05-17,13,TEN,12576.0,12427.0
2020-05-17,14,TEN,13582.0,13415.0
2020-05-17,15,TEN,14868.0,14685.0
2020-05-17,16,TEN,15851.0,15629.0
2020-05-17,17,TEN,16806.0,16285.0
2020-05-17,18,TEN,17631.0,17069.0
2020-05-17,19,TEN,18049.0,17459.0
2020-05-17,20,TEN,18272.0,17692.0
2020-05-17,21,TEN,18498.0,18106.0
2020-05-17,22,TEN,18613.0,18471.0
2020-05-17,23,TEN,18429.0,18260.0
2020-05-18,0,TEN,18082.0,17904.0
2020-05-18,1,TEN,17661.0,17461.0
2020-05-18,2,TEN,17419.0,17179.0
2020-05-18,3,TEN,16627.0,16300.0
2020-05-18,4,TEN,15404.0,15131.0
2020-05-18,5,TEN,14311.0,13918.0
2020-05-18,6,TEN,13428.0,13171.0
2020-05-18,7,TEN,12781.0,12457.0
2020-05-18,8,TEN,12414.0,12149.0
2020-05-18,9,TEN,12321.0,12076.0
2020-05-18,10,TEN,12478.0,12236.0
2020-05-18,11,TEN,13043.0,12839.0
2020-05-18,12,TEN,13726.0,13615.0
2020-05-18,13,TEN,14778.0,14661.0
2020-05-18,14,TEN,15633.0,15631.0
2020-05-18,15,TEN,16424.0,16366.0
2020-05-18,16,TEN,17108.0,17042.0
2020-05-18,17,TEN,17571.0,17511.0
2020-05-18,18,TEN,17872.0,17699.0
2020-05-18,19,TEN,17787.0,17550.0
2020-05-18,20,TEN,17802.0,17529.0
2020-05-18,21,TEN,17571.0,17555.0
2020-05-18,22,TEN,17473.0,17481.0
2020-05-18,23,TEN,17381.0,17402.0
2020-05-19,0,TEN,16980.0,16873.0
2020-05-19,1,TEN,16734.0,16597.0
2020-05-19,2,TEN,16650.0,16561.0
2020-05-19,3,TEN,15839.0,15719.0
2020-05-19,4,TEN,14701.0,14402.0
2020-05-19,5,TEN,13523.0,13340.0
2020-05-19,6,TEN,12743.0,12564.0
2020-05-19,7,TEN,12224.0,12037.0
2020-05-19,8,TEN,11873.0,11668.0
2020-05-19,9,TEN,11767.0,11564.0
2020-05-19,10,TEN,11994.0,11793.0
2020-05-19,11,TEN,12543.0,12395.0
2020-05-19,12,TEN,13209.0,13092.0
2020-05-19,13,TEN,14081.0,13981.0
2020-05-19,14,TEN,14581.0,14510.0
2020-05-19,15,TEN,14959.0,14912.0
2020-05-19,16,TEN,15480.0,15446.0
2020-05-19,17,TEN,15749.0,15716.0
2020-05-19,18,TEN,15908.0,15853.0
2020-05-19,19,TEN,15594.0,15581.0
2020-05-19,20,TEN,15546.0,15452.0
2020-05-19,21,TEN,15466.0,15342.0
2020-05-19,22,TEN,15527.0,15429.0
2020-05-19,23,TEN,15552.0,15471.0
2020-05-20,0,TEN,15454.0,15400.0
2020-05-20,1,TEN,15524.0,15431.0
2020-05-20,2,TEN,15736.0,15350.0
2020-05-20,3,TEN,15009.0,14655.0
2020-05-20,4,TEN,14015.0,13823.0
2020-05-20,5,TEN,13094.0,12966.0
2020-05-20,6,TEN,12348.0,12109.0
2020-05-20,7,TEN,11936.0,11780.0
2020-05-20,8,TEN,11699.0,11489.0
2020-05-20,9,TEN,11706.0,11517.0
2020-05-20,10,TEN,11894.0,11720.0
2020-05-20,11,TEN,12406.0,12284.0
2020-05-20,12,TEN,13214.0,13134.0
2020-05-20,13,TEN,14097.0,14026.0
2020-05-20,14,TEN,14576.0,14496.0
2020-05-20,15,TEN,15032.0,14924.0
2020-05-20,16,TEN,15460.0,15368.0
2020-05-20,17,TEN,15694.0,15516.0
2020-05-20,18,TEN,15892.0,15793.0
2020-05-20,19,TEN,15697.0,15523.0
2020-05-20,20,TEN,15812.0,15603.0
2020-05-20,21,TEN,15854.0,15601.0
2020-05-20,22,TEN,15934.0,15721.0
2020-05-20,23,TEN,15904.0,15665.0
2020-05-21,0,TEN,15650.0,15355.0
2020-05-21,1,TEN,15740.0,15608.0
2020-05-21,2,TEN,15831.0,15581.0
2020-05-21,3,TEN,15212.0,15055.0
2020-05-21,4,TEN,14162.0,14009.0
2020-05-21,5,TEN,13098.0,13021.0
2020-05-21,6,TEN,12421.0,12300.0
2020-05-21,7,TEN,12004.0,11920.0
2020-05-21,8,TEN,11676.0,11603.0
2020-05-21,9,TEN,11668.0,11570.0
2020-05-21,10,TEN,11914.0,11820.0
2020-05-21,11,TEN,12606.0,12517.0
2020-05-21,12,TEN,13313.0,13224.0
2020-05-21,13,TEN,14087.0,14009.0
2020-05-21,14,TEN,14669.0,14625.0
2020-05-21,15,TEN,15124.0,15092.0
2020-05-21,16,TEN,15558.0,15291.0
2020-05-21,17,TEN,15962.0,15591.0
2020-05-21,18,TEN,16223.0,15908.0
2020-05-21,19,TEN,16394.0,16077.0
2020-05-21,20,TEN,16646.0,16182.0
2020-05-21,21,TEN,16785.0,16255.0
2020-05-21,22,TEN,16919.0,16371.0
2020-05-21,23,TEN,16819.0,16363.0
2020-05-22,0,TEN,16620.0,16283.0
2020-05-22,1,TEN,16565.0,16351.0
2020-05-22,2,TEN,16712.0,15859.0
2020-05-22,3,TEN,16021.0,15297.0
2020-05-22,4,TEN,14826.0,14122.0
2020-05-22,5,TEN,13736.0,13226.0
2020-05-22,6,TEN,12956.0,12699.0
2020-05-22,7,TEN,12358.0,12167.0
2020-05-22,8,TEN,12009.0,11824.0
2020-05-22,9,TEN,12083.0,11917.0
2020-05-22,10,TEN,12098.0,11947.0
2020-05-22,11,TEN,12618.0,12505.0
2020-05-22,12,TEN,13372.0,13248.0
2020-05-22,13,TEN,14117.0,14010.0
2020-05-22,14,TEN,14608.0,14611.0
2020-05-22,15,TEN,15051.0,14966.0
2020-05-22,16,TEN,15646.0,15119.0
2020-05-22,17,TEN,16193.0,15658.0
2020-05-22,18,TEN,16546.0,16019.0
2020-05-22,19,TEN,16860.0,16286.0
2020-05-22,20,TEN,17245.0,16669.0
2020-05-22,21,TEN,17515.0,16926.0
2020-05-22,22,TEN,17625.0,17050.0
2020-05-22,23,TEN,17375.0,16850.0
2020-05-23,0,TEN,16999.0,16470.0
2020-05-23,1,TEN,16693.0,16128.0
2020-05-23,2,TEN,16673.0,16139.0
2020-05-23,3,TEN,15956.0,15928.0
2020-05-23,4,TEN,14991.0,14856.0
2020-05-23,5,TEN,13782.0,13587.0
2020-05-23,6,TEN,12868.0,12700.0
2020-05-23,7,TEN,12176.0,12134.0
2020-05-23,8,TEN,11725.0,11542.0
2020-05-23,9,TEN,11585.0,11420.0
2020-05-23,10,TEN,11568.0,11341.0
2020-05-23,11,TEN,11712.0,11480.0
2020-05-23,12,TEN,11910.0,11769.0
2020-05-23,13,TEN,12573.0,12417.0
2020-05-23,14,TEN,13663.0,13562.0
2020-05-23,15,TEN,14817.0,14624.0
2020-05-23,16,TEN,16014.0,15927.0
2020-05-23,17,TEN,17030.0,16884.0
2020-05-23,18,TEN,18057.0,17563.0
2020-05-23,19,TEN,18903.0,18082.0
2020-05-23,20,TEN,19673.0,18509.0
2020-05-23,21,TEN,20339.0,19056.0
2020-05-23,22,TEN,20742.0,19399.0
2020-05-23,23,TEN,20784.0,19435.0
2020-05-24,0,TEN,20326.0,19243.0
2020-05-24,1,TEN,19439.0,18841.0
2020-05-24,2,TEN,18922.0,18461.0
2020-05-24,3,TEN,17758.0,17507.0
2020-05-24,4,TEN,16242.0,16005.0
2020-05-24,5,TEN,15100.0,14907.0
2020-05-24,6,TEN,14142.0,13945.0
2020-05-24,7,TEN,13527.0,13318.0
2020-05-24,8,TEN,13006.0,12807.0
2020-05-24,9,TEN,12628.0,12514.0
2020-05-24,10,TEN,12426.0,12256.0
2020-05-24,11,TEN,12354.0,12144.0
2020-05-24,12,TEN,12439.0,12307.0
2020-05-24,13,TEN,13236.0,13094.0
2020-05-24,14,TEN,14634.0,14547.0
2020-05-24,15,TEN,16150.0,15971.0
2020-05-24,16,TEN,16850.0,16746.0
2020-05-24,17,TEN,18113.0,17972.0
2020-05-24,18,TEN,19077.0,18421.0
2020-05-24,19,TEN,19851.0,19077.0
2020-05-24,20,TEN,20421.0,19655.0
2020-05-24,21,TEN,20879.0,20178.0
2020-05-24,22,TEN,21293.0,20130.0
2020-05-24,23,TEN,21091.0,19925.0
2020-05-25,0,TEN,20352.0,19753.0
2020-05-25,1,TEN,19341.0,18961.0
2020-05-25,2,TEN,18743.0,18576.0
2020-05-25,3,TEN,17554.0,17360.0
2020-05-25,4,TEN,16299.0,16023.0
2020-05-25,5,TEN,14960.0,14806.0
2020-05-25,6,TEN,13882.0,13654.0
2020-05-25,7,TEN,13077.0,12857.0
2020-05-25,8,TEN,12546.0,12306.0
2020-05-25,9,TEN,12228.0,12079.0
2020-05-25,10,TEN,12118.0,12000.0
2020-05-25,11,TEN,11998.0,11906.0
2020-05-25,12,TEN,12301.0,12178.0
2020-05-25,13,TEN,13258.0,13197.0
2020-05-25,14,TEN,14802.0,14760.0
2020-05-25,15,TEN,16407.0,16293.0
2020-05-25,16,TEN,18119.0,17925.0
2020-05-25,17,TEN,19917.0,19759.0
2020-05-25,18,TEN,20984.0,20776.0
2020-05-25,19,TEN,21662.0,21390.0
2020-05-25,20,TEN,21888.0,20970.0
2020-05-25,21,TEN,21775.0,20658.0
2020-05-25,22,TEN,21610.0,20673.0
2020-05-25,23,TEN,21083.0,20334.0
2020-05-26,0,TEN,20333.0,20107.0
2020-05-26,1,TEN,19386.0,19158.0
2020-05-26,2,TEN,19040.0,18878.0
2020-05-26,3,TEN,18051.0,17846.0
2020-05-26,4,TEN,16624.0,16401.0
2020-05-26,5,TEN,15155.0,14924.0
2020-05-26,6,TEN,14187.0,14000.0
2020-05-26,7,TEN,13445.0,13283.0
2020-05-26,8,TEN,13062.0,12884.0
2020-05-26,9,TEN,12832.0,12694.0
2020-05-26,10,TEN,12979.0,12820.0
2020-05-26,11,TEN,13642.0,13533.0
2020-05-26,12,TEN,14440.0,14385.0
2020-05-26,13,TEN,15483.0,15172.0
2020-05-26,14,TEN,16583.0,16299.0
2020-05-26,15,TEN,17524.0,17271.0
2020-05-26,16,TEN,18414.0,17870.0
2020-05-26,17,TEN,19199.0,18957.0
2020-05-26,18,TEN,19527.0,19335.0
2020-05-26,19,TEN,19399.0,19233.0
2020-05-26,20,TEN,19453.0,19168.0
2020-05-26,21,TEN,19374.0,19324.0
2020-05-26,22,TEN,19321.0,19243.0
2020-05-26,23,TEN,19148.0,19156.0
2020-05-27,0,TEN,18711.0,18563.0
2020-05-27,1,TEN,18475.0,18305.0
2020-05-27,2,TEN,18412.0,18267.0
2020-05-27,3,TEN,17352.0,17200.0
2020-05-27,4,TEN,16280.0,16065.0
2020-05-27,5,TEN,15102.0,14869.0
2020-05-27,6,TEN,14168.0,13974.0
2020-05-27,7,TEN,13574.0,13425.0
2020-05-27,8,TEN,13199.0,13152.0
2020-05-27,9,TEN,13026.0,13102.0
2020-05-27,10,TEN,13093.0,13036.0
2020-05-27,11,TEN,13674.0,13568.0
2020-05-27,12,TEN,14362.0,14369.0
2020-05-27,13,TEN,15292.0,15251.0
2020-05-27,14,TEN,16027.0,15753.0
2020-05-27,15,TEN,16592.0,16497.0
2020-05-27,16,TEN,17380.0,17270.0
2020-05-27,17,TEN,17915.0,17835.0
2020-05-27,18,TEN,18293.0,18232.0
2020-05-27,19,TEN,18362.0,18265.0
2020-05-27,20,TEN,18575.0,18434.0
2020-05-27,21,TEN,18695.0,18592.0
2020-05-27,22,TEN,18755.0,18685.0
2020-05-27,23,TEN,18700.0,18579.0
2020-05-28,0,TEN,18250.0,18128.0
2020-05-28,1,TEN,18025.0,17706.0
2020-05-28,2,TEN,17799.0,17702.0
2020-05-28,3,TEN,17043.0,16899.0
2020-05-28,4,TEN,15753.0,15551.0
2020-05-28,5,TEN,14642.0,14438.0
2020-05-28,6,TEN,13740.0,13530.0
2020-05-28,7,TEN,13123.0,12933.0
2020-05-28,8,TEN,12731.0,12515.0
2020-05-28,9,TEN,12529.0,12308.0
2020-05-28,10,TEN,12734.0,12584.0
2020-05-28,11,TEN,13253.0,13160.0
2020-05-28,12,TEN,14003.0,13990.0
2020-05-28,13,TEN,15008.0,14942.0
2020-05-28,14,TEN,15813.0,15704.0
2020-05-28,15,TEN,16825.0,16712.0
2020-05-28,16,TEN,17912.0,17762.0
2020-05-28,17,TEN,18660.0,18631.0
2020-05-28,18,TEN,19413.0,19268.0
2020-05-28,19,TEN,19834.0,19695.0
2020-05-28,20,TEN,20096.0,19959.0
2020-05-28,21,TEN,20159.0,19822.0
2020-05-28,22,TEN,20330.0,20270.0
2020-05-28,23,TEN,20197.0,20131.0
2020-05-29,0,TEN,19499.0,19431.0
2020-05-29,1,TEN,18836.0,18730.0
2020-05-29,2,TEN,18470.0,18395.0
2020-05-29,3,TEN,17452.0,17367.0
2020-05-29,4,TEN,16167.0,16004.0
2020-05-29,5,TEN,14762.0,14614.0
2020-05-29,6,TEN,13837.0,13681.0
2020-05-29,7,TEN,13214.0,13046.0
2020-05-29,8,TEN,12793.0,12763.0
2020-05-29,9,TEN,12570.0,12606.0
2020-05-29,10,TEN,12762.0,12770.0
2020-05-29,11,TEN,13332.0,13234.0
2020-05-29,12,TEN,14045.0,14074.0
2020-05-29,13,TEN,14918.0,14981.0
2020-05-29,14,TEN,15843.0,15857.0
2020-05-29,15,TEN,17028.0,17078.0
2020-05-29,16,TEN,18138.0,18089.0
2020-05-29,17,TEN,19058.0,19061.0
2020-05-29,18,TEN,19800.0,19830.0
2020-05-29,19,TEN,20049.0,20114.0
2020-05-29,20,TEN,20520.0,20505.0
2020-05-29,21,TEN,20709.0,20701.0
2020-05-29,22,TEN,20890.0,20886.0
2020-05-29,23,TEN,20701.0,20694.0
2020-05-30,0,TEN,20011.0,19994.0
2020-05-30,1,TEN,19190.0,19122.0
2020-05-30,2,TEN,18781.0,18706.0
2020-05-30,3,TEN,17838.0,17676.0
2020-05-30,4,TEN,16358.0,16119.0
2020-05-30,5,TEN,15018.0,14751.0
2020-05-30,6,TEN,13920.0,13698.0
2020-05-30,7,TEN,13130.0,12904.0
2020-05-30,8,TEN,12649.0,12450.0
2020-05-30,9,TEN,12276.0,12088.0
2020-05-30,10,TEN,12105.0,11923.0
2020-05-30,11,TEN,12077.0,11866.0
2020-05-30,12,TEN,12357.0,12224.0
2020-05-30,13,TEN,13227.0,13181.0
2020-05-30,14,TEN,14520.0,14427.0
2020-05-30,15,TEN,15410.0,15381.0
2020-05-30,16,TEN,16561.0,16521.0
2020-05-30,17,TEN,17486.0,17443.0
2020-05-30,18,TEN,18237.0,18129.0
2020-05-30,19,TEN,18836.0,18832.0
2020-05-30,20,TEN,19196.0,19045.0
2020-05-30,21,TEN,19822.0,19564.0
2020-05-30,22,TEN,20063.0,19880.0
2020-05-30,23,TEN,19850.0,19802.0
2020-05-31,0,TEN,19221.0,19149.0
2020-05-31,1,TEN,18074.0,17700.0
2020-05-31,2,TEN,17436.0,17281.0
2020-05-31,3,TEN,16500.0,16365.0
2020-05-31,4,TEN,15207.0,14934.0
2020-05-31,5,TEN,13876.0,13647.0
2020-05-31,6,TEN,12899.0,12649.0
2020-05-31,7,TEN,12261.0,12006.0
2020-05-31,8,TEN,11876.0,11668.0
2020-05-31,9,TEN,11587.0,11415.0
2020-05-31,10,TEN,11443.0,11195.0
2020-05-31,11,TEN,11389.0,11169.0
2020-05-31,12,TEN,11460.0,11324.0
2020-05-31,13,TEN,12289.0,12131.0
2020-05-31,14,TEN,13491.0,13445.0
2020-05-31,15,TEN,14474.0,14435.0
2020-05-31,16,TEN,15350.0,15330.0
2020-05-31,17,TEN,16166.0,16090.0
2020-05-31,18,TEN,16755.0,16709.0
2020-05-31,19,TEN,17425.0,17365.0
2020-05-31,20,TEN,18127.0,18073.0
2020-05-31,21,TEN,18749.0,18662.0
2020-05-31,22,TEN,19176.0,18915.0
2020-05-31,23,TEN,19191.0,19040.0
2020-06-01,0,TEN,18767.0,18695.0
2020-06-01,1,TEN,17726.0,17642.0
2020-06-01,2,TEN,17187.0,17022.0
2020-06-01,3,TEN,16258.0,16067.0
2020-06-01,4,TEN,14847.0,14600.0
2020-06-01,5,TEN,13592.0,13359.0
2020-06-01,6,TEN,12651.0,12442.0
2020-06-01,7,TEN,12156.0,11957.0
2020-06-01,8,TEN,11779.0,11602.0
2020-06-01,9,TEN,11712.0,11586.0
2020-06-01,10,TEN,11940.0,11797.0
2020-06-01,11,TEN,12299.0,12185.0
2020-06-01,12,TEN,13238.0,13104.0
2020-06-01,13,TEN,14278.0,14153.0
2020-06-01,14,TEN,15024.0,14937.0
2020-06-01,15,TEN,15688.0,15695.0
2020-06-01,16,TEN,16466.0,16618.0
2020-06-01,17,TEN,17514.0,17423.0
2020-06-01,18,TEN,18233.0,18217.0
2020-06-01,19,TEN,19014.0,18918.0
2020-06-01,20,TEN,19862.0,19698.0
2020-06-01,21,TEN,20611.0,20024.0
2020-06-01,22,TEN,21069.0,20186.0
2020-06-01,23,TEN,21191.0,20340.0
2020-06-02,0,TEN,20707.0,19817.0
2020-06-02,1,TEN,19913.0,19486.0
2020-06-02,2,TEN,19304.0,19113.0
2020-06-02,3,TEN,17967.0,17803.0
2020-06-02,4,TEN,16341.0,16270.0
2020-06-02,5,TEN,14959.0,14840.0
2020-06-02,6,TEN,13946.0,13748.0
2020-06-02,7,TEN,13220.0,13003.0
2020-06-02,8,TEN,12821.0,12561.0
2020-06-02,9,TEN,12698.0,12449.0
2020-06-02,10,TEN,12763.0,12550.0
2020-06-02,11,TEN,13228.0,13021.0
2020-06-02,12,TEN,13949.0,13781.0
2020-06-02,13,TEN,15112.0,14932.0
2020-06-02,14,TEN,16327.0,16205.0
2020-06-02,15,TEN,17644.0,17497.0
2020-06-02,16,TEN,19079.0,18939.0
2020-06-02,17,TEN,20551.0,20399.0
2020-06-02,18,TEN,21823.0,21596.0
2020-06-02,19,TEN,22619.0,22317.0
2020-06-02,20,TEN,23386.0,22898.0
2020-06-02,21,TEN,23836.0,22895.0
2020-06-02,22,TEN,24057.0,22878.0
2020-06-02,23,TEN,23973.0,22816.0
2020-06-03,0,TEN,23336.0,22679.0
2020-06-03,1,TEN,22494.0,22233.0
2020-06-03,2,TEN,21757.0,21398.0
2020-06-03,3,TEN,20360.0,20192.0
2020-06-03,4,TEN,18619.0,18544.0
2020-06-03,5,TEN,17006.0,16852.0
2020-06-03,6,TEN,15683.0,15444.0
2020-06-03,7,TEN,14774.0,14551.0
2020-06-03,8,TEN,14132.0,14034.0
2020-06-03,9,TEN,13806.0,13683.0
2020-06-03,10,TEN,13875.0,13751.0
2020-06-03,11,TEN,14344.0,14144.0
2020-06-03,12,TEN,15178.0,15022.0
2020-06-03,13,TEN,16571.0,16414.0
2020-06-03,14,TEN,18154.0,17984.0
2020-06-03,15,TEN,19725.0,19665.0
2020-06-03,16,TEN,21356.0,21254.0
2020-06-03,17,TEN,22550.0,22454.0
2020-06-03,18,TEN,23561.0,23449.0
2020-06-03,19,TEN,23854.0,23762.0
2020-06-03,20,TEN,24148.0,24035.0
2020-06-03,21,TEN,24198.0,24103.0
2020-06-03,22,TEN,23955.0,23665.0
2020-06-03,23,TEN,23546.0,23334.0
2020-06-04,0,TEN,22877.0,22711.0
2020-06-04,1,TEN,22135.0,21972.0
2020-06-04,2,TEN,21679.0,21512.0
2020-06-04,3,TEN,20423.0,20229.0
2020-06-04,4,TEN,18677.0,18423.0
2020-06-04,5,TEN,17093.0,17044.0
2020-06-04,6,TEN,15909.0,15548.0
2020-06-04,7,TEN,15048.0,14824.0
2020-06-04,8,TEN,14462.0,14260.0
2020-06-04,9,TEN,14237.0,14007.0
2020-06-04,10,TEN,14357.0,14223.0
2020-06-04,11,TEN,14870.0,14718.0
2020-06-04,12,TEN,15637.0,15377.0
2020-06-04,13,TEN,16832.0,16558.0
2020-06-04,14,TEN,18092.0,17827.0
2020-06-04,15,TEN,19365.0,19343.0
2020-06-04,16,TEN,20591.0,20470.0
2020-06-04,17,TEN,21489.0,21385.0
2020-06-04,18,TEN,22359.0,22260.0
2020-06-04,19,TEN,22772.0,22678.0
2020-06-04,20,TEN,23091.0,22910.0
2020-06-04,21,TEN,23298.0,22867.0
2020-06-04,22,TEN,23161.0,22737.0
2020-06-04,23,TEN,22876.0,22578.0
2020-06-05,0,TEN,22289.0,22185.0
2020-06-05,1,TEN,21708.0,21565.0
2020-06-05,2,TEN,21420.0,21202.0
2020-06-05,3,TEN,20224.0,20046.0
2020-06-05,4,TEN,18677.0,18489.0
2020-06-05,5,TEN,17262.0,17242.0
2020-06-05,6,TEN,16081.0,15879.0
2020-06-05,7,TEN,15226.0,15108.0
2020-06-05,8,TEN,14705.0,14556.0
2020-06-05,9,TEN,14432.0,14298.0
2020-06-05,10,TEN,14534.0,14471.0
2020-06-05,11,TEN,14988.0,14918.0
2020-06-05,12,TEN,15622.0,15580.0
2020-06-05,13,TEN,16646.0,16608.0
2020-06-05,14,TEN,17877.0,17829.0
2020-06-05,15,TEN,19191.0,18986.0
2020-06-05,16,TEN,20614.0,20491.0
2020-06-05,17,TEN,21905.0,21810.0
2020-06-05,18,TEN,23001.0,22928.0
2020-06-05,19,TEN,23056.0,22833.0
2020-06-05,20,TEN,23059.0,22634.0
2020-06-05,21,TEN,22996.0,22411.0
2020-06-05,22,TEN,22876.0,22341.0
2020-06-05,23,TEN,22412.0,22037.0
2020-06-06,0,TEN,21504.0,21160.0
2020-06-06,1,TEN,20825.0,20405.0
2020-06-06,2,TEN,20452.0,20119.0
2020-06-06,3,TEN,19431.0,19295.0
2020-06-06,4,TEN,17949.0,17818.0
2020-06-06,5,TEN,16567.0,16336.0
2020-06-06,6,TEN,15361.0,15085.0
2020-06-06,7,TEN,14409.0,14154.0
2020-06-06,8,TEN,13897.0,13644.0
2020-06-06,9,TEN,13564.0,13327.0
2020-06-06,10,TEN,13410.0,13226.0
2020-06-06,11,TEN,13385.0,13187.0
2020-06-06,12,TEN,13618.0,13499.0
2020-06-06,13,TEN,14486.0,14373.0
2020-06-06,14,TEN,15968.0,15846.0
2020-06-06,15,TEN,17819.0,17555.0
2020-06-06,16,TEN,19697.0,19772.0
2020-06-06,17,TEN,21389.0,21305.0
2020-06-06,18,TEN,22674.0,22537.0
2020-06-06,19,TEN,23625.0,23359.0
2020-06-06,20,TEN,24378.0,23434.0
2020-06-06,21,TEN,24874.0,23529.0
2020-06-06,22,TEN,25234.0,23678.0
2020-06-06,23,TEN,25200.0,23697.0
2020-06-07,0,TEN,24614.0,23762.0
2020-06-07,1,TEN,23331.0,22948.0
2020-06-07,2,TEN,22487.0,22399.0
2020-06-07,3,TEN,21110.0,20897.0
2020-06-07,4,TEN,19313.0,19131.0
2020-06-07,5,TEN,17525.0,17275.0
2020-06-07,6,TEN,16367.0,16045.0
2020-06-07,7,TEN,15201.0,14988.0
2020-06-07,8,TEN,14449.0,14199.0
2020-06-07,9,TEN,13912.0,13673.0
2020-06-07,10,TEN,13690.0,13412.0
2020-06-07,11,TEN,13341.0,13129.0
2020-06-07,12,TEN,13542.0,13393.0
2020-06-07,13,TEN,14825.0,14707.0
2020-06-07,14,TEN,16717.0,16542.0
2020-06-07,15,TEN,18776.0,18772.0
2020-06-07,16,TEN,20719.0,20518.0
2020-06-07,17,TEN,22429.0,22235.0
2020-06-07,18,TEN,23687.0,22982.0
2020-06-07,19,TEN,24618.0,23555.0
2020-06-07,20,TEN,25163.0,23852.0
2020-06-07,21,TEN,25689.0,23890.0
2020-06-07,22,TEN,25933.0,24130.0
2020-06-07,23,TEN,25789.0,24194.0
2020-06-08,0,TEN,24982.0,24041.0
2020-06-08,1,TEN,23822.0,23476.0
2020-06-08,2,TEN,22917.0,22796.0
2020-06-08,3,TEN,21622.0,21479.0
2020-06-08,4,TEN,19889.0,19677.0
2020-06-08,5,TEN,18138.0,17957.0
2020-06-08,6,TEN,16759.0,16495.0
2020-06-08,7,TEN,15796.0,15520.0
2020-06-08,8,TEN,15063.0,14833.0
2020-06-08,9,TEN,14873.0,14624.0
2020-06-08,10,TEN,14907.0,14720.0
2020-06-08,11,TEN,15388.0,15188.0
2020-06-08,12,TEN,16376.0,16257.0
2020-06-08,13,TEN,17733.0,17591.0
2020-06-08,14,TEN,18883.0,18815.0
2020-06-08,15,TEN,20170.0,20008.0
2020-06-08,16,TEN,21391.0,21013.0
2020-06-08,17,TEN,22371.0,22138.0
2020-06-08,18,TEN,23035.0,22819.0
2020-06-08,19,TEN,23159.0,22678.0
2020-06-08,20,TEN,23312.0,22951.0
2020-06-08,21,TEN,23359.0,22982.0
2020-06-08,22,TEN,23285.0,22925.0
2020-06-08,23,TEN,23000.0,22939.0
2020-06-09,0,TEN,22476.0,22462.0
2020-06-09,1,TEN,22091.0,22055.0
2020-06-09,2,TEN,21967.0,21903.0
2020-06-09,3,TEN,20907.0,20804.0
2020-06-09,4,TEN,19552.0,19339.0
2020-06-09,5,TEN,18290.0,18158.0
2020-06-09,6,TEN,17201.0,17000.0
2020-06-09,7,TEN,16470.0,16329.0
2020-06-09,8,TEN,16160.0,16042.0
2020-06-09,9,TEN,15826.0,15680.0
2020-06-09,10,TEN,16008.0,15884.0
2020-06-09,11,TEN,16620.0,16498.0
2020-06-09,12,TEN,17559.0,17375.0
2020-06-09,13,TEN,18588.0,18452.0
2020-06-09,14,TEN,19485.0,19025.0
2020-06-09,15,TEN,20380.0,20228.0
2020-06-09,16,TEN,21141.0,20973.0
2020-06-09,17,TEN,21815.0,21757.0
2020-06-09,18,TEN,22465.0,22508.0
2020-06-09,19,TEN,22676.0,22594.0
2020-06-09,20,TEN,23345.0,22784.0
2020-06-09,21,TEN,23985.0,23154.0
2020-06-09,22,TEN,24269.0,23426.0
2020-06-09,23,TEN,24219.0,23425.0
2020-06-10,0,TEN,23653.0,22737.0
2020-06-10,1,TEN,22921.0,22113.0
2020-06-10,2,TEN,22499.0,21945.0
2020-06-10,3,TEN,21575.0,21205.0
2020-06-10,4,TEN,20100.0,19927.0
2020-06-10,5,TEN,18689.0,18480.0
2020-06-10,6,TEN,17688.0,17497.0
2020-06-10,7,TEN,16980.0,16771.0
2020-06-10,8,TEN,16544.0,16411.0
2020-06-10,9,TEN,16375.0,16237.0
2020-06-10,10,TEN,16448.0,16307.0
2020-06-10,11,TEN,16953.0,16792.0
2020-06-10,12,TEN,17653.0,17524.0
2020-06-10,13,TEN,18687.0,17941.0
2020-06-10,14,TEN,19868.0,18958.0
2020-06-10,15,TEN,21261.0,20587.0
2020-06-10,16,TEN,22369.0,21940.0
2020-06-10,17,TEN,23430.0,22629.0
2020-06-10,18,TEN,24235.0,23182.0
2020-06-10,19,TEN,24418.0,23230.0
2020-06-10,20,TEN,24507.0,23197.0
2020-06-10,21,TEN,24391.0,23316.0
2020-06-10,22,TEN,24128.0,23516.0
2020-06-10,23,TEN,23661.0,23033.0
2020-06-11,0,TEN,22599.0,22049.0
2020-06-11,1,TEN,21528.0,21144.0
2020-06-11,2,TEN,20863.0,20810.0
2020-06-11,3,TEN,19524.0,19413.0
2020-06-11,4,TEN,18096.0,17918.0
2020-06-11,5,TEN,16387.0,16189.0
2020-06-11,6,TEN,15101.0,14894.0
2020-06-11,7,TEN,14260.0,14057.0
2020-06-11,8,TEN,13741.0,13594.0
2020-06-11,9,TEN,13357.0,13197.0
2020-06-11,10,TEN,13492.0,13360.0
2020-06-11,11,TEN,13885.0,13765.0
2020-06-11,12,TEN,14586.0,14517.0
2020-06-11,13,TEN,15629.0,15534.0
2020-06-11,14,TEN,16764.0,16754.0
2020-06-11,15,TEN,17794.0,17725.0
2020-06-11,16,TEN,18840.0,18812.0
2020-06-11,17,TEN,19658.0,19662.0
2020-06-11,18,TEN,20437.0,20024.0
2020-06-11,19,TEN,20862.0,20460.0
2020-06-11,20,TEN,21568.0,20963.0
2020-06-11,21,TEN,21959.0,21398.0
2020-06-11,22,TEN,22140.0,21425.0
2020-06-11,23,TEN,21960.0,21250.0
2020-06-12,0,TEN,21261.0,20784.0
2020-06-12,1,TEN,20304.0,19972.0
2020-06-12,2,TEN,19624.0,19602.0
2020-06-12,3,TEN,18511.0,18468.0
2020-06-12,4,TEN,16857.0,16661.0
2020-06-12,5,TEN,15363.0,15216.0
2020-06-12,6,TEN,14113.0,13976.0
2020-06-12,7,TEN,13495.0,13257.0
2020-06-12,8,TEN,12923.0,12836.0
2020-06-12,9,TEN,12680.0,12680.0
2020-06-12,10,TEN,12793.0,12704.0
2020-06-12,11,TEN,13167.0,13081.0
2020-06-12,12,TEN,13850.0,13695.0
2020-06-12,13,TEN,14968.0,14814.0
2020-06-12,14,TEN,16118.0,16051.0
2020-06-12,15,TEN,17367.0,17226.0
2020-06-12,16,TEN,18492.0,18459.0
2020-06-12,17,TEN,19669.0,19629.0
2020-06-12,18,TEN,20652.0,20558.0
2020-06-12,19,TEN,21049.0,21023.0
2020-06-12,20,TEN,21749.0,21595.0
2020-06-12,21,TEN,22268.0,21738.0
2020-06-12,22,TEN,22535.0,21801.0
2020-06-12,23,TEN,22398.0,21655.0
2020-06-13,0,TEN,21659.0,21005.0
2020-06-13,1,TEN,20570.0,20008.0
2020-06-13,2,TEN,19764.0,19641.0
2020-06-13,3,TEN,18617.0,18490.0
2020-06-13,4,TEN,16950.0,16799.0
2020-06-13,5,TEN,15487.0,15284.0
2020-06-13,6,TEN,14339.0,14149.0
2020-06-13,7,TEN,13436.0,13235.0
2020-06-13,8,TEN,12910.0,12729.0
2020-06-13,9,TEN,12482.0,12325.0
2020-06-13,10,TEN,12392.0,12311.0
2020-06-13,11,TEN,12340.0,12341.0
2020-06-13,12,TEN,12695.0,12632.0
2020-06-13,13,TEN,13637.0,13532.0
2020-06-13,14,TEN,14896.0,14813.0
2020-06-13,15,TEN,16286.0,16199.0
2020-06-13,16,TEN,17781.0,17703.0
2020-06-13,17,TEN,18989.0,18918.0
2020-06-13,18,TEN,20141.0,19960.0
2020-06-13,19,TEN,21148.0,20992.0
2020-06-13,20,TEN,21963.0,21869.0
2020-06-13,21,TEN,22428.0,21680.0
2020-06-13,22,TEN,22747.0,21779.0
2020-06-13,23,TEN,22743.0,22011.0
2020-06-14,0,TEN,21989.0,21579.0
2020-06-14,1,TEN,20679.0,20531.0
2020-06-14,2,TEN,19741.0,19619.0
2020-06-14,3,TEN,18473.0,18367.0
2020-06-14,4,TEN,16847.0,16708.0
2020-06-14,5,TEN,15358.0,15189.0
2020-06-14,6,TEN,14184.0,13977.0
2020-06-14,7,TEN,13385.0,13197.0
2020-06-14,8,TEN,12781.0,12584.0
2020-06-14,9,TEN,12445.0,12267.0
2020-06-14,10,TEN,12287.0,12238.0
2020-06-14,11,TEN,12050.0,12067.0
2020-06-14,12,TEN,12193.0,12213.0
2020-06-14,13,TEN,13139.0,13054.0
2020-06-14,14,TEN,14654.0,14583.0
2020-06-14,15,TEN,16091.0,16100.0
2020-06-14,16,TEN,17577.0,17612.0
2020-06-14,17,TEN,18756.0,18790.0
2020-06-14,18,TEN,19405.0,19387.0
2020-06-14,19,TEN,19678.0,19619.0
2020-06-14,20,TEN,19748.0,19697.0
2020-06-14,21,TEN,19920.0,19900.0
2020-06-14,22,TEN,20374.0,20313.0
2020-06-14,23,TEN,20531.0,20424.0
2020-06-15,0,TEN,20179.0,20062.0
2020-06-15,1,TEN,19274.0,19191.0
2020-06-15,2,TEN,18604.0,18545.0
2020-06-15,3,TEN,17853.0,17701.0
2020-06-15,4,TEN,16239.0,16114.0
2020-06-15,5,TEN,14818.0,14587.0
2020-06-15,6,TEN,13874.0,13598.0
2020-06-15,7,TEN,13177.0,12918.0
2020-06-15,8,TEN,12784.0,12633.0
2020-06-15,9,TEN,12633.0,12601.0
2020-06-15,10,TEN,12810.0,12664.0
2020-06-15,11,TEN,13336.0,13115.0
2020-06-15,12,TEN,14077.0,13925.0
2020-06-15,13,TEN,15242.0,15074.0
2020-06-15,14,TEN,16218.0,16071.0
2020-06-15,15,TEN,17374.0,17260.0
2020-06-15,16,TEN,18285.0,18220.0
2020-06-15,17,TEN,19226.0,19201.0
2020-06-15,18,TEN,19894.0,19844.0
2020-06-15,19,TEN,20051.0,19990.0
2020-06-15,20,TEN,20496.0,20419.0
2020-06-15,21,TEN,20798.0,20710.0
2020-06-15,22,TEN,20999.0,20852.0
2020-06-15,23,TEN,20799.0,20621.0
2020-06-16,0,TEN,20232.0,20135.0
2020-06-16,1,TEN,19450.0,19431.0
2020-06-16,2,TEN,18905.0,18771.0
2020-06-16,3,TEN,17916.0,17859.0
2020-06-16,4,TEN,16454.0,16108.0
2020-06-16,5,TEN,14867.0,14588.0
2020-06-16,6,TEN,13837.0,13499.0
2020-06-16,7,TEN,13185.0,12896.0
2020-06-16,8,TEN,12788.0,12736.0
2020-06-16,9,TEN,12549.0,12485.0
2020-06-16,10,TEN,12811.0,12690.0
2020-06-16,11,TEN,13275.0,13055.0
2020-06-16,12,TEN,14018.0,13856.0
2020-06-16,13,TEN,15050.0,14916.0
2020-06-16,14,TEN,15951.0,15825.0
2020-06-16,15,TEN,16932.0,16802.0
2020-06-16,16,TEN,17849.0,17796.0
2020-06-16,17,TEN,18668.0,18695.0
2020-06-16,18,TEN,19478.0,19576.0
2020-06-16,19,TEN,19753.0,19916.0
2020-06-16,20,TEN,20151.0,20317.0
2020-06-16,21,TEN,20425.0,20582.0
2020-06-16,22,TEN,20592.0,20815.0
2020-06-16,23,TEN,20474.0,20712.0
2020-06-17,0,TEN,19993.0,20169.0
2020-06-17,1,TEN,19460.0,19708.0
2020-06-17,2,TEN,19160.0,19327.0
2020-06-17,3,TEN,18210.0,18334.0
2020-06-17,4,TEN,16800.0,16854.0
2020-06-17,5,TEN,15427.0,15349.0
2020-06-17,6,TEN,14260.0,14034.0
2020-06-17,7,TEN,13532.0,13381.0
2020-06-17,8,TEN,13026.0,13102.0
2020-06-17,9,TEN,12981.0,13219.0
2020-06-17,10,TEN,13163.0,13382.0
2020-06-17,11,TEN,13594.0,13672.0
2020-06-17,12,TEN,14299.0,14308.0
2020-06-17,13,TEN,15310.0,15298.0
2020-06-17,14,TEN,16281.0,16284.0
2020-06-17,15,TEN,17192.0,17359.0
2020-06-17,16,TEN,18241.0,18300.0
2020-06-17,17,TEN,19008.0,19100.0
2020-06-17,18,TEN,19614.0,19701.0
2020-06-17,19,TEN,19729.0,19829.0
2020-06-17,20,TEN,19993.0,20039.0
2020-06-17,21,TEN,20263.0,20317.0
2020-06-17,22,TEN,20271.0,20308.0
2020-06-17,23,TEN,20206.0,20241.0
2020-06-18,0,TEN,19916.0,19901.0
2020-06-18,1,TEN,19298.0,19309.0
2020-06-18,2,TEN,18949.0,18934.0
2020-06-18,3,TEN,18206.0,18180.0
2020-06-18,4,TEN,16664.0,16616.0
2020-06-18,5,TEN,15307.0,15121.0
2020-06-18,6,TEN,14409.0,14206.0
2020-06-18,7,TEN,13576.0,13489.0
2020-06-18,8,TEN,13083.0,13246.0
2020-06-18,9,TEN,12974.0,13249.0
2020-06-18,10,TEN,13131.0,13408.0
2020-06-18,11,TEN,13552.0,13678.0
2020-06-18,12,TEN,14129.0,14118.0
2020-06-18,13,TEN,15166.0,15194.0
2020-06-18,14,TEN,16376.0,16423.0
2020-06-18,15,TEN,17435.0,17519.0
2020-06-18,16,TEN,18666.0,18702.0
2020-06-18,17,TEN,19812.0,19994.0
2020-06-18,18,TEN,20708.0,20810.0
2020-06-18,19,TEN,21010.0,21099.0
2020-06-18,20,TEN,21599.0,21671.0
2020-06-18,21,TEN,21964.0,22065.0
2020-06-18,22,TEN,22303.0,22336.0
2020-06-18,23,TEN,22195.0,22268.0
2020-06-19,0,TEN,21730.0,21880.0
2020-06-19,1,TEN,20992.0,20996.0
2020-06-19,2,TEN,20504.0,20510.0
2020-06-19,3,TEN,19439.0,19386.0
2020-06-19,4,TEN,17947.0,17846.0
2020-06-19,5,TEN,16275.0,16148.0
2020-06-19,6,TEN,15032.0,14939.0
2020-06-19,7,TEN,14232.0,14182.0
2020-06-19,8,TEN,13860.0,13809.0
2020-06-19,9,TEN,13522.0,13559.0
2020-06-19,10,TEN,13677.0,13717.0
2020-06-19,11,TEN,14012.0,14032.0
2020-06-19,12,TEN,14781.0,14627.0
2020-06-19,13,TEN,15860.0,15934.0
2020-06-19,14,TEN,16966.0,17009.0
2020-06-19,15,TEN,18477.0,18525.0
2020-06-19,16,TEN,20068.0,20175.0
2020-06-19,17,TEN,21337.0,21478.0
2020-06-19,18,TEN,22218.0,22366.0
2020-06-19,19,TEN,22479.0,22678.0
2020-06-19,20,TEN,22875.0,23019.0
2020-06-19,21,TEN,23127.0,23296.0
2020-06-19,22,TEN,23239.0,23312.0
2020-06-19,23,TEN,23021.0,22979.0
2020-06-20,0,TEN,22391.0,22292.0
2020-06-20,1,TEN,21586.0,21571.0
2020-06-20,2,TEN,20926.0,20908.0
2020-06-20,3,TEN,19811.0,19788.0
2020-06-20,4,TEN,18202.0,18223.0
2020-06-20,5,TEN,16713.0,16661.0
2020-06-20,6,TEN,15486.0,15270.0
2020-06-20,7,TEN,14539.0,14367.0
2020-06-20,8,TEN,13790.0,13641.0
2020-06-20,9,TEN,13430.0,13221.0
2020-06-20,10,TEN,13347.0,13102.0
2020-06-20,11,TEN,13254.0,13047.0
2020-06-20,12,TEN,13543.0,13313.0
2020-06-20,13,TEN,14660.0,14475.0
2020-06-20,14,TEN,16292.0,16159.0
2020-06-20,15,TEN,18161.0,17908.0
2020-06-20,16,TEN,19970.0,19539.0
2020-06-20,17,TEN,21495.0,21140.0
2020-06-20,18,TEN,22488.0,22182.0
2020-06-20,19,TEN,23279.0,22961.0
2020-06-20,20,TEN,24011.0,23459.0
2020-06-20,21,TEN,24492.0,23739.0
2020-06-20,22,TEN,24775.0,23713.0
2020-06-20,23,TEN,24661.0,23593.0
2020-06-21,0,TEN,24044.0,23108.0
2020-06-21,1,TEN,22656.0,22025.0
2020-06-21,2,TEN,21710.0,21132.0
2020-06-21,3,TEN,20471.0,20131.0
2020-06-21,4,TEN,18728.0,18478.0
2020-06-21,5,TEN,17086.0,16966.0
2020-06-21,6,TEN,15888.0,15695.0
2020-06-21,7,TEN,14933.0,14786.0
2020-06-21,8,TEN,14247.0,14040.0
2020-06-21,9,TEN,13723.0,13579.0
2020-06-21,10,TEN,13584.0,13327.0
2020-06-21,11,TEN,13395.0,13231.0
2020-06-21,12,TEN,13665.0,13459.0
2020-06-21,13,TEN,14609.0,14510.0
2020-06-21,14,TEN,15808.0,15695.0
2020-06-21,15,TEN,17102.0,17028.0
2020-06-21,16,TEN,18437.0,18244.0
2020-06-21,17,TEN,19630.0,19433.0
2020-06-21,18,TEN,20625.0,20419.0
2020-06-21,19,TEN,21089.0,20965.0
2020-06-21,20,TEN,21012.0,20970.0
2020-06-21,21,TEN,20984.0,20956.0
2020-06-21,22,TEN,21125.0,21109.0
2020-06-21,23,TEN,21007.0,21039.0
2020-06-22,0,TEN,20563.0,20505.0
2020-06-22,1,TEN,19809.0,19622.0
2020-06-22,2,TEN,19496.0,19257.0
2020-06-22,3,TEN,18713.0,18357.0
2020-06-22,4,TEN,17278.0,16906.0
2020-06-22,5,TEN,16017.0,15699.0
2020-06-22,6,TEN,15006.0,14781.0
2020-06-22,7,TEN,14193.0,14263.0
2020-06-22,8,TEN,13749.0,13803.0
2020-06-22,9,TEN,13614.0,13735.0
2020-06-22,10,TEN,13887.0,14035.0
2020-06-22,11,TEN,14397.0,14232.0
2020-06-22,12,TEN,15344.0,15171.0
2020-06-22,13,TEN,16663.0,16515.0
2020-06-22,14,TEN,17893.0,17797.0
2020-06-22,15,TEN,19287.0,19169.0
2020-06-22,16,TEN,20722.0,20562.0
2020-06-22,17,TEN,21918.0,21703.0
2020-06-22,18,TEN,22720.0,22631.0
2020-06-22,19,TEN,22840.0,22806.0
2020-06-22,20,TEN,23217.0,23162.0
2020-06-22,21,TEN,23226.0,23165.0
2020-06-22,22,TEN,23063.0,23125.0
2020-06-22,23,TEN,22566.0,22485.0
2020-06-23,0,TEN,21773.0,21514.0
2020-06-23,1,TEN,21164.0,20804.0
2020-06-23,2,TEN,20728.0,20427.0
2020-06-23,3,TEN,19592.0,19308.0
2020-06-23,4,TEN,18089.0,17853.0
2020-06-23,5,TEN,16733.0,16645.0
2020-06-23,6,TEN,15751.0,15687.0
2020-06-23,7,TEN,15164.0,15116.0
2020-06-23,8,TEN,14812.0,14783.0
2020-06-23,9,TEN,14684.0,14684.0
2020-06-23,10,TEN,14903.0,14889.0
2020-06-23,11,TEN,15415.0,15313.0
2020-06-23,12,TEN,16141.0,16056.0
2020-06-23,13,TEN,17157.0,17110.0
2020-06-23,14,TEN,18333.0,18442.0
2020-06-23,15,TEN,19474.0,19535.0
2020-06-23,16,TEN,20710.0,20635.0
2020-06-23,17,TEN,21819.0,21895.0
2020-06-23,18,TEN,22664.0,22929.0
2020-06-23,19,TEN,23095.0,23088.0
2020-06-23,20,TEN,23406.0,23216.0
2020-06-23,21,TEN,23337.0,23070.0
2020-06-23,22,TEN,22922.0,22913.0
2020-06-23,23,TEN,22227.0,22237.0
2020-06-24,0,TEN,21475.0,21595.0
2020-06-24,1,TEN,20738.0,20705.0
2020-06-24,2,TEN,20439.0,20323.0
2020-06-24,3,TEN,19385.0,19552.0
2020-06-24,4,TEN,17866.0,17939.0
2020-06-24,5,TEN,16429.0,16341.0
2020-06-24,6,TEN,15272.0,15111.0
2020-06-24,7,TEN,14548.0,14393.0
2020-06-24,8,TEN,14124.0,13979.0
2020-06-24,9,TEN,13824.0,13666.0
2020-06-24,10,TEN,13941.0,13845.0
2020-06-24,11,TEN,14433.0,14381.0
2020-06-24,12,TEN,15152.0,15087.0
2020-06-24,13,TEN,16313.0,16270.0
2020-06-24,14,TEN,17236.0,17205.0
2020-06-24,15,TEN,18191.0,18148.0
2020-06-24,16,TEN,19161.0,19189.0
2020-06-24,17,TEN,20090.0,20126.0
2020-06-24,18,TEN,20915.0,20995.0
2020-06-24,19,TEN,21204.0,21631.0
2020-06-24,20,TEN,21645.0,22025.0
2020-06-24,21,TEN,21906.0,21928.0
2020-06-24,22,TEN,21997.0,22005.0
2020-06-24,23,TEN,21817.0,21841.0
2020-06-25,0,TEN,21209.0,21224.0
2020-06-25,1,TEN,20726.0,20611.0
2020-06-25,2,TEN,20247.0,20158.0
2020-06-25,3,TEN,19424.0,19342.0
2020-06-25,4,TEN,18000.0,17949.0
2020-06-25,5,TEN,16599.0,16516.0
2020-06-25,6,TEN,15561.0,15528.0
2020-06-25,7,TEN,14650.0,14613.0
2020-06-25,8,TEN,14199.0,14183.0
2020-06-25,9,TEN,13822.0,13827.0
2020-06-25,10,TEN,14061.0,14056.0
2020-06-25,11,TEN,14619.0,14618.0
2020-06-25,12,TEN,15362.0,15274.0
2020-06-25,13,TEN,16351.0,16229.0
2020-06-25,14,TEN,17531.0,17410.0
2020-06-25,15,TEN,18754.0,18721.0
2020-06-25,16,TEN,20177.0,20013.0
2020-06-25,17,TEN,21275.0,21089.0
2020-06-25,18,TEN,22398.0,22258.0
2020-06-25,19,TEN,22949.0,22775.0
2020-06-25,20,TEN,23491.0,23120.0
2020-06-25,21,TEN,23894.0,23514.0
2020-06-25,22,TEN,24193.0,23760.0
2020-06-25,23,TEN,23988.0,23665.0
2020-06-26,0,TEN,23359.0,23028.0
2020-06-26,1,TEN,22432.0,22119.0
2020-06-26,2,TEN,21667.0,21383.0
2020-06-26,3,TEN,20416.0,20302.0
2020-06-26,4,TEN,18610.0,18418.0
2020-06-26,5,TEN,16972.0,16780.0
2020-06-26,6,TEN,15747.0,15570.0
2020-06-26,7,TEN,14926.0,14745.0
2020-06-26,8,TEN,14343.0,14165.0
2020-06-26,9,TEN,14160.0,14034.0
2020-06-26,10,TEN,14284.0,14138.0
2020-06-26,11,TEN,14574.0,14467.0
2020-06-26,12,TEN,15394.0,15306.0
2020-06-26,13,TEN,16606.0,16536.0
2020-06-26,14,TEN,17814.0,17728.0
2020-06-26,15,TEN,18757.0,18689.0
2020-06-26,16,TEN,19694.0,19618.0
2020-06-26,17,TEN,20580.0,20542.0
2020-06-26,18,TEN,21262.0,21391.0
2020-06-26,19,TEN,21215.0,21395.0
2020-06-26,20,TEN,21328.0,21646.0
2020-06-26,21,TEN,21242.0,21501.0
2020-06-26,22,TEN,20967.0,20997.0
2020-06-26,23,TEN,20522.0,20562.0
2020-06-27,0,TEN,19815.0,19730.0
2020-06-27,1,TEN,19376.0,19266.0
2020-06-27,2,TEN,19241.0,19096.0
2020-06-27,3,TEN,18614.0,18451.0
2020-06-27,4,TEN,17501.0,17323.0
2020-06-27,5,TEN,16180.0,16020.0
2020-06-27,6,TEN,15279.0,15248.0
2020-06-27,7,TEN,14530.0,14515.0
2020-06-27,8,TEN,14073.0,14085.0
2020-06-27,9,TEN,13788.0,13829.0
2020-06-27,10,TEN,13718.0,13773.0
2020-06-27,11,TEN,13831.0,13911.0
2020-06-27,12,TEN,14133.0,14212.0
2020-06-27,13,TEN,14785.0,14874.0
2020-06-27,14,TEN,15727.0,15775.0
2020-06-27,15,TEN,16821.0,16962.0
2020-06-27,16,TEN,17865.0,18024.0
2020-06-27,17,TEN,18663.0,18801.0
2020-06-27,18,TEN,19251.0,19351.0
2020-06-27,19,TEN,19719.0,19885.0
2020-06-27,20,TEN,20460.0,20626.0
2020-06-27,21,TEN,21237.0,21399.0
2020-06-27,22,TEN,21717.0,21847.0
2020-06-27,23,TEN,21824.0,21951.0
2020-06-28,0,TEN,21459.0,21570.0
2020-06-28,1,TEN,20725.0,20738.0
2020-06-28,2,TEN,20344.0,20362.0
2020-06-28,3,TEN,19530.0,19498.0
2020-06-28,4,TEN,18267.0,18296.0
2020-06-28,5,TEN,16996.0,16964.0
2020-06-28,6,TEN,15979.0,15904.0
2020-06-28,7,TEN,15266.0,15221.0
2020-06-28,8,TEN,14716.0,14686.0
2020-06-28,9,TEN,14401.0,14370.0
2020-06-28,10,TEN,14254.0,14209.0
2020-06-28,11,TEN,14203.0,14160.0
2020-06-28,12,TEN,14421.0,14428.0
2020-06-28,13,TEN,15483.0,15533.0
2020-06-28,14,TEN,16956.0,16966.0
2020-06-28,15,TEN,18569.0,18590.0
2020-06-28,16,TEN,20134.0,19772.0
2020-06-28,17,TEN,21517.0,20883.0
2020-06-28,18,TEN,22519.0,21825.0
2020-06-28,19,TEN,23054.0,22453.0
2020-06-28,20,TEN,23489.0,22870.0
2020-06-28,21,TEN,23701.0,23530.0
2020-06-28,22,TEN,23681.0,23529.0
2020-06-28,23,TEN,23279.0,23129.0
2020-06-29,0,TEN,22715.0,22499.0
2020-06-29,1,TEN,21845.0,21594.0
2020-06-29,2,TEN,21144.0,20902.0
2020-06-29,3,TEN,20193.0,19910.0
2020-06-29,4,TEN,18736.0,18516.0
2020-06-29,5,TEN,17097.0,16870.0
2020-06-29,6,TEN,16065.0,15816.0
2020-06-29,7,TEN,15216.0,15038.0
2020-06-29,8,TEN,14679.0,14559.0
2020-06-29,9,TEN,14522.0,14637.0
2020-06-29,10,TEN,14700.0,14804.0
2020-06-29,11,TEN,15314.0,15421.0
2020-06-29,12,TEN,15897.0,15836.0
2020-06-29,13,TEN,17250.0,17062.0
2020-06-29,14,TEN,18711.0,18488.0
2020-06-29,15,TEN,20620.0,20433.0
2020-06-29,16,TEN,22561.0,22700.0
2020-06-29,17,TEN,24130.0,24045.0
2020-06-29,18,TEN,25321.0,25018.0
2020-06-29,19,TEN,25538.0,25461.0
2020-06-29,20,TEN,25349.0,25179.0
2020-06-29,21,TEN,24729.0,24605.0
2020-06-29,22,TEN,23971.0,23762.0
2020-06-29,23,TEN,23107.0,22735.0
2020-06-30,0,TEN,22128.0,21973.0
2020-06-30,1,TEN,21386.0,21217.0
2020-06-30,2,TEN,21015.0,20795.0
2020-06-30,3,TEN,20158.0,19894.0
2020-06-30,4,TEN,18756.0,18822.0
2020-06-30,5,TEN,17299.0,17461.0
2020-06-30,6,TEN,16386.0,16587.0
2020-06-30,7,TEN,15536.0,15742.0
2020-06-30,8,TEN,15106.0,15259.0
2020-06-30,9,TEN,14782.0,14982.0
2020-06-30,10,TEN,14970.0,15195.0
2020-06-30,11,TEN,15552.0,15771.0
2020-06-30,12,TEN,16303.0,16500.0
2020-06-30,13,TEN,17175.0,17205.0
2020-06-30,14,TEN,18232.0,18230.0
2020-06-30,15,TEN,19442.0,19623.0
2020-06-30,16,TEN,20439.0,20654.0
2020-06-30,17,TEN,21322.0,21509.0
2020-06-30,18,TEN,21993.0,22038.0
2020-06-30,19,TEN,22363.0,22601.0
2020-06-30,20,TEN,22777.0,23044.0
2020-06-30,21,TEN,23015.0,23380.0
2020-06-30,22,TEN,22919.0,23341.0
2020-06-30,23,TEN,22589.0,22729.0
2020-07-01,0,TEN,21778.0,21842.0
2020-07-01,1,TEN,21086.0,21182.0
2020-07-01,2,TEN,20784.0,20681.0
2020-07-01,3,TEN,19691.0,19657.0
2020-07-01,4,TEN,18259.0,18197.0
2020-07-01,5,TEN,16999.0,17064.0
2020-07-01,6,TEN,15896.0,15967.0
2020-07-01,7,TEN,15011.0,15103.0
2020-07-01,8,TEN,14547.0,14715.0
2020-07-01,9,TEN,14298.0,14479.0
2020-07-01,10,TEN,14506.0,14682.0
2020-07-01,11,TEN,14975.0,15100.0
2020-07-01,12,TEN,15662.0,15672.0
2020-07-01,13,TEN,16547.0,16576.0
2020-07-01,14,TEN,17546.0,17659.0
2020-07-01,15,TEN,18421.0,18600.0
2020-07-01,16,TEN,19368.0,19477.0
2020-07-01,17,TEN,20162.0,20187.0
2020-07-01,18,TEN,20910.0,20831.0
2020-07-01,19,TEN,21519.0,21392.0
2020-07-01,20,TEN,22216.0,22025.0
2020-07-01,21,TEN,22719.0,22543.0
2020-07-01,22,TEN,22608.0,22515.0
2020-07-01,23,TEN,22060.0,21981.0
2020-07-02,0,TEN,21251.0,21350.0
2020-07-02,1,TEN,20655.0,20765.0
2020-07-02,2,TEN,20200.0,20384.0
2020-07-02,3,TEN,19276.0,19652.0
2020-07-02,4,TEN,17957.0,18345.0
2020-07-02,5,TEN,16462.0,16787.0
2020-07-02,6,TEN,15481.0,15674.0
2020-07-02,7,TEN,14800.0,14935.0
2020-07-02,8,TEN,14290.0,14544.0
2020-07-02,9,TEN,14024.0,14341.0
2020-07-02,10,TEN,14151.0,14483.0
2020-07-02,11,TEN,14515.0,14769.0
2020-07-02,12,TEN,15292.0,15559.0
2020-07-02,13,TEN,16348.0,16568.0
2020-07-02,14,TEN,17612.0,17878.0
2020-07-02,15,TEN,19089.0,19120.0
2020-07-02,16,TEN,20772.0,20883.0
2020-07-02,17,TEN,22414.0,22472.0
2020-07-02,18,TEN,23688.0,23501.0
2020-07-02,19,TEN,24359.0,24286.0
2020-07-02,20,TEN,25095.0,24837.0
2020-07-02,21,TEN,25610.0,25395.0
2020-07-02,22,TEN,25809.0,25646.0
2020-07-02,23,TEN,25657.0,25557.0
2020-07-03,0,TEN,24953.0,24847.0
2020-07-03,1,TEN,24001.0,23802.0
2020-07-03,2,TEN,23142.0,22956.0
2020-07-03,3,TEN,21736.0,21410.0
2020-07-03,4,TEN,19946.0,19613.0
2020-07-03,5,TEN,18132.0,18145.0
2020-07-03,6,TEN,16688.0,16686.0
2020-07-03,7,TEN,15651.0,15599.0
2020-07-03,8,TEN,14848.0,14795.0
2020-07-03,9,TEN,14332.0,14334.0
2020-07-03,10,TEN,14167.0,14352.0
2020-07-03,11,TEN,14074.0,14231.0
2020-07-03,12,TEN,14359.0,14529.0
2020-07-03,13,TEN,15699.0,15685.0
2020-07-03,14,TEN,17684.0,17640.0
2020-07-03,15,TEN,19637.0,19587.0
2020-07-03,16,TEN,21577.0,21546.0
2020-07-03,17,TEN,23175.0,22987.0
2020-07-03,18,TEN,24390.0,24194.0
2020-07-03,19,TEN,25137.0,24625.0
2020-07-03,20,TEN,25801.0,25196.0
2020-07-03,21,TEN,26134.0,25515.0
2020-07-03,22,TEN,26173.0,25463.0
2020-07-03,23,TEN,25870.0,25017.0
2020-07-04,0,TEN,24957.0,24467.0
2020-07-04,1,TEN,23468.0,23268.0
2020-07-04,2,TEN,22545.0,22271.0
2020-07-04,3,TEN,21213.0,20846.0
2020-07-04,4,TEN,19523.0,19332.0
2020-07-04,5,TEN,17982.0,17934.0
2020-07-04,6,TEN,16619.0,16566.0
2020-07-04,7,TEN,15486.0,15410.0
2020-07-04,8,TEN,14745.0,14680.0
2020-07-04,9,TEN,14173.0,14144.0
2020-07-04,10,TEN,13805.0,13777.0
2020-07-04,11,TEN,13517.0,13597.0
2020-07-04,12,TEN,13619.0,13690.0
2020-07-04,13,TEN,14918.0,14997.0
2020-07-04,14,TEN,16818.0,16924.0
2020-07-04,15,TEN,19092.0,19046.0
2020-07-04,16,TEN,21205.0,20995.0
2020-07-04,17,TEN,23044.0,22861.0
2020-07-04,18,TEN,24154.0,23978.0
2020-07-04,19,TEN,25001.0,24438.0
2020-07-04,20,TEN,25230.0,24697.0
2020-07-04,21,TEN,25170.0,24502.0
2020-07-04,22,TEN,24914.0,24282.0
2020-07-04,23,TEN,24504.0,24083.0
2020-07-05,0,TEN,23598.0,23469.0
2020-07-05,1,TEN,22377.0,22148.0
2020-07-05,2,TEN,21298.0,21100.0
2020-07-05,3,TEN,20093.0,19870.0
2020-07-05,4,TEN,19171.0,18938.0
2020-07-05,5,TEN,17699.0,17436.0
2020-07-05,6,TEN,16540.0,16475.0
2020-07-05,7,TEN,15560.0,15521.0
2020-07-05,8,TEN,14800.0,14814.0
2020-07-05,9,TEN,14311.0,14306.0
2020-07-05,10,TEN,13984.0,14022.0
2020-07-05,11,TEN,13740.0,13742.0
2020-07-05,12,TEN,13820.0,13898.0
2020-07-05,13,TEN,14978.0,15037.0
2020-07-05,14,TEN,16749.0,16822.0
2020-07-05,15,TEN,18872.0,18739.0
2020-07-05,16,TEN,21001.0,20706.0
2020-07-05,17,TEN,22881.0,22701.0
2020-07-05,18,TEN,24188.0,23615.0
2020-07-05,19,TEN,24743.0,24234.0
2020-07-05,20,TEN,24642.0,23771.0
2020-07-05,21,TEN,24366.0,23598.0
2020-07-05,22,TEN,23823.0,23513.0
2020-07-05,23,TEN,23151.0,23060.0
2020-07-06,0,TEN,22215.0,22026.0
2020-07-06,1,TEN,21106.0,20897.0
2020-07-06,2,TEN,20570.0,20312.0
2020-07-06,3,TEN,19641.0,19536.0
2020-07-06,4,TEN,18286.0,17980.0
2020-07-06,5,TEN,16825.0,16538.0
2020-07-06,6,TEN,15779.0,15811.0
2020-07-06,7,TEN,15048.0,15135.0
2020-07-06,8,TEN,14504.0,14570.0
2020-07-06,9,TEN,14230.0,14321.0
2020-07-06,10,TEN,14501.0,14616.0
2020-07-06,11,TEN,14939.0,15002.0
2020-07-06,12,TEN,15724.0,15823.0
2020-07-06,13,TEN,17184.0,17303.0
2020-07-06,14,TEN,18612.0,18739.0
2020-07-06,15,TEN,20256.0,20200.0
2020-07-06,16,TEN,21980.0,21957.0
2020-07-06,17,TEN,23496.0,23440.0
2020-07-06,18,TEN,24881.0,24665.0
2020-07-06,19,TEN,25598.0,25136.0
2020-07-06,20,TEN,26186.0,25753.0
2020-07-06,21,TEN,26383.0,25798.0
2020-07-06,22,TEN,26460.0,25866.0
2020-07-06,23,TEN,26294.0,25925.0
2020-07-07,0,TEN,25591.0,25432.0
2020-07-07,1,TEN,24605.0,24373.0
2020-07-07,2,TEN,23827.0,23665.0
2020-07-07,3,TEN,22441.0,22183.0
2020-07-07,4,TEN,20580.0,20429.0
2020-07-07,5,TEN,18823.0,18688.0
2020-07-07,6,TEN,17584.0,17435.0
2020-07-07,7,TEN,16664.0,16545.0
2020-07-07,8,TEN,15969.0,15908.0
2020-07-07,9,TEN,15477.0,15358.0
2020-07-07,10,TEN,15664.0,15582.0
2020-07-07,11,TEN,15946.0,15902.0
2020-07-07,12,TEN,16526.0,16535.0
2020-07-07,13,TEN,17933.0,17857.0
2020-07-07,14,TEN,19473.0,19317.0
2020-07-07,15,TEN,21157.0,20965.0
2020-07-07,16,TEN,22714.0,22589.0
2020-07-07,17,TEN,24190.0,24171.0
2020-07-07,18,TEN,25322.0,25116.0
2020-07-07,19,TEN,25773.0,25353.0
2020-07-07,20,TEN,26219.0,25671.0
2020-07-07,21,TEN,26440.0,25882.0
2020-07-07,22,TEN,26378.0,25854.0
2020-07-07,23,TEN,25955.0,25431.0
2020-07-08,0,TEN,25272.0,25128.0
2020-07-08,1,TEN,24370.0,24200.0
2020-07-08,2,TEN,23680.0,23516.0
2020-07-08,3,TEN,22401.0,22245.0
2020-07-08,4,TEN,20790.0,20600.0
2020-07-08,5,TEN,18959.0,18825.0
2020-07-08,6,TEN,17580.0,17364.0
2020-07-08,7,TEN,16607.0,16434.0
2020-07-08,8,TEN,16004.0,15792.0
2020-07-08,9,TEN,15613.0,15409.0
2020-07-08,10,TEN,15703.0,15503.0
2020-07-08,11,TEN,16185.0,16027.0
2020-07-08,12,TEN,16805.0,16709.0
2020-07-08,13,TEN,18343.0,18253.0
2020-07-08,14,TEN,20047.0,19960.0
2020-07-08,15,TEN,21723.0,21624.0
2020-07-08,16,TEN,23353.0,22793.0
2020-07-08,17,TEN,24826.0,24639.0
2020-07-08,18,TEN,25700.0,25389.0
2020-07-08,19,TEN,26024.0,25675.0
2020-07-08,20,TEN,26283.0,25801.0
2020-07-08,21,TEN,26348.0,25899.0
2020-07-08,22,TEN,26258.0,25811.0
2020-07-08,23,TEN,26012.0,25471.0
2020-07-09,0,TEN,25388.0,25284.0
2020-07-09,1,TEN,24317.0,24107.0
2020-07-09,2,TEN,23526.0,23329.0
2020-07-09,3,TEN,22289.0,22087.0
2020-07-09,4,TEN,20507.0,20350.0
2020-07-09,5,TEN,18853.0,18664.0
2020-07-09,6,TEN,17514.0,17498.0
2020-07-09,7,TEN,16503.0,16387.0
2020-07-09,8,TEN,15860.0,15723.0
2020-07-09,9,TEN,15630.0,15497.0
2020-07-09,10,TEN,15594.0,15525.0
2020-07-09,11,TEN,16073.0,15966.0
2020-07-09,12,TEN,16793.0,16750.0
2020-07-09,13,TEN,18194.0,18053.0
2020-07-09,14,TEN,19756.0,19572.0
2020-07-09,15,TEN,21690.0,21148.0
2020-07-09,16,TEN,23601.0,23080.0
2020-07-09,17,TEN,25226.0,24644.0
2020-07-09,18,TEN,26322.0,25445.0
2020-07-09,19,TEN,26964.0,26012.0
2020-07-09,20,TEN,27427.0,26108.0
2020-07-09,21,TEN,27289.0,26344.0
2020-07-09,22,TEN,27099.0,26434.0
2020-07-09,23,TEN,26943.0,26378.0
2020-07-10,0,TEN,26318.0,26159.0
2020-07-10,1,TEN,25435.0,25333.0
2020-07-10,2,TEN,24757.0,24632.0
2020-07-10,3,TEN,23382.0,23498.0
2020-07-10,4,TEN,21509.0,21336.0
2020-07-10,5,TEN,19740.0,19610.0
2020-07-10,6,TEN,18388.0,18382.0
2020-07-10,7,TEN,17335.0,17249.0
2020-07-10,8,TEN,16598.0,16561.0
2020-07-10,9,TEN,16369.0,16318.0
2020-07-10,10,TEN,16343.0,16318.0
2020-07-10,11,TEN,16660.0,16584.0
2020-07-10,12,TEN,17293.0,17328.0
2020-07-10,13,TEN,18631.0,18494.0
2020-07-10,14,TEN,20372.0,20232.0
2020-07-10,15,TEN,22167.0,21998.0
2020-07-10,16,TEN,24005.0,23873.0
2020-07-10,17,TEN,25548.0,25438.0
2020-07-10,18,TEN,26683.0,26046.0
2020-07-10,19,TEN,27307.0,26466.0
2020-07-10,20,TEN,27785.0,26944.0
2020-07-10,21,TEN,27962.0,27165.0
2020-07-10,22,TEN,27839.0,27268.0
2020-07-10,23,TEN,27425.0,27197.0
2020-07-11,0,TEN,26532.0,26493.0
2020-07-11,1,TEN,25504.0,25418.0
2020-07-11,2,TEN,24519.0,24362.0
2020-07-11,3,TEN,23095.0,22667.0
2020-07-11,4,TEN,21104.0,20552.0
2020-07-11,5,TEN,19329.0,18870.0
2020-07-11,6,TEN,17720.0,17607.0
2020-07-11,7,TEN,16375.0,16263.0
2020-07-11,8,TEN,15435.0,15340.0
2020-07-11,9,TEN,14789.0,14714.0
2020-07-11,10,TEN,14562.0,14490.0
2020-07-11,11,TEN,14370.0,14396.0
2020-07-11,12,TEN,14511.0,14650.0
2020-07-11,13,TEN,15895.0,15844.0
2020-07-11,14,TEN,17843.0,17721.0
2020-07-11,15,TEN,19685.0,19579.0
2020-07-11,16,TEN,21633.0,21520.0
2020-07-11,17,TEN,23009.0,22987.0
2020-07-11,18,TEN,24128.0,24141.0
2020-07-11,19,TEN,24983.0,24912.0
2020-07-11,20,TEN,25621.0,25535.0
2020-07-11,21,TEN,26196.0,26017.0
2020-07-11,22,TEN,26475.0,26199.0
2020-07-11,23,TEN,26390.0,26213.0
2020-07-12,0,TEN,25651.0,25587.0
2020-07-12,1,TEN,24357.0,24246.0
2020-07-12,2,TEN,23330.0,23220.0
2020-07-12,3,TEN,21939.0,21788.0
2020-07-12,4,TEN,20203.0,19897.0
2020-07-12,5,TEN,19141.0,18839.0
2020-07-12,6,TEN,17154.0,17029.0
2020-07-12,7,TEN,16181.0,16153.0
2020-07-12,8,TEN,15498.0,15474.0
2020-07-12,9,TEN,15069.0,15035.0
2020-07-12,10,TEN,14887.0,14916.0
2020-07-12,11,TEN,14793.0,14708.0
2020-07-12,12,TEN,14809.0,14725.0
2020-07-12,13,TEN,15464.0,15399.0
2020-07-12,14,TEN,16527.0,16432.0
2020-07-12,15,TEN,17287.0,17216.0
2020-07-12,16,TEN,18170.0,18052.0
2020-07-12,17,TEN,18842.0,18800.0
2020-07-12,18,TEN,19280.0,19542.0
2020-07-12,19,TEN,19884.0,20200.0
2020-07-12,20,TEN,20792.0,21106.0
2020-07-12,21,TEN,22052.0,22211.0
2020-07-12,22,TEN,23026.0,22879.0
2020-07-12,23,TEN,23418.0,23408.0
2020-07-13,0,TEN,23081.0,22967.0
2020-07-13,1,TEN,22092.0,21919.0
2020-07-13,2,TEN,21226.0,21021.0
2020-07-13,3,TEN,20086.0,19846.0
2020-07-13,4,TEN,18549.0,18285.0
2020-07-13,5,TEN,17020.0,16725.0
2020-07-13,6,TEN,15808.0,15818.0
2020-07-13,7,TEN,15028.0,14925.0
2020-07-13,8,TEN,14604.0,14481.0
2020-07-13,9,TEN,14342.0,14278.0
2020-07-13,10,TEN,14533.0,14491.0
2020-07-13,11,TEN,15071.0,15033.0
2020-07-13,12,TEN,15890.0,15871.0
2020-07-13,13,TEN,17243.0,17188.0
2020-07-13,14,TEN,18820.0,18741.0
2020-07-13,15,TEN,20483.0,20441.0
2020-07-13,16,TEN,22161.0,22026.0
2020-07-13,17,TEN,23668.0,23529.0
2020-07-13,18,TEN,24977.0,24840.0
2020-07-13,19,TEN,25685.0,25605.0
2020-07-13,20,TEN,26360.0,26040.0
2020-07-13,21,TEN,26782.0,26488.0
2020-07-13,22,TEN,26964.0,26555.0
2020-07-13,23,TEN,26706.0,26325.0
2020-07-14,0,TEN,25932.0,25822.0
2020-07-14,1,TEN,24781.0,24666.0
2020-07-14,2,TEN,23767.0,23632.0
2020-07-14,3,TEN,22317.0,22269.0
2020-07-14,4,TEN,20409.0,20241.0
2020-07-14,5,TEN,18546.0,18478.0
2020-07-14,6,TEN,17048.0,16961.0
2020-07-14,7,TEN,16020.0,16002.0
2020-07-14,8,TEN,15293.0,15285.0
2020-07-14,9,TEN,15061.0,15211.0
2020-07-14,10,TEN,15070.0,15266.0
2020-07-14,11,TEN,15467.0,15716.0
2020-07-14,12,TEN,16167.0,16335.0
2020-07-14,13,TEN,17697.0,17539.0
2020-07-14,14,TEN,19281.0,19170.0
2020-07-14,15,TEN,21106.0,20885.0
2020-07-14,16,TEN,22983.0,22840.0
2020-07-14,17,TEN,24456.0,24325.0
2020-07-14,18,TEN,25696.0,25677.0
2020-07-14,19,TEN,26504.0,26590.0
2020-07-14,20,TEN,27122.0,27049.0
2020-07-14,21,TEN,27436.0,27338.0
2020-07-14,22,TEN,27597.0,27286.0
2020-07-14,23,TEN,27327.0,27062.0
2020-07-15,0,TEN,26532.0,26295.0
2020-07-15,1,TEN,25435.0,25148.0
2020-07-15,2,TEN,24432.0,24211.0
2020-07-15,3,TEN,22865.0,22628.0
2020-07-15,4,TEN,20707.0,20651.0
2020-07-15,5,TEN,19021.0,18997.0
2020-07-15,6,TEN,17662.0,17540.0
2020-07-15,7,TEN,16572.0,16459.0
2020-07-15,8,TEN,15981.0,15895.0
2020-07-15,9,TEN,15399.0,15321.0
2020-07-15,10,TEN,15500.0,15505.0
2020-07-15,11,TEN,15719.0,15752.0
2020-07-15,12,TEN,16339.0,16424.0
2020-07-15,13,TEN,17808.0,17813.0
2020-07-15,14,TEN,19501.0,19408.0
2020-07-15,15,TEN,21559.0,21374.0
2020-07-15,16,TEN,23763.0,23757.0
2020-07-15,17,TEN,25839.0,25746.0
2020-07-15,18,TEN,27191.0,26928.0
2020-07-15,19,TEN,27851.0,27323.0
2020-07-15,20,TEN,28475.0,27606.0
2020-07-15,21,TEN,28736.0,27509.0
2020-07-15,22,TEN,28889.0,27617.0
2020-07-15,23,TEN,28601.0,27540.0
2020-07-16,0,TEN,27969.0,26987.0
2020-07-16,1,TEN,26844.0,26526.0
2020-07-16,2,TEN,26049.0,25925.0
2020-07-16,3,TEN,24671.0,24620.0
2020-07-16,4,TEN,22760.0,22463.0
2020-07-16,5,TEN,20950.0,20771.0
2020-07-16,6,TEN,19526.0,19541.0
2020-07-16,7,TEN,18395.0,18199.0
2020-07-16,8,TEN,17709.0,17518.0
2020-07-16,9,TEN,17171.0,16973.0
2020-07-16,10,TEN,17101.0,17130.0
2020-07-16,11,TEN,17610.0,17583.0
2020-07-16,12,TEN,18224.0,18257.0
2020-07-16,13,TEN,19490.0,19416.0
2020-07-16,14,TEN,21284.0,21112.0
2020-07-16,15,TEN,23125.0,22874.0
2020-07-16,16,TEN,25077.0,24893.0
2020-07-16,17,TEN,26810.0,26686.0
2020-07-16,18,TEN,28003.0,27713.0
2020-07-16,19,TEN,28449.0,27904.0
2020-07-16,20,TEN,28783.0,27344.0
2020-07-16,21,TEN,28721.0,27407.0
2020-07-16,22,TEN,28093.0,26878.0
2020-07-16,23,TEN,27471.0,26425.0
2020-07-17,0,TEN,26536.0,25819.0
2020-07-17,1,TEN,25672.0,25104.0
2020-07-17,2,TEN,24998.0,24579.0
2020-07-17,3,TEN,23649.0,23430.0
2020-07-17,4,TEN,21832.0,21700.0
2020-07-17,5,TEN,20149.0,20028.0
2020-07-17,6,TEN,18784.0,18842.0
2020-07-17,7,TEN,17877.0,17870.0
2020-07-17,8,TEN,17217.0,17231.0
2020-07-17,9,TEN,16722.0,16774.0
2020-07-17,10,TEN,16664.0,16743.0
2020-07-17,11,TEN,17083.0,17143.0
2020-07-17,12,TEN,17746.0,17712.0
2020-07-17,13,TEN,19088.0,18983.0
2020-07-17,14,TEN,21006.0,20891.0
2020-07-17,15,TEN,23143.0,22992.0
2020-07-17,16,TEN,25103.0,24961.0
2020-07-17,17,TEN,26703.0,26595.0
2020-07-17,18,TEN,27663.0,27622.0
2020-07-17,19,TEN,28207.0,27897.0
2020-07-17,20,TEN,28473.0,27973.0
2020-07-17,21,TEN,28505.0,28014.0
2020-07-17,22,TEN,28207.0,27833.0
2020-07-17,23,TEN,27694.0,27475.0
2020-07-18,0,TEN,26720.0,26477.0
2020-07-18,1,TEN,25707.0,25447.0
2020-07-18,2,TEN,25026.0,24880.0
2020-07-18,3,TEN,23602.0,23476.0
2020-07-18,4,TEN,21812.0,21668.0
2020-07-18,5,TEN,20177.0,20020.0
2020-07-18,6,TEN,18941.0,18988.0
2020-07-18,7,TEN,17663.0,17734.0
2020-07-18,8,TEN,16882.0,16879.0
2020-07-18,9,TEN,16427.0,16409.0
2020-07-18,10,TEN,16156.0,16143.0
2020-07-18,11,TEN,16015.0,16030.0
2020-07-18,12,TEN,16261.0,16249.0
2020-07-18,13,TEN,17530.0,17458.0
2020-07-18,14,TEN,19597.0,19553.0
2020-07-18,15,TEN,22153.0,22027.0
2020-07-18,16,TEN,24328.0,24262.0
2020-07-18,17,TEN,26037.0,25904.0
2020-07-18,18,TEN,26999.0,26719.0
2020-07-18,19,TEN,27712.0,27357.0
2020-07-18,20,TEN,28145.0,27763.0
2020-07-18,21,TEN,28290.0,27650.0
2020-07-18,22,TEN,28249.0,27853.0
2020-07-18,23,TEN,27896.0,27825.0
2020-07-19,0,TEN,27213.0,27144.0
2020-07-19,1,TEN,26059.0,25985.0
2020-07-19,2,TEN,25404.0,25247.0
2020-07-19,3,TEN,23936.0,23835.0
2020-07-19,4,TEN,22188.0,22062.0
2020-07-19,5,TEN,20519.0,20363.0
2020-07-19,6,TEN,19084.0,19076.0
2020-07-19,7,TEN,17986.0,18053.0
2020-07-19,8,TEN,17111.0,17097.0
2020-07-19,9,TEN,16436.0,16280.0
2020-07-19,10,TEN,15958.0,15926.0
2020-07-19,11,TEN,15805.0,15771.0
2020-07-19,12,TEN,15916.0,15894.0
2020-07-19,13,TEN,17227.0,17034.0
2020-07-19,14,TEN,19500.0,19405.0
2020-07-19,15,TEN,21911.0,21800.0
2020-07-19,16,TEN,23812.0,23692.0
2020-07-19,17,TEN,25327.0,25186.0
2020-07-19,18,TEN,26397.0,26209.0
2020-07-19,19,TEN,27018.0,26611.0
2020-07-19,20,TEN,27277.0,26766.0
2020-07-19,21,TEN,27424.0,26964.0
2020-07-19,22,TEN,27554.0,26971.0
2020-07-19,23,TEN,27303.0,26859.0
2020-07-20,0,TEN,26559.0,26196.0
2020-07-20,1,TEN,25471.0,25395.0
2020-07-20,2,TEN,24836.0,24630.0
2020-07-20,3,TEN,23533.0,23364.0
2020-07-20,4,TEN,21755.0,21647.0
2020-07-20,5,TEN,20058.0,19931.0
2020-07-20,6,TEN,18761.0,18744.0
2020-07-20,7,TEN,17867.0,17837.0
2020-07-20,8,TEN,17154.0,17138.0
2020-07-20,9,TEN,16797.0,16781.0
2020-07-20,10,TEN,16938.0,16913.0
2020-07-20,11,TEN,17330.0,17245.0
2020-07-20,12,TEN,18039.0,17573.0
2020-07-20,13,TEN,19551.0,18873.0
2020-07-20,14,TEN,21419.0,20816.0
2020-07-20,15,TEN,23717.0,22908.0
2020-07-20,16,TEN,25774.0,24885.0
2020-07-20,17,TEN,27407.0,25446.0
2020-07-20,18,TEN,28292.0,25893.0
2020-07-20,19,TEN,28533.0,25899.0
2020-07-20,20,TEN,28886.0,25702.0
2020-07-20,21,TEN,28926.0,24780.0
2020-07-20,22,TEN,28770.0,24618.0
2020-07-20,23,TEN,28511.0,24923.0
2020-07-21,0,TEN,27539.0,24640.0
2020-07-21,1,TEN,26260.0,23672.0
2020-07-21,2,TEN,25261.0,23376.0
2020-07-21,3,TEN,23722.0,22386.0
2020-07-21,4,TEN,21813.0,21585.0
2020-07-21,5,TEN,20078.0,19837.0
2020-07-21,6,TEN,18585.0,18558.0
2020-07-21,7,TEN,17542.0,17395.0
2020-07-21,8,TEN,16822.0,16705.0
2020-07-21,9,TEN,16379.0,16414.0
2020-07-21,10,TEN,16452.0,16344.0
2020-07-21,11,TEN,16824.0,16705.0
2020-07-21,12,TEN,17535.0,17122.0
2020-07-21,13,TEN,18954.0,18537.0
2020-07-21,14,TEN,20615.0,19997.0
2020-07-21,15,TEN,22534.0,21631.0
2020-07-21,16,TEN,24731.0,23288.0
2020-07-21,17,TEN,26614.0,24077.0
2020-07-21,18,TEN,27694.0,24402.0
2020-07-21,19,TEN,27971.0,24622.0
2020-07-21,20,TEN,28094.0,24234.0
2020-07-21,21,TEN,27980.0,24183.0
2020-07-21,22,TEN,27367.0,23724.0
2020-07-21,23,TEN,26864.0,24021.0
2020-07-22,0,TEN,26095.0,23412.0
2020-07-22,1,TEN,25133.0,22935.0
2020-07-22,2,TEN,24235.0,22876.0
2020-07-22,3,TEN,22799.0,21943.0
2020-07-22,4,TEN,20883.0,20514.0
2020-07-22,5,TEN,19304.0,19012.0
2020-07-22,6,TEN,18125.0,17990.0
2020-07-22,7,TEN,17098.0,17024.0
2020-07-22,8,TEN,16470.0,16347.0
2020-07-22,9,TEN,16101.0,16135.0
2020-07-22,10,TEN,16052.0,16091.0
2020-07-22,11,TEN,16511.0,16542.0
2020-07-22,12,TEN,17178.0,16598.0
2020-07-22,13,TEN,18269.0,17252.0
2020-07-22,14,TEN,19716.0,18359.0
2020-07-22,15,TEN,21292.0,20010.0
2020-07-22,16,TEN,23202.0,21573.0
2020-07-22,17,TEN,24956.0,22504.0
2020-07-22,18,TEN,26041.0,23018.0
2020-07-22,19,TEN,26225.0,23200.0
2020-07-22,20,TEN,26204.0,23083.0
2020-07-22,21,TEN,26020.0,22728.0
2020-07-22,22,TEN,25607.0,22519.0
2020-07-22,23,TEN,25061.0,22205.0
2020-07-23,0,TEN,24151.0,21658.0
2020-07-23,1,TEN,23340.0,21478.0
2020-07-23,2,TEN,22944.0,21291.0
2020-07-23,3,TEN,21759.0,20165.0
2020-07-23,4,TEN,20222.0,19267.0
2020-07-23,5,TEN,18834.0,18330.0
2020-07-23,6,TEN,17735.0,17581.0
2020-07-23,7,TEN,16976.0,16897.0
2020-07-23,8,TEN,16311.0,16224.0
2020-07-23,9,TEN,16048.0,15969.0
2020-07-23,10,TEN,16079.0,15994.0
2020-07-23,11,TEN,16617.0,16527.0
2020-07-23,12,TEN,17321.0,16999.0
2020-07-23,13,TEN,18403.0,18041.0
2020-07-23,14,TEN,19667.0,19068.0
2020-07-23,15,TEN,21026.0,20413.0
2020-07-23,16,TEN,22604.0,21633.0
2020-07-23,17,TEN,23986.0,22619.0
2020-07-23,18,TEN,24995.0,23134.0
2020-07-23,19,TEN,25313.0,22883.0
2020-07-23,20,TEN,25687.0,23025.0
2020-07-23,21,TEN,25825.0,23217.0
2020-07-23,22,TEN,25662.0,23144.0
2020-07-23,23,TEN,25369.0,23403.0
2020-07-24,0,TEN,24744.0,23167.0
2020-07-24,1,TEN,23831.0,22388.0
2020-07-24,2,TEN,23295.0,22168.0
2020-07-24,3,TEN,22199.0,21288.0
2020-07-24,4,TEN,20541.0,19957.0
2020-07-24,5,TEN,19031.0,18607.0
2020-07-24,6,TEN,17929.0,17706.0
2020-07-24,7,TEN,16908.0,16927.0
2020-07-24,8,TEN,16234.0,16215.0
2020-07-24,9,TEN,15996.0,15988.0
2020-07-24,10,TEN,16009.0,16023.0
2020-07-24,11,TEN,16436.0,16507.0
2020-07-24,12,TEN,16921.0,16517.0
2020-07-24,13,TEN,18164.0,17494.0
2020-07-24,14,TEN,19549.0,18756.0
2020-07-24,15,TEN,21046.0,20233.0
2020-07-24,16,TEN,22806.0,21592.0
2020-07-24,17,TEN,24304.0,22683.0
2020-07-24,18,TEN,25582.0,23413.0
2020-07-24,19,TEN,26289.0,23637.0
2020-07-24,20,TEN,26633.0,23869.0
2020-07-24,21,TEN,26569.0,23850.0
2020-07-24,22,TEN,26036.0,23664.0
2020-07-24,23,TEN,25325.0,23294.0
2020-07-25,0,TEN,24293.0,22682.0
2020-07-25,1,TEN,23486.0,22223.0
2020-07-25,2,TEN,22873.0,21764.0
2020-07-25,3,TEN,21565.0,20694.0
2020-07-25,4,TEN,20217.0,19774.0
2020-07-25,5,TEN,18691.0,18489.0
2020-07-25,6,TEN,17380.0,17244.0
2020-07-25,7,TEN,16478.0,16369.0
2020-07-25,8,TEN,15848.0,15728.0
2020-07-25,9,TEN,15364.0,15328.0
2020-07-25,10,TEN,15083.0,15046.0
2020-07-25,11,TEN,15122.0,15078.0
2020-07-25,12,TEN,15357.0,15228.0
2020-07-25,13,TEN,16408.0,16241.0
2020-07-25,14,TEN,18339.0,18135.0
2020-07-25,15,TEN,20403.0,20146.0
2020-07-25,16,TEN,22308.0,22093.0
2020-07-25,17,TEN,23762.0,23303.0
2020-07-25,18,TEN,24779.0,23766.0
2020-07-25,19,TEN,25296.0,24166.0
2020-07-25,20,TEN,25587.0,24563.0
2020-07-25,21,TEN,25800.0,24842.0
2020-07-25,22,TEN,25557.0,24668.0
2020-07-25,23,TEN,25155.0,24510.0
2020-07-26,0,TEN,24380.0,24188.0
2020-07-26,1,TEN,23337.0,23292.0
2020-07-26,2,TEN,22729.0,22644.0
2020-07-26,3,TEN,21413.0,21382.0
2020-07-26,4,TEN,19863.0,19761.0
2020-07-26,5,TEN,18371.0,18306.0
2020-07-26,6,TEN,17106.0,17013.0
2020-07-26,7,TEN,16200.0,16086.0
2020-07-26,8,TEN,15493.0,15385.0
2020-07-26,9,TEN,14969.0,14969.0
2020-07-26,10,TEN,14716.0,14680.0
2020-07-26,11,TEN,14530.0,14423.0
2020-07-26,12,TEN,14607.0,14607.0
2020-07-26,13,TEN,15691.0,15662.0
2020-07-26,14,TEN,17675.0,17535.0
2020-07-26,15,TEN,19711.0,19379.0
2020-07-26,16,TEN,21627.0,20923.0
2020-07-26,17,TEN,23373.0,22938.0
2020-07-26,18,TEN,24712.0,23949.0
2020-07-26,19,TEN,25498.0,24224.0
2020-07-26,20,TEN,26057.0,24621.0
2020-07-26,21,TEN,26254.0,24647.0
2020-07-26,22,TEN,26420.0,24694.0
2020-07-26,23,TEN,26013.0,24616.0
2020-07-27,0,TEN,25225.0,24212.0
2020-07-27,1,TEN,24231.0,23652.0
2020-07-27,2,TEN,23467.0,23272.0
2020-07-27,3,TEN,22124.0,22069.0
2020-07-27,4,TEN,20364.0,20268.0
2020-07-27,5,TEN,18822.0,18765.0
2020-07-27,6,TEN,17666.0,17569.0
2020-07-27,7,TEN,16674.0,16513.0
2020-07-27,8,TEN,16073.0,15891.0
2020-07-27,9,TEN,15760.0,15586.0
2020-07-27,10,TEN,15892.0,15793.0
2020-07-27,11,TEN,16398.0,16297.0
2020-07-27,12,TEN,17158.0,17074.0
2020-07-27,13,TEN,18601.0,18568.0
2020-07-27,14,TEN,20447.0,20342.0
2020-07-27,15,TEN,22447.0,21848.0
2020-07-27,16,TEN,24390.0,22688.0
2020-07-27,17,TEN,25931.0,23273.0
2020-07-27,18,TEN,26804.0,23403.0
2020-07-27,19,TEN,27076.0,23680.0
2020-07-27,20,TEN,27335.0,23823.0
2020-07-27,21,TEN,27521.0,24148.0
2020-07-27,22,TEN,27499.0,24290.0
2020-07-27,23,TEN,27158.0,24375.0
2020-07-28,0,TEN,26331.0,23828.0
2020-07-28,1,TEN,25358.0,23093.0
2020-07-28,2,TEN,24677.0,23062.0
2020-07-28,3,TEN,23158.0,22136.0
2020-07-28,4,TEN,21358.0,20796.0
2020-07-28,5,TEN,19763.0,19303.0
2020-07-28,6,TEN,18520.0,18343.0
2020-07-28,7,TEN,17541.0,17280.0
2020-07-28,8,TEN,16855.0,16419.0
2020-07-28,9,TEN,16494.0,15871.0
2020-07-28,10,TEN,16467.0,15800.0
2020-07-28,11,TEN,17031.0,16230.0
2020-07-28,12,TEN,17654.0,16556.0
2020-07-28,13,TEN,18928.0,18098.0
2020-07-28,14,TEN,20389.0,19849.0
2020-07-28,15,TEN,22110.0,21376.0
2020-07-28,16,TEN,23671.0,22815.0
2020-07-28,17,TEN,25097.0,22959.0
2020-07-28,18,TEN,26143.0,23635.0
2020-07-28,19,TEN,26541.0,23713.0
2020-07-28,20,TEN,26838.0,24044.0
2020-07-28,21,TEN,26810.0,24194.0
2020-07-28,22,TEN,26585.0,24017.0
2020-07-28,23,TEN,26271.0,24050.0
2020-07-29,0,TEN,25411.0,23222.0
2020-07-29,1,TEN,24414.0,22719.0
2020-07-29,2,TEN,23804.0,22506.0
2020-07-29,3,TEN,22552.0,21370.0
2020-07-29,4,TEN,20764.0,20160.0
2020-07-29,5,TEN,19258.0,19103.0
2020-07-29,6,TEN,17989.0,17802.0
2020-07-29,7,TEN,17106.0,16929.0
2020-07-29,8,TEN,16486.0,16241.0
2020-07-29,9,TEN,16151.0,15883.0
2020-07-29,10,TEN,16329.0,16170.0
2020-07-29,11,TEN,16937.0,16747.0
2020-07-29,12,TEN,17469.0,17300.0
2020-07-29,13,TEN,18722.0,18598.0
2020-07-29,14,TEN,20129.0,19992.0
2020-07-29,15,TEN,21707.0,21540.0
2020-07-29,16,TEN,23370.0,23202.0
2020-07-29,17,TEN,24843.0,23868.0
2020-07-29,18,TEN,25917.0,23947.0
2020-07-29,19,TEN,26457.0,24407.0
2020-07-29,20,TEN,26906.0,24924.0
2020-07-29,21,TEN,27079.0,25216.0
2020-07-29,22,TEN,26866.0,25133.0
2020-07-29,23,TEN,26574.0,24971.0
2020-07-30,0,TEN,25764.0,24760.0
2020-07-30,1,TEN,24939.0,24563.0
2020-07-30,2,TEN,24272.0,24085.0
2020-07-30,3,TEN,22848.0,22651.0
2020-07-30,4,TEN,21392.0,21216.0
2020-07-30,5,TEN,19650.0,19427.0
2020-07-30,6,TEN,18567.0,18549.0
2020-07-30,7,TEN,17732.0,17669.0
2020-07-30,8,TEN,17108.0,17021.0
2020-07-30,9,TEN,16892.0,16899.0
2020-07-30,10,TEN,17044.0,17108.0
2020-07-30,11,TEN,17728.0,17738.0
2020-07-30,12,TEN,18311.0,18382.0
2020-07-30,13,TEN,19418.0,19482.0
2020-07-30,14,TEN,20445.0,20511.0
2020-07-30,15,TEN,21424.0,21325.0
2020-07-30,16,TEN,22625.0,22496.0
2020-07-30,17,TEN,23771.0,23653.0
2020-07-30,18,TEN,24670.0,24591.0
2020-07-30,19,TEN,25240.0,24726.0
2020-07-30,20,TEN,25796.0,25202.0
2020-07-30,21,TEN,26161.0,25537.0
2020-07-30,22,TEN,26167.0,25417.0
2020-07-30,23,TEN,25898.0,25267.0
2020-07-31,0,TEN,25382.0,24827.0
2020-07-31,1,TEN,24534.0,24080.0
2020-07-31,2,TEN,24094.0,23712.0
2020-07-31,3,TEN,22811.0,22395.0
2020-07-31,4,TEN,21378.0,21528.0
2020-07-31,5,TEN,20062.0,20111.0
2020-07-31,6,TEN,18956.0,18909.0
2020-07-31,7,TEN,18125.0,18101.0
2020-07-31,8,TEN,17578.0,17586.0
2020-07-31,9,TEN,17261.0,17277.0
2020-07-31,10,TEN,17242.0,17326.0
2020-07-31,11,TEN,17611.0,17691.0
2020-07-31,12,TEN,18145.0,18233.0
2020-07-31,13,TEN,19362.0,19493.0
2020-07-31,14,TEN,20860.0,20893.0
2020-07-31,15,TEN,22351.0,22174.0
2020-07-31,16,TEN,23809.0,23793.0
2020-07-31,17,TEN,25184.0,25052.0
2020-07-31,18,TEN,26254.0,26092.0
2020-07-31,19,TEN,26306.0,26323.0
2020-07-31,20,TEN,26161.0,25922.0
2020-07-31,21,TEN,25982.0,25476.0
2020-07-31,22,TEN,25618.0,25421.0
2020-07-31,23,TEN,24636.0,24498.0
2020-08-01,0,TEN,23628.0,23642.0
2020-08-01,1,TEN,22872.0,22932.0
2020-08-01,2,TEN,22399.0,22302.0
2020-08-01,3,TEN,21148.0,20563.0
2020-08-01,4,TEN,19689.0,19133.0
2020-08-01,5,TEN,18307.0,17830.0
2020-08-01,6,TEN,17208.0,16903.0
2020-08-01,7,TEN,16450.0,16461.0
2020-08-01,8,TEN,15757.0,15758.0
2020-08-01,9,TEN,15458.0,15443.0
2020-08-01,10,TEN,15341.0,15321.0
2020-08-01,11,TEN,15586.0,15556.0
2020-08-01,12,TEN,15722.0,15657.0
2020-08-01,13,TEN,16437.0,16422.0
2020-08-01,14,TEN,17603.0,17637.0
2020-08-01,15,TEN,18862.0,18879.0
2020-08-01,16,TEN,20078.0,20052.0
2020-08-01,17,TEN,20798.0,20648.0
2020-08-01,18,TEN,21315.0,21251.0
2020-08-01,19,TEN,21723.0,21592.0
2020-08-01,20,TEN,21891.0,21815.0
2020-08-01,21,TEN,21990.0,21829.0
2020-08-01,22,TEN,21997.0,21967.0
2020-08-01,23,TEN,21645.0,21578.0
2020-08-02,0,TEN,20970.0,20904.0
2020-08-02,1,TEN,20146.0,20065.0
2020-08-02,2,TEN,19852.0,19615.0
2020-08-02,3,TEN,18896.0,18738.0
2020-08-02,4,TEN,17597.0,17565.0
2020-08-02,5,TEN,16325.0,16490.0
2020-08-02,6,TEN,15283.0,15319.0
2020-08-02,7,TEN,14490.0,14421.0
2020-08-02,8,TEN,13950.0,13892.0
2020-08-02,9,TEN,13591.0,13660.0
2020-08-02,10,TEN,13533.0,13667.0
2020-08-02,11,TEN,13498.0,13624.0
2020-08-02,12,TEN,13472.0,13704.0
2020-08-02,13,TEN,14416.0,14493.0
2020-08-02,14,TEN,15736.0,15814.0
2020-08-02,15,TEN,17237.0,17329.0
2020-08-02,16,TEN,18723.0,18819.0
2020-08-02,17,TEN,19969.0,20006.0
2020-08-02,18,TEN,20966.0,21060.0
2020-08-02,19,TEN,21958.0,21915.0
2020-08-02,20,TEN,22701.0,22349.0
2020-08-02,21,TEN,23230.0,23059.0
2020-08-02,22,TEN,23592.0,23405.0
2020-08-02,23,TEN,23557.0,23607.0
2020-08-03,0,TEN,22908.0,22910.0
2020-08-03,1,TEN,21807.0,21790.0
2020-08-03,2,TEN,21089.0,20883.0
2020-08-03,3,TEN,19852.0,19707.0
2020-08-03,4,TEN,18262.0,18156.0
2020-08-03,5,TEN,16673.0,16620.0
2020-08-03,6,TEN,15671.0,15656.0
2020-08-03,7,TEN,14896.0,14910.0
2020-08-03,8,TEN,14372.0,14462.0
2020-08-03,9,TEN,14236.0,14424.0
2020-08-03,10,TEN,14460.0,14580.0
2020-08-03,11,TEN,15165.0,15139.0
2020-08-03,12,TEN,15859.0,15875.0
2020-08-03,13,TEN,16903.0,16965.0
2020-08-03,14,TEN,17892.0,17920.0
2020-08-03,15,TEN,19222.0,19299.0
2020-08-03,16,TEN,20780.0,20836.0
2020-08-03,17,TEN,22443.0,22378.0
2020-08-03,18,TEN,23742.0,23706.0
2020-08-03,19,TEN,24387.0,24356.0
2020-08-03,20,TEN,25001.0,24897.0
2020-08-03,21,TEN,25274.0,25106.0
2020-08-03,22,TEN,25359.0,25266.0
2020-08-03,23,TEN,25059.0,25044.0
2020-08-04,0,TEN,24198.0,24140.0
2020-08-04,1,TEN,23142.0,22973.0
2020-08-04,2,TEN,22426.0,22347.0
2020-08-04,3,TEN,20974.0,20880.0
2020-08-04,4,TEN,19141.0,19069.0
2020-08-04,5,TEN,17621.0,17488.0
2020-08-04,6,TEN,16446.0,16423.0
2020-08-04,7,TEN,15674.0,15688.0
2020-08-04,8,TEN,15125.0,15247.0
2020-08-04,9,TEN,14763.0,15042.0
2020-08-04,10,TEN,14879.0,15099.0
2020-08-04,11,TEN,15593.0,15633.0
2020-08-04,12,TEN,16174.0,16349.0
2020-08-04,13,TEN,17200.0,17386.0
2020-08-04,14,TEN,18200.0,18384.0
2020-08-04,15,TEN,19282.0,19357.0
2020-08-04,16,TEN,20496.0,20581.0
2020-08-04,17,TEN,21758.0,21802.0
2020-08-04,18,TEN,22778.0,22737.0
2020-08-04,19,TEN,23189.0,23350.0
2020-08-04,20,TEN,23635.0,23739.0
2020-08-04,21,TEN,23966.0,24021.0
2020-08-04,22,TEN,23794.0,23924.0
2020-08-04,23,TEN,23428.0,23527.0
2020-08-05,0,TEN,22700.0,22794.0
2020-08-05,1,TEN,21876.0,22141.0
2020-08-05,2,TEN,21329.0,21705.0
2020-08-05,3,TEN,20014.0,20259.0
2020-08-05,4,TEN,18311.0,18480.0
2020-08-05,5,TEN,16735.0,16886.0
2020-08-05,6,TEN,15747.0,15761.0
2020-08-05,7,TEN,14878.0,14943.0
2020-08-05,8,TEN,14367.0,14401.0
2020-08-05,9,TEN,14228.0,14300.0
2020-08-05,10,TEN,14289.0,14342.0
2020-08-05,11,TEN,14743.0,14745.0
2020-08-05,12,TEN,15407.0,15493.0
2020-08-05,13,TEN,16424.0,16514.0
2020-08-05,14,TEN,17666.0,17752.0
2020-08-05,15,TEN,19015.0,19023.0
2020-08-05,16,TEN,20551.0,20553.0
2020-08-05,17,TEN,22078.0,22131.0
2020-08-05,18,TEN,23203.0,23397.0
2020-08-05,19,TEN,23882.0,23904.0
2020-08-05,20,TEN,24281.0,24129.0
2020-08-05,21,TEN,24607.0,24436.0
2020-08-05,22,TEN,24712.0,24531.0
2020-08-05,23,TEN,24390.0,24387.0
2020-08-06,0,TEN,23472.0,23499.0
2020-08-06,1,TEN,22510.0,22666.0
2020-08-06,2,TEN,21830.0,21911.0
2020-08-06,3,TEN,20413.0,20448.0
2020-08-06,4,TEN,18661.0,18786.0
2020-08-06,5,TEN,17102.0,17173.0
2020-08-06,6,TEN,16043.0,15917.0
2020-08-06,7,TEN,15191.0,15218.0
2020-08-06,8,TEN,14647.0,14960.0
2020-08-06,9,TEN,14372.0,14761.0
2020-08-06,10,TEN,14562.0,14902.0
2020-08-06,11,TEN,15104.0,15145.0
2020-08-06,12,TEN,15703.0,15692.0
2020-08-06,13,TEN,16772.0,16822.0
2020-08-06,14,TEN,18068.0,18171.0
2020-08-06,15,TEN,19445.0,19465.0
2020-08-06,16,TEN,21112.0,21137.0
2020-08-06,17,TEN,22528.0,22569.0
2020-08-06,18,TEN,23479.0,23453.0
2020-08-06,19,TEN,24378.0,24300.0
2020-08-06,20,TEN,24941.0,24496.0
2020-08-06,21,TEN,25249.0,24851.0
2020-08-06,22,TEN,25212.0,24696.0
2020-08-06,23,TEN,24914.0,24524.0
2020-08-07,0,TEN,24040.0,23952.0
2020-08-07,1,TEN,22996.0,22973.0
2020-08-07,2,TEN,22223.0,22140.0
2020-08-07,3,TEN,20803.0,20713.0
2020-08-07,4,TEN,18907.0,18879.0
2020-08-07,5,TEN,17482.0,17488.0
2020-08-07,6,TEN,16311.0,16232.0
2020-08-07,7,TEN,15361.0,15328.0
2020-08-07,8,TEN,14869.0,14936.0
2020-08-07,9,TEN,14724.0,14883.0
2020-08-07,10,TEN,14651.0,14815.0
2020-08-07,11,TEN,15200.0,15303.0
2020-08-07,12,TEN,15984.0,15988.0
2020-08-07,13,TEN,16983.0,17065.0
2020-08-07,14,TEN,18250.0,18296.0
2020-08-07,15,TEN,19882.0,19977.0
2020-08-07,16,TEN,21555.0,21700.0
2020-08-07,17,TEN,22990.0,22538.0
2020-08-07,18,TEN,24250.0,23975.0
2020-08-07,19,TEN,25071.0,24696.0
2020-08-07,20,TEN,25801.0,25271.0
2020-08-07,21,TEN,26351.0,25617.0
2020-08-07,22,TEN,26468.0,25719.0
2020-08-07,23,TEN,25982.0,25487.0
2020-08-08,0,TEN,24984.0,24751.0
2020-08-08,1,TEN,23792.0,23753.0
2020-08-08,2,TEN,22999.0,22878.0
2020-08-08,3,TEN,21439.0,21320.0
2020-08-08,4,TEN,19666.0,19721.0
2020-08-08,5,TEN,18013.0,18260.0
2020-08-08,6,TEN,16672.0,16934.0
2020-08-08,7,TEN,15664.0,15949.0
2020-08-08,8,TEN,15010.0,15497.0
2020-08-08,9,TEN,14449.0,15051.0
2020-08-08,10,TEN,14337.0,15077.0
2020-08-08,11,TEN,14309.0,15014.0
2020-08-08,12,TEN,14442.0,15168.0
2020-08-08,13,TEN,15322.0,15944.0
2020-08-08,14,TEN,17092.0,17235.0
2020-08-08,15,TEN,19090.0,19160.0
2020-08-08,16,TEN,21152.0,21105.0
2020-08-08,17,TEN,22868.0,22734.0
2020-08-08,18,TEN,24387.0,24337.0
2020-08-08,19,TEN,25529.0,25357.0
2020-08-08,20,TEN,26198.0,25658.0
2020-08-08,21,TEN,26615.0,25904.0
2020-08-08,22,TEN,26827.0,25793.0
2020-08-08,23,TEN,26652.0,25740.0
2020-08-09,0,TEN,25678.0,25284.0
2020-08-09,1,TEN,24260.0,24049.0
2020-08-09,2,TEN,23383.0,23135.0
2020-08-09,3,TEN,21670.0,21406.0
2020-08-09,4,TEN,19983.0,20204.0
2020-08-09,5,TEN,18386.0,18697.0
2020-08-09,6,TEN,17147.0,17104.0
2020-08-09,7,TEN,16070.0,16236.0
2020-08-09,8,TEN,15387.0,15609.0
2020-08-09,9,TEN,14910.0,15171.0
2020-08-09,10,TEN,14540.0,14937.0
2020-08-09,11,TEN,14377.0,14754.0
2020-08-09,12,TEN,14451.0,14865.0
2020-08-09,13,TEN,15495.0,15813.0
2020-08-09,14,TEN,17177.0,17313.0
2020-08-09,15,TEN,19015.0,19139.0
2020-08-09,16,TEN,20894.0,20865.0
2020-08-09,17,TEN,22963.0,22864.0
2020-08-09,18,TEN,24647.0,24629.0
2020-08-09,19,TEN,25788.0,25634.0
2020-08-09,20,TEN,26648.0,26083.0
2020-08-09,21,TEN,27153.0,26566.0
2020-08-09,22,TEN,27455.0,26800.0
2020-08-09,23,TEN,27182.0,26347.0
2020-08-10,0,TEN,26169.0,25482.0
2020-08-10,1,TEN,25104.0,24816.0
2020-08-10,2,TEN,24202.0,24068.0
2020-08-10,3,TEN,22500.0,22367.0
2020-08-10,4,TEN,20733.0,20798.0
2020-08-10,5,TEN,19003.0,19057.0
2020-08-10,6,TEN,17792.0,17753.0
2020-08-10,7,TEN,16914.0,16890.0
2020-08-10,8,TEN,16367.0,16394.0
2020-08-10,9,TEN,16127.0,16189.0
2020-08-10,10,TEN,16340.0,16329.0
2020-08-10,11,TEN,17026.0,17035.0
2020-08-10,12,TEN,17796.0,17948.0
2020-08-10,13,TEN,18860.0,18880.0
2020-08-10,14,TEN,20387.0,20258.0
2020-08-10,15,TEN,22223.0,22076.0
2020-08-10,16,TEN,24175.0,23726.0
2020-08-10,17,TEN,25574.0,25243.0
2020-08-10,18,TEN,26734.0,26350.0
2020-08-10,19,TEN,27187.0,26486.0
2020-08-10,20,TEN,27475.0,26684.0
2020-08-10,21,TEN,27635.0,26685.0
2020-08-10,22,TEN,27735.0,27041.0
2020-08-10,23,TEN,27450.0,26997.0
2020-08-11,0,TEN,26776.0,26290.0
2020-08-11,1,TEN,25800.0,25542.0
2020-08-11,2,TEN,24946.0,24576.0
2020-08-11,3,TEN,23260.0,23127.0
2020-08-11,4,TEN,21287.0,21106.0
2020-08-11,5,TEN,19672.0,19489.0
2020-08-11,6,TEN,18549.0,18603.0
2020-08-11,7,TEN,17569.0,17579.0
2020-08-11,8,TEN,16912.0,16820.0
2020-08-11,9,TEN,16468.0,16410.0
2020-08-11,10,TEN,16411.0,16372.0
2020-08-11,11,TEN,16880.0,16907.0
2020-08-11,12,TEN,17607.0,17560.0
2020-08-11,13,TEN,18493.0,18268.0
2020-08-11,14,TEN,19835.0,19375.0
2020-08-11,15,TEN,21511.0,21130.0
2020-08-11,16,TEN,23255.0,22852.0
2020-08-11,17,TEN,24963.0,24553.0
2020-08-11,18,TEN,26348.0,25576.0
2020-08-11,19,TEN,26610.0,25585.0
2020-08-11,20,TEN,27030.0,25432.0
2020-08-11,21,TEN,27236.0,25543.0
2020-08-11,22,TEN,26872.0,25417.0
2020-08-11,23,TEN,26649.0,25609.0
2020-08-12,0,TEN,25722.0,25093.0
2020-08-12,1,TEN,24848.0,24256.0
2020-08-12,2,TEN,24181.0,23605.0
2020-08-12,3,TEN,22481.0,22111.0
2020-08-12,4,TEN,20602.0,20368.0
2020-08-12,5,TEN,19153.0,19060.0
2020-08-12,6,TEN,17896.0,17458.0
2020-08-12,7,TEN,17002.0,16961.0
2020-08-12,8,TEN,16417.0,16366.0
2020-08-12,9,TEN,16143.0,16126.0
2020-08-12,10,TEN,16195.0,16187.0
2020-08-12,11,TEN,16825.0,16863.0
2020-08-12,12,TEN,17494.0,17433.0
2020-08-12,13,TEN,18641.0,18597.0
2020-08-12,14,TEN,20143.0,19979.0
2020-08-12,15,TEN,21916.0,21781.0
2020-08-12,16,TEN,23564.0,23391.0
2020-08-12,17,TEN,25209.0,25095.0
2020-08-12,18,TEN,26224.0,25865.0
2020-08-12,19,TEN,26398.0,25537.0
2020-08-12,20,TEN,26460.0,25304.0
2020-08-12,21,TEN,26080.0,24915.0
2020-08-12,22,TEN,25815.0,24750.0
2020-08-12,23,TEN,25236.0,24390.0
2020-08-13,0,TEN,24529.0,24163.0
2020-08-13,1,TEN,23859.0,23730.0
2020-08-13,2,TEN,23226.0,23087.0
2020-08-13,3,TEN,21644.0,21392.0
2020-08-13,4,TEN,20031.0,20028.0
2020-08-13,5,TEN,18502.0,18625.0
2020-08-13,6,TEN,17361.0,17514.0
2020-08-13,7,TEN,16530.0,16771.0
2020-08-13,8,TEN,15868.0,16051.0
2020-08-13,9,TEN,15637.0,15825.0
2020-08-13,10,TEN,15833.0,16091.0
2020-08-13,11,TEN,16531.0,16532.0
2020-08-13,12,TEN,17193.0,17243.0
2020-08-13,13,TEN,18363.0,18387.0
2020-08-13,14,TEN,19668.0,19877.0
2020-08-13,15,TEN,21363.0,21365.0
2020-08-13,16,TEN,22959.0,22941.0
2020-08-13,17,TEN,24539.0,24537.0
2020-08-13,18,TEN,25821.0,25765.0
2020-08-13,19,TEN,26468.0,26346.0
2020-08-13,20,TEN,26933.0,26188.0
2020-08-13,21,TEN,26937.0,26049.0
2020-08-13,22,TEN,26699.0,25749.0
2020-08-13,23,TEN,26179.0,25368.0
2020-08-14,0,TEN,25236.0,24962.0
2020-08-14,1,TEN,24157.0,24089.0
2020-08-14,2,TEN,23421.0,23324.0
2020-08-14,3,TEN,21933.0,21969.0
2020-08-14,4,TEN,20161.0,20136.0
2020-08-14,5,TEN,18705.0,18740.0
2020-08-14,6,TEN,17585.0,17521.0
2020-08-14,7,TEN,16803.0,16741.0
2020-08-14,8,TEN,16170.0,16116.0
2020-08-14,9,TEN,15856.0,15839.0
2020-08-14,10,TEN,15893.0,15895.0
2020-08-14,11,TEN,16706.0,16698.0
2020-08-14,12,TEN,17430.0,17434.0
2020-08-14,13,TEN,18185.0,18241.0
2020-08-14,14,TEN,19291.0,19347.0
2020-08-14,15,TEN,20366.0,20448.0
2020-08-14,16,TEN,21472.0,21553.0
2020-08-14,17,TEN,22689.0,22816.0
2020-08-14,18,TEN,23442.0,23439.0
2020-08-14,19,TEN,24114.0,24072.0
2020-08-14,20,TEN,24440.0,24221.0
2020-08-14,21,TEN,24587.0,24301.0
2020-08-14,22,TEN,24506.0,24325.0
2020-08-14,23,TEN,24129.0,24085.0
2020-08-15,0,TEN,23183.0,23156.0
2020-08-15,1,TEN,22510.0,22423.0
2020-08-15,2,TEN,21950.0,21800.0
2020-08-15,3,TEN,20678.0,20636.0
2020-08-15,4,TEN,19225.0,19244.0
2020-08-15,5,TEN,17952.0,17916.0
2020-08-15,6,TEN,16943.0,16833.0
2020-08-15,7,TEN,16209.0,16088.0
2020-08-15,8,TEN,15575.0,15383.0
2020-08-15,9,TEN,15295.0,15235.0
2020-08-15,10,TEN,15272.0,15253.0
2020-08-15,11,TEN,15407.0,15378.0
2020-08-15,12,TEN,15526.0,15500.0
2020-08-15,13,TEN,16242.0,16260.0
2020-08-15,14,TEN,17316.0,17381.0
2020-08-15,15,TEN,18859.0,18935.0
2020-08-15,16,TEN,20419.0,20472.0
2020-08-15,17,TEN,21884.0,22022.0
2020-08-15,18,TEN,22915.0,22969.0
2020-08-15,19,TEN,23768.0,23360.0
2020-08-15,20,TEN,24473.0,23975.0
2020-08-15,21,TEN,24804.0,23947.0
2020-08-15,22,TEN,25194.0,23944.0
2020-08-15,23,TEN,24942.0,23825.0
2020-08-16,0,TEN,24198.0,23307.0
2020-08-16,1,TEN,23109.0,22653.0
2020-08-16,2,TEN,22212.0,21740.0
2020-08-16,3,TEN,20648.0,20633.0
2020-08-16,4,TEN,19154.0,19195.0
2020-08-16,5,TEN,17670.0,17589.0
2020-08-16,6,TEN,16515.0,16505.0
2020-08-16,7,TEN,15551.0,15524.0
2020-08-16,8,TEN,14951.0,14933.0
2020-08-16,9,TEN,14548.0,14526.0
2020-08-16,10,TEN,14399.0,14563.0
2020-08-16,11,TEN,14244.0,14543.0
2020-08-16,12,TEN,14322.0,14493.0
2020-08-16,13,TEN,15244.0,15294.0
2020-08-16,14,TEN,16786.0,16871.0
2020-08-16,15,TEN,18762.0,18822.0
2020-08-16,16,TEN,20584.0,20656.0
2020-08-16,17,TEN,22136.0,22283.0
2020-08-16,18,TEN,23402.0,22788.0
2020-08-16,19,TEN,24161.0,23698.0
2020-08-16,20,TEN,24631.0,24089.0
2020-08-16,21,TEN,24871.0,24444.0
2020-08-16,22,TEN,24950.0,24410.0
2020-08-16,23,TEN,24520.0,24151.0
2020-08-17,0,TEN,23541.0,23554.0
2020-08-17,1,TEN,22334.0,22231.0
2020-08-17,2,TEN,21614.0,21592.0
2020-08-17,3,TEN,20180.0,20317.0
2020-08-17,4,TEN,18489.0,18513.0
2020-08-17,5,TEN,17069.0,17054.0
2020-08-17,6,TEN,15902.0,15743.0
2020-08-17,7,TEN,15152.0,15129.0
2020-08-17,8,TEN,14598.0,14522.0
2020-08-17,9,TEN,14397.0,14350.0
2020-08-17,10,TEN,14675.0,14682.0
2020-08-17,11,TEN,15487.0,15483.0
2020-08-17,12,TEN,16139.0,16193.0
2020-08-17,13,TEN,17272.0,17270.0
2020-08-17,14,TEN,18313.0,18021.0
2020-08-17,15,TEN,19839.0,19330.0
2020-08-17,16,TEN,21542.0,20972.0
2020-08-17,17,TEN,22941.0,22321.0
2020-08-17,18,TEN,24159.0,23872.0
2020-08-17,19,TEN,24926.0,24846.0
2020-08-17,20,TEN,25714.0,25176.0
2020-08-17,21,TEN,26241.0,25395.0
2020-08-17,22,TEN,26533.0,25787.0
2020-08-17,23,TEN,26244.0,25739.0
2020-08-18,0,TEN,25264.0,25127.0
2020-08-18,1,TEN,24032.0,24229.0
2020-08-18,2,TEN,22896.0,22720.0
2020-08-18,3,TEN,21170.0,20990.0
2020-08-18,4,TEN,19179.0,19133.0
2020-08-18,5,TEN,17624.0,17570.0
2020-08-18,6,TEN,16381.0,16297.0
2020-08-18,7,TEN,15537.0,15517.0
2020-08-18,8,TEN,14917.0,15020.0
2020-08-18,9,TEN,14644.0,14775.0
2020-08-18,10,TEN,14776.0,14913.0
2020-08-18,11,TEN,15312.0,15297.0
2020-08-18,12,TEN,16176.0,16156.0
2020-08-18,13,TEN,17087.0,17075.0
2020-08-18,14,TEN,18409.0,18358.0
2020-08-18,15,TEN,19888.0,19963.0
2020-08-18,16,TEN,21606.0,21760.0
2020-08-18,17,TEN,23249.0,23361.0
2020-08-18,18,TEN,24504.0,24471.0
2020-08-18,19,TEN,25338.0,25201.0
2020-08-18,20,TEN,25966.0,25871.0
2020-08-18,21,TEN,26332.0,25991.0
2020-08-18,22,TEN,26377.0,25845.0
2020-08-18,23,TEN,25812.0,25486.0
2020-08-19,0,TEN,24725.0,24535.0
2020-08-19,1,TEN,23715.0,23814.0
2020-08-19,2,TEN,22789.0,22669.0
2020-08-19,3,TEN,21148.0,21023.0
2020-08-19,4,TEN,19326.0,19332.0
2020-08-19,5,TEN,17751.0,17750.0
2020-08-19,6,TEN,16634.0,16601.0
2020-08-19,7,TEN,15794.0,15750.0
2020-08-19,8,TEN,15212.0,15343.0
2020-08-19,9,TEN,14815.0,15016.0
2020-08-19,10,TEN,14898.0,15115.0
2020-08-19,11,TEN,15595.0,15599.0
2020-08-19,12,TEN,16252.0,16280.0
2020-08-19,13,TEN,17080.0,17113.0
2020-08-19,14,TEN,17903.0,17987.0
2020-08-19,15,TEN,18759.0,18891.0
2020-08-19,16,TEN,19688.0,20011.0
2020-08-19,17,TEN,20683.0,21093.0
2020-08-19,18,TEN,21472.0,21906.0
2020-08-19,19,TEN,21939.0,22344.0
2020-08-19,20,TEN,22285.0,22656.0
2020-08-19,21,TEN,22567.0,22931.0
2020-08-19,22,TEN,22650.0,23064.0
2020-08-19,23,TEN,22396.0,22756.0
2020-08-20,0,TEN,21715.0,22186.0
2020-08-20,1,TEN,21100.0,21481.0
2020-08-20,2,TEN,20721.0,21012.0
2020-08-20,3,TEN,19397.0,19674.0
2020-08-20,4,TEN,17905.0,17891.0
2020-08-20,5,TEN,16658.0,16668.0
2020-08-20,6,TEN,15683.0,15606.0
2020-08-20,7,TEN,14966.0,14918.0
2020-08-20,8,TEN,14481.0,14627.0
2020-08-20,9,TEN,14271.0,14462.0
2020-08-20,10,TEN,14350.0,14541.0
2020-08-20,11,TEN,15186.0,15208.0
2020-08-20,12,TEN,15967.0,15997.0
2020-08-20,13,TEN,16773.0,16845.0
2020-08-20,14,TEN,17917.0,17944.0
2020-08-20,15,TEN,19151.0,19250.0
2020-08-20,16,TEN,20673.0,20792.0
2020-08-20,17,TEN,22233.0,22355.0
2020-08-20,18,TEN,23530.0,23584.0
2020-08-20,19,TEN,24192.0,24169.0
2020-08-20,20,TEN,24698.0,24620.0
2020-08-20,21,TEN,24953.0,24903.0
2020-08-20,22,TEN,24693.0,24742.0
2020-08-20,23,TEN,24082.0,24008.0
2020-08-21,0,TEN,23260.0,23179.0
2020-08-21,1,TEN,22661.0,22541.0
2020-08-21,2,TEN,22063.0,21919.0
2020-08-21,3,TEN,20618.0,20539.0
2020-08-21,4,TEN,19023.0,19060.0
2020-08-21,5,TEN,17585.0,17617.0
2020-08-21,6,TEN,16504.0,16463.0
2020-08-21,7,TEN,15740.0,15716.0
2020-08-21,8,TEN,15279.0,15423.0
2020-08-21,9,TEN,15031.0,15242.0
2020-08-21,10,TEN,15193.0,15405.0
2020-08-21,11,TEN,15941.0,16045.0
2020-08-21,12,TEN,16717.0,16849.0
2020-08-21,13,TEN,17354.0,17475.0
2020-08-21,14,TEN,17957.0,18223.0
2020-08-21,15,TEN,18682.0,19004.0
2020-08-21,16,TEN,19321.0,19707.0
2020-08-21,17,TEN,19851.0,20440.0
2020-08-21,18,TEN,20193.0,20700.0
2020-08-21,19,TEN,20237.0,20701.0
2020-08-21,20,TEN,20336.0,20825.0
2020-08-21,21,TEN,20248.0,20673.0
2020-08-21,22,TEN,19932.0,20427.0
2020-08-21,23,TEN,19566.0,20094.0
2020-08-22,0,TEN,18938.0,19498.0
2020-08-22,1,TEN,18828.0,19359.0
2020-08-22,2,TEN,18565.0,19156.0
2020-08-22,3,TEN,17641.0,18270.0
2020-08-22,4,TEN,16627.0,17009.0
2020-08-22,5,TEN,15572.0,15980.0
2020-08-22,6,TEN,14800.0,15300.0
2020-08-22,7,TEN,14140.0,14665.0
2020-08-22,8,TEN,13812.0,14236.0
2020-08-22,9,TEN,13512.0,13985.0
2020-08-22,10,TEN,13596.0,14113.0
2020-08-22,11,TEN,13823.0,14333.0
2020-08-22,12,TEN,14023.0,14164.0
2020-08-22,13,TEN,14703.0,14885.0
2020-08-22,14,TEN,15953.0,16126.0
2020-08-22,15,TEN,17030.0,17241.0
2020-08-22,16,TEN,18427.0,18767.0
2020-08-22,17,TEN,19686.0,20088.0
2020-08-22,18,TEN,20765.0,21130.0
2020-08-22,19,TEN,21633.0,21827.0
2020-08-22,20,TEN,22358.0,22494.0
2020-08-22,21,TEN,22681.0,22835.0
2020-08-22,22,TEN,22919.0,23027.0
2020-08-22,23,TEN,22743.0,22929.0
2020-08-23,0,TEN,21795.0,21993.0
2020-08-23,1,TEN,20883.0,21052.0
2020-08-23,2,TEN,20200.0,20306.0
2020-08-23,3,TEN,18887.0,19006.0
2020-08-23,4,TEN,17532.0,17632.0
2020-08-23,5,TEN,16250.0,16362.0
2020-08-23,6,TEN,15227.0,15342.0
2020-08-23,7,TEN,14425.0,14534.0
2020-08-23,8,TEN,13947.0,14072.0
2020-08-23,9,TEN,13639.0,13747.0
2020-08-23,10,TEN,13469.0,13555.0
2020-08-23,11,TEN,13574.0,13628.0
2020-08-23,12,TEN,13600.0,13706.0
2020-08-23,13,TEN,14449.0,14635.0
2020-08-23,14,TEN,15837.0,16043.0
2020-08-23,15,TEN,17435.0,17665.0
2020-08-23,16,TEN,19086.0,19277.0
2020-08-23,17,TEN,20547.0,20981.0
2020-08-23,18,TEN,21830.0,22076.0
2020-08-23,19,TEN,22950.0,22933.0
2020-08-23,20,TEN,23853.0,23775.0
2020-08-23,21,TEN,24461.0,24352.0
2020-08-23,22,TEN,24799.0,24455.0
2020-08-23,23,TEN,24616.0,24437.0
2020-08-24,0,TEN,23854.0,23822.0
2020-08-24,1,TEN,22652.0,22629.0
2020-08-24,2,TEN,21738.0,21617.0
2020-08-24,3,TEN,20374.0,20462.0
2020-08-24,4,TEN,18743.0,18838.0
2020-08-24,5,TEN,17120.0,17217.0
2020-08-24,6,TEN,16189.0,16539.0
2020-08-24,7,TEN,15382.0,15727.0
2020-08-24,8,TEN,14835.0,15205.0
2020-08-24,9,TEN,14604.0,14953.0
2020-08-24,10,TEN,14799.0,15099.0
2020-08-24,11,TEN,15632.0,15749.0
2020-08-24,12,TEN,16604.0,16659.0
2020-08-24,13,TEN,17380.0,17553.0
2020-08-24,14,TEN,18669.0,18795.0
2020-08-24,15,TEN,20246.0,20070.0
2020-08-24,16,TEN,21880.0,21723.0
2020-08-24,17,TEN,23388.0,23382.0
2020-08-24,18,TEN,24830.0,24775.0
2020-08-24,19,TEN,25697.0,25565.0
2020-08-24,20,TEN,26436.0,25817.0
2020-08-24,21,TEN,26910.0,26085.0
2020-08-24,22,TEN,27186.0,26111.0
2020-08-24,23,TEN,26856.0,26179.0
2020-08-25,0,TEN,25988.0,25512.0
2020-08-25,1,TEN,25064.0,24999.0
2020-08-25,2,TEN,24096.0,23953.0
2020-08-25,3,TEN,22408.0,22336.0
2020-08-25,4,TEN,20436.0,20560.0
2020-08-25,5,TEN,18919.0,19019.0
2020-08-25,6,TEN,17753.0,17744.0
2020-08-25,7,TEN,16934.0,16972.0
2020-08-25,8,TEN,16362.0,16388.0
2020-08-25,9,TEN,16147.0,16148.0
2020-08-25,10,TEN,16197.0,16289.0
2020-08-25,11,TEN,17010.0,17122.0
2020-08-25,12,TEN,17891.0,18175.0
2020-08-25,13,TEN,18705.0,18398.0
2020-08-25,14,TEN,20181.0,20016.0
2020-08-25,15,TEN,21733.0,21360.0
2020-08-25,16,TEN,23375.0,22825.0
2020-08-25,17,TEN,24604.0,23860.0
2020-08-25,18,TEN,25444.0,24698.0
2020-08-25,19,TEN,25721.0,24850.0
2020-08-25,20,TEN,25790.0,24870.0
2020-08-25,21,TEN,25365.0,24474.0
2020-08-25,22,TEN,24721.0,23968.0
2020-08-25,23,TEN,24119.0,23388.0
2020-08-26,0,TEN,23409.0,23043.0
2020-08-26,1,TEN,23049.0,22756.0
2020-08-26,2,TEN,22310.0,22179.0
2020-08-26,3,TEN,20993.0,20821.0
2020-08-26,4,TEN,19387.0,19255.0
2020-08-26,5,TEN,18046.0,18130.0
2020-08-26,6,TEN,17079.0,16713.0
2020-08-26,7,TEN,16389.0,16399.0
2020-08-26,8,TEN,16013.0,15999.0
2020-08-26,9,TEN,15717.0,15764.0
2020-08-26,10,TEN,16034.0,16086.0
2020-08-26,11,TEN,16849.0,16939.0
2020-08-26,12,TEN,17783.0,17750.0
2020-08-26,13,TEN,18535.0,18011.0
2020-08-26,14,TEN,19525.0,18969.0
2020-08-26,15,TEN,20598.0,20131.0
2020-08-26,16,TEN,21653.0,21163.0
2020-08-26,17,TEN,22823.0,22218.0
2020-08-26,18,TEN,23748.0,23058.0
2020-08-26,19,TEN,24500.0,23575.0
2020-08-26,20,TEN,25437.0,24320.0
2020-08-26,21,TEN,26185.0,24994.0
2020-08-26,22,TEN,26563.0,25396.0
2020-08-26,23,TEN,26522.0,25312.0
2020-08-27,0,TEN,25640.0,24682.0
2020-08-27,1,TEN,24954.0,24028.0
2020-08-27,2,TEN,24051.0,23689.0
2020-08-27,3,TEN,22488.0,22406.0
2020-08-27,4,TEN,20628.0,20488.0
2020-08-27,5,TEN,18986.0,18853.0
2020-08-27,6,TEN,17824.0,17866.0
2020-08-27,7,TEN,17039.0,17035.0
2020-08-27,8,TEN,16305.0,16365.0
2020-08-27,9,TEN,16179.0,16202.0
2020-08-27,10,TEN,16399.0,16420.0
2020-08-27,11,TEN,17198.0,16869.0
2020-08-27,12,TEN,17980.0,17584.0
2020-08-27,13,TEN,18752.0,18201.0
2020-08-27,14,TEN,19848.0,19353.0
2020-08-27,15,TEN,21131.0,20604.0
2020-08-27,16,TEN,22704.0,22559.0
2020-08-27,17,TEN,24098.0,23361.0
2020-08-27,18,TEN,25286.0,23671.0
2020-08-27,19,TEN,25710.0,23966.0
2020-08-27,20,TEN,26026.0,24093.0
2020-08-27,21,TEN,25995.0,24021.0
2020-08-27,22,TEN,25478.0,23705.0
2020-08-27,23,TEN,24788.0,23434.0
2020-08-28,0,TEN,24093.0,22951.0
2020-08-28,1,TEN,23817.0,22925.0
2020-08-28,2,TEN,22941.0,22282.0
2020-08-28,3,TEN,21533.0,21454.0
2020-08-28,4,TEN,20124.0,19984.0
2020-08-28,5,TEN,18834.0,18698.0
2020-08-28,6,TEN,17876.0,17548.0
2020-08-28,7,TEN,17147.0,17075.0
2020-08-28,8,TEN,16747.0,16695.0
2020-08-28,9,TEN,16634.0,16639.0
2020-08-28,10,TEN,16823.0,16816.0
2020-08-28,11,TEN,17618.0,17517.0
2020-08-28,12,TEN,18626.0,18569.0
2020-08-28,13,TEN,19130.0,19040.0
2020-08-28,14,TEN,19934.0,19791.0
2020-08-28,15,TEN,20638.0,20454.0
2020-08-28,16,TEN,21320.0,21215.0
2020-08-28,17,TEN,22112.0,22045.0
2020-08-28,18,TEN,22662.0,22668.0
2020-08-28,19,TEN,22482.0,22473.0
2020-08-28,20,TEN,22310.0,22180.0
2020-08-28,21,TEN,22244.0,22083.0
2020-08-28,22,TEN,21955.0,21838.0
2020-08-28,23,TEN,21389.0,21279.0
2020-08-29,0,TEN,20823.0,20785.0
2020-08-29,1,TEN,20634.0,20574.0
2020-08-29,2,TEN,20260.0,20118.0
2020-08-29,3,TEN,19507.0,19380.0
2020-08-29,4,TEN,18505.0,18415.0
2020-08-29,5,TEN,17505.0,17512.0
2020-08-29,6,TEN,16615.0,16636.0
2020-08-29,7,TEN,16134.0,16134.0
2020-08-29,8,TEN,15709.0,15706.0
2020-08-29,9,TEN,15484.0,15471.0
2020-08-29,10,TEN,15457.0,15562.0
2020-08-29,11,TEN,15672.0,15778.0
2020-08-29,12,TEN,15914.0,15993.0
2020-08-29,13,TEN,16472.0,16533.0
2020-08-29,14,TEN,17631.0,17589.0
2020-08-29,15,TEN,19062.0,18988.0
2020-08-29,16,TEN,20574.0,20350.0
2020-08-29,17,TEN,21906.0,21828.0
2020-08-29,18,TEN,23172.0,22814.0
2020-08-29,19,TEN,24332.0,23728.0
2020-08-29,20,TEN,25173.0,23996.0
2020-08-29,21,TEN,25776.0,24213.0
2020-08-29,22,TEN,25893.0,24152.0
2020-08-29,23,TEN,25485.0,23758.0
2020-08-30,0,TEN,24171.0,23161.0
2020-08-30,1,TEN,23298.0,23034.0
2020-08-30,2,TEN,22220.0,22081.0
2020-08-30,3,TEN,20738.0,20626.0
2020-08-30,4,TEN,19400.0,19460.0
2020-08-30,5,TEN,17968.0,18025.0
2020-08-30,6,TEN,16886.0,16951.0
2020-08-30,7,TEN,16110.0,16174.0
2020-08-30,8,TEN,15579.0,15587.0
2020-08-30,9,TEN,15197.0,15214.0
2020-08-30,10,TEN,14990.0,15043.0
2020-08-30,11,TEN,15081.0,15100.0
2020-08-30,12,TEN,15165.0,15263.0
2020-08-30,13,TEN,15617.0,15729.0
2020-08-30,14,TEN,16722.0,16801.0
2020-08-30,15,TEN,17899.0,18061.0
2020-08-30,16,TEN,19344.0,19325.0
2020-08-30,17,TEN,20784.0,20786.0
2020-08-30,18,TEN,22189.0,22034.0
2020-08-30,19,TEN,23126.0,22507.0
2020-08-30,20,TEN,23831.0,22776.0
2020-08-30,21,TEN,24185.0,22801.0
2020-08-30,22,TEN,24126.0,22808.0
2020-08-30,23,TEN,23289.0,22037.0
2020-08-31,0,TEN,22403.0,21037.0
2020-08-31,1,TEN,21843.0,20918.0
2020-08-31,2,TEN,21124.0,20483.0
2020-08-31,3,TEN,19906.0,19868.0
2020-08-31,4,TEN,18497.0,18582.0
2020-08-31,5,TEN,17262.0,17161.0
2020-08-31,6,TEN,16296.0,16253.0
2020-08-31,7,TEN,15666.0,15659.0
2020-08-31,8,TEN,15234.0,15264.0
2020-08-31,9,TEN,15189.0,15264.0
2020-08-31,10,TEN,15516.0,15642.0
2020-08-31,11,TEN,16442.0,16547.0
2020-08-31,12,TEN,17472.0,17609.0
2020-08-31,13,TEN,18263.0,18386.0
2020-08-31,14,TEN,19140.0,19203.0
2020-08-31,15,TEN,20268.0,19988.0
2020-08-31,16,TEN,21736.0,21345.0
2020-08-31,17,TEN,23081.0,22653.0
2020-08-31,18,TEN,24276.0,23770.0
2020-08-31,19,TEN,24482.0,23717.0
2020-08-31,20,TEN,24527.0,23538.0
2020-08-31,21,TEN,24416.0,23408.0
2020-08-31,22,TEN,24193.0,23154.0
2020-08-31,23,TEN,23585.0,22582.0
2020-09-01,0,TEN,22715.0,21673.0
2020-09-01,1,TEN,22222.0,21233.0
2020-09-01,2,TEN,21518.0,20808.0
2020-09-01,3,TEN,20188.0,19949.0
2020-09-01,4,TEN,18796.0,18930.0
2020-09-01,5,TEN,17531.0,17614.0
2020-09-01,6,TEN,16541.0,16605.0
2020-09-01,7,TEN,15792.0,15862.0
2020-09-01,8,TEN,15444.0,15535.0
2020-09-01,9,TEN,15215.0,15310.0
2020-09-01,10,TEN,15457.0,15605.0
2020-09-01,11,TEN,16328.0,16498.0
2020-09-01,12,TEN,17236.0,17349.0
2020-09-01,13,TEN,17935.0,18100.0
2020-09-01,14,TEN,18942.0,18880.0
2020-09-01,15,TEN,19941.0,19538.0
2020-09-01,16,TEN,21285.0,21294.0
2020-09-01,17,TEN,22701.0,22702.0
2020-09-01,18,TEN,24079.0,24002.0
2020-09-01,19,TEN,24968.0,24546.0
2020-09-01,20,TEN,25677.0,25453.0
2020-09-01,21,TEN,25744.0,25295.0
2020-09-01,22,TEN,25457.0,24786.0
2020-09-01,23,TEN,25079.0,24181.0
2020-09-02,0,TEN,24146.0,23223.0
2020-09-02,1,TEN,23637.0,22880.0
2020-09-02,2,TEN,22758.0,22447.0
2020-09-02,3,TEN,21204.0,21201.0
2020-09-02,4,TEN,19667.0,19650.0
2020-09-02,5,TEN,18438.0,18414.0
2020-09-02,6,TEN,17453.0,17532.0
2020-09-02,7,TEN,16832.0,16886.0
2020-09-02,8,TEN,16356.0,16451.0
2020-09-02,9,TEN,16252.0,16346.0
2020-09-02,10,TEN,16571.0,16689.0
2020-09-02,11,TEN,17371.0,17468.0
2020-09-02,12,TEN,18269.0,18306.0
2020-09-02,13,TEN,19114.0,19095.0
2020-09-02,14,TEN,20156.0,20113.0
2020-09-02,15,TEN,21187.0,20816.0
2020-09-02,16,TEN,22341.0,21915.0
2020-09-02,17,TEN,23543.0,22893.0
2020-09-02,18,TEN,24749.0,23970.0
2020-09-02,19,TEN,25627.0,24472.0
2020-09-02,20,TEN,26360.0,24955.0
2020-09-02,21,TEN,26505.0,24868.0
2020-09-02,22,TEN,26341.0,24866.0
2020-09-02,23,TEN,25914.0,24586.0
2020-09-03,0,TEN,24999.0,24337.0
2020-09-03,1,TEN,24348.0,23909.0
2020-09-03,2,TEN,23368.0,22860.0
2020-09-03,3,TEN,21822.0,21292.0
2020-09-03,4,TEN,20283.0,20082.0
2020-09-03,5,TEN,18899.0,18851.0
2020-09-03,6,TEN,17819.0,17844.0
2020-09-03,7,TEN,17030.0,17103.0
2020-09-03,8,TEN,16625.0,16693.0
2020-09-03,9,TEN,16399.0,16489.0
2020-09-03,10,TEN,16606.0,16670.0
2020-09-03,11,TEN,17285.0,17261.0
2020-09-03,12,TEN,18277.0,17981.0
2020-09-03,13,TEN,19095.0,18723.0
2020-09-03,14,TEN,20148.0,19687.0
2020-09-03,15,TEN,21249.0,20788.0
2020-09-03,16,TEN,22506.0,22072.0
2020-09-03,17,TEN,23724.0,23314.0
2020-09-03,18,TEN,24699.0,24147.0
2020-09-03,19,TEN,25431.0,24902.0
2020-09-03,20,TEN,25708.0,25127.0
2020-09-03,21,TEN,26005.0,25397.0
2020-09-03,22,TEN,26032.0,25620.0
2020-09-03,23,TEN,25564.0,25436.0
2020-09-04,0,TEN,24582.0,24545.0
2020-09-04,1,TEN,24051.0,24020.0
2020-09-04,2,TEN,23238.0,23226.0
2020-09-04,3,TEN,21718.0,21803.0
2020-09-04,4,TEN,19919.0,19991.0
2020-09-04,5,TEN,18387.0,18437.0
2020-09-04,6,TEN,17431.0,17408.0
2020-09-04,7,TEN,16558.0,16597.0
2020-09-04,8,TEN,16123.0,16112.0
2020-09-04,9,TEN,15868.0,15904.0
2020-09-04,10,TEN,16038.0,16098.0
2020-09-04,11,TEN,16770.0,16843.0
2020-09-04,12,TEN,17543.0,17127.0
2020-09-04,13,TEN,18281.0,17884.0
2020-09-04,14,TEN,19289.0,19381.0
2020-09-04,15,TEN,20388.0,20060.0
2020-09-04,16,TEN,21881.0,21455.0
2020-09-04,17,TEN,23234.0,23230.0
2020-09-04,18,TEN,24388.0,24384.0
2020-09-04,19,TEN,24843.0,24376.0
2020-09-04,20,TEN,25109.0,24054.0
2020-09-04,21,TEN,25098.0,24192.0
2020-09-04,22,TEN,24633.0,23781.0
2020-09-04,23,TEN,23948.0,23511.0
2020-09-05,0,TEN,22545.0,22195.0
2020-09-05,1,TEN,21461.0,21370.0
2020-09-05,2,TEN,20562.0,20557.0
2020-09-05,3,TEN,19146.0,19143.0
2020-09-05,4,TEN,17647.0,17647.0
2020-09-05,5,TEN,16138.0,16091.0
2020-09-05,6,TEN,14899.0,14903.0
2020-09-05,7,TEN,14062.0,14065.0
2020-09-05,8,TEN,13483.0,13815.0
2020-09-05,9,TEN,13175.0,13528.0
2020-09-05,10,TEN,12914.0,13376.0
2020-09-05,11,TEN,13089.0,13455.0
2020-09-05,12,TEN,13128.0,13443.0
2020-09-05,13,TEN,13608.0,13679.0
2020-09-05,14,TEN,14609.0,14557.0
2020-09-05,15,TEN,15749.0,15803.0
2020-09-05,16,TEN,16877.0,16942.0
2020-09-05,17,TEN,17913.0,18061.0
2020-09-05,18,TEN,19124.0,19160.0
2020-09-05,19,TEN,20191.0,20206.0
2020-09-05,20,TEN,21074.0,20880.0
2020-09-05,21,TEN,21781.0,21843.0
2020-09-05,22,TEN,22055.0,22136.0
2020-09-05,23,TEN,21717.0,21833.0
2020-09-06,0,TEN,20557.0,20708.0
2020-09-06,1,TEN,19624.0,19719.0
2020-09-06,2,TEN,18662.0,18770.0
2020-09-06,3,TEN,17345.0,17423.0
2020-09-06,4,TEN,15988.0,15992.0
2020-09-06,5,TEN,14800.0,14834.0
2020-09-06,6,TEN,13891.0,13964.0
2020-09-06,7,TEN,13198.0,13614.0
2020-09-06,8,TEN,12815.0,13222.0
2020-09-06,9,TEN,12468.0,12885.0
2020-09-06,10,TEN,12319.0,12731.0
2020-09-06,11,TEN,12270.0,12677.0
2020-09-06,12,TEN,12356.0,12751.0
2020-09-06,13,TEN,12996.0,12995.0
2020-09-06,14,TEN,14117.0,14180.0
2020-09-06,15,TEN,15333.0,15514.0
2020-09-06,16,TEN,16664.0,16754.0
2020-09-06,17,TEN,18117.0,18265.0
2020-09-06,18,TEN,19458.0,19617.0
2020-09-06,19,TEN,20753.0,20984.0
2020-09-06,20,TEN,21804.0,21936.0
2020-09-06,21,TEN,22462.0,22684.0
2020-09-06,22,TEN,22766.0,22979.0
2020-09-06,23,TEN,22405.0,22530.0
2020-09-07,0,TEN,21167.0,21304.0
2020-09-07,1,TEN,20129.0,20328.0
2020-09-07,2,TEN,18925.0,18998.0
2020-09-07,3,TEN,17463.0,17555.0
2020-09-07,4,TEN,16180.0,16246.0
2020-09-07,5,TEN,14812.0,14934.0
2020-09-07,6,TEN,13958.0,13994.0
2020-09-07,7,TEN,13254.0,13316.0
2020-09-07,8,TEN,12847.0,13141.0
2020-09-07,9,TEN,12557.0,12866.0
2020-09-07,10,TEN,12515.0,12805.0
2020-09-07,11,TEN,12608.0,12911.0
2020-09-07,12,TEN,12687.0,12970.0
2020-09-07,13,TEN,13194.0,13299.0
2020-09-07,14,TEN,14280.0,14323.0
2020-09-07,15,TEN,15888.0,16021.0
2020-09-07,16,TEN,17483.0,17665.0
2020-09-07,17,TEN,19102.0,19115.0
2020-09-07,18,TEN,20613.0,20557.0
2020-09-07,19,TEN,21960.0,21959.0
2020-09-07,20,TEN,22944.0,22870.0
2020-09-07,21,TEN,23707.0,23510.0
2020-09-07,22,TEN,24154.0,23562.0
2020-09-07,23,TEN,23884.0,23355.0
2020-09-08,0,TEN,22859.0,22776.0
2020-09-08,1,TEN,21801.0,21705.0
2020-09-08,2,TEN,20691.0,20681.0
2020-09-08,3,TEN,19007.0,19049.0
2020-09-08,4,TEN,17360.0,17352.0
2020-09-08,5,TEN,15953.0,16032.0
2020-09-08,6,TEN,14914.0,14937.0
2020-09-08,7,TEN,14195.0,14475.0
2020-09-08,8,TEN,13723.0,14035.0
2020-09-08,9,TEN,13481.0,13823.0
2020-09-08,10,TEN,13703.0,14037.0
2020-09-08,11,TEN,14544.0,14848.0
2020-09-08,12,TEN,15486.0,15502.0
2020-09-08,13,TEN,16245.0,16249.0
2020-09-08,14,TEN,17291.0,17333.0
2020-09-08,15,TEN,18481.0,18593.0
2020-09-08,16,TEN,19976.0,19939.0
2020-09-08,17,TEN,21595.0,21773.0
2020-09-08,18,TEN,23123.0,23000.0
2020-09-08,19,TEN,24332.0,23677.0
2020-09-08,20,TEN,25195.0,24201.0
2020-09-08,21,TEN,25693.0,24758.0
2020-09-08,22,TEN,25706.0,24611.0
2020-09-08,23,TEN,25106.0,24449.0
2020-09-09,0,TEN,24031.0,23860.0
2020-09-09,1,TEN,23303.0,23140.0
2020-09-09,2,TEN,22000.0,21937.0
2020-09-09,3,TEN,20228.0,20206.0
2020-09-09,4,TEN,18553.0,18586.0
2020-09-09,5,TEN,16956.0,17017.0
2020-09-09,6,TEN,15926.0,15799.0
2020-09-09,7,TEN,15095.0,15067.0
2020-09-09,8,TEN,14636.0,14848.0
2020-09-09,9,TEN,14351.0,14674.0
2020-09-09,10,TEN,14433.0,14769.0
2020-09-09,11,TEN,15039.0,15020.0
2020-09-09,12,TEN,16034.0,16013.0
2020-09-09,13,TEN,16441.0,16535.0
2020-09-09,14,TEN,17679.0,17580.0
2020-09-09,15,TEN,18893.0,18829.0
2020-09-09,16,TEN,20467.0,20340.0
2020-09-09,17,TEN,22121.0,21830.0
2020-09-09,18,TEN,23566.0,22950.0
2020-09-09,19,TEN,24623.0,23282.0
2020-09-09,20,TEN,25422.0,23728.0
2020-09-09,21,TEN,25869.0,23825.0
2020-09-09,22,TEN,25889.0,23843.0
2020-09-09,23,TEN,25445.0,23853.0
2020-09-10,0,TEN,24390.0,23495.0
2020-09-10,1,TEN,23586.0,23074.0
2020-09-10,2,TEN,22245.0,22049.0
2020-09-10,3,TEN,20632.0,20644.0
2020-09-10,4,TEN,18867.0,18681.0
2020-09-10,5,TEN,17405.0,17136.0
2020-09-10,6,TEN,16272.0,16109.0
2020-09-10,7,TEN,15485.0,15380.0
2020-09-10,8,TEN,14918.0,14891.0
2020-09-10,9,TEN,14594.0,14537.0
2020-09-10,10,TEN,14677.0,14669.0
2020-09-10,11,TEN,15397.0,15353.0
2020-09-10,12,TEN,16281.0,16081.0
2020-09-10,13,TEN,17030.0,16848.0
2020-09-10,14,TEN,18167.0,17993.0
2020-09-10,15,TEN,19707.0,19424.0
2020-09-10,16,TEN,21399.0,20918.0
2020-09-10,17,TEN,23131.0,22417.0
2020-09-10,18,TEN,24580.0,23644.0
2020-09-10,19,TEN,25369.0,23804.0
2020-09-10,20,TEN,26049.0,24057.0
2020-09-10,21,TEN,26452.0,24325.0
2020-09-10,22,TEN,26418.0,24332.0
2020-09-10,23,TEN,26059.0,24195.0
2020-09-11,0,TEN,24986.0,23756.0
2020-09-11,1,TEN,24226.0,23357.0
2020-09-11,2,TEN,22928.0,22249.0
2020-09-11,3,TEN,21282.0,20896.0
2020-09-11,4,TEN,19530.0,19346.0
2020-09-11,5,TEN,17973.0,17811.0
2020-09-11,6,TEN,16805.0,16704.0
2020-09-11,7,TEN,15959.0,15925.0
2020-09-11,8,TEN,15322.0,15285.0
2020-09-11,9,TEN,15006.0,14984.0
2020-09-11,10,TEN,15174.0,15154.0
2020-09-11,11,TEN,15853.0,15883.0
2020-09-11,12,TEN,16684.0,16558.0
2020-09-11,13,TEN,17490.0,17304.0
2020-09-11,14,TEN,18835.0,18423.0
2020-09-11,15,TEN,20208.0,20017.0
2020-09-11,16,TEN,22262.0,21697.0
2020-09-11,17,TEN,24114.0,23259.0
2020-09-11,18,TEN,25403.0,24195.0
2020-09-11,19,TEN,26246.0,23868.0
2020-09-11,20,TEN,26769.0,23780.0
2020-09-11,21,TEN,26876.0,23925.0
2020-09-11,22,TEN,26756.0,23854.0
2020-09-11,23,TEN,26046.0,23656.0
2020-09-12,0,TEN,24821.0,23263.0
2020-09-12,1,TEN,24104.0,23237.0
2020-09-12,2,TEN,22905.0,22153.0
2020-09-12,3,TEN,21531.0,21066.0
2020-09-12,4,TEN,19960.0,19776.0
2020-09-12,5,TEN,18519.0,18357.0
2020-09-12,6,TEN,17362.0,17322.0
2020-09-12,7,TEN,16455.0,16423.0
2020-09-12,8,TEN,15842.0,15745.0
2020-09-12,9,TEN,15398.0,15375.0
2020-09-12,10,TEN,15283.0,15282.0
2020-09-12,11,TEN,15376.0,15353.0
2020-09-12,12,TEN,15546.0,15538.0
2020-09-12,13,TEN,16337.0,16340.0
2020-09-12,14,TEN,17883.0,17808.0
2020-09-12,15,TEN,19665.0,19476.0
2020-09-12,16,TEN,21285.0,20861.0
2020-09-12,17,TEN,22678.0,21798.0
2020-09-12,18,TEN,23419.0,22012.0
2020-09-12,19,TEN,23697.0,21968.0
2020-09-12,20,TEN,23351.0,21934.0
2020-09-12,21,TEN,22838.0,21690.0
2020-09-12,22,TEN,22388.0,21409.0
2020-09-12,23,TEN,21788.0,21172.0
2020-09-13,0,TEN,21117.0,20635.0
2020-09-13,1,TEN,20828.0,20393.0
2020-09-13,2,TEN,20024.0,19510.0
2020-09-13,3,TEN,19040.0,18824.0
2020-09-13,4,TEN,17914.0,17805.0
2020-09-13,5,TEN,16740.0,16498.0
2020-09-13,6,TEN,15824.0,15753.0
2020-09-13,7,TEN,15170.0,15125.0
2020-09-13,8,TEN,14669.0,14629.0
2020-09-13,9,TEN,14331.0,14272.0
2020-09-13,10,TEN,14317.0,14276.0
2020-09-13,11,TEN,14427.0,14364.0
2020-09-13,12,TEN,14654.0,14584.0
2020-09-13,13,TEN,15299.0,15257.0
2020-09-13,14,TEN,16497.0,16474.0
2020-09-13,15,TEN,17780.0,17827.0
2020-09-13,16,TEN,18826.0,18749.0
2020-09-13,17,TEN,19772.0,19661.0
2020-09-13,18,TEN,20596.0,20535.0
2020-09-13,19,TEN,21191.0,21074.0
2020-09-13,20,TEN,21575.0,21602.0
2020-09-13,21,TEN,21747.0,21754.0
2020-09-13,22,TEN,21636.0,21814.0
2020-09-13,23,TEN,21311.0,21467.0
2020-09-14,0,TEN,20755.0,20977.0
2020-09-14,1,TEN,20565.0,20824.0
2020-09-14,2,TEN,19740.0,19907.0
2020-09-14,3,TEN,18600.0,18419.0
2020-09-14,4,TEN,17292.0,17239.0
2020-09-14,5,TEN,16132.0,16110.0
2020-09-14,6,TEN,15240.0,15086.0
2020-09-14,7,TEN,14656.0,14715.0
2020-09-14,8,TEN,14322.0,14356.0
2020-09-14,9,TEN,14250.0,14322.0
2020-09-14,10,TEN,14536.0,14642.0
2020-09-14,11,TEN,15585.0,15532.0
2020-09-14,12,TEN,16543.0,16540.0
2020-09-14,13,TEN,17316.0,17317.0
2020-09-14,14,TEN,18091.0,18133.0
2020-09-14,15,TEN,19100.0,19176.0
2020-09-14,16,TEN,20211.0,20175.0
2020-09-14,17,TEN,21513.0,21480.0
2020-09-14,18,TEN,22716.0,22670.0
2020-09-14,19,TEN,23541.0,23351.0
2020-09-14,20,TEN,24099.0,23462.0
2020-09-14,21,TEN,24371.0,23641.0
2020-09-14,22,TEN,24160.0,23498.0
2020-09-14,23,TEN,23432.0,22877.0
2020-09-15,0,TEN,22388.0,22115.0
2020-09-15,1,TEN,22025.0,21927.0
2020-09-15,2,TEN,20942.0,20796.0
2020-09-15,3,TEN,19386.0,19306.0
2020-09-15,4,TEN,17821.0,17772.0
2020-09-15,5,TEN,16392.0,16263.0
2020-09-15,6,TEN,15374.0,15312.0
2020-09-15,7,TEN,14631.0,14886.0
2020-09-15,8,TEN,14159.0,14745.0
2020-09-15,9,TEN,14043.0,14651.0
2020-09-15,10,TEN,14152.0,14771.0
2020-09-15,11,TEN,15026.0,15275.0
2020-09-15,12,TEN,15952.0,15960.0
2020-09-15,13,TEN,16435.0,16421.0
2020-09-15,14,TEN,17039.0,17080.0
2020-09-15,15,TEN,18024.0,18084.0
2020-09-15,16,TEN,19088.0,19178.0
2020-09-15,17,TEN,20301.0,20292.0
2020-09-15,18,TEN,21444.0,21368.0
2020-09-15,19,TEN,22349.0,22273.0
2020-09-15,20,TEN,22889.0,22476.0
2020-09-15,21,TEN,23208.0,22473.0
2020-09-15,22,TEN,23208.0,22474.0
2020-09-15,23,TEN,22747.0,22032.0
2020-09-16,0,TEN,21872.0,21322.0
2020-09-16,1,TEN,21688.0,21430.0
2020-09-16,2,TEN,20774.0,20621.0
2020-09-16,3,TEN,19431.0,19364.0
2020-09-16,4,TEN,17838.0,17888.0
2020-09-16,5,TEN,16458.0,16362.0
2020-09-16,6,TEN,15400.0,15337.0
2020-09-16,7,TEN,14750.0,14723.0
2020-09-16,8,TEN,14234.0,14510.0
2020-09-16,9,TEN,13961.0,14374.0
2020-09-16,10,TEN,14008.0,14350.0
2020-09-16,11,TEN,14797.0,14739.0
2020-09-16,12,TEN,15651.0,15652.0
2020-09-16,13,TEN,16167.0,16169.0
2020-09-16,14,TEN,16928.0,16910.0
2020-09-16,15,TEN,17837.0,17854.0
2020-09-16,16,TEN,18792.0,18829.0
2020-09-16,17,TEN,19708.0,19685.0
2020-09-16,18,TEN,20535.0,20471.0
2020-09-16,19,TEN,21059.0,20960.0
2020-09-16,20,TEN,21382.0,21179.0
2020-09-16,21,TEN,21401.0,21053.0
2020-09-16,22,TEN,21412.0,21100.0
2020-09-16,23,TEN,21208.0,21170.0
2020-09-17,0,TEN,20780.0,20733.0
2020-09-17,1,TEN,20774.0,20698.0
2020-09-17,2,TEN,20055.0,19923.0
2020-09-17,3,TEN,18816.0,18836.0
2020-09-17,4,TEN,17455.0,17378.0
2020-09-17,5,TEN,16271.0,16212.0
2020-09-17,6,TEN,15443.0,15435.0
2020-09-17,7,TEN,14880.0,14925.0
2020-09-17,8,TEN,14544.0,14555.0
2020-09-17,9,TEN,14392.0,14424.0
2020-09-17,10,TEN,14613.0,14590.0
2020-09-17,11,TEN,15523.0,15521.0
2020-09-17,12,TEN,16477.0,16592.0
2020-09-17,13,TEN,16969.0,17109.0
2020-09-17,14,TEN,17887.0,18021.0
2020-09-17,15,TEN,18882.0,18979.0
2020-09-17,16,TEN,20014.0,20163.0
2020-09-17,17,TEN,20854.0,20970.0
2020-09-17,18,TEN,21563.0,21629.0
2020-09-17,19,TEN,22256.0,21918.0
2020-09-17,20,TEN,22633.0,22077.0
2020-09-17,21,TEN,22723.0,22148.0
2020-09-17,22,TEN,22512.0,21928.0
2020-09-17,23,TEN,21763.0,21389.0
2020-09-18,0,TEN,20939.0,20985.0
2020-09-18,1,TEN,20664.0,20772.0
2020-09-18,2,TEN,19854.0,19908.0
2020-09-18,3,TEN,18372.0,18392.0
2020-09-18,4,TEN,16905.0,16983.0
2020-09-18,5,TEN,15632.0,15519.0
2020-09-18,6,TEN,14661.0,14588.0
2020-09-18,7,TEN,14090.0,14032.0
2020-09-18,8,TEN,13650.0,13595.0
2020-09-18,9,TEN,13505.0,13458.0
2020-09-18,10,TEN,13690.0,13657.0
2020-09-18,11,TEN,14434.0,14457.0
2020-09-18,12,TEN,15349.0,15438.0
2020-09-18,13,TEN,15766.0,15870.0
2020-09-18,14,TEN,16423.0,16548.0
2020-09-18,15,TEN,17176.0,17269.0
2020-09-18,16,TEN,17846.0,17967.0
2020-09-18,17,TEN,18536.0,18595.0
2020-09-18,18,TEN,19070.0,19142.0
2020-09-18,19,TEN,19357.0,19507.0
2020-09-18,20,TEN,19517.0,19681.0
2020-09-18,21,TEN,19398.0,19563.0
2020-09-18,22,TEN,19061.0,19198.0
2020-09-18,23,TEN,18323.0,18405.0
2020-09-19,0,TEN,17601.0,17709.0
2020-09-19,1,TEN,17567.0,17548.0
2020-09-19,2,TEN,16916.0,16996.0
2020-09-19,3,TEN,16075.0,16103.0
2020-09-19,4,TEN,15169.0,15113.0
2020-09-19,5,TEN,14133.0,14054.0
2020-09-19,6,TEN,13353.0,13196.0
2020-09-19,7,TEN,12803.0,12766.0
2020-09-19,8,TEN,12392.0,12627.0
2020-09-19,9,TEN,12213.0,12434.0
2020-09-19,10,TEN,12242.0,12507.0
2020-09-19,11,TEN,12390.0,12671.0
2020-09-19,12,TEN,12916.0,13168.0
2020-09-19,13,TEN,13311.0,13325.0
2020-09-19,14,TEN,13864.0,13861.0
2020-09-19,15,TEN,14453.0,14457.0
2020-09-19,16,TEN,14958.0,14972.0
2020-09-19,17,TEN,15381.0,15432.0
2020-09-19,18,TEN,15777.0,15841.0
2020-09-19,19,TEN,16218.0,16303.0
2020-09-19,20,TEN,16516.0,16593.0
2020-09-19,21,TEN,16764.0,16849.0
2020-09-19,22,TEN,16909.0,16983.0
2020-09-19,23,TEN,16831.0,16878.0
2020-09-20,0,TEN,16572.0,16612.0
2020-09-20,1,TEN,16648.0,16608.0
2020-09-20,2,TEN,16118.0,16116.0
2020-09-20,3,TEN,15364.0,15289.0
2020-09-20,4,TEN,14410.0,14377.0
2020-09-20,5,TEN,13494.0,13466.0
2020-09-20,6,TEN,12857.0,12812.0
2020-09-20,7,TEN,12265.0,12295.0
2020-09-20,8,TEN,11961.0,12085.0
2020-09-20,9,TEN,11729.0,11854.0
2020-09-20,10,TEN,11849.0,11973.0
2020-09-20,11,TEN,11968.0,12097.0
2020-09-20,12,TEN,12142.0,12171.0
2020-09-20,13,TEN,12681.0,12620.0
2020-09-20,14,TEN,13578.0,13508.0
2020-09-20,15,TEN,14231.0,14136.0
2020-09-20,16,TEN,14798.0,14896.0
2020-09-20,17,TEN,15500.0,15599.0
2020-09-20,18,TEN,16325.0,16431.0
2020-09-20,19,TEN,16870.0,16955.0
2020-09-20,20,TEN,17513.0,17628.0
2020-09-20,21,TEN,18016.0,17949.0
2020-09-20,22,TEN,18275.0,18212.0
2020-09-20,23,TEN,18173.0,18085.0
2020-09-21,0,TEN,17554.0,17639.0
2020-09-21,1,TEN,17550.0,17546.0
2020-09-21,2,TEN,16827.0,16812.0
2020-09-21,3,TEN,15637.0,15637.0
2020-09-21,4,TEN,14509.0,14453.0
2020-09-21,5,TEN,13469.0,13389.0
2020-09-21,6,TEN,12819.0,12801.0
2020-09-21,7,TEN,12417.0,12494.0
2020-09-21,8,TEN,12203.0,12214.0
2020-09-21,9,TEN,12200.0,12304.0
2020-09-21,10,TEN,12569.0,12730.0
2020-09-21,11,TEN,13484.0,13430.0
2020-09-21,12,TEN,14582.0,14547.0
2020-09-21,13,TEN,15104.0,15098.0
2020-09-21,14,TEN,15615.0,15633.0
2020-09-21,15,TEN,15986.0,16068.0
2020-09-21,16,TEN,16257.0,16449.0
2020-09-21,17,TEN,16586.0,16723.0
2020-09-21,18,TEN,17081.0,17213.0
2020-09-21,19,TEN,17521.0,17606.0
2020-09-21,20,TEN,18102.0,18190.0
2020-09-21,21,TEN,18574.0,18672.0
2020-09-21,22,TEN,18832.0,18901.0
2020-09-21,23,TEN,18634.0,18787.0
2020-09-22,0,TEN,18074.0,18228.0
2020-09-22,1,TEN,18091.0,18246.0
2020-09-22,2,TEN,17322.0,17410.0
2020-09-22,3,TEN,16162.0,16235.0
2020-09-22,4,TEN,14803.0,14873.0
2020-09-22,5,TEN,13854.0,13837.0
2020-09-22,6,TEN,13203.0,13396.0
2020-09-22,7,TEN,12750.0,13092.0
2020-09-22,8,TEN,12590.0,13034.0
2020-09-22,9,TEN,12527.0,13004.0
2020-09-22,10,TEN,12797.0,13101.0
2020-09-22,11,TEN,13853.0,13875.0
2020-09-22,12,TEN,14825.0,14977.0
2020-09-22,13,TEN,15214.0,15371.0
2020-09-22,14,TEN,15611.0,15824.0
2020-09-22,15,TEN,15765.0,15998.0
2020-09-22,16,TEN,16171.0,16383.0
2020-09-22,17,TEN,16418.0,16626.0
2020-09-22,18,TEN,16673.0,16838.0
2020-09-22,19,TEN,16731.0,16901.0
2020-09-22,20,TEN,16829.0,17079.0
2020-09-22,21,TEN,16898.0,17164.0
2020-09-22,22,TEN,16839.0,17081.0
2020-09-22,23,TEN,16743.0,16907.0
2020-09-23,0,TEN,16995.0,17336.0
2020-09-23,1,TEN,17405.0,17602.0
2020-09-23,2,TEN,16858.0,17075.0
2020-09-23,3,TEN,15887.0,16062.0
2020-09-23,4,TEN,14765.0,14819.0
2020-09-23,5,TEN,13876.0,13969.0
2020-09-23,6,TEN,13260.0,13380.0
2020-09-23,7,TEN,12871.0,13181.0
2020-09-23,8,TEN,12642.0,12979.0
2020-09-23,9,TEN,12589.0,12905.0
2020-09-23,10,TEN,13014.0,13182.0
2020-09-23,11,TEN,13801.0,14063.0
2020-09-23,12,TEN,14833.0,14988.0
2020-09-23,13,TEN,15198.0,15397.0
2020-09-23,14,TEN,15597.0,15798.0
2020-09-23,15,TEN,15981.0,16151.0
2020-09-23,16,TEN,16265.0,16523.0
2020-09-23,17,TEN,16427.0,16706.0
2020-09-23,18,TEN,16475.0,16778.0
2020-09-23,19,TEN,16370.0,16629.0
2020-09-23,20,TEN,16348.0,16644.0
2020-09-23,21,TEN,16192.0,16517.0
2020-09-23,22,TEN,16141.0,16462.0
2020-09-23,23,TEN,16316.0,16537.0
2020-09-24,0,TEN,16582.0,16862.0
2020-09-24,1,TEN,16822.0,16974.0
2020-09-24,2,TEN,16370.0,16506.0
2020-09-24,3,TEN,15601.0,15722.0
2020-09-24,4,TEN,14518.0,14684.0
2020-09-24,5,TEN,13620.0,13766.0
2020-09-24,6,TEN,13183.0,13346.0
2020-09-24,7,TEN,12815.0,13291.0
2020-09-24,8,TEN,12568.0,13070.0
2020-09-24,9,TEN,12436.0,12897.0
2020-09-24,10,TEN,12864.0,13341.0
2020-09-24,11,TEN,13697.0,13896.0
2020-09-24,12,TEN,14759.0,14861.0
2020-09-24,13,TEN,15290.0,15343.0
2020-09-24,14,TEN,15702.0,15817.0
2020-09-24,15,TEN,16014.0,16185.0
2020-09-24,16,TEN,16216.0,16509.0
2020-09-24,17,TEN,16307.0,16890.0
2020-09-24,18,TEN,16290.0,16918.0
2020-09-24,19,TEN,16073.0,16710.0
2020-09-24,20,TEN,15832.0,16483.0
2020-09-24,21,TEN,15860.0,16489.0
2020-09-24,22,TEN,15886.0,16454.0
2020-09-24,23,TEN,16049.0,16541.0
2020-09-25,0,TEN,16299.0,16813.0
2020-09-25,1,TEN,16637.0,17132.0
2020-09-25,2,TEN,16366.0,16908.0
2020-09-25,3,TEN,15601.0,15755.0
2020-09-25,4,TEN,14705.0,14798.0
2020-09-25,5,TEN,13876.0,14066.0
2020-09-25,6,TEN,13319.0,13581.0
2020-09-25,7,TEN,12974.0,13385.0
2020-09-25,8,TEN,12687.0,13177.0
2020-09-25,9,TEN,12722.0,13163.0
2020-09-25,10,TEN,13085.0,13494.0
2020-09-25,11,TEN,13879.0,14117.0
2020-09-25,12,TEN,14987.0,15154.0
2020-09-25,13,TEN,15460.0,15548.0
2020-09-25,14,TEN,15903.0,16122.0
2020-09-25,15,TEN,16350.0,16527.0
2020-09-25,16,TEN,16679.0,16879.0
2020-09-25,17,TEN,16791.0,17340.0
2020-09-25,18,TEN,16843.0,17328.0
2020-09-25,19,TEN,16757.0,17279.0
2020-09-25,20,TEN,16636.0,17150.0
2020-09-25,21,TEN,16725.0,17192.0
2020-09-25,22,TEN,16788.0,17270.0
2020-09-25,23,TEN,16765.0,17235.0
2020-09-26,0,TEN,16831.0,17290.0
2020-09-26,1,TEN,17024.0,17437.0
2020-09-26,2,TEN,16622.0,17100.0
2020-09-26,3,TEN,15900.0,16057.0
2020-09-26,4,TEN,15116.0,15304.0
2020-09-26,5,TEN,14199.0,14370.0
2020-09-26,6,TEN,13578.0,13750.0
2020-09-26,7,TEN,13081.0,13387.0
2020-09-26,8,TEN,12762.0,13060.0
2020-09-26,9,TEN,12592.0,12885.0
2020-09-26,10,TEN,12653.0,12964.0
2020-09-26,11,TEN,12885.0,13189.0
2020-09-26,12,TEN,13282.0,13598.0
2020-09-26,13,TEN,13789.0,13998.0
2020-09-26,14,TEN,14669.0,14917.0
2020-09-26,15,TEN,15363.0,15577.0
2020-09-26,16,TEN,15917.0,16239.0
2020-09-26,17,TEN,16375.0,16639.0
2020-09-26,18,TEN,16758.0,17335.0
2020-09-26,19,TEN,17074.0,17659.0
2020-09-26,20,TEN,17381.0,18001.0
2020-09-26,21,TEN,17569.0,18227.0
2020-09-26,22,TEN,17748.0,18582.0
2020-09-26,23,TEN,17662.0,18480.0
2020-09-27,0,TEN,17382.0,18235.0
2020-09-27,1,TEN,17285.0,18022.0
2020-09-27,2,TEN,16559.0,17305.0
2020-09-27,3,TEN,15709.0,16205.0
2020-09-27,4,TEN,14775.0,14987.0
2020-09-27,5,TEN,13886.0,13964.0
2020-09-27,6,TEN,12981.0,13076.0
2020-09-27,7,TEN,12534.0,12784.0
2020-09-27,8,TEN,12273.0,12779.0
2020-09-27,9,TEN,12031.0,12605.0
2020-09-27,10,TEN,11960.0,12578.0
2020-09-27,11,TEN,12218.0,12883.0
2020-09-27,12,TEN,12381.0,12920.0
2020-09-27,13,TEN,12945.0,13308.0
2020-09-27,14,TEN,13801.0,14004.0
2020-09-27,15,TEN,14828.0,15018.0
2020-09-27,16,TEN,15816.0,16193.0
2020-09-27,17,TEN,16834.0,17188.0
2020-09-27,18,TEN,17542.0,17900.0
2020-09-27,19,TEN,18389.0,18775.0
2020-09-27,20,TEN,19020.0,19595.0
2020-09-27,21,TEN,19654.0,20249.0
2020-09-27,22,TEN,19923.0,20297.0
2020-09-27,23,TEN,19761.0,20158.0
2020-09-28,0,TEN,19219.0,19667.0
2020-09-28,1,TEN,19083.0,19468.0
2020-09-28,2,TEN,17980.0,18300.0
2020-09-28,3,TEN,16840.0,17012.0
2020-09-28,4,TEN,15695.0,15689.0
2020-09-28,5,TEN,14567.0,14561.0
2020-09-28,6,TEN,13786.0,13732.0
2020-09-28,7,TEN,13263.0,13207.0
2020-09-28,8,TEN,12820.0,12815.0
2020-09-28,9,TEN,12916.0,12852.0
2020-09-28,10,TEN,13270.0,13195.0
2020-09-28,11,TEN,14335.0,14250.0
2020-09-28,12,TEN,15456.0,15544.0
2020-09-28,13,TEN,16155.0,16438.0
2020-09-28,14,TEN,16667.0,17025.0
2020-09-28,15,TEN,17282.0,17731.0
2020-09-28,16,TEN,17839.0,18560.0
2020-09-28,17,TEN,18316.0,18999.0
2020-09-28,18,TEN,18612.0,19410.0
2020-09-28,19,TEN,18585.0,19405.0
2020-09-28,20,TEN,18643.0,19328.0
2020-09-28,21,TEN,18422.0,19198.0
2020-09-28,22,TEN,18221.0,18964.0
2020-09-28,23,TEN,17942.0,18708.0
2020-09-29,0,TEN,17800.0,18603.0
2020-09-29,1,TEN,17768.0,18498.0
2020-09-29,2,TEN,16853.0,17569.0
2020-09-29,3,TEN,15710.0,16398.0
2020-09-29,4,TEN,14675.0,14938.0
2020-09-29,5,TEN,13588.0,13592.0
2020-09-29,6,TEN,13029.0,13075.0
2020-09-29,7,TEN,12723.0,12911.0
2020-09-29,8,TEN,12486.0,12774.0
2020-09-29,9,TEN,12430.0,12582.0
2020-09-29,10,TEN,12782.0,12872.0
2020-09-29,11,TEN,13760.0,13765.0
2020-09-29,12,TEN,14911.0,15016.0
2020-09-29,13,TEN,15243.0,15473.0
2020-09-29,14,TEN,15613.0,15801.0
2020-09-29,15,TEN,15747.0,15947.0
2020-09-29,16,TEN,15992.0,16108.0
2020-09-29,17,TEN,16189.0,16388.0
2020-09-29,18,TEN,16265.0,16443.0
2020-09-29,19,TEN,16103.0,16287.0
2020-09-29,20,TEN,16096.0,16280.0
2020-09-29,21,TEN,16034.0,16255.0
2020-09-29,22,TEN,16073.0,16237.0
2020-09-29,23,TEN,16105.0,16272.0
2020-09-30,0,TEN,16290.0,16464.0
2020-09-30,1,TEN,16553.0,16719.0
2020-09-30,2,TEN,15958.0,16112.0
2020-09-30,3,TEN,15193.0,15303.0
2020-09-30,4,TEN,14398.0,14480.0
2020-09-30,5,TEN,13467.0,13522.0
2020-09-30,6,TEN,12826.0,12950.0
2020-09-30,7,TEN,12539.0,12909.0
2020-09-30,8,TEN,12361.0,12796.0
2020-09-30,9,TEN,12383.0,12833.0
2020-09-30,10,TEN,12873.0,13279.0
2020-09-30,11,TEN,13827.0,13892.0
2020-09-30,12,TEN,14894.0,14968.0
2020-09-30,13,TEN,15313.0,15379.0
2020-09-30,14,TEN,15540.0,15581.0
2020-09-30,15,TEN,15544.0,15605.0
2020-09-30,16,TEN,15663.0,15722.0
2020-09-30,17,TEN,15782.0,15886.0
2020-09-30,18,TEN,15902.0,15941.0
2020-09-30,19,TEN,16106.0,16175.0
2020-09-30,20,TEN,16395.0,16402.0
2020-09-30,21,TEN,16757.0,16805.0
2020-09-30,22,TEN,17095.0,17124.0
2020-09-30,23,TEN,17170.0,17121.0
2020-10-01,0,TEN,17105.0,17162.0
2020-10-01,1,TEN,17169.0,17195.0
2020-10-01,2,TEN,16675.0,16732.0
2020-10-01,3,TEN,15796.0,15910.0
2020-10-01,4,TEN,14642.0,14775.0
2020-10-01,5,TEN,13694.0,13727.0
2020-10-01,6,TEN,13094.0,13186.0
2020-10-01,7,TEN,12649.0,12801.0
2020-10-01,8,TEN,12424.0,12749.0
2020-10-01,9,TEN,12424.0,12550.0
2020-10-01,10,TEN,12751.0,12921.0
2020-10-01,11,TEN,13579.0,13523.0
2020-10-01,12,TEN,14687.0,14736.0
2020-10-01,13,TEN,15051.0,15142.0
2020-10-01,14,TEN,15430.0,15469.0
2020-10-01,15,TEN,15655.0,15709.0
2020-10-01,16,TEN,15938.0,16098.0
2020-10-01,17,TEN,16123.0,16282.0
2020-10-01,18,TEN,16414.0,16563.0
2020-10-01,19,TEN,16620.0,16761.0
2020-10-01,20,TEN,16770.0,16926.0
2020-10-01,21,TEN,16740.0,16923.0
2020-10-01,22,TEN,16770.0,16931.0
2020-10-01,23,TEN,16483.0,16611.0
2020-10-02,0,TEN,16540.0,16737.0
2020-10-02,1,TEN,16654.0,16814.0
2020-10-02,2,TEN,16252.0,16345.0
2020-10-02,3,TEN,15323.0,15408.0
2020-10-02,4,TEN,14275.0,14334.0
2020-10-02,5,TEN,13394.0,13388.0
2020-10-02,6,TEN,12689.0,12746.0
2020-10-02,7,TEN,12430.0,12494.0
2020-10-02,8,TEN,12432.0,12506.0
2020-10-02,9,TEN,12460.0,12568.0
2020-10-02,10,TEN,12924.0,12992.0
2020-10-02,11,TEN,13946.0,14015.0
2020-10-02,12,TEN,15119.0,15305.0
2020-10-02,13,TEN,15522.0,15681.0
2020-10-02,14,TEN,15655.0,15818.0
2020-10-02,15,TEN,15594.0,15760.0
2020-10-02,16,TEN,15577.0,15742.0
2020-10-02,17,TEN,15667.0,15853.0
2020-10-02,18,TEN,15563.0,15739.0
2020-10-02,19,TEN,15466.0,15693.0
2020-10-02,20,TEN,15249.0,15478.0
2020-10-02,21,TEN,15360.0,15549.0
2020-10-02,22,TEN,15211.0,15517.0
2020-10-02,23,TEN,15138.0,15451.0
2020-10-03,0,TEN,15233.0,15421.0
2020-10-03,1,TEN,15614.0,15792.0
2020-10-03,2,TEN,15226.0,15426.0
2020-10-03,3,TEN,14645.0,14894.0
2020-10-03,4,TEN,13907.0,14006.0
2020-10-03,5,TEN,13270.0,13387.0
2020-10-03,6,TEN,12899.0,12947.0
2020-10-03,7,TEN,12656.0,12708.0
2020-10-03,8,TEN,12512.0,12612.0
2020-10-03,9,TEN,12490.0,12542.0
2020-10-03,10,TEN,12716.0,12754.0
2020-10-03,11,TEN,13203.0,13246.0
2020-10-03,12,TEN,13832.0,13903.0
2020-10-03,13,TEN,14343.0,14485.0
2020-10-03,14,TEN,14843.0,14932.0
2020-10-03,15,TEN,14897.0,14948.0
2020-10-03,16,TEN,14746.0,14528.0
2020-10-03,17,TEN,14599.0,14449.0
2020-10-03,18,TEN,14442.0,14569.0
2020-10-03,19,TEN,14431.0,14546.0
2020-10-03,20,TEN,14392.0,14584.0
2020-10-03,21,TEN,14579.0,14689.0
2020-10-03,22,TEN,14782.0,14966.0
2020-10-03,23,TEN,14773.0,14909.0
2020-10-04,0,TEN,14740.0,14924.0
2020-10-04,1,TEN,14949.0,15074.0
2020-10-04,2,TEN,14670.0,14725.0
2020-10-04,3,TEN,14023.0,14057.0
2020-10-04,4,TEN,13317.0,13368.0
2020-10-04,5,TEN,12649.0,12681.0
2020-10-04,6,TEN,12209.0,12273.0
2020-10-04,7,TEN,11906.0,12026.0
2020-10-04,8,TEN,11732.0,11842.0
2020-10-04,9,TEN,11706.0,11799.0
2020-10-04,10,TEN,11720.0,11775.0
2020-10-04,11,TEN,12164.0,12174.0
2020-10-04,12,TEN,12544.0,12619.0
2020-10-04,13,TEN,13131.0,13224.0
2020-10-04,14,TEN,13751.0,13895.0
2020-10-04,15,TEN,14112.0,14155.0
2020-10-04,16,TEN,14169.0,14315.0
2020-10-04,17,TEN,14262.0,14400.0
2020-10-04,18,TEN,14503.0,14600.0
2020-10-04,19,TEN,14619.0,14692.0
2020-10-04,20,TEN,14731.0,14861.0
2020-10-04,21,TEN,14783.0,14927.0
2020-10-04,22,TEN,14968.0,15081.0
2020-10-04,23,TEN,15149.0,15328.0
2020-10-05,0,TEN,15465.0,15596.0
2020-10-05,1,TEN,15721.0,15832.0
2020-10-05,2,TEN,15171.0,15206.0
2020-10-05,3,TEN,14414.0,14458.0
2020-10-05,4,TEN,13596.0,13635.0
2020-10-05,5,TEN,12818.0,12906.0
2020-10-05,6,TEN,12373.0,12443.0
2020-10-05,7,TEN,12201.0,12283.0
2020-10-05,8,TEN,12087.0,12192.0
2020-10-05,9,TEN,12368.0,12381.0
2020-10-05,10,TEN,12866.0,12914.0
2020-10-05,11,TEN,13972.0,14190.0
2020-10-05,12,TEN,15194.0,15257.0
2020-10-05,13,TEN,15769.0,15869.0
2020-10-05,14,TEN,15961.0,16007.0
2020-10-05,15,TEN,16132.0,16090.0
2020-10-05,16,TEN,16087.0,16081.0
2020-10-05,17,TEN,16285.0,16291.0
2020-10-05,18,TEN,16313.0,16284.0
2020-10-05,19,TEN,16244.0,16184.0
2020-10-05,20,TEN,16332.0,16319.0
2020-10-05,21,TEN,16449.0,16624.0
2020-10-05,22,TEN,16615.0,16769.0
2020-10-05,23,TEN,16475.0,16618.0
2020-10-06,0,TEN,16671.0,16842.0
2020-10-06,1,TEN,16779.0,16840.0
2020-10-06,2,TEN,16084.0,16211.0
2020-10-06,3,TEN,15299.0,15409.0
2020-10-06,4,TEN,14303.0,14393.0
2020-10-06,5,TEN,13602.0,13712.0
2020-10-06,6,TEN,13013.0,13173.0
2020-10-06,7,TEN,12789.0,12899.0
2020-10-06,8,TEN,12719.0,12848.0
2020-10-06,9,TEN,12794.0,12919.0
2020-10-06,10,TEN,13342.0,13473.0
2020-10-06,11,TEN,14341.0,14566.0
2020-10-06,12,TEN,15457.0,15606.0
2020-10-06,13,TEN,15900.0,16123.0
2020-10-06,14,TEN,16124.0,16134.0
2020-10-06,15,TEN,16072.0,16173.0
2020-10-06,16,TEN,16137.0,16472.0
2020-10-06,17,TEN,16202.0,16512.0
2020-10-06,18,TEN,16327.0,16644.0
2020-10-06,19,TEN,16530.0,16830.0
2020-10-06,20,TEN,16975.0,17308.0
2020-10-06,21,TEN,17271.0,17539.0
2020-10-06,22,TEN,17250.0,17520.0
2020-10-06,23,TEN,17151.0,17362.0
2020-10-07,0,TEN,17189.0,17442.0
2020-10-07,1,TEN,17247.0,17449.0
2020-10-07,2,TEN,16449.0,16809.0
2020-10-07,3,TEN,15493.0,15984.0
2020-10-07,4,TEN,14458.0,14619.0
2020-10-07,5,TEN,13500.0,13620.0
2020-10-07,6,TEN,12915.0,12735.0
2020-10-07,7,TEN,12587.0,12433.0
2020-10-07,8,TEN,12321.0,12281.0
2020-10-07,9,TEN,12394.0,12305.0
2020-10-07,10,TEN,12897.0,12840.0
2020-10-07,11,TEN,13812.0,13852.0
2020-10-07,12,TEN,14855.0,15033.0
2020-10-07,13,TEN,15273.0,15334.0
2020-10-07,14,TEN,15705.0,15762.0
2020-10-07,15,TEN,15924.0,16009.0
2020-10-07,16,TEN,16223.0,16301.0
2020-10-07,17,TEN,16636.0,16935.0
2020-10-07,18,TEN,17051.0,17311.0
2020-10-07,19,TEN,17461.0,17685.0
2020-10-07,20,TEN,18033.0,18234.0
2020-10-07,21,TEN,18310.0,18522.0
2020-10-07,22,TEN,18608.0,18751.0
2020-10-07,23,TEN,18428.0,18557.0
2020-10-08,0,TEN,18076.0,18301.0
2020-10-08,1,TEN,17898.0,18163.0
2020-10-08,2,TEN,16916.0,17132.0
2020-10-08,3,TEN,15878.0,16189.0
2020-10-08,4,TEN,14895.0,14934.0
2020-10-08,5,TEN,13873.0,13942.0
2020-10-08,6,TEN,13160.0,13221.0
2020-10-08,7,TEN,12730.0,13188.0
2020-10-08,8,TEN,12483.0,12896.0
2020-10-08,9,TEN,12380.0,12824.0
2020-10-08,10,TEN,12711.0,13082.0
2020-10-08,11,TEN,13694.0,13739.0
2020-10-08,12,TEN,14719.0,14759.0
2020-10-08,13,TEN,15191.0,15316.0
2020-10-08,14,TEN,15607.0,15715.0
2020-10-08,15,TEN,15866.0,16046.0
2020-10-08,16,TEN,16272.0,16513.0
2020-10-08,17,TEN,16645.0,16813.0
2020-10-08,18,TEN,17268.0,17387.0
2020-10-08,19,TEN,17652.0,17735.0
2020-10-08,20,TEN,18011.0,18132.0
2020-10-08,21,TEN,18187.0,18308.0
2020-10-08,22,TEN,18207.0,18241.0
2020-10-08,23,TEN,17990.0,18069.0
2020-10-09,0,TEN,18192.0,18325.0
2020-10-09,1,TEN,18124.0,18418.0
2020-10-09,2,TEN,17522.0,17914.0
2020-10-09,3,TEN,16598.0,16882.0
2020-10-09,4,TEN,15339.0,15419.0
2020-10-09,5,TEN,14512.0,14880.0
2020-10-09,6,TEN,13859.0,14097.0
2020-10-09,7,TEN,13260.0,13498.0
2020-10-09,8,TEN,12950.0,13225.0
2020-10-09,9,TEN,12945.0,13156.0
2020-10-09,10,TEN,13333.0,13575.0
2020-10-09,11,TEN,13977.0,13917.0
2020-10-09,12,TEN,15032.0,15168.0
2020-10-09,13,TEN,15498.0,15692.0
2020-10-09,14,TEN,16020.0,16242.0
2020-10-09,15,TEN,16424.0,16573.0
2020-10-09,16,TEN,16705.0,16948.0
2020-10-09,17,TEN,16808.0,17069.0
2020-10-09,18,TEN,16922.0,17206.0
2020-10-09,19,TEN,16866.0,17145.0
2020-10-09,20,TEN,16575.0,16915.0
2020-10-09,21,TEN,16420.0,16743.0
2020-10-09,22,TEN,16491.0,16728.0
2020-10-09,23,TEN,16483.0,16642.0
2020-10-10,0,TEN,16750.0,16837.0
2020-10-10,1,TEN,16781.0,16841.0
2020-10-10,2,TEN,16342.0,16541.0
2020-10-10,3,TEN,15707.0,15837.0
2020-10-10,4,TEN,14966.0,14963.0
2020-10-10,5,TEN,14198.0,14235.0
2020-10-10,6,TEN,13426.0,13370.0
2020-10-10,7,TEN,12893.0,12818.0
2020-10-10,8,TEN,12586.0,12568.0
2020-10-10,9,TEN,12584.0,12597.0
2020-10-10,10,TEN,12678.0,12651.0
2020-10-10,11,TEN,12891.0,12893.0
2020-10-10,12,TEN,13422.0,13409.0
2020-10-10,13,TEN,13879.0,13953.0
2020-10-10,14,TEN,14571.0,14535.0
2020-10-10,15,TEN,15254.0,15283.0
2020-10-10,16,TEN,15588.0,15643.0
2020-10-10,17,TEN,15803.0,15821.0
2020-10-10,18,TEN,15821.0,15911.0
2020-10-10,19,TEN,15866.0,15926.0
2020-10-10,20,TEN,15806.0,15901.0
2020-10-10,21,TEN,15698.0,15759.0
2020-10-10,22,TEN,15771.0,15859.0
2020-10-10,23,TEN,15884.0,15920.0
2020-10-11,0,TEN,16296.0,16307.0
2020-10-11,1,TEN,16221.0,16110.0
2020-10-11,2,TEN,15835.0,15836.0
2020-10-11,3,TEN,15219.0,15211.0
2020-10-11,4,TEN,14537.0,14448.0
2020-10-11,5,TEN,13874.0,13879.0
2020-10-11,6,TEN,13200.0,13213.0
2020-10-11,7,TEN,12805.0,12797.0
2020-10-11,8,TEN,12564.0,12523.0
2020-10-11,9,TEN,12252.0,12308.0
2020-10-11,10,TEN,12247.0,12211.0
2020-10-11,11,TEN,12628.0,12636.0
2020-10-11,12,TEN,12853.0,12918.0
2020-10-11,13,TEN,13274.0,13341.0
2020-10-11,14,TEN,14107.0,14063.0
2020-10-11,15,TEN,14780.0,14784.0
2020-10-11,16,TEN,15243.0,15230.0
2020-10-11,17,TEN,15554.0,15559.0
2020-10-11,18,TEN,15820.0,15810.0
2020-10-11,19,TEN,15909.0,15896.0
2020-10-11,20,TEN,16110.0,16110.0
2020-10-11,21,TEN,16363.0,16401.0
2020-10-11,22,TEN,16598.0,16583.0
2020-10-11,23,TEN,16629.0,16604.0
2020-10-12,0,TEN,17079.0,16958.0
2020-10-12,1,TEN,17120.0,17052.0
2020-10-12,2,TEN,16618.0,16479.0
2020-10-12,3,TEN,15759.0,15645.0
2020-10-12,4,TEN,14890.0,14828.0
2020-10-12,5,TEN,13991.0,13985.0
2020-10-12,6,TEN,13257.0,13341.0
2020-10-12,7,TEN,12957.0,12866.0
2020-10-12,8,TEN,12774.0,12659.0
2020-10-12,9,TEN,12717.0,12584.0
2020-10-12,10,TEN,13178.0,13167.0
2020-10-12,11,TEN,14007.0,13930.0
2020-10-12,12,TEN,14994.0,14857.0
2020-10-12,13,TEN,15507.0,15431.0
2020-10-12,14,TEN,16251.0,16166.0
2020-10-12,15,TEN,16953.0,16800.0
2020-10-12,16,TEN,17685.0,17491.0
2020-10-12,17,TEN,18275.0,18087.0
2020-10-12,18,TEN,18817.0,18301.0
2020-10-12,19,TEN,19279.0,18899.0
2020-10-12,20,TEN,19585.0,19039.0
2020-10-12,21,TEN,19808.0,19094.0
2020-10-12,22,TEN,19731.0,19245.0
2020-10-12,23,TEN,19422.0,19102.0
2020-10-13,0,TEN,19406.0,19296.0
2020-10-13,1,TEN,18978.0,18724.0
2020-10-13,2,TEN,18071.0,17839.0
2020-10-13,3,TEN,16849.0,16731.0
2020-10-13,4,TEN,15497.0,15543.0
2020-10-13,5,TEN,14303.0,14273.0
2020-10-13,6,TEN,13635.0,13648.0
2020-10-13,7,TEN,13079.0,13096.0
2020-10-13,8,TEN,12676.0,12737.0
2020-10-13,9,TEN,12586.0,12590.0
2020-10-13,10,TEN,12824.0,12826.0
2020-10-13,11,TEN,13464.0,13469.0
2020-10-13,12,TEN,14507.0,14529.0
2020-10-13,13,TEN,14918.0,14972.0
2020-10-13,14,TEN,15305.0,15294.0
2020-10-13,15,TEN,15637.0,15601.0
2020-10-13,16,TEN,15857.0,15987.0
2020-10-13,17,TEN,16103.0,16354.0
2020-10-13,18,TEN,16431.0,16774.0
2020-10-13,19,TEN,16526.0,16966.0
2020-10-13,20,TEN,16771.0,17208.0
2020-10-13,21,TEN,17103.0,17574.0
2020-10-13,22,TEN,17164.0,17577.0
2020-10-13,23,TEN,17004.0,17352.0
2020-10-14,0,TEN,16816.0,17019.0
2020-10-14,1,TEN,16782.0,16806.0
2020-10-14,2,TEN,16238.0,16261.0
2020-10-14,3,TEN,15255.0,15299.0
2020-10-14,4,TEN,14270.0,14318.0
2020-10-14,5,TEN,13561.0,13515.0
2020-10-14,6,TEN,12972.0,12959.0
2020-10-14,7,TEN,12697.0,12725.0
2020-10-14,8,TEN,12543.0,12686.0
2020-10-14,9,TEN,12526.0,12702.0
2020-10-14,10,TEN,12964.0,12961.0
2020-10-14,11,TEN,13812.0,13829.0
2020-10-14,12,TEN,14945.0,14954.0
2020-10-14,13,TEN,15448.0,15455.0
2020-10-14,14,TEN,15553.0,15628.0
2020-10-14,15,TEN,15572.0,15619.0
2020-10-14,16,TEN,15649.0,15668.0
2020-10-14,17,TEN,15838.0,15889.0
2020-10-14,18,TEN,16117.0,16135.0
2020-10-14,19,TEN,16318.0,16336.0
2020-10-14,20,TEN,16683.0,16678.0
2020-10-14,21,TEN,17120.0,17154.0
2020-10-14,22,TEN,17367.0,17402.0
2020-10-14,23,TEN,17257.0,17271.0
2020-10-15,0,TEN,17267.0,17295.0
2020-10-15,1,TEN,17282.0,17324.0
2020-10-15,2,TEN,16524.0,16619.0
2020-10-15,3,TEN,15615.0,15638.0
2020-10-15,4,TEN,14578.0,14538.0
2020-10-15,5,TEN,13720.0,13708.0
2020-10-15,6,TEN,13181.0,13208.0
2020-10-15,7,TEN,12878.0,12926.0
2020-10-15,8,TEN,12553.0,12797.0
2020-10-15,9,TEN,12426.0,12686.0
2020-10-15,10,TEN,12659.0,12750.0
2020-10-15,11,TEN,13541.0,13606.0
2020-10-15,12,TEN,14749.0,14770.0
2020-10-15,13,TEN,15142.0,15232.0
2020-10-15,14,TEN,15433.0,15564.0
2020-10-15,15,TEN,15702.0,15830.0
2020-10-15,16,TEN,16065.0,16123.0
2020-10-15,17,TEN,16462.0,16502.0
2020-10-15,18,TEN,16749.0,16830.0
2020-10-15,19,TEN,16843.0,16934.0
2020-10-15,20,TEN,17089.0,17145.0
2020-10-15,21,TEN,17158.0,17348.0
2020-10-15,22,TEN,17011.0,17258.0
2020-10-15,23,TEN,16885.0,17140.0
2020-10-16,0,TEN,17045.0,17518.0
2020-10-16,1,TEN,16928.0,17340.0
2020-10-16,2,TEN,16298.0,16634.0
2020-10-16,3,TEN,15418.0,15774.0
2020-10-16,4,TEN,14410.0,14705.0
2020-10-16,5,TEN,13582.0,13986.0
2020-10-16,6,TEN,12868.0,13236.0
2020-10-16,7,TEN,12421.0,12756.0
2020-10-16,8,TEN,12394.0,12752.0
2020-10-16,9,TEN,12348.0,12731.0
2020-10-16,10,TEN,12746.0,12843.0
2020-10-16,11,TEN,13633.0,13791.0
2020-10-16,12,TEN,14708.0,14897.0
2020-10-16,13,TEN,15132.0,15292.0
2020-10-16,14,TEN,15496.0,15695.0
2020-10-16,15,TEN,15492.0,15717.0
2020-10-16,16,TEN,15624.0,16152.0
2020-10-16,17,TEN,15602.0,16140.0
2020-10-16,18,TEN,15446.0,16002.0
2020-10-16,19,TEN,15295.0,15839.0
2020-10-16,20,TEN,15196.0,15729.0
2020-10-16,21,TEN,15070.0,15614.0
2020-10-16,22,TEN,15078.0,15507.0
2020-10-16,23,TEN,15116.0,15687.0
2020-10-17,0,TEN,15462.0,16045.0
2020-10-17,1,TEN,15786.0,16388.0
2020-10-17,2,TEN,15502.0,16178.0
2020-10-17,3,TEN,15112.0,15642.0
2020-10-17,4,TEN,14589.0,15103.0
2020-10-17,5,TEN,14067.0,14565.0
2020-10-17,6,TEN,13650.0,14201.0
2020-10-17,7,TEN,13508.0,14015.0
2020-10-17,8,TEN,13324.0,13801.0
2020-10-17,9,TEN,13536.0,13651.0
2020-10-17,10,TEN,13764.0,13934.0
2020-10-17,11,TEN,14341.0,14516.0
2020-10-17,12,TEN,15128.0,15238.0
2020-10-17,13,TEN,15736.0,15742.0
2020-10-17,14,TEN,15907.0,16083.0
2020-10-17,15,TEN,15691.0,15879.0
2020-10-17,16,TEN,15257.0,15529.0
2020-10-17,17,TEN,14747.0,15083.0
2020-10-17,18,TEN,14421.0,14899.0
2020-10-17,19,TEN,14180.0,14654.0
2020-10-17,20,TEN,14046.0,14551.0
2020-10-17,21,TEN,14007.0,14534.0
2020-10-17,22,TEN,14086.0,14642.0
2020-10-17,23,TEN,14384.0,14887.0
2020-10-18,0,TEN,14899.0,15078.0
2020-10-18,1,TEN,15040.0,15639.0
2020-10-18,2,TEN,14763.0,15275.0
2020-10-18,3,TEN,14389.0,14897.0
2020-10-18,4,TEN,13823.0,13952.0
2020-10-18,5,TEN,13320.0,13423.0
2020-10-18,6,TEN,12856.0,13167.0
2020-10-18,7,TEN,12567.0,12876.0
2020-10-18,8,TEN,12508.0,12822.0
2020-10-18,9,TEN,12390.0,12484.0
2020-10-18,10,TEN,12624.0,12686.0
2020-10-18,11,TEN,12917.0,13071.0
2020-10-18,12,TEN,13351.0,13799.0
2020-10-18,13,TEN,13892.0,14342.0
2020-10-18,14,TEN,14422.0,14606.0
2020-10-18,15,TEN,14488.0,14786.0
2020-10-18,16,TEN,14382.0,14885.0
2020-10-18,17,TEN,14344.0,14973.0
2020-10-18,18,TEN,14309.0,14928.0
2020-10-18,19,TEN,14260.0,14929.0
2020-10-18,20,TEN,14260.0,14912.0
2020-10-18,21,TEN,14430.0,15075.0
2020-10-18,22,TEN,14700.0,15452.0
2020-10-18,23,TEN,15016.0,15732.0
2020-10-19,0,TEN,15523.0,16308.0
2020-10-19,1,TEN,15644.0,16557.0
2020-10-19,2,TEN,15213.0,15864.0
2020-10-19,3,TEN,14393.0,14959.0
2020-10-19,4,TEN,13612.0,13941.0
2020-10-19,5,TEN,12892.0,13317.0
2020-10-19,6,TEN,12487.0,12837.0
2020-10-19,7,TEN,12212.0,12578.0
2020-10-19,8,TEN,12153.0,12260.0
2020-10-19,9,TEN,12274.0,12345.0
2020-10-19,10,TEN,12742.0,12971.0
2020-10-19,11,TEN,13819.0,13858.0
2020-10-19,12,TEN,15142.0,15212.0
2020-10-19,13,TEN,15643.0,15909.0
2020-10-19,14,TEN,15794.0,16017.0
2020-10-19,15,TEN,16014.0,16225.0
2020-10-19,16,TEN,16272.0,16448.0
2020-10-19,17,TEN,16399.0,16449.0
2020-10-19,18,TEN,16825.0,16803.0
2020-10-19,19,TEN,17044.0,17104.0
2020-10-19,20,TEN,17250.0,17279.0
2020-10-19,21,TEN,17393.0,17406.0
2020-10-19,22,TEN,17433.0,17413.0
2020-10-19,23,TEN,17536.0,17423.0
2020-10-20,0,TEN,18052.0,17787.0
2020-10-20,1,TEN,17923.0,17913.0
2020-10-20,2,TEN,17066.0,17036.0
2020-10-20,3,TEN,16147.0,16077.0
2020-10-20,4,TEN,15223.0,15114.0
2020-10-20,5,TEN,14253.0,14402.0
2020-10-20,6,TEN,13509.0,13696.0
2020-10-20,7,TEN,13067.0,13256.0
2020-10-20,8,TEN,12815.0,12985.0
2020-10-20,9,TEN,12840.0,12966.0
2020-10-20,10,TEN,13172.0,13356.0
2020-10-20,11,TEN,14047.0,14270.0
2020-10-20,12,TEN,15139.0,15380.0
2020-10-20,13,TEN,15516.0,15690.0
2020-10-20,14,TEN,15735.0,15955.0
2020-10-20,15,TEN,16191.0,16322.0
2020-10-20,16,TEN,16628.0,16598.0
2020-10-20,17,TEN,17067.0,16973.0
2020-10-20,18,TEN,17636.0,17549.0
2020-10-20,19,TEN,18051.0,18018.0
2020-10-20,20,TEN,18438.0,18377.0
2020-10-20,21,TEN,18801.0,18741.0
2020-10-20,22,TEN,18969.0,18731.0
2020-10-20,23,TEN,18671.0,18425.0
2020-10-21,0,TEN,18658.0,18294.0
2020-10-21,1,TEN,18384.0,17992.0
2020-10-21,2,TEN,17558.0,17353.0
2020-10-21,3,TEN,16541.0,16424.0
2020-10-21,4,TEN,15271.0,15205.0
2020-10-21,5,TEN,14157.0,14161.0
2020-10-21,6,TEN,13435.0,13508.0
2020-10-21,7,TEN,13024.0,13139.0
2020-10-21,8,TEN,12787.0,12911.0
2020-10-21,9,TEN,12684.0,12847.0
2020-10-21,10,TEN,13021.0,13152.0
2020-10-21,11,TEN,13952.0,14112.0
2020-10-21,12,TEN,15161.0,15389.0
2020-10-21,13,TEN,15502.0,15706.0
2020-10-21,14,TEN,15826.0,16136.0
2020-10-21,15,TEN,16374.0,16499.0
2020-10-21,16,TEN,17071.0,16942.0
2020-10-21,17,TEN,17789.0,17616.0
2020-10-21,18,TEN,18420.0,18245.0
2020-10-21,19,TEN,18988.0,18907.0
2020-10-21,20,TEN,19451.0,19351.0
2020-10-21,21,TEN,19781.0,19655.0
2020-10-21,22,TEN,19856.0,19396.0
2020-10-21,23,TEN,19430.0,18868.0
2020-10-22,0,TEN,19319.0,18545.0
2020-10-22,1,TEN,18964.0,18391.0
2020-10-22,2,TEN,18063.0,17566.0
2020-10-22,3,TEN,16872.0,16856.0
2020-10-22,4,TEN,15593.0,15644.0
2020-10-22,5,TEN,14577.0,14575.0
2020-10-22,6,TEN,13671.0,13493.0
2020-10-22,7,TEN,13203.0,12965.0
2020-10-22,8,TEN,12867.0,12622.0
2020-10-22,9,TEN,12907.0,12693.0
2020-10-22,10,TEN,13213.0,13084.0
2020-10-22,11,TEN,14138.0,14094.0
2020-10-22,12,TEN,15278.0,15346.0
2020-10-22,13,TEN,15394.0,15154.0
2020-10-22,14,TEN,16080.0,15871.0
2020-10-22,15,TEN,16827.0,16432.0
2020-10-22,16,TEN,17526.0,17035.0
2020-10-22,17,TEN,18411.0,17916.0
2020-10-22,18,TEN,19272.0,18752.0
2020-10-22,19,TEN,19836.0,19120.0
2020-10-22,20,TEN,20273.0,19144.0
2020-10-22,21,TEN,20513.0,19059.0
2020-10-22,22,TEN,20399.0,18974.0
2020-10-22,23,TEN,19788.0,18549.0
2020-10-23,0,TEN,19745.0,19033.0
2020-10-23,1,TEN,19294.0,18742.0
2020-10-23,2,TEN,18222.0,18029.0
2020-10-23,3,TEN,17111.0,16884.0
2020-10-23,4,TEN,16129.0,15855.0
2020-10-23,5,TEN,14924.0,14453.0
2020-10-23,6,TEN,14054.0,13602.0
2020-10-23,7,TEN,13610.0,13338.0
2020-10-23,8,TEN,13210.0,13005.0
2020-10-23,9,TEN,13059.0,12904.0
2020-10-23,10,TEN,13329.0,13175.0
2020-10-23,11,TEN,14131.0,14039.0
2020-10-23,12,TEN,15159.0,15264.0
2020-10-23,13,TEN,15625.0,15766.0
2020-10-23,14,TEN,16118.0,16289.0
2020-10-23,15,TEN,16807.0,16704.0
2020-10-23,16,TEN,17523.0,17384.0
2020-10-23,17,TEN,18300.0,18125.0
2020-10-23,18,TEN,18934.0,18676.0
2020-10-23,19,TEN,19366.0,18936.0
2020-10-23,20,TEN,19564.0,19015.0
2020-10-23,21,TEN,19577.0,18699.0
2020-10-23,22,TEN,19150.0,18445.0
2020-10-23,23,TEN,18633.0,18115.0
2020-10-24,0,TEN,18432.0,18067.0
2020-10-24,1,TEN,17950.0,17652.0
2020-10-24,2,TEN,17008.0,16657.0
2020-10-24,3,TEN,16196.0,15936.0
2020-10-24,4,TEN,15077.0,14795.0
2020-10-24,5,TEN,14182.0,13933.0
2020-10-24,6,TEN,13356.0,13303.0
2020-10-24,7,TEN,12867.0,12899.0
2020-10-24,8,TEN,12447.0,12499.0
2020-10-24,9,TEN,12354.0,12398.0
2020-10-24,10,TEN,12305.0,12373.0
2020-10-24,11,TEN,12616.0,12699.0
2020-10-24,12,TEN,13156.0,13288.0
2020-10-24,13,TEN,13625.0,13742.0
2020-10-24,14,TEN,14411.0,14509.0
2020-10-24,15,TEN,15067.0,15186.0
2020-10-24,16,TEN,15390.0,15532.0
2020-10-24,17,TEN,15592.0,15746.0
2020-10-24,18,TEN,15581.0,15983.0
2020-10-24,19,TEN,15396.0,15807.0
2020-10-24,20,TEN,15371.0,15800.0
2020-10-24,21,TEN,15225.0,15671.0
2020-10-24,22,TEN,15276.0,15690.0
2020-10-24,23,TEN,15485.0,15611.0
2020-10-25,0,TEN,15906.0,16240.0
2020-10-25,1,TEN,15474.0,15853.0
2020-10-25,2,TEN,15091.0,15181.0
2020-10-25,3,TEN,14461.0,14512.0
2020-10-25,4,TEN,13820.0,13811.0
2020-10-25,5,TEN,13185.0,13214.0
2020-10-25,6,TEN,12625.0,12646.0
2020-10-25,7,TEN,12280.0,12326.0
2020-10-25,8,TEN,11926.0,11991.0
2020-10-25,9,TEN,11947.0,11998.0
2020-10-25,10,TEN,12007.0,12058.0
2020-10-25,11,TEN,12147.0,12216.0
2020-10-25,12,TEN,12567.0,12693.0
2020-10-25,13,TEN,13005.0,13160.0
2020-10-25,14,TEN,13720.0,13877.0
2020-10-25,15,TEN,14210.0,14371.0
2020-10-25,16,TEN,14495.0,14631.0
2020-10-25,17,TEN,14700.0,14886.0
2020-10-25,18,TEN,14692.0,14821.0
2020-10-25,19,TEN,14795.0,14917.0
2020-10-25,20,TEN,14734.0,14872.0
2020-10-25,21,TEN,14843.0,14985.0
2020-10-25,22,TEN,15083.0,15106.0
2020-10-25,23,TEN,15334.0,15453.0
2020-10-26,0,TEN,16058.0,16147.0
2020-10-26,1,TEN,16004.0,16123.0
2020-10-26,2,TEN,15554.0,15692.0
2020-10-26,3,TEN,14633.0,14744.0
2020-10-26,4,TEN,13833.0,13877.0
2020-10-26,5,TEN,13091.0,13149.0
2020-10-26,6,TEN,12599.0,12409.0
2020-10-26,7,TEN,12363.0,12203.0
2020-10-26,8,TEN,12143.0,11955.0
2020-10-26,9,TEN,12259.0,12076.0
2020-10-26,10,TEN,12714.0,12609.0
2020-10-26,11,TEN,13776.0,13915.0
2020-10-26,12,TEN,15046.0,15265.0
2020-10-26,13,TEN,15539.0,15580.0
2020-10-26,14,TEN,15899.0,16118.0
2020-10-26,15,TEN,16212.0,16307.0
2020-10-26,16,TEN,16403.0,16348.0
2020-10-26,17,TEN,16592.0,16334.0
2020-10-26,18,TEN,16615.0,16344.0
2020-10-26,19,TEN,16520.0,16347.0
2020-10-26,20,TEN,16527.0,16369.0
2020-10-26,21,TEN,16466.0,16405.0
2020-10-26,22,TEN,16548.0,16468.0
2020-10-26,23,TEN,16791.0,16632.0
2020-10-27,0,TEN,17246.0,17003.0
2020-10-27,1,TEN,17007.0,16889.0
2020-10-27,2,TEN,16403.0,16345.0
2020-10-27,3,TEN,15587.0,15609.0
2020-10-27,4,TEN,14588.0,14574.0
2020-10-27,5,TEN,13748.0,13663.0
2020-10-27,6,TEN,13156.0,13165.0
2020-10-27,7,TEN,12816.0,12804.0
2020-10-27,8,TEN,12659.0,12647.0
2020-10-27,9,TEN,12687.0,12689.0
2020-10-27,10,TEN,13044.0,13037.0
2020-10-27,11,TEN,13969.0,13916.0
2020-10-27,12,TEN,15198.0,15039.0
2020-10-27,13,TEN,15670.0,15526.0
2020-10-27,14,TEN,15832.0,15676.0
2020-10-27,15,TEN,16140.0,15995.0
2020-10-27,16,TEN,16296.0,16119.0
2020-10-27,17,TEN,16338.0,16195.0
2020-10-27,18,TEN,16439.0,16169.0
2020-10-27,19,TEN,16416.0,16034.0
2020-10-27,20,TEN,16403.0,16171.0
2020-10-27,21,TEN,16397.0,16217.0
2020-10-27,22,TEN,16429.0,16246.0
2020-10-27,23,TEN,16825.0,16421.0
2020-10-28,0,TEN,17451.0,16617.0
2020-10-28,1,TEN,17192.0,16422.0
2020-10-28,2,TEN,16535.0,15746.0
2020-10-28,3,TEN,15544.0,15130.0
2020-10-28,4,TEN,14610.0,14357.0
2020-10-28,5,TEN,13898.0,13755.0
2020-10-28,6,TEN,13272.0,13321.0
2020-10-28,7,TEN,12875.0,12901.0
2020-10-28,8,TEN,12678.0,12503.0
2020-10-28,9,TEN,12749.0,12591.0
2020-10-28,10,TEN,13084.0,12983.0
2020-10-28,11,TEN,13998.0,13898.0
2020-10-28,12,TEN,15045.0,14788.0
2020-10-28,13,TEN,15645.0,15490.0
2020-10-28,14,TEN,15864.0,15635.0
2020-10-28,15,TEN,16148.0,15610.0
2020-10-28,16,TEN,16505.0,15762.0
2020-10-28,17,TEN,16713.0,15823.0
2020-10-28,18,TEN,16713.0,15978.0
2020-10-28,19,TEN,16464.0,15787.0
2020-10-28,20,TEN,16470.0,15803.0
2020-10-28,21,TEN,16450.0,15846.0
2020-10-28,22,TEN,16712.0,15922.0
2020-10-28,23,TEN,17127.0,16347.0
2020-10-29,0,TEN,17542.0,16504.0
2020-10-29,1,TEN,17287.0,16178.0
2020-10-29,2,TEN,16736.0,15701.0
2020-10-29,3,TEN,16001.0,15435.0
2020-10-29,4,TEN,15056.0,14829.0
2020-10-29,5,TEN,14342.0,14350.0
2020-10-29,6,TEN,13758.0,13510.0
2020-10-29,7,TEN,13152.0,12754.0
2020-10-29,8,TEN,13112.0,12687.0
2020-10-29,9,TEN,13051.0,12789.0
2020-10-29,10,TEN,13248.0,13375.0
2020-10-29,11,TEN,14063.0,13830.0
2020-10-29,12,TEN,15136.0,14596.0
2020-10-29,13,TEN,15900.0,15498.0
2020-10-29,14,TEN,16247.0,15465.0
2020-10-29,15,TEN,16517.0,15588.0
2020-10-29,16,TEN,16752.0,15812.0
2020-10-29,17,TEN,16910.0,15657.0
2020-10-29,18,TEN,17034.0,15872.0
2020-10-29,19,TEN,17018.0,16034.0
2020-10-29,20,TEN,16868.0,16165.0
2020-10-29,21,TEN,16705.0,15842.0
2020-10-29,22,TEN,16621.0,15752.0
2020-10-29,23,TEN,16672.0,15801.0
2020-10-30,0,TEN,17013.0,16514.0
2020-10-30,1,TEN,16731.0,16306.0
2020-10-30,2,TEN,16305.0,15920.0
2020-10-30,3,TEN,15507.0,15297.0
2020-10-30,4,TEN,14621.0,14637.0
2020-10-30,5,TEN,13616.0,13754.0
2020-10-30,6,TEN,13323.0,13493.0
2020-10-30,7,TEN,13122.0,13254.0
2020-10-30,8,TEN,12999.0,13122.0
2020-10-30,9,TEN,13044.0,13192.0
2020-10-30,10,TEN,13527.0,13653.0
2020-10-30,11,TEN,14443.0,14528.0
2020-10-30,12,TEN,15796.0,15705.0
2020-10-30,13,TEN,16381.0,16254.0
2020-10-30,14,TEN,16712.0,16568.0
2020-10-30,15,TEN,16925.0,16782.0
2020-10-30,16,TEN,16820.0,16668.0
2020-10-30,17,TEN,16556.0,16438.0
2020-10-30,18,TEN,16164.0,16040.0
2020-10-30,19,TEN,15743.0,15654.0
2020-10-30,20,TEN,15376.0,15530.0
2020-10-30,21,TEN,15204.0,15345.0
2020-10-30,22,TEN,15216.0,15391.0
2020-10-30,23,TEN,15526.0,15657.0
2020-10-31,0,TEN,16344.0,16506.0
2020-10-31,1,TEN,16516.0,16624.0
2020-10-31,2,TEN,16421.0,16574.0
2020-10-31,3,TEN,16008.0,16177.0
2020-10-31,4,TEN,15418.0,15588.0
2020-10-31,5,TEN,14918.0,15061.0
2020-10-31,6,TEN,14711.0,15061.0
2020-10-31,7,TEN,14551.0,13254.0
2020-10-31,8,TEN,14603.0,13122.0
2020-10-31,9,TEN,14767.0,13192.0
2020-10-31,10,TEN,15129.0,13653.0
2020-10-31,11,TEN,15703.0,14528.0
2020-10-31,12,TEN,16434.0,15705.0
2020-10-31,13,TEN,17031.0,16254.0
2020-10-31,14,TEN,17129.0,16568.0
2020-10-31,15,TEN,16742.0,16782.0
2020-10-31,16,TEN,16129.0,16668.0
2020-10-31,17,TEN,15464.0,16438.0
2020-10-31,18,TEN,14993.0,16040.0
2020-10-31,19,TEN,14584.0,15654.0
2020-10-31,20,TEN,14344.0,15530.0
2020-10-31,21,TEN,14263.0,15345.0
2020-10-31,22,TEN,14430.0,15391.0
2020-10-31,23,TEN,14869.0,15657.0
2020-11-01,0,TEN,15447.0,16506.0
2020-11-01,1,TEN,15478.0,16624.0
2020-11-01,2,TEN,15340.0,16574.0
2020-11-01,3,TEN,14907.0,16177.0
2020-11-01,4,TEN,14378.0,15588.0
2020-11-01,5,TEN,13791.0,15061.0
2020-11-01,6,TEN,12787.0,12766.0
2020-11-01,7,TEN,12504.0,12491.0
2020-11-01,8,TEN,12377.0,12390.0
2020-11-01,9,TEN,12298.0,12235.0
2020-11-01,10,TEN,12336.0,12299.0
2020-11-01,11,TEN,12513.0,12501.0
2020-11-01,12,TEN,12859.0,12907.0
2020-11-01,13,TEN,13240.0,13287.0
2020-11-01,14,TEN,13940.0,14019.0
2020-11-01,15,TEN,14460.0,14525.0
2020-11-01,16,TEN,14527.0,14554.0
2020-11-01,17,TEN,14450.0,14505.0
2020-11-01,18,TEN,14340.0,14377.0
2020-11-01,19,TEN,14326.0,14387.0
2020-11-01,20,TEN,14100.0,14173.0
2020-11-01,21,TEN,14048.0,14107.0
2020-11-01,22,TEN,14507.0,14609.0
2020-11-01,23,TEN,14944.0,15040.0
2020-11-02,0,TEN,16081.0,16195.0
2020-11-02,1,TEN,16135.0,16484.0
2020-11-02,2,TEN,16126.0,16517.0
2020-11-02,3,TEN,15937.0,16292.0
2020-11-02,4,TEN,15401.0,15497.0
2020-11-02,5,TEN,14911.0,14903.0
2020-11-02,6,TEN,1452.0,1454.0
2020-11-02,7,TEN,14498.0,14527.0
2020-11-02,8,TEN,14711.0,14692.0
2020-11-02,9,TEN,14890.0,14932.0
2020-11-02,10,TEN,15347.0,15446.0
2020-11-02,11,TEN,16311.0,16257.0
2020-11-02,12,TEN,17925.0,17766.0
2020-11-02,13,TEN,19387.0,18452.0
2020-11-02,14,TEN,19442.0,18644.0
2020-11-02,15,TEN,18830.0,18178.0
2020-11-02,16,TEN,18201.0,17779.0
2020-11-02,17,TEN,17572.0,17539.0
2020-11-02,18,TEN,17102.0,17052.0
2020-11-02,19,TEN,16704.0,16631.0
2020-11-02,20,TEN,16320.0,16264.0
2020-11-02,21,TEN,16100.0,16058.0
2020-11-02,22,TEN,16187.0,16170.0
2020-11-02,23,TEN,17000.0,16941.0
2020-11-03,0,TEN,18378.0,18065.0
2020-11-03,1,TEN,18689.0,18457.0
2020-11-03,2,TEN,18660.0,18598.0
2020-11-03,3,TEN,18227.0,18195.0
2020-11-03,4,TEN,17736.0,17720.0
2020-11-03,5,TEN,17164.0,17073.0
2020-11-03,6,TEN,16661.0,16546.0
2020-11-03,7,TEN,16505.0,16362.0
2020-11-03,8,TEN,16557.0,16400.0
2020-11-03,9,TEN,16809.0,16652.0
2020-11-03,10,TEN,16926.0,16837.0
2020-11-03,11,TEN,17576.0,17454.0
2020-11-03,12,TEN,18909.0,18361.0
2020-11-03,13,TEN,19819.0,18551.0
2020-11-03,14,TEN,19649.0,18826.0
2020-11-03,15,TEN,18608.0,18410.0
2020-11-03,16,TEN,17543.0,17473.0
2020-11-03,17,TEN,17063.0,17037.0
2020-11-03,18,TEN,16484.0,16409.0
2020-11-03,19,TEN,16089.0,16037.0
2020-11-03,20,TEN,15832.0,16037.0
2020-11-03,21,TEN,15658.0,15824.0
2020-11-03,22,TEN,15724.0,15951.0
2020-11-03,23,TEN,15992.0,16167.0
2020-11-04,0,TEN,17035.0,17128.0
2020-11-04,1,TEN,17261.0,17381.0
2020-11-04,2,TEN,17000.0,17127.0
2020-11-04,3,TEN,16641.0,16788.0
2020-11-04,4,TEN,16099.0,16283.0
2020-11-04,5,TEN,15458.0,15561.0
2020-11-04,6,TEN,15072.0,15146.0
2020-11-04,7,TEN,14818.0,14961.0
2020-11-04,8,TEN,14813.0,15011.0
2020-11-04,9,TEN,14887.0,15088.0
2020-11-04,10,TEN,15115.0,15290.0
2020-11-04,11,TEN,15761.0,16003.0
2020-11-04,12,TEN,17005.0,17125.0
2020-11-04,13,TEN,18059.0,17675.0
2020-11-04,14,TEN,18114.0,17940.0
2020-11-04,15,TEN,17313.0,17338.0
2020-11-04,16,TEN,16751.0,16900.0
2020-11-04,17,TEN,16400.0,16601.0
2020-11-04,18,TEN,16017.0,16270.0
2020-11-04,19,TEN,15854.0,16070.0
2020-11-04,20,TEN,15831.0,16011.0
2020-11-04,21,TEN,15874.0,16056.0
2020-11-04,22,TEN,15792.0,16012.0
2020-11-04,23,TEN,16054.0,16258.0
2020-11-05,0,TEN,16924.0,16946.0
2020-11-05,1,TEN,16805.0,16976.0
2020-11-05,2,TEN,16557.0,16643.0
2020-11-05,3,TEN,16002.0,16213.0
2020-11-05,4,TEN,15283.0,15521.0
2020-11-05,5,TEN,14582.0,14739.0
2020-11-05,6,TEN,13990.0,14194.0
2020-11-05,7,TEN,13814.0,14007.0
2020-11-05,8,TEN,13644.0,13845.0
2020-11-05,9,TEN,13798.0,13981.0
2020-11-05,10,TEN,14017.0,14231.0
2020-11-05,11,TEN,14585.0,14846.0
2020-11-05,12,TEN,15928.0,16262.0
2020-11-05,13,TEN,17075.0,17377.0
2020-11-05,14,TEN,17211.0,17462.0
2020-11-05,15,TEN,16852.0,17022.0
2020-11-05,16,TEN,16356.0,16547.0
2020-11-05,17,TEN,16186.0,16350.0
2020-11-05,18,TEN,16003.0,16157.0
2020-11-05,19,TEN,15864.0,16015.0
2020-11-05,20,TEN,15793.0,15949.0
2020-11-05,21,TEN,15608.0,15830.0
2020-11-05,22,TEN,15456.0,15639.0
2020-11-05,23,TEN,15977.0,16214.0
2020-11-06,0,TEN,16832.0,16957.0
2020-11-06,1,TEN,16785.0,16960.0
2020-11-06,2,TEN,16498.0,16753.0
2020-11-06,3,TEN,16147.0,16433.0
2020-11-06,4,TEN,15509.0,15946.0
2020-11-06,5,TEN,14655.0,14938.0
2020-11-06,6,TEN,14044.0,14200.0
2020-11-06,7,TEN,13758.0,13415.0
2020-11-06,8,TEN,13678.0,13401.0
2020-11-06,9,TEN,13745.0,13559.0
2020-11-06,10,TEN,13765.0,13497.0
2020-11-06,11,TEN,14466.0,14104.0
2020-11-06,12,TEN,15676.0,15728.0
2020-11-06,13,TEN,16690.0,16587.0
2020-11-06,14,TEN,16888.0,16578.0
2020-11-06,15,TEN,16576.0,16272.0
2020-11-06,16,TEN,16177.0,16029.0
2020-11-06,17,TEN,16007.0,15817.0
2020-11-06,18,TEN,16018.0,15688.0
2020-11-06,19,TEN,15961.0,15638.0
2020-11-06,20,TEN,15933.0,15478.0
2020-11-06,21,TEN,15881.0,15309.0
2020-11-06,22,TEN,15829.0,15232.0
2020-11-06,23,TEN,15888.0,15416.0
2020-11-07,0,TEN,16376.0,15878.0
2020-11-07,1,TEN,16206.0,15999.0
2020-11-07,2,TEN,15904.0,16075.0
2020-11-07,3,TEN,15460.0,15564.0
2020-11-07,4,TEN,14914.0,15076.0
2020-11-07,5,TEN,14241.0,14415.0
2020-11-07,6,TEN,13637.0,13861.0
2020-11-07,7,TEN,13210.0,13305.0
2020-11-07,8,TEN,12887.0,13009.0
2020-11-07,9,TEN,12787.0,12847.0
2020-11-07,10,TEN,13021.0,13074.0
2020-11-07,11,TEN,13271.0,13407.0
2020-11-07,12,TEN,13777.0,13921.0
2020-11-07,13,TEN,14241.0,14418.0
2020-11-07,14,TEN,14689.0,14932.0
2020-11-07,15,TEN,14972.0,15143.0
2020-11-07,16,TEN,14980.0,15141.0
2020-11-07,17,TEN,15097.0,15272.0
2020-11-07,18,TEN,15057.0,15288.0
2020-11-07,19,TEN,15347.0,15517.0
2020-11-07,20,TEN,15368.0,15581.0
2020-11-07,21,TEN,15340.0,15512.0
2020-11-07,22,TEN,15321.0,15249.0
2020-11-07,23,TEN,15539.0,15454.0
2020-11-08,0,TEN,16185.0,16096.0
2020-11-08,1,TEN,16020.0,16119.0
2020-11-08,2,TEN,15418.0,15609.0
2020-11-08,3,TEN,15024.0,14811.0
2020-11-08,4,TEN,14339.0,14441.0
2020-11-08,5,TEN,13657.0,13736.0
2020-11-08,6,TEN,12950.0,13234.0
2020-11-08,7,TEN,12382.0,12451.0
2020-11-08,8,TEN,12052.0,12096.0
2020-11-08,9,TEN,11681.0,11748.0
2020-11-08,10,TEN,11759.0,11810.0
2020-11-08,11,TEN,11859.0,11921.0
2020-11-08,12,TEN,12149.0,12252.0
2020-11-08,13,TEN,12523.0,12696.0
2020-11-08,14,TEN,13298.0,13487.0
2020-11-08,15,TEN,14088.0,14308.0
2020-11-08,16,TEN,14601.0,14786.0
2020-11-08,17,TEN,14874.0,15088.0
2020-11-08,18,TEN,15336.0,15523.0
2020-11-08,19,TEN,15845.0,16020.0
2020-11-08,20,TEN,16228.0,16404.0
2020-11-08,21,TEN,16230.0,16237.0
2020-11-08,22,TEN,16315.0,16116.0
2020-11-08,23,TEN,16396.0,15999.0
2020-11-09,0,TEN,17080.0,16684.0
2020-11-09,1,TEN,16900.0,16781.0
2020-11-09,2,TEN,16421.0,16390.0
2020-11-09,3,TEN,15634.0,15772.0
2020-11-09,4,TEN,14891.0,15001.0
2020-11-09,5,TEN,13982.0,14086.0
2020-11-09,6,TEN,13050.0,13116.0
2020-11-09,7,TEN,12602.0,12621.0
2020-11-09,8,TEN,12340.0,12354.0
2020-11-09,9,TEN,12145.0,12160.0
2020-11-09,10,TEN,12146.0,12212.0
2020-11-09,11,TEN,12492.0,12537.0
2020-11-09,12,TEN,13729.0,13856.0
2020-11-09,13,TEN,14823.0,15035.0
2020-11-09,14,TEN,15374.0,15552.0
2020-11-09,15,TEN,15919.0,16106.0
2020-11-09,16,TEN,16363.0,16556.0
2020-11-09,17,TEN,16754.0,16935.0
2020-11-09,18,TEN,17203.0,17420.0
2020-11-09,19,TEN,17660.0,17595.0
2020-11-09,20,TEN,18051.0,18008.0
2020-11-09,21,TEN,18223.0,18158.0
2020-11-09,22,TEN,18152.0,18050.0
2020-11-09,23,TEN,18087.0,18102.0
2020-11-10,0,TEN,18656.0,18427.0
2020-11-10,1,TEN,18404.0,18317.0
2020-11-10,2,TEN,17590.0,17510.0
2020-11-10,3,TEN,16963.0,17076.0
2020-11-10,4,TEN,15914.0,15952.0
2020-11-10,5,TEN,14908.0,14919.0
2020-11-10,6,TEN,13942.0,13978.0
2020-11-10,7,TEN,13362.0,13404.0
2020-11-10,8,TEN,12863.0,12971.0
2020-11-10,9,TEN,12768.0,12786.0
2020-11-10,10,TEN,12632.0,12712.0
2020-11-10,11,TEN,12996.0,12994.0
2020-11-10,12,TEN,13892.0,14025.0
2020-11-10,13,TEN,14800.0,14931.0
2020-11-10,14,TEN,15532.0,15621.0
2020-11-10,15,TEN,16005.0,16095.0
2020-11-10,16,TEN,16539.0,16603.0
2020-11-10,17,TEN,16946.0,16999.0
2020-11-10,18,TEN,17313.0,17217.0
2020-11-10,19,TEN,17632.0,17499.0
2020-11-10,20,TEN,17892.0,17780.0
2020-11-10,21,TEN,17582.0,17416.0
2020-11-10,22,TEN,17541.0,17572.0
2020-11-10,23,TEN,17695.0,17509.0
2020-11-11,0,TEN,18439.0,17603.0
2020-11-11,1,TEN,18515.0,17988.0
2020-11-11,2,TEN,17949.0,17806.0
2020-11-11,3,TEN,17258.0,16829.0
2020-11-11,4,TEN,16509.0,16016.0
2020-11-11,5,TEN,15563.0,15127.0
2020-11-11,6,TEN,14545.0,14090.0
2020-11-11,7,TEN,13965.0,13478.0
2020-11-11,8,TEN,13507.0,13004.0
2020-11-11,9,TEN,13122.0,12671.0
2020-11-11,10,TEN,12917.0,12452.0
2020-11-11,11,TEN,13188.0,12759.0
2020-11-11,12,TEN,13985.0,13647.0
2020-11-11,13,TEN,14847.0,14520.0
2020-11-11,14,TEN,15388.0,14809.0
2020-11-11,15,TEN,15877.0,15441.0
2020-11-11,16,TEN,16293.0,15999.0
2020-11-11,17,TEN,16666.0,16434.0
2020-11-11,18,TEN,16942.0,17006.0
2020-11-11,19,TEN,17057.0,16904.0
2020-11-11,20,TEN,16975.0,17085.0
2020-11-11,21,TEN,16891.0,17023.0
2020-11-11,22,TEN,16744.0,16893.0
2020-11-11,23,TEN,17061.0,17204.0
2020-11-12,0,TEN,17530.0,17517.0
2020-11-12,1,TEN,17469.0,17388.0
2020-11-12,2,TEN,16835.0,16452.0
2020-11-12,3,TEN,16186.0,15757.0
2020-11-12,4,TEN,15511.0,15100.0
2020-11-12,5,TEN,14596.0,14256.0
2020-11-12,6,TEN,13775.0,13761.0
2020-11-12,7,TEN,13232.0,13242.0
2020-11-12,8,TEN,13069.0,13110.0
2020-11-12,9,TEN,12953.0,12994.0
2020-11-12,10,TEN,12826.0,12907.0
2020-11-12,11,TEN,13239.0,13314.0
2020-11-12,12,TEN,14401.0,14496.0
2020-11-12,13,TEN,15494.0,15238.0
2020-11-12,14,TEN,15934.0,15964.0
2020-11-12,15,TEN,16187.0,16236.0
2020-11-12,16,TEN,16025.0,15970.0
2020-11-12,17,TEN,16143.0,16102.0
2020-11-12,18,TEN,16112.0,16389.0
2020-11-12,19,TEN,15958.0,16054.0
2020-11-12,20,TEN,15981.0,16106.0
2020-11-12,21,TEN,15950.0,16421.0
2020-11-12,22,TEN,15929.0,16425.0
2020-11-12,23,TEN,16231.0,16496.0
2020-11-13,0,TEN,17100.0,17156.0
2020-11-13,1,TEN,17060.0,17186.0
2020-11-13,2,TEN,16799.0,16943.0
2020-11-13,3,TEN,16281.0,16383.0
2020-11-13,4,TEN,15704.0,15649.0
2020-11-13,5,TEN,14993.0,15072.0
2020-11-13,6,TEN,14192.0,14248.0
2020-11-13,7,TEN,13778.0,13742.0
2020-11-13,8,TEN,13709.0,13645.0
2020-11-13,9,TEN,13436.0,13388.0
2020-11-13,10,TEN,13351.0,13283.0
2020-11-13,11,TEN,13798.0,13809.0
2020-11-13,12,TEN,14990.0,15033.0
2020-11-13,13,TEN,15931.0,16024.0
2020-11-13,14,TEN,16273.0,16349.0
2020-11-13,15,TEN,16171.0,16226.0
2020-11-13,16,TEN,16131.0,16095.0
2020-11-13,17,TEN,16149.0,16143.0
2020-11-13,18,TEN,16136.0,16213.0
2020-11-13,19,TEN,16041.0,16121.0
2020-11-13,20,TEN,15891.0,15979.0
2020-11-13,21,TEN,15731.0,15852.0
2020-11-13,22,TEN,15652.0,15733.0
2020-11-13,23,TEN,15910.0,15971.0
2020-11-14,0,TEN,16667.0,16697.0
2020-11-14,1,TEN,16624.0,16682.0
2020-11-14,2,TEN,16396.0,16484.0
2020-11-14,3,TEN,16134.0,16219.0
2020-11-14,4,TEN,15801.0,15802.0
2020-11-14,5,TEN,15239.0,15262.0
2020-11-14,6,TEN,14607.0,14563.0
2020-11-14,7,TEN,14360.0,14183.0
2020-11-14,8,TEN,14245.0,14061.0
2020-11-14,9,TEN,14257.0,14115.0
2020-11-14,10,TEN,14233.0,14100.0
2020-11-14,11,TEN,14605.0,14460.0
2020-11-14,12,TEN,15151.0,14923.0
2020-11-14,13,TEN,15657.0,15539.0
2020-11-14,14,TEN,16021.0,15895.0
2020-11-14,15,TEN,16538.0,16374.0
2020-11-14,16,TEN,16016.0,15887.0
2020-11-14,17,TEN,15662.0,15537.0
2020-11-14,18,TEN,15270.0,15129.0
2020-11-14,19,TEN,14902.0,14756.0
2020-11-14,20,TEN,14802.0,14693.0
2020-11-14,21,TEN,14688.0,14591.0
2020-11-14,22,TEN,14678.0,14526.0
2020-11-14,23,TEN,15085.0,14972.0
2020-11-15,0,TEN,15845.0,15655.0
2020-11-15,1,TEN,15608.0,15456.0
2020-11-15,2,TEN,15419.0,15242.0
2020-11-15,3,TEN,15041.0,14854.0
2020-11-15,4,TEN,14520.0,14354.0
2020-11-15,5,TEN,13891.0,13683.0
2020-11-15,6,TEN,13293.0,13096.0
2020-11-15,7,TEN,12843.0,12692.0
2020-11-15,8,TEN,12585.0,12670.0
2020-11-15,9,TEN,12254.0,12364.0
2020-11-15,10,TEN,12229.0,12369.0
2020-11-15,11,TEN,12233.0,12348.0
2020-11-15,12,TEN,12605.0,12407.0
2020-11-15,13,TEN,12896.0,12646.0
2020-11-15,14,TEN,13434.0,13280.0
2020-11-15,15,TEN,14076.0,13919.0
2020-11-15,16,TEN,14402.0,14270.0
2020-11-15,17,TEN,14554.0,14341.0
2020-11-15,18,TEN,14615.0,14436.0
2020-11-15,19,TEN,14540.0,14369.0
2020-11-15,20,TEN,14348.0,14200.0
2020-11-15,21,TEN,14365.0,14241.0
2020-11-15,22,TEN,14445.0,14299.0
2020-11-15,23,TEN,15164.0,14991.0
2020-11-16,0,TEN,16302.0,16124.0
2020-11-16,1,TEN,16360.0,16260.0
2020-11-16,2,TEN,16312.0,16223.0
2020-11-16,3,TEN,16043.0,15947.0
2020-11-16,4,TEN,15549.0,15416.0
2020-11-16,5,TEN,15014.0,14871.0
2020-11-16,6,TEN,14619.0,14433.0
2020-11-16,7,TEN,14454.0,14236.0
2020-11-16,8,TEN,14499.0,14261.0
2020-11-16,9,TEN,14704.0,14497.0
2020-11-16,10,TEN,15130.0,14940.0
2020-11-16,11,TEN,15919.0,15681.0
2020-11-16,12,TEN,17492.0,17295.0
2020-11-16,13,TEN,19061.0,18477.0
2020-11-16,14,TEN,19384.0,18624.0
2020-11-16,15,TEN,18496.0,17908.0
2020-11-16,16,TEN,17676.0,17264.0
2020-11-16,17,TEN,17292.0,17044.0
2020-11-16,18,TEN,16853.0,16685.0
2020-11-16,19,TEN,16597.0,16373.0
2020-11-16,20,TEN,16421.0,16240.0
2020-11-16,21,TEN,16232.0,16066.0
2020-11-16,22,TEN,16178.0,16039.0
2020-11-16,23,TEN,16901.0,16652.0
2020-11-17,0,TEN,18104.0,17806.0
2020-11-17,1,TEN,18291.0,18037.0
2020-11-17,2,TEN,18267.0,17986.0
2020-11-17,3,TEN,17886.0,17689.0
2020-11-17,4,TEN,17367.0,17146.0
2020-11-17,5,TEN,16662.0,16422.0
2020-11-17,6,TEN,16111.0,15651.0
2020-11-17,7,TEN,15911.0,15239.0
2020-11-17,8,TEN,15794.0,14986.0
2020-11-17,9,TEN,15842.0,14805.0
2020-11-17,10,TEN,15977.0,14623.0
2020-11-17,11,TEN,16604.0,15211.0
2020-11-17,12,TEN,17729.0,16117.0
2020-11-17,13,TEN,18930.0,17616.0
2020-11-17,14,TEN,18948.0,17567.0
2020-11-17,15,TEN,18191.0,17251.0
2020-11-17,16,TEN,17522.0,16648.0
2020-11-17,17,TEN,17388.0,16423.0
2020-11-17,18,TEN,17093.0,16171.0
2020-11-17,19,TEN,16907.0,16062.0
2020-11-17,20,TEN,16648.0,15636.0
2020-11-17,21,TEN,16497.0,15580.0
2020-11-17,22,TEN,16628.0,15675.0
2020-11-17,23,TEN,17370.0,16575.0
2020-11-18,0,TEN,18626.0,17768.0
2020-11-18,1,TEN,18727.0,18181.0
2020-11-18,2,TEN,18837.0,18190.0
2020-11-18,3,TEN,18517.0,18028.0
2020-11-18,4,TEN,18040.0,17395.0
2020-11-18,5,TEN,17274.0,16483.0
2020-11-18,6,TEN,16907.0,15890.0
2020-11-18,7,TEN,16754.0,15319.0
2020-11-18,8,TEN,16730.0,15267.0
2020-11-18,9,TEN,17023.0,15546.0
2020-11-18,10,TEN,17285.0,15809.0
2020-11-18,11,TEN,17973.0,16458.0
2020-11-18,12,TEN,19344.0,18105.0
2020-11-18,13,TEN,20442.0,19168.0
2020-11-18,14,TEN,20528.0,19272.0
2020-11-18,15,TEN,19606.0,18586.0
2020-11-18,16,TEN,18747.0,18015.0
2020-11-18,17,TEN,18041.0,17879.0
2020-11-18,18,TEN,17439.0,17263.0
2020-11-18,19,TEN,16946.0,16758.0
2020-11-18,20,TEN,16503.0,16351.0
2020-11-18,21,TEN,16377.0,16258.0
2020-11-18,22,TEN,16465.0,16340.0
2020-11-18,23,TEN,17157.0,16960.0
2020-11-19,0,TEN,18551.0,18360.0
2020-11-19,1,TEN,18747.0,18716.0
2020-11-19,2,TEN,18707.0,18619.0
2020-11-19,3,TEN,18430.0,18356.0
2020-11-19,4,TEN,17844.0,17739.0
2020-11-19,5,TEN,17150.0,16989.0
2020-11-19,6,TEN,16589.0,16390.0
2020-11-19,7,TEN,16463.0,16194.0
2020-11-19,8,TEN,16369.0,16117.0
2020-11-19,9,TEN,16421.0,16115.0
2020-11-19,10,TEN,16597.0,16335.0
2020-11-19,11,TEN,17171.0,16890.0
2020-11-19,12,TEN,18440.0,18017.0
2020-11-19,13,TEN,19568.0,18600.0
2020-11-19,14,TEN,19430.0,18503.0
2020-11-19,15,TEN,18572.0,17669.0
2020-11-19,16,TEN,17761.0,17108.0
2020-11-19,17,TEN,17384.0,17201.0
2020-11-19,18,TEN,16770.0,16648.0
2020-11-19,19,TEN,16515.0,16418.0
2020-11-19,20,TEN,16297.0,16167.0
2020-11-19,21,TEN,16080.0,16004.0
2020-11-19,22,TEN,16141.0,16094.0
2020-11-19,23,TEN,16622.0,16613.0
2020-11-20,0,TEN,17665.0,17543.0
2020-11-20,1,TEN,17673.0,17607.0
2020-11-20,2,TEN,17495.0,17407.0
2020-11-20,3,TEN,17209.0,17132.0
2020-11-20,4,TEN,16653.0,16480.0
2020-11-20,5,TEN,15787.0,15639.0
2020-11-20,6,TEN,15409.0,15328.0
2020-11-20,7,TEN,15212.0,15065.0
2020-11-20,8,TEN,15063.0,14837.0
2020-11-20,9,TEN,15074.0,14864.0
2020-11-20,10,TEN,15300.0,15048.0
2020-11-20,11,TEN,15840.0,15689.0
2020-11-20,12,TEN,17034.0,16968.0
2020-11-20,13,TEN,18078.0,18006.0
2020-11-20,14,TEN,18164.0,18076.0
2020-11-20,15,TEN,17478.0,17434.0
2020-11-20,16,TEN,17021.0,17003.0
2020-11-20,17,TEN,16717.0,16660.0
2020-11-20,18,TEN,16271.0,16232.0
2020-11-20,19,TEN,16116.0,16090.0
2020-11-20,20,TEN,15979.0,16004.0
2020-11-20,21,TEN,15771.0,15957.0
2020-11-20,22,TEN,15770.0,15914.0
2020-11-20,23,TEN,16089.0,16286.0
2020-11-21,0,TEN,16838.0,16934.0
2020-11-21,1,TEN,16729.0,16909.0
2020-11-21,2,TEN,16429.0,16570.0
2020-11-21,3,TEN,16062.0,16038.0
2020-11-21,4,TEN,15536.0,15478.0
2020-11-21,5,TEN,15055.0,14967.0
2020-11-21,6,TEN,14477.0,14310.0
2020-11-21,7,TEN,14053.0,14221.0
2020-11-21,8,TEN,13886.0,13995.0
2020-11-21,9,TEN,13895.0,14010.0
2020-11-21,10,TEN,14033.0,14094.0
2020-11-21,11,TEN,14391.0,14547.0
2020-11-21,12,TEN,15004.0,15138.0
2020-11-21,13,TEN,15571.0,15743.0
2020-11-21,14,TEN,15966.0,16149.0
2020-11-21,15,TEN,16014.0,16207.0
2020-11-21,16,TEN,15788.0,16016.0
2020-11-21,17,TEN,15617.0,15843.0
2020-11-21,18,TEN,15334.0,15611.0
2020-11-21,19,TEN,15201.0,15425.0
2020-11-21,20,TEN,15154.0,15414.0
2020-11-21,21,TEN,15048.0,15297.0
2020-11-21,22,TEN,14930.0,15173.0
2020-11-21,23,TEN,15358.0,15601.0
2020-11-22,0,TEN,16108.0,16324.0
2020-11-22,1,TEN,16018.0,16172.0
2020-11-22,2,TEN,15737.0,15893.0
2020-11-22,3,TEN,15332.0,15521.0
2020-11-22,4,TEN,14852.0,15050.0
2020-11-22,5,TEN,14224.0,14425.0
2020-11-22,6,TEN,13665.0,13801.0
2020-11-22,7,TEN,13225.0,13339.0
2020-11-22,8,TEN,13014.0,13147.0
2020-11-22,9,TEN,12959.0,13073.0
2020-11-22,10,TEN,12923.0,13066.0
2020-11-22,11,TEN,13018.0,13126.0
2020-11-22,12,TEN,13432.0,13566.0
2020-11-22,13,TEN,13918.0,14064.0
2020-11-22,14,TEN,14492.0,14649.0
2020-11-22,15,TEN,14962.0,15164.0
2020-11-22,16,TEN,15097.0,15268.0
2020-11-22,17,TEN,15064.0,15231.0
2020-11-22,18,TEN,14961.0,15050.0
2020-11-22,19,TEN,15099.0,15125.0
2020-11-22,20,TEN,15038.0,15213.0
2020-11-22,21,TEN,15040.0,14937.0
2020-11-22,22,TEN,15291.0,15187.0
2020-11-22,23,TEN,16129.0,15744.0
2020-11-23,0,TEN,16747.0,16306.0
2020-11-23,1,TEN,16645.0,16273.0
2020-11-23,2,TEN,16538.0,16267.0
2020-11-23,3,TEN,16065.0,15869.0
2020-11-23,4,TEN,15532.0,15518.0
2020-11-23,5,TEN,14888.0,14840.0
2020-11-23,6,TEN,14404.0,14158.0
2020-11-23,7,TEN,14145.0,13935.0
2020-11-23,8,TEN,14219.0,13980.0
2020-11-23,9,TEN,14365.0,14168.0
2020-11-23,10,TEN,14645.0,14470.0
2020-11-23,11,TEN,15512.0,15271.0
2020-11-23,12,TEN,16910.0,16886.0
2020-11-23,13,TEN,18288.0,18200.0
2020-11-23,14,TEN,18999.0,18786.0
2020-11-23,15,TEN,18696.0,18573.0
2020-11-23,16,TEN,18198.0,18007.0
2020-11-23,17,TEN,17928.0,17763.0
2020-11-23,18,TEN,17526.0,17356.0
2020-11-23,19,TEN,17193.0,17048.0
2020-11-23,20,TEN,16845.0,16683.0
2020-11-23,21,TEN,16606.0,16486.0
2020-11-23,22,TEN,16758.0,16656.0
2020-11-23,23,TEN,17437.0,17333.0
2020-11-24,0,TEN,18719.0,18551.0
2020-11-24,1,TEN,19134.0,18795.0
2020-11-24,2,TEN,19080.0,18688.0
2020-11-24,3,TEN,18820.0,18458.0
2020-11-24,4,TEN,18425.0,18019.0
2020-11-24,5,TEN,17686.0,17248.0
2020-11-24,6,TEN,17179.0,16585.0
2020-11-24,7,TEN,16965.0,16375.0
2020-11-24,8,TEN,16939.0,16337.0
2020-11-24,9,TEN,16990.0,16339.0
2020-11-24,10,TEN,17156.0,16260.0
2020-11-24,11,TEN,17935.0,17268.0
2020-11-24,12,TEN,19065.0,18384.0
2020-11-24,13,TEN,20138.0,19098.0
2020-11-24,14,TEN,20393.0,19386.0
2020-11-24,15,TEN,19662.0,18870.0
2020-11-24,16,TEN,18632.0,18032.0
2020-11-24,17,TEN,18016.0,17879.0
2020-11-24,18,TEN,17426.0,17260.0
2020-11-24,19,TEN,17005.0,16905.0
2020-11-24,20,TEN,16645.0,16519.0
2020-11-24,21,TEN,16516.0,16398.0
2020-11-24,22,TEN,16543.0,16392.0
2020-11-24,23,TEN,17284.0,17127.0
2020-11-25,0,TEN,18312.0,18134.0
2020-11-25,1,TEN,18342.0,18166.0
2020-11-25,2,TEN,18089.0,17956.0
2020-11-25,3,TEN,17716.0,17562.0
2020-11-25,4,TEN,16952.0,16848.0
2020-11-25,5,TEN,16140.0,16173.0
2020-11-25,6,TEN,15323.0,15356.0
2020-11-25,7,TEN,14805.0,14845.0
2020-11-25,8,TEN,14515.0,14518.0
2020-11-25,9,TEN,14284.0,14321.0
2020-11-25,10,TEN,14220.0,14251.0
2020-11-25,11,TEN,14479.0,14501.0
2020-11-25,12,TEN,15229.0,15313.0
2020-11-25,13,TEN,16089.0,16129.0
2020-11-25,14,TEN,16548.0,16642.0
2020-11-25,15,TEN,16744.0,16835.0
2020-11-25,16,TEN,16833.0,16885.0
2020-11-25,17,TEN,16911.0,16982.0
2020-11-25,18,TEN,16881.0,16998.0
2020-11-25,19,TEN,16711.0,16817.0
2020-11-25,20,TEN,16381.0,16510.0
2020-11-25,21,TEN,16321.0,16401.0
2020-11-25,22,TEN,16096.0,16202.0
2020-11-25,23,TEN,16476.0,16513.0
2020-11-26,0,TEN,17166.0,17180.0
2020-11-26,1,TEN,16991.0,17098.0
2020-11-26,2,TEN,16637.0,16753.0
2020-11-26,3,TEN,16244.0,16326.0
2020-11-26,4,TEN,15655.0,15661.0
2020-11-26,5,TEN,14704.0,14662.0
2020-11-26,6,TEN,13812.0,13824.0
2020-11-26,7,TEN,13284.0,13324.0
2020-11-26,8,TEN,12976.0,12984.0
2020-11-26,9,TEN,12619.0,12635.0
2020-11-26,10,TEN,12819.0,12860.0
2020-11-26,11,TEN,12829.0,12789.0
2020-11-26,12,TEN,13467.0,13427.0
2020-11-26,13,TEN,14046.0,14073.0
2020-11-26,14,TEN,14868.0,14968.0
2020-11-26,15,TEN,15616.0,15731.0
2020-11-26,16,TEN,16066.0,16067.0
2020-11-26,17,TEN,16193.0,16281.0
2020-11-26,18,TEN,15913.0,15961.0
2020-11-26,19,TEN,15260.0,15345.0
2020-11-26,20,TEN,14820.0,14910.0
2020-11-26,21,TEN,14369.0,14483.0
2020-11-26,22,TEN,14022.0,14072.0
2020-11-26,23,TEN,13998.0,14054.0
2020-11-27,0,TEN,14584.0,14631.0
2020-11-27,1,TEN,14624.0,14692.0
2020-11-27,2,TEN,14639.0,14686.0
2020-11-27,3,TEN,14612.0,14678.0
2020-11-27,4,TEN,14450.0,14498.0
2020-11-27,5,TEN,14040.0,14037.0
2020-11-27,6,TEN,13742.0,13692.0
2020-11-27,7,TEN,13571.0,13636.0
2020-11-27,8,TEN,13660.0,13653.0
2020-11-27,9,TEN,13788.0,13801.0
2020-11-27,10,TEN,14044.0,14044.0
2020-11-27,11,TEN,14549.0,14495.0
2020-11-27,12,TEN,15222.0,15199.0
2020-11-27,13,TEN,15967.0,15929.0
2020-11-27,14,TEN,16379.0,16431.0
2020-11-27,15,TEN,16247.0,16322.0
2020-11-27,16,TEN,15743.0,15787.0
2020-11-27,17,TEN,15271.0,15317.0
2020-11-27,18,TEN,14848.0,14856.0
2020-11-27,19,TEN,14504.0,14525.0
2020-11-27,20,TEN,14336.0,14383.0
2020-11-27,21,TEN,14227.0,14345.0
2020-11-27,22,TEN,14415.0,14461.0
2020-11-27,23,TEN,15156.0,15198.0
2020-11-28,0,TEN,15733.0,15788.0
2020-11-28,1,TEN,15681.0,15740.0
2020-11-28,2,TEN,15492.0,15512.0
2020-11-28,3,TEN,15123.0,15179.0
2020-11-28,4,TEN,14682.0,14736.0
2020-11-28,5,TEN,14068.0,14080.0
2020-11-28,6,TEN,13451.0,13473.0
2020-11-28,7,TEN,13108.0,13121.0
2020-11-28,8,TEN,12824.0,12868.0
2020-11-28,9,TEN,12846.0,12876.0
2020-11-28,10,TEN,13018.0,13073.0
2020-11-28,11,TEN,13327.0,13366.0
2020-11-28,12,TEN,14004.0,14015.0
2020-11-28,13,TEN,14630.0,14643.0
2020-11-28,14,TEN,15222.0,15280.0
2020-11-28,15,TEN,15614.0,15633.0
2020-11-28,16,TEN,15639.0,15673.0
2020-11-28,17,TEN,15475.0,15500.0
2020-11-28,18,TEN,15144.0,15170.0
2020-11-28,19,TEN,14795.0,14856.0
2020-11-28,20,TEN,14510.0,14564.0
2020-11-28,21,TEN,14350.0,14405.0
2020-11-28,22,TEN,14432.0,14510.0
2020-11-28,23,TEN,15290.0,15291.0
2020-11-29,0,TEN,16313.0,16414.0
2020-11-29,1,TEN,16601.0,16642.0
2020-11-29,2,TEN,16571.0,16631.0
2020-11-29,3,TEN,16498.0,16557.0
2020-11-29,4,TEN,16282.0,16338.0
2020-11-29,5,TEN,15873.0,15872.0
2020-11-29,6,TEN,15453.0,15463.0
2020-11-29,7,TEN,15281.0,15292.0
2020-11-29,8,TEN,15189.0,15202.0
2020-11-29,9,TEN,15222.0,15265.0
2020-11-29,10,TEN,15344.0,15347.0
2020-11-29,11,TEN,15495.0,15540.0
2020-11-29,12,TEN,15992.0,16046.0
2020-11-29,13,TEN,16529.0,16590.0
2020-11-29,14,TEN,16960.0,16992.0
2020-11-29,15,TEN,17204.0,17144.0
2020-11-29,16,TEN,17256.0,17182.0
2020-11-29,17,TEN,16971.0,16980.0
2020-11-29,18,TEN,16806.0,16827.0
2020-11-29,19,TEN,16441.0,16535.0
2020-11-29,20,TEN,16326.0,16398.0
2020-11-29,21,TEN,16328.0,16428.0
2020-11-29,22,TEN,16582.0,16595.0
2020-11-29,23,TEN,17423.0,17180.0
2020-11-30,0,TEN,18021.0,17903.0
2020-11-30,1,TEN,17884.0,17712.0
2020-11-30,2,TEN,17660.0,17669.0
2020-11-30,3,TEN,17132.0,17229.0
2020-11-30,4,TEN,16474.0,16534.0
2020-11-30,5,TEN,15832.0,15867.0
2020-11-30,6,TEN,15292.0,15294.0
2020-11-30,7,TEN,15002.0,14999.0
2020-11-30,8,TEN,14881.0,14923.0
2020-11-30,9,TEN,14999.0,14997.0
2020-11-30,10,TEN,15406.0,15392.0
2020-11-30,11,TEN,16069.0,15840.0
2020-11-30,12,TEN,17541.0,17392.0
2020-11-30,13,TEN,19037.0,18848.0
2020-11-30,14,TEN,19892.0,19695.0
2020-11-30,15,TEN,20397.0,19892.0
2020-11-30,16,TEN,20860.0,20200.0
2020-11-30,17,TEN,21339.0,20404.0
2020-11-30,18,TEN,21558.0,20941.0
2020-11-30,19,TEN,21775.0,21119.0
2020-11-30,20,TEN,21950.0,20903.0
2020-11-30,21,TEN,22078.0,21006.0
2020-11-30,22,TEN,22306.0,21165.0
2020-11-30,23,TEN,23130.0,21752.0
2020-12-01,0,TEN,23974.0,22608.0
2020-12-01,1,TEN,23988.0,22718.0
2020-12-01,2,TEN,23602.0,22629.0
2020-12-01,3,TEN,23107.0,21954.0
2020-12-01,4,TEN,22225.0,21090.0
2020-12-01,5,TEN,21374.0,20616.0
2020-12-01,6,TEN,20577.0,19904.0
2020-12-01,7,TEN,20300.0,19603.0
2020-12-01,8,TEN,20320.0,19919.0
2020-12-01,9,TEN,20278.0,19649.0
2020-12-01,10,TEN,20594.0,19946.0
2020-12-01,11,TEN,21149.0,20515.0
2020-12-01,12,TEN,22272.0,22027.0
2020-12-01,13,TEN,23583.0,22826.0
2020-12-01,14,TEN,24016.0,23211.0
2020-12-01,15,TEN,23520.0,22766.0
2020-12-01,16,TEN,22833.0,22481.0
2020-12-01,17,TEN,22349.0,22020.0
2020-12-01,18,TEN,21702.0,21523.0
2020-12-01,19,TEN,21066.0,20894.0
2020-12-01,20,TEN,20482.0,20336.0
2020-12-01,21,TEN,19971.0,19916.0
2020-12-01,22,TEN,20087.0,20033.0
2020-12-01,23,TEN,21210.0,21012.0
2020-12-02,0,TEN,22836.0,22490.0
2020-12-02,1,TEN,23422.0,23136.0
2020-12-02,2,TEN,23491.0,23064.0
2020-12-02,3,TEN,23476.0,22862.0
2020-12-02,4,TEN,23007.0,22327.0
2020-12-02,5,TEN,22385.0,21746.0
2020-12-02,6,TEN,22092.0,21449.0
2020-12-02,7,TEN,21965.0,21190.0
2020-12-02,8,TEN,22100.0,21062.0
2020-12-02,9,TEN,22312.0,21304.0
2020-12-02,10,TEN,22708.0,21792.0
2020-12-02,11,TEN,23204.0,22356.0
2020-12-02,12,TEN,24537.0,23595.0
2020-12-02,13,TEN,25724.0,24030.0
2020-12-02,14,TEN,25784.0,24324.0
2020-12-02,15,TEN,24386.0,23725.0
2020-12-02,16,TEN,22595.0,22653.0
2020-12-02,17,TEN,21138.0,21111.0
2020-12-02,18,TEN,20087.0,20095.0
2020-12-02,19,TEN,19239.0,19233.0
2020-12-02,20,TEN,18572.0,18481.0
2020-12-02,21,TEN,18178.0,18059.0
2020-12-02,22,TEN,18373.0,18299.0
2020-12-02,23,TEN,19679.0,19505.0
2020-12-03,0,TEN,21307.0,21128.0
2020-12-03,1,TEN,21954.0,21697.0
2020-12-03,2,TEN,22134.0,21849.0
2020-12-03,3,TEN,22070.0,21866.0
2020-12-03,4,TEN,21585.0,21469.0
2020-12-03,5,TEN,21004.0,20839.0
2020-12-03,6,TEN,20643.0,19921.0
2020-12-03,7,TEN,20454.0,19647.0
2020-12-03,8,TEN,20504.0,19713.0
2020-12-03,9,TEN,20533.0,19749.0
2020-12-03,10,TEN,20751.0,19942.0
2020-12-03,11,TEN,21278.0,20456.0
2020-12-03,12,TEN,22459.0,21459.0
2020-12-03,13,TEN,23515.0,22290.0
2020-12-03,14,TEN,23486.0,22349.0
2020-12-03,15,TEN,22712.0,21594.0
2020-12-03,16,TEN,21391.0,20755.0
2020-12-03,17,TEN,20319.0,20285.0
2020-12-03,18,TEN,19535.0,19546.0
2020-12-03,19,TEN,18982.0,18976.0
2020-12-03,20,TEN,18475.0,18350.0
2020-12-03,21,TEN,18260.0,18262.0
2020-12-03,22,TEN,18479.0,18510.0
2020-12-03,23,TEN,19361.0,19352.0
2020-12-04,0,TEN,20215.0,20168.0
2020-12-04,1,TEN,20121.0,20091.0
2020-12-04,2,TEN,19899.0,19837.0
2020-12-04,3,TEN,19299.0,19254.0
2020-12-04,4,TEN,18506.0,18459.0
2020-12-04,5,TEN,17420.0,17464.0
2020-12-04,6,TEN,16642.0,16670.0
2020-12-04,7,TEN,16348.0,16494.0
2020-12-04,8,TEN,16067.0,16263.0
2020-12-04,9,TEN,15888.0,16071.0
2020-12-04,10,TEN,16009.0,16156.0
2020-12-04,11,TEN,16387.0,16546.0
2020-12-04,12,TEN,17405.0,17569.0
2020-12-04,13,TEN,18438.0,18566.0
2020-12-04,14,TEN,18927.0,19050.0
2020-12-04,15,TEN,19145.0,19258.0
2020-12-04,16,TEN,19191.0,19401.0
2020-12-04,17,TEN,19361.0,19456.0
2020-12-04,18,TEN,19319.0,19428.0
2020-12-04,19,TEN,19240.0,19369.0
2020-12-04,20,TEN,19101.0,19287.0
2020-12-04,21,TEN,19097.0,19270.0
2020-12-04,22,TEN,19126.0,19318.0
2020-12-04,23,TEN,19706.0,19865.0
2020-12-05,0,TEN,20227.0,20394.0
2020-12-05,1,TEN,20210.0,20393.0
2020-12-05,2,TEN,19975.0,20136.0
2020-12-05,3,TEN,19611.0,19810.0
2020-12-05,4,TEN,19285.0,19458.0
2020-12-05,5,TEN,18667.0,18828.0
2020-12-05,6,TEN,18095.0,18207.0
2020-12-05,7,TEN,17711.0,17899.0
2020-12-05,8,TEN,17555.0,17702.0
2020-12-05,9,TEN,17793.0,17955.0
2020-12-05,10,TEN,18060.0,18201.0
2020-12-05,11,TEN,18617.0,18739.0
2020-12-05,12,TEN,19340.0,19476.0
2020-12-05,13,TEN,20120.0,20346.0
2020-12-05,14,TEN,20691.0,20794.0
2020-12-05,15,TEN,20178.0,20341.0
2020-12-05,16,TEN,19270.0,19436.0
2020-12-05,17,TEN,18375.0,18553.0
2020-12-05,18,TEN,17629.0,17766.0
2020-12-05,19,TEN,16928.0,17085.0
2020-12-05,20,TEN,16331.0,16457.0
2020-12-05,21,TEN,16036.0,16264.0
2020-12-05,22,TEN,16112.0,16294.0
2020-12-05,23,TEN,17081.0,17291.0
2020-12-06,0,TEN,18381.0,18552.0
2020-12-06,1,TEN,18725.0,18907.0
2020-12-06,2,TEN,18748.0,18889.0
2020-12-06,3,TEN,18889.0,18962.0
2020-12-06,4,TEN,18806.0,18917.0
2020-12-06,5,TEN,18436.0,18495.0
2020-12-06,6,TEN,18130.0,18276.0
2020-12-06,7,TEN,18013.0,18183.0
2020-12-06,8,TEN,18129.0,18271.0
2020-12-06,9,TEN,18213.0,18406.0
2020-12-06,10,TEN,18416.0,18500.0
2020-12-06,11,TEN,18733.0,18831.0
2020-12-06,12,TEN,19463.0,19511.0
2020-12-06,13,TEN,20096.0,20244.0
2020-12-06,14,TEN,20515.0,20492.0
2020-12-06,15,TEN,20043.0,20192.0
2020-12-06,16,TEN,18878.0,19050.0
2020-12-06,17,TEN,17761.0,17925.0
2020-12-06,18,TEN,16922.0,17068.0
2020-12-06,19,TEN,16391.0,16518.0
2020-12-06,20,TEN,16017.0,16197.0
2020-12-06,21,TEN,15845.0,16044.0
2020-12-06,22,TEN,16218.0,16425.0
2020-12-06,23,TEN,17256.0,17505.0
2020-12-07,0,TEN,18245.0,18488.0
2020-12-07,1,TEN,18469.0,18632.0
2020-12-07,2,TEN,18445.0,18604.0
2020-12-07,3,TEN,18116.0,18282.0
2020-12-07,4,TEN,17575.0,17649.0
2020-12-07,5,TEN,16882.0,16965.0
2020-12-07,6,TEN,16310.0,16453.0
2020-12-07,7,TEN,16096.0,16194.0
2020-12-07,8,TEN,16144.0,16207.0
2020-12-07,9,TEN,16338.0,16510.0
2020-12-07,10,TEN,16745.0,16877.0
2020-12-07,11,TEN,17625.0,17709.0
2020-12-07,12,TEN,19142.0,19076.0
2020-12-07,13,TEN,20588.0,20470.0
2020-12-07,14,TEN,21210.0,21098.0
2020-12-07,15,TEN,21199.0,21078.0
2020-12-07,16,TEN,21217.0,21094.0
2020-12-07,17,TEN,21227.0,21086.0
2020-12-07,18,TEN,21017.0,20881.0
2020-12-07,19,TEN,20911.0,20777.0
2020-12-07,20,TEN,20715.0,20650.0
2020-12-07,21,TEN,20587.0,20474.0
2020-12-07,22,TEN,20806.0,20605.0
2020-12-07,23,TEN,21692.0,21474.0
2020-12-08,0,TEN,22590.0,22171.0
2020-12-08,1,TEN,22633.0,22093.0
2020-12-08,2,TEN,22411.0,22043.0
2020-12-08,3,TEN,21991.0,21826.0
2020-12-08,4,TEN,21262.0,21163.0
2020-12-08,5,TEN,20209.0,20129.0
2020-12-08,6,TEN,19569.0,19427.0
2020-12-08,7,TEN,19276.0,19141.0
2020-12-08,8,TEN,19295.0,19153.0
2020-12-08,9,TEN,19303.0,19201.0
2020-12-08,10,TEN,19636.0,19431.0
2020-12-08,11,TEN,20212.0,19930.0
2020-12-08,12,TEN,21503.0,20781.0
2020-12-08,13,TEN,22769.0,21781.0
2020-12-08,14,TEN,22967.0,21969.0
2020-12-08,15,TEN,22525.0,22196.0
2020-12-08,16,TEN,21841.0,21727.0
2020-12-08,17,TEN,21102.0,21010.0
2020-12-08,18,TEN,20391.0,20222.0
2020-12-08,19,TEN,19741.0,19634.0
2020-12-08,20,TEN,19264.0,19117.0
2020-12-08,21,TEN,18853.0,18775.0
2020-12-08,22,TEN,18981.0,18855.0
2020-12-08,23,TEN,20135.0,19929.0
2020-12-09,0,TEN,21684.0,21312.0
2020-12-09,1,TEN,22192.0,21642.0
2020-12-09,2,TEN,22328.0,21732.0
2020-12-09,3,TEN,22139.0,21669.0
2020-12-09,4,TEN,21638.0,21357.0
2020-12-09,5,TEN,20967.0,20741.0
2020-12-09,6,TEN,20477.0,20468.0
2020-12-09,7,TEN,20409.0,20297.0
2020-12-09,8,TEN,20361.0,20008.0
2020-12-09,9,TEN,20434.0,20281.0
2020-12-09,10,TEN,20688.0,20525.0
2020-12-09,11,TEN,21066.0,20693.0
2020-12-09,12,TEN,22224.0,21756.0
2020-12-09,13,TEN,23326.0,22150.0
2020-12-09,14,TEN,23411.0,22187.0
2020-12-09,15,TEN,22411.0,21717.0
2020-12-09,16,TEN,20816.0,20676.0
2020-12-09,17,TEN,19540.0,19426.0
2020-12-09,18,TEN,18517.0,18403.0
2020-12-09,19,TEN,17726.0,17868.0
2020-12-09,20,TEN,17219.0,17446.0
2020-12-09,21,TEN,16816.0,17085.0
2020-12-09,22,TEN,16745.0,17037.0
2020-12-09,23,TEN,17560.0,17832.0
2020-12-10,0,TEN,18978.0,19191.0
2020-12-10,1,TEN,19264.0,19436.0
2020-12-10,2,TEN,19266.0,19456.0
2020-12-10,3,TEN,19095.0,19357.0
2020-12-10,4,TEN,18528.0,18689.0
2020-12-10,5,TEN,17730.0,17909.0
2020-12-10,6,TEN,17288.0,17420.0
2020-12-10,7,TEN,17064.0,17160.0
2020-12-10,8,TEN,17138.0,17233.0
2020-12-10,9,TEN,17272.0,17371.0
2020-12-10,10,TEN,17724.0,17777.0
2020-12-10,11,TEN,18381.0,18499.0
2020-12-10,12,TEN,19755.0,19718.0
2020-12-10,13,TEN,20950.0,20620.0
2020-12-10,14,TEN,21103.0,20763.0
2020-12-10,15,TEN,20104.0,20129.0
2020-12-10,16,TEN,18782.0,18872.0
2020-12-10,17,TEN,17922.0,18013.0
2020-12-10,18,TEN,17133.0,17230.0
2020-12-10,19,TEN,16677.0,16803.0
2020-12-10,20,TEN,16272.0,16431.0
2020-12-10,21,TEN,16212.0,16374.0
2020-12-10,22,TEN,16148.0,16303.0
2020-12-10,23,TEN,16680.0,16802.0
2020-12-11,0,TEN,17931.0,17976.0
2020-12-11,1,TEN,18128.0,18180.0
2020-12-11,2,TEN,18047.0,18125.0
2020-12-11,3,TEN,17872.0,17937.0
2020-12-11,4,TEN,17343.0,17337.0
2020-12-11,5,TEN,16631.0,16640.0
2020-12-11,6,TEN,16102.0,16146.0
2020-12-11,7,TEN,15928.0,15947.0
2020-12-11,8,TEN,15947.0,15991.0
2020-12-11,9,TEN,16171.0,16197.0
2020-12-11,10,TEN,16331.0,16407.0
2020-12-11,11,TEN,17042.0,17160.0
2020-12-11,12,TEN,18262.0,18535.0
2020-12-11,13,TEN,19648.0,19846.0
2020-12-11,14,TEN,19915.0,20192.0
2020-12-11,15,TEN,19168.0,19410.0
2020-12-11,16,TEN,18195.0,18455.0
2020-12-11,17,TEN,17552.0,17885.0
2020-12-11,18,TEN,16969.0,17275.0
2020-12-11,19,TEN,16570.0,16855.0
2020-12-11,20,TEN,16408.0,16758.0
2020-12-11,21,TEN,16263.0,16568.0
2020-12-11,22,TEN,16280.0,16586.0
2020-12-11,23,TEN,17026.0,17277.0
2020-12-12,0,TEN,17765.0,17894.0
2020-12-12,1,TEN,17684.0,17849.0
2020-12-12,2,TEN,17379.0,17529.0
2020-12-12,3,TEN,16947.0,17117.0
2020-12-12,4,TEN,16419.0,16447.0
2020-12-12,5,TEN,15688.0,15757.0
2020-12-12,6,TEN,14842.0,14892.0
2020-12-12,7,TEN,14490.0,14480.0
2020-12-12,8,TEN,14134.0,14118.0
2020-12-12,9,TEN,13916.0,13926.0
2020-12-12,10,TEN,13856.0,13857.0
2020-12-12,11,TEN,14101.0,14181.0
2020-12-12,12,TEN,14408.0,14540.0
2020-12-12,13,TEN,14857.0,15075.0
2020-12-12,14,TEN,15346.0,15576.0
2020-12-12,15,TEN,15840.0,16082.0
2020-12-12,16,TEN,16150.0,16333.0
2020-12-12,17,TEN,16239.0,16398.0
2020-12-12,18,TEN,16072.0,16223.0
2020-12-12,19,TEN,15885.0,16039.0
2020-12-12,20,TEN,15647.0,15817.0
2020-12-12,21,TEN,15423.0,15607.0
2020-12-12,22,TEN,15447.0,15621.0
2020-12-12,23,TEN,16068.0,16175.0
2020-12-13,0,TEN,16754.0,16804.0
2020-12-13,1,TEN,16662.0,16675.0
2020-12-13,2,TEN,16568.0,16615.0
2020-12-13,3,TEN,16369.0,16438.0
2020-12-13,4,TEN,15852.0,15829.0
2020-12-13,5,TEN,15332.0,15385.0
2020-12-13,6,TEN,14844.0,14797.0
2020-12-13,7,TEN,14529.0,14510.0
2020-12-13,8,TEN,14408.0,14372.0
2020-12-13,9,TEN,14477.0,14447.0
2020-12-13,10,TEN,14636.0,14612.0
2020-12-13,11,TEN,15061.0,15191.0
2020-12-13,12,TEN,15610.0,15767.0
2020-12-13,13,TEN,16317.0,16501.0
2020-12-13,14,TEN,17005.0,17170.0
2020-12-13,15,TEN,17356.0,17502.0
2020-12-13,16,TEN,17100.0,17275.0
2020-12-13,17,TEN,16670.0,16838.0
2020-12-13,18,TEN,16282.0,16473.0
2020-12-13,19,TEN,15904.0,16124.0
2020-12-13,20,TEN,15688.0,15872.0
2020-12-13,21,TEN,15653.0,15897.0
2020-12-13,22,TEN,16000.0,16228.0
2020-12-13,23,TEN,17149.0,17231.0
2020-12-14,0,TEN,18071.0,18157.0
2020-12-14,1,TEN,18108.0,18142.0
2020-12-14,2,TEN,18095.0,18115.0
2020-12-14,3,TEN,17767.0,17764.0
2020-12-14,4,TEN,17129.0,17122.0
2020-12-14,5,TEN,16356.0,16438.0
2020-12-14,6,TEN,15768.0,15853.0
2020-12-14,7,TEN,15498.0,15627.0
2020-12-14,8,TEN,15440.0,15545.0
2020-12-14,9,TEN,15605.0,15696.0
2020-12-14,10,TEN,15879.0,15851.0
2020-12-14,11,TEN,16539.0,16526.0
2020-12-14,12,TEN,17910.0,17886.0
2020-12-14,13,TEN,19381.0,19255.0
2020-12-14,14,TEN,20072.0,20018.0
2020-12-14,15,TEN,20468.0,20402.0
2020-12-14,16,TEN,20689.0,20758.0
2020-12-14,17,TEN,20916.0,21000.0
2020-12-14,18,TEN,21196.0,21372.0
2020-12-14,19,TEN,21260.0,21482.0
2020-12-14,20,TEN,21272.0,21533.0
2020-12-14,21,TEN,21165.0,21403.0
2020-12-14,22,TEN,21281.0,21232.0
2020-12-14,23,TEN,22185.0,21647.0
2020-12-15,0,TEN,22957.0,22400.0
2020-12-15,1,TEN,22993.0,22422.0
2020-12-15,2,TEN,22792.0,22207.0
2020-12-15,3,TEN,22374.0,21800.0
2020-12-15,4,TEN,21602.0,21031.0
2020-12-15,5,TEN,20732.0,20914.0
2020-12-15,6,TEN,20119.0,20223.0
2020-12-15,7,TEN,19944.0,20059.0
2020-12-15,8,TEN,19920.0,20087.0
2020-12-15,9,TEN,20038.0,20180.0
2020-12-15,10,TEN,20362.0,20535.0
2020-12-15,11,TEN,21048.0,21185.0
2020-12-15,12,TEN,22296.0,21931.0
2020-12-15,13,TEN,23658.0,22679.0
2020-12-15,14,TEN,23977.0,23013.0
2020-12-15,15,TEN,23289.0,22878.0
2020-12-15,16,TEN,22255.0,22259.0
2020-12-15,17,TEN,21369.0,21555.0
2020-12-15,18,TEN,20571.0,20780.0
2020-12-15,19,TEN,19872.0,20091.0
2020-12-15,20,TEN,19407.0,19640.0
2020-12-15,21,TEN,19161.0,19435.0
2020-12-15,22,TEN,19296.0,19372.0
2020-12-15,23,TEN,20320.0,20438.0
2020-12-16,0,TEN,21310.0,21538.0
2020-12-16,1,TEN,21394.0,21507.0
2020-12-16,2,TEN,21207.0,21414.0
2020-12-16,3,TEN,20793.0,20961.0
2020-12-16,4,TEN,20088.0,20238.0
2020-12-16,5,TEN,19102.0,19275.0
2020-12-16,6,TEN,18261.0,18470.0
2020-12-16,7,TEN,17650.0,17892.0
2020-12-16,8,TEN,17264.0,17502.0
2020-12-16,9,TEN,17247.0,17560.0
2020-12-16,10,TEN,17290.0,17657.0
2020-12-16,11,TEN,17622.0,17959.0
2020-12-16,12,TEN,18587.0,18936.0
2020-12-16,13,TEN,19738.0,20186.0
2020-12-16,14,TEN,20164.0,20629.0
2020-12-16,15,TEN,20511.0,20853.0
2020-12-16,16,TEN,20461.0,20744.0
2020-12-16,17,TEN,20719.0,20926.0
2020-12-16,18,TEN,20716.0,21173.0
2020-12-16,19,TEN,20734.0,21057.0
2020-12-16,20,TEN,20789.0,21138.0
2020-12-16,21,TEN,20760.0,21376.0
2020-12-16,22,TEN,21090.0,21710.0
2020-12-16,23,TEN,21793.0,22550.0
2020-12-17,0,TEN,22545.0,23333.0
2020-12-17,1,TEN,22547.0,23414.0
2020-12-17,2,TEN,22279.0,23133.0
2020-12-17,3,TEN,21897.0,22651.0
2020-12-17,4,TEN,20979.0,21689.0
2020-12-17,5,TEN,20211.0,20970.0
2020-12-17,6,TEN,19484.0,19916.0
2020-12-17,7,TEN,19221.0,19826.0
2020-12-17,8,TEN,19176.0,19891.0
2020-12-17,9,TEN,19209.0,19909.0
2020-12-17,10,TEN,19503.0,20054.0
2020-12-17,11,TEN,20173.0,20533.0
2020-12-17,12,TEN,21450.0,21927.0
2020-12-17,13,TEN,22810.0,23093.0
2020-12-17,14,TEN,23400.0,23666.0
2020-12-17,15,TEN,23257.0,23599.0
2020-12-17,16,TEN,22824.0,23246.0
2020-12-17,17,TEN,22252.0,22821.0
2020-12-17,18,TEN,21900.0,22611.0
2020-12-17,19,TEN,21385.0,22051.0
2020-12-17,20,TEN,21072.0,21658.0
2020-12-17,21,TEN,20805.0,21487.0
2020-12-17,22,TEN,20977.0,21518.0
2020-12-17,23,TEN,22007.0,22595.0
2020-12-18,0,TEN,23406.0,23931.0
2020-12-18,1,TEN,23737.0,24164.0
2020-12-18,2,TEN,23731.0,23956.0
2020-12-18,3,TEN,23750.0,24391.0
2020-12-18,4,TEN,23428.0,24083.0
2020-12-18,5,TEN,22813.0,23444.0
2020-12-18,6,TEN,22283.0,22459.0
2020-12-18,7,TEN,22097.0,22212.0
2020-12-18,8,TEN,22042.0,22154.0
2020-12-18,9,TEN,22202.0,22309.0
2020-12-18,10,TEN,22538.0,22557.0
2020-12-18,11,TEN,23214.0,23240.0
2020-12-18,12,TEN,24500.0,24471.0
2020-12-18,13,TEN,25774.0,25938.0
2020-12-18,14,TEN,26028.0,26431.0
2020-12-18,15,TEN,25014.0,25366.0
2020-12-18,16,TEN,23496.0,23720.0
2020-12-18,17,TEN,22088.0,22265.0
2020-12-18,18,TEN,20865.0,21003.0
2020-12-18,19,TEN,20156.0,20227.0
2020-12-18,20,TEN,19463.0,19645.0
2020-12-18,21,TEN,19409.0,19663.0
2020-12-18,22,TEN,19376.0,19762.0
2020-12-18,23,TEN,20373.0,20707.0
2020-12-19,0,TEN,21721.0,22042.0
2020-12-19,1,TEN,22184.0,22541.0
2020-12-19,2,TEN,22390.0,22628.0
2020-12-19,3,TEN,22456.0,22795.0
2020-12-19,4,TEN,21998.0,22229.0
2020-12-19,5,TEN,21440.0,21680.0
2020-12-19,6,TEN,20900.0,21435.0
2020-12-19,7,TEN,20648.0,21135.0
2020-12-19,8,TEN,20680.0,21140.0
2020-12-19,9,TEN,20729.0,21269.0
2020-12-19,10,TEN,20839.0,21377.0
2020-12-19,11,TEN,21191.0,21647.0
2020-12-19,12,TEN,21727.0,22311.0
2020-12-19,13,TEN,22318.0,23036.0
2020-12-19,14,TEN,22564.0,23302.0
2020-12-19,15,TEN,22323.0,22850.0
2020-12-19,16,TEN,21523.0,22031.0
2020-12-19,17,TEN,20600.0,20793.0
2020-12-19,18,TEN,19784.0,19944.0
2020-12-19,19,TEN,19071.0,19281.0
2020-12-19,20,TEN,18724.0,18940.0
2020-12-19,21,TEN,18623.0,18853.0
2020-12-19,22,TEN,18857.0,19060.0
2020-12-19,23,TEN,19589.0,19834.0
2020-12-20,0,TEN,20180.0,20382.0
2020-12-20,1,TEN,20160.0,20378.0
2020-12-20,2,TEN,19940.0,20130.0
2020-12-20,3,TEN,19505.0,19766.0
2020-12-20,4,TEN,18954.0,19225.0
2020-12-20,5,TEN,18103.0,18436.0
2020-12-20,6,TEN,17375.0,17647.0
2020-12-20,7,TEN,16818.0,17077.0
2020-12-20,8,TEN,16459.0,16700.0
2020-12-20,9,TEN,16251.0,16516.0
2020-12-20,10,TEN,16187.0,16453.0
2020-12-20,11,TEN,16301.0,16605.0
2020-12-20,12,TEN,16532.0,16776.0
2020-12-20,13,TEN,17020.0,17255.0
2020-12-20,14,TEN,17688.0,17898.0
2020-12-20,15,TEN,18233.0,18497.0
2020-12-20,16,TEN,18434.0,18680.0
2020-12-20,17,TEN,18354.0,18567.0
2020-12-20,18,TEN,18243.0,18432.0
2020-12-20,19,TEN,18085.0,18306.0
2020-12-20,20,TEN,17821.0,18002.0
2020-12-20,21,TEN,17494.0,17716.0
2020-12-20,22,TEN,17514.0,17784.0
2020-12-20,23,TEN,18228.0,18546.0
2020-12-21,0,TEN,19282.0,19554.0
2020-12-21,1,TEN,19411.0,19708.0
2020-12-21,2,TEN,19463.0,19727.0
2020-12-21,3,TEN,19301.0,19614.0
2020-12-21,4,TEN,18860.0,19137.0
2020-12-21,5,TEN,18229.0,18455.0
2020-12-21,6,TEN,17688.0,17976.0
2020-12-21,7,TEN,17259.0,17525.0
2020-12-21,8,TEN,17123.0,17307.0
2020-12-21,9,TEN,17043.0,17263.0
2020-12-21,10,TEN,17154.0,17355.0
2020-12-21,11,TEN,17600.0,17820.0
2020-12-21,12,TEN,18435.0,18707.0
2020-12-21,13,TEN,19568.0,19893.0
2020-12-21,14,TEN,20052.0,20367.0
2020-12-21,15,TEN,20119.0,20372.0
2020-12-21,16,TEN,19749.0,20023.0
2020-12-21,17,TEN,19293.0,19749.0
2020-12-21,18,TEN,18603.0,18994.0
2020-12-21,19,TEN,18075.0,18274.0
2020-12-21,20,TEN,17678.0,17926.0
2020-12-21,21,TEN,17289.0,17591.0
2020-12-21,22,TEN,17207.0,17481.0
2020-12-21,23,TEN,18082.0,18278.0
2020-12-22,0,TEN,19189.0,19428.0
2020-12-22,1,TEN,19510.0,19926.0
2020-12-22,2,TEN,19531.0,19974.0
2020-12-22,3,TEN,19187.0,19676.0
2020-12-22,4,TEN,18682.0,19189.0
2020-12-22,5,TEN,17851.0,18052.0
2020-12-22,6,TEN,17368.0,17524.0
2020-12-22,7,TEN,17036.0,17219.0
2020-12-22,8,TEN,16950.0,17091.0
2020-12-22,9,TEN,17119.0,17259.0
2020-12-22,10,TEN,17360.0,17529.0
2020-12-22,11,TEN,18028.0,18398.0
2020-12-22,12,TEN,19265.0,19492.0
2020-12-22,13,TEN,20562.0,20881.0
2020-12-22,14,TEN,21008.0,21326.0
2020-12-22,15,TEN,20350.0,20870.0
2020-12-22,16,TEN,19350.0,19829.0
2020-12-22,17,TEN,18855.0,19158.0
2020-12-22,18,TEN,18290.0,18578.0
2020-12-22,19,TEN,17715.0,18026.0
2020-12-22,20,TEN,17308.0,17592.0
2020-12-22,21,TEN,16974.0,17438.0
2020-12-22,22,TEN,17034.0,17371.0
2020-12-22,23,TEN,17956.0,18172.0
2020-12-23,0,TEN,19354.0,19740.0
2020-12-23,1,TEN,19794.0,20195.0
2020-12-23,2,TEN,19918.0,20401.0
2020-12-23,3,TEN,19856.0,20448.0
2020-12-23,4,TEN,19572.0,20124.0
2020-12-23,5,TEN,19019.0,19228.0
2020-12-23,6,TEN,18388.0,18559.0
2020-12-23,7,TEN,18117.0,18245.0
2020-12-23,8,TEN,17938.0,18051.0
2020-12-23,9,TEN,17995.0,18115.0
2020-12-23,10,TEN,18060.0,18234.0
2020-12-23,11,TEN,18473.0,18941.0
2020-12-23,12,TEN,19398.0,19827.0
2020-12-23,13,TEN,20315.0,20920.0
2020-12-23,14,TEN,20641.0,21179.0
2020-12-23,15,TEN,20096.0,20758.0
2020-12-23,16,TEN,19258.0,19431.0
2020-12-23,17,TEN,18858.0,19101.0
2020-12-23,18,TEN,18332.0,18623.0
2020-12-23,19,TEN,17845.0,18121.0
2020-12-23,20,TEN,17447.0,17718.0
2020-12-23,21,TEN,17178.0,17486.0
2020-12-23,22,TEN,17119.0,17458.0
2020-12-23,23,TEN,17817.0,18007.0
2020-12-24,0,TEN,18536.0,18659.0
2020-12-24,1,TEN,18505.0,18625.0
2020-12-24,2,TEN,18162.0,18290.0
2020-12-24,3,TEN,17722.0,17874.0
2020-12-24,4,TEN,17118.0,17244.0
2020-12-24,5,TEN,16244.0,16498.0
2020-12-24,6,TEN,15298.0,15433.0
2020-12-24,7,TEN,14750.0,14707.0
2020-12-24,8,TEN,14511.0,14816.0
2020-12-24,9,TEN,14371.0,14674.0
2020-12-24,10,TEN,14384.0,14893.0
2020-12-24,11,TEN,14711.0,15269.0
2020-12-24,12,TEN,15438.0,16070.0
2020-12-24,13,TEN,16366.0,16901.0
2020-12-24,14,TEN,17436.0,17565.0
2020-12-24,15,TEN,18542.0,18693.0
2020-12-24,16,TEN,19228.0,19377.0
2020-12-24,17,TEN,19680.0,19831.0
2020-12-24,18,TEN,19668.0,19795.0
2020-12-24,19,TEN,19545.0,19653.0
2020-12-24,20,TEN,19400.0,19564.0
2020-12-24,21,TEN,19483.0,19671.0
2020-12-24,22,TEN,19929.0,20112.0
2020-12-24,23,TEN,20855.0,20960.0
2020-12-25,0,TEN,21729.0,21584.0
2020-12-25,1,TEN,21732.0,21139.0
2020-12-25,2,TEN,21696.0,21088.0
2020-12-25,3,TEN,21655.0,21043.0
2020-12-25,4,TEN,21466.0,20828.0
2020-12-25,5,TEN,21127.0,20667.0
2020-12-25,6,TEN,20848.0,20905.0
2020-12-25,7,TEN,20723.0,20664.0
2020-12-25,8,TEN,20744.0,20652.0
2020-12-25,9,TEN,20945.0,20825.0
2020-12-25,10,TEN,21203.0,21108.0
2020-12-25,11,TEN,21716.0,21671.0
2020-12-25,12,TEN,22469.0,22363.0
2020-12-25,13,TEN,23336.0,22807.0
2020-12-25,14,TEN,23985.0,23225.0
2020-12-25,15,TEN,23988.0,23180.0
2020-12-25,16,TEN,23572.0,22775.0
2020-12-25,17,TEN,23082.0,22557.0
2020-12-25,18,TEN,22680.0,22491.0
2020-12-25,19,TEN,22190.0,22001.0
2020-12-25,20,TEN,21839.0,21667.0
2020-12-25,21,TEN,21507.0,21346.0
2020-12-25,22,TEN,21617.0,21538.0
2020-12-25,23,TEN,22493.0,22519.0
2020-12-26,0,TEN,23762.0,23828.0
2020-12-26,1,TEN,23983.0,23762.0
2020-12-26,2,TEN,24231.0,23592.0
2020-12-26,3,TEN,24307.0,23657.0
2020-12-26,4,TEN,24157.0,23425.0
2020-12-26,5,TEN,24044.0,23564.0
2020-12-26,6,TEN,23796.0,23021.0
2020-12-26,7,TEN,23748.0,23159.0
2020-12-26,8,TEN,23744.0,23159.0
2020-12-26,9,TEN,23905.0,23285.0
2020-12-26,10,TEN,24171.0,23428.0
2020-12-26,11,TEN,24556.0,23841.0
2020-12-26,12,TEN,24870.0,24215.0
2020-12-26,13,TEN,25406.0,24441.0
2020-12-26,14,TEN,25592.0,24618.0
2020-12-26,15,TEN,24574.0,23874.0
2020-12-26,16,TEN,23183.0,22621.0
2020-12-26,17,TEN,21834.0,21586.0
2020-12-26,18,TEN,20639.0,20891.0
2020-12-26,19,TEN,19509.0,19846.0
2020-12-26,20,TEN,18435.0,18792.0
2020-12-26,21,TEN,18131.0,18335.0
2020-12-26,22,TEN,17931.0,18131.0
2020-12-26,23,TEN,18945.0,19127.0
2020-12-27,0,TEN,20515.0,20651.0
2020-12-27,1,TEN,20933.0,21142.0
2020-12-27,2,TEN,21070.0,21236.0
2020-12-27,3,TEN,21032.0,21279.0
2020-12-27,4,TEN,20719.0,21033.0
2020-12-27,5,TEN,20292.0,20543.0
2020-12-27,6,TEN,19886.0,20086.0
2020-12-27,7,TEN,19715.0,19950.0
2020-12-27,8,TEN,19562.0,19826.0
2020-12-27,9,TEN,19707.0,19943.0
2020-12-27,10,TEN,19849.0,20094.0
2020-12-27,11,TEN,20205.0,20406.0
2020-12-27,12,TEN,20763.0,20970.0
2020-12-27,13,TEN,21336.0,21747.0
2020-12-27,14,TEN,21606.0,21949.0
2020-12-27,15,TEN,21024.0,21464.0
2020-12-27,16,TEN,19893.0,20327.0
2020-12-27,17,TEN,18710.0,18915.0
2020-12-27,18,TEN,17863.0,18071.0
2020-12-27,19,TEN,16959.0,17159.0
2020-12-27,20,TEN,16309.0,16545.0
2020-12-27,21,TEN,15959.0,16214.0
2020-12-27,22,TEN,16122.0,16377.0
2020-12-27,23,TEN,17068.0,17287.0
2020-12-28,0,TEN,18495.0,18731.0
2020-12-28,1,TEN,18773.0,19070.0
2020-12-28,2,TEN,18642.0,18883.0
2020-12-28,3,TEN,18337.0,18565.0
2020-12-28,4,TEN,17930.0,18184.0
2020-12-28,5,TEN,17167.0,17393.0
2020-12-28,6,TEN,16486.0,16820.0
2020-12-28,7,TEN,16099.0,16282.0
2020-12-28,8,TEN,15866.0,16141.0
2020-12-28,9,TEN,15681.0,15966.0
2020-12-28,10,TEN,15794.0,16057.0
2020-12-28,11,TEN,15998.0,16302.0
2020-12-28,12,TEN,16791.0,17151.0
2020-12-28,13,TEN,17697.0,18306.0
2020-12-28,14,TEN,18149.0,18795.0
2020-12-28,15,TEN,18473.0,19080.0
2020-12-28,16,TEN,18465.0,18898.0
2020-12-28,17,TEN,18554.0,18787.0
2020-12-28,18,TEN,18226.0,18449.0
2020-12-28,19,TEN,17822.0,18029.0
2020-12-28,20,TEN,17433.0,17701.0
2020-12-28,21,TEN,17298.0,17742.0
2020-12-28,22,TEN,17323.0,17827.0
2020-12-28,23,TEN,18056.0,18636.0
2020-12-29,0,TEN,19350.0,19867.0
2020-12-29,1,TEN,19538.0,20100.0
2020-12-29,2,TEN,19529.0,20074.0
2020-12-29,3,TEN,19240.0,19789.0
2020-12-29,4,TEN,18880.0,19444.0
2020-12-29,5,TEN,18414.0,18911.0
2020-12-29,6,TEN,18000.0,18515.0
2020-12-29,7,TEN,18007.0,18380.0
2020-12-29,8,TEN,18096.0,18508.0
2020-12-29,9,TEN,18364.0,18787.0
2020-12-29,10,TEN,18750.0,19158.0
2020-12-29,11,TEN,19286.0,19772.0
2020-12-29,12,TEN,20491.0,20845.0
2020-12-29,13,TEN,21584.0,22055.0
2020-12-29,14,TEN,22129.0,22603.0
2020-12-29,15,TEN,21703.0,22175.0
2020-12-29,16,TEN,20785.0,21254.0
2020-12-29,17,TEN,19916.0,20357.0
2020-12-29,18,TEN,19033.0,19522.0
2020-12-29,19,TEN,18139.0,18590.0
2020-12-29,20,TEN,17708.0,18189.0
2020-12-29,21,TEN,17475.0,18021.0
2020-12-29,22,TEN,17542.0,18092.0
2020-12-29,23,TEN,18340.0,18898.0
2020-12-30,0,TEN,19570.0,20087.0
2020-12-30,1,TEN,19640.0,20181.0
2020-12-30,2,TEN,19642.0,20062.0
2020-12-30,3,TEN,19279.0,19905.0
2020-12-30,4,TEN,18695.0,19399.0
2020-12-30,5,TEN,17998.0,18573.0
2020-12-30,6,TEN,17334.0,17802.0
2020-12-30,7,TEN,16858.0,17258.0
2020-12-30,8,TEN,16625.0,17011.0
2020-12-30,9,TEN,16440.0,16792.0
2020-12-30,10,TEN,16407.0,16729.0
2020-12-30,11,TEN,16558.0,16847.0
2020-12-30,12,TEN,17048.0,17251.0
2020-12-30,13,TEN,17825.0,18127.0
2020-12-30,14,TEN,17950.0,18250.0
2020-12-30,15,TEN,17715.0,17982.0
2020-12-30,16,TEN,17276.0,17561.0
2020-12-30,17,TEN,16908.0,17213.0
2020-12-30,18,TEN,16605.0,16975.0
2020-12-30,19,TEN,16186.0,16511.0
2020-12-30,20,TEN,15959.0,16274.0
2020-12-30,21,TEN,15749.0,16065.0
2020-12-30,22,TEN,15730.0,16087.0
2020-12-30,23,TEN,16337.0,16657.0
2020-12-31,0,TEN,17294.0,17589.0
2020-12-31,1,TEN,17322.0,17571.0
2020-12-31,2,TEN,17153.0,17478.0
2020-12-31,3,TEN,16869.0,17258.0
2020-12-31,4,TEN,16348.0,16731.0
2020-12-31,5,TEN,15564.0,15971.0
2020-12-31,6,TEN,15054.0,15391.0
2020-12-31,7,TEN,14669.0,14992.0
2020-12-31,8,TEN,14595.0,14946.0
2020-12-31,9,TEN,14602.0,14893.0
2020-12-31,10,TEN,14694.0,14985.0
2020-12-31,11,TEN,15068.0,15261.0
2020-12-31,12,TEN,15819.0,16001.0
2020-12-31,13,TEN,16617.0,16852.0
2020-12-31,14,TEN,17260.0,17429.0
2020-12-31,15,TEN,17643.0,17853.0
2020-12-31,16,TEN,18037.0,18292.0
2020-12-31,17,TEN,18239.0,18447.0
2020-12-31,18,TEN,18355.0,18575.0
2020-12-31,19,TEN,18156.0,18409.0
2020-12-31,20,TEN,17983.0,18222.0
2020-12-31,21,TEN,17848.0,18055.0
2020-12-31,22,TEN,17875.0,18166.0
2020-12-31,23,TEN,18470.0,18683.0
2021-01-01,0,TEN,19040.0,19004.0
2021-01-01,1,TEN,18634.0,18744.0
2021-01-01,2,TEN,18012.0,18276.0
2021-01-01,3,TEN,17461.0,17781.0
2021-01-01,4,TEN,16899.0,17158.0
2021-01-01,5,TEN,16270.0,16464.0
2021-01-01,6,TEN,15673.0,15937.0
2021-01-01,7,TEN,15105.0,15400.0
2021-01-01,8,TEN,14618.0,14874.0
2021-01-01,9,TEN,14299.0,14994.0
2021-01-01,10,TEN,14087.0,14834.0
2021-01-01,11,TEN,13923.0,14691.0
2021-01-01,12,TEN,14012.0,14311.0
2021-01-01,13,TEN,14242.0,14495.0
2021-01-01,14,TEN,14260.0,14590.0
2021-01-01,15,TEN,14605.0,14939.0
2021-01-01,16,TEN,14877.0,15256.0
2021-01-01,17,TEN,15243.0,15524.0
2021-01-01,18,TEN,15543.0,15762.0
2021-01-01,19,TEN,15338.0,15656.0
2021-01-01,20,TEN,15273.0,15594.0
2021-01-01,21,TEN,15118.0,15401.0
2021-01-01,22,TEN,15107.0,15398.0
2021-01-01,23,TEN,15431.0,15774.0
2021-01-02,0,TEN,16187.0,16543.0
2021-01-02,1,TEN,16140.0,16442.0
2021-01-02,2,TEN,15885.0,16207.0
2021-01-02,3,TEN,15580.0,15905.0
2021-01-02,4,TEN,15263.0,15497.0
2021-01-02,5,TEN,14738.0,15041.0
2021-01-02,6,TEN,14242.0,14533.0
2021-01-02,7,TEN,13978.0,14213.0
2021-01-02,8,TEN,13778.0,14029.0
2021-01-02,9,TEN,13756.0,14025.0
2021-01-02,10,TEN,13856.0,14070.0
2021-01-02,11,TEN,14083.0,14388.0
2021-01-02,12,TEN,14536.0,14829.0
2021-01-02,13,TEN,15248.0,15598.0
2021-01-02,14,TEN,15802.0,16123.0
2021-01-02,15,TEN,16267.0,16607.0
2021-01-02,16,TEN,16552.0,16881.0
2021-01-02,17,TEN,16610.0,16909.0
2021-01-02,18,TEN,16485.0,16775.0
2021-01-02,19,TEN,16252.0,16525.0
2021-01-02,20,TEN,15894.0,16181.0
2021-01-02,21,TEN,15768.0,16093.0
2021-01-02,22,TEN,15898.0,16257.0
2021-01-02,23,TEN,16536.0,16960.0
2021-01-03,0,TEN,17377.0,17727.0
2021-01-03,1,TEN,17340.0,17671.0
2021-01-03,2,TEN,17293.0,17633.0
2021-01-03,3,TEN,16986.0,17326.0
2021-01-03,4,TEN,16528.0,16856.0
2021-01-03,5,TEN,16071.0,16346.0
2021-01-03,6,TEN,15645.0,15917.0
2021-01-03,7,TEN,15256.0,15533.0
2021-01-03,8,TEN,15134.0,15373.0
2021-01-03,9,TEN,15097.0,15422.0
2021-01-03,10,TEN,15277.0,15574.0
2021-01-03,11,TEN,15771.0,16055.0
2021-01-03,12,TEN,16278.0,16602.0
2021-01-03,13,TEN,16960.0,17292.0
2021-01-03,14,TEN,17569.0,17860.0
2021-01-03,15,TEN,18213.0,18553.0
2021-01-03,16,TEN,18472.0,18743.0
2021-01-03,17,TEN,18198.0,18471.0
2021-01-03,18,TEN,17827.0,18082.0
2021-01-03,19,TEN,17470.0,17729.0
2021-01-03,20,TEN,16981.0,17266.0
2021-01-03,21,TEN,16696.0,16944.0
2021-01-03,22,TEN,16791.0,17084.0
2021-01-03,23,TEN,17632.0,17970.0
2021-01-04,0,TEN,18945.0,19276.0
2021-01-04,1,TEN,19327.0,19547.0
2021-01-04,2,TEN,19612.0,19811.0
2021-01-04,3,TEN,19627.0,19882.0
2021-01-04,4,TEN,19357.0,19586.0
2021-01-04,5,TEN,18916.0,19153.0
2021-01-04,6,TEN,18542.0,18731.0
2021-01-04,7,TEN,18660.0,18762.0
2021-01-04,8,TEN,18833.0,18720.0
2021-01-04,9,TEN,19074.0,18919.0
2021-01-04,10,TEN,19431.0,19300.0
2021-01-04,11,TEN,20138.0,20284.0
2021-01-04,12,TEN,21409.0,21214.0
2021-01-04,13,TEN,22729.0,22003.0
2021-01-04,14,TEN,23039.0,22109.0
2021-01-04,15,TEN,22135.0,21713.0
2021-01-04,16,TEN,20657.0,20816.0
2021-01-04,17,TEN,19563.0,19749.0
2021-01-04,18,TEN,18706.0,18836.0
2021-01-04,19,TEN,18266.0,18390.0
2021-01-04,20,TEN,17678.0,17821.0
2021-01-04,21,TEN,17359.0,17486.0
2021-01-04,22,TEN,17387.0,17580.0
2021-01-04,23,TEN,18044.0,18359.0
2021-01-05,0,TEN,19292.0,19581.0
2021-01-05,1,TEN,19545.0,19763.0
2021-01-05,2,TEN,19252.0,19495.0
2021-01-05,3,TEN,19007.0,19205.0
2021-01-05,4,TEN,18368.0,18633.0
2021-01-05,5,TEN,17596.0,17779.0
2021-01-05,6,TEN,16963.0,17132.0
2021-01-05,7,TEN,16534.0,16687.0
2021-01-05,8,TEN,16343.0,16515.0
2021-01-05,9,TEN,16272.0,16457.0
2021-01-05,10,TEN,16493.0,16687.0
2021-01-05,11,TEN,17026.0,17206.0
2021-01-05,12,TEN,18144.0,18298.0
2021-01-05,13,TEN,19418.0,19667.0
2021-01-05,14,TEN,19933.0,20188.0
2021-01-05,15,TEN,20124.0,20303.0
2021-01-05,16,TEN,20051.0,20260.0
2021-01-05,17,TEN,19835.0,19996.0
2021-01-05,18,TEN,19342.0,19531.0
2021-01-05,19,TEN,18744.0,18939.0
2021-01-05,20,TEN,18303.0,18461.0
2021-01-05,21,TEN,17965.0,18207.0
2021-01-05,22,TEN,18003.0,18283.0
2021-01-05,23,TEN,18764.0,19096.0
2021-01-06,0,TEN,20300.0,20595.0
2021-01-06,1,TEN,20848.0,21043.0
2021-01-06,2,TEN,21044.0,21320.0
2021-01-06,3,TEN,20997.0,21258.0
2021-01-06,4,TEN,20613.0,20902.0
2021-01-06,5,TEN,19730.0,19954.0
2021-01-06,6,TEN,19590.0,19758.0
2021-01-06,7,TEN,19544.0,19765.0
2021-01-06,8,TEN,19618.0,19832.0
2021-01-06,9,TEN,19839.0,20034.0
2021-01-06,10,TEN,20108.0,20351.0
2021-01-06,11,TEN,20804.0,20989.0
2021-01-06,12,TEN,22026.0,22130.0
2021-01-06,13,TEN,23207.0,22502.0
2021-01-06,14,TEN,23630.0,23065.0
2021-01-06,15,TEN,23049.0,22831.0
2021-01-06,16,TEN,22011.0,22156.0
2021-01-06,17,TEN,20977.0,21120.0
2021-01-06,18,TEN,20100.0,20235.0
2021-01-06,19,TEN,19326.0,19453.0
2021-01-06,20,TEN,18746.0,18875.0
2021-01-06,21,TEN,18409.0,18558.0
2021-01-06,22,TEN,18474.0,18665.0
2021-01-06,23,TEN,19431.0,19628.0
2021-01-07,0,TEN,20820.0,21063.0
2021-01-07,1,TEN,21146.0,21458.0
2021-01-07,2,TEN,21112.0,21417.0
2021-01-07,3,TEN,20827.0,21072.0
2021-01-07,4,TEN,20298.0,20557.0
2021-01-07,5,TEN,19578.0,19830.0
2021-01-07,6,TEN,19094.0,19249.0
2021-01-07,7,TEN,18859.0,18923.0
2021-01-07,8,TEN,18694.0,18787.0
2021-01-07,9,TEN,18668.0,18752.0
2021-01-07,10,TEN,18940.0,19005.0
2021-01-07,11,TEN,19629.0,19628.0
2021-01-07,12,TEN,20752.0,20808.0
2021-01-07,13,TEN,22006.0,21862.0
2021-01-07,14,TEN,22336.0,22160.0
2021-01-07,15,TEN,22411.0,22234.0
2021-01-07,16,TEN,22226.0,22064.0
2021-01-07,17,TEN,22272.0,22126.0
2021-01-07,18,TEN,21892.0,21774.0
2021-01-07,19,TEN,21520.0,21396.0
2021-01-07,20,TEN,21171.0,21062.0
2021-01-07,21,TEN,21100.0,20972.0
2021-01-07,22,TEN,21258.0,21186.0
2021-01-07,23,TEN,21847.0,21757.0
2021-01-08,0,TEN,22499.0,22343.0
2021-01-08,1,TEN,22412.0,22000.0
2021-01-08,2,TEN,22077.0,21633.0
2021-01-08,3,TEN,21677.0,21533.0
2021-01-08,4,TEN,21036.0,20922.0
2021-01-08,5,TEN,20182.0,20078.0
2021-01-08,6,TEN,19454.0,19317.0
2021-01-08,7,TEN,19072.0,18931.0
2021-01-08,8,TEN,18919.0,18811.0
2021-01-08,9,TEN,18833.0,18790.0
2021-01-08,10,TEN,18864.0,18740.0
2021-01-08,11,TEN,19478.0,19280.0
2021-01-08,12,TEN,20540.0,20271.0
2021-01-08,13,TEN,21815.0,21653.0
2021-01-08,14,TEN,22405.0,22220.0
2021-01-08,15,TEN,22585.0,22278.0
2021-01-08,16,TEN,22732.0,22482.0
2021-01-08,17,TEN,22837.0,22652.0
2021-01-08,18,TEN,22821.0,22525.0
2021-01-08,19,TEN,22576.0,22457.0
2021-01-08,20,TEN,22410.0,22331.0
2021-01-08,21,TEN,22208.0,22345.0
2021-01-08,22,TEN,22287.0,22421.0
2021-01-08,23,TEN,22773.0,22802.0
2021-01-09,0,TEN,23350.0,23516.0
2021-01-09,1,TEN,23110.0,23378.0
2021-01-09,2,TEN,22691.0,22874.0
2021-01-09,3,TEN,22298.0,22471.0
2021-01-09,4,TEN,21688.0,21708.0
2021-01-09,5,TEN,20870.0,21173.0
2021-01-09,6,TEN,20196.0,20498.0
2021-01-09,7,TEN,19860.0,20116.0
2021-01-09,8,TEN,19635.0,19906.0
2021-01-09,9,TEN,19538.0,19801.0
2021-01-09,10,TEN,19602.0,19881.0
2021-01-09,11,TEN,19814.0,19780.0
2021-01-09,12,TEN,20311.0,20223.0
2021-01-09,13,TEN,21034.0,20789.0
2021-01-09,14,TEN,21631.0,21443.0
2021-01-09,15,TEN,22281.0,22004.0
2021-01-09,16,TEN,22713.0,22583.0
2021-01-09,17,TEN,22927.0,22868.0
2021-01-09,18,TEN,22754.0,22678.0
2021-01-09,19,TEN,22486.0,22418.0
2021-01-09,20,TEN,22235.0,22190.0
2021-01-09,21,TEN,22168.0,21979.0
2021-01-09,22,TEN,22173.0,22033.0
2021-01-09,23,TEN,22776.0,22618.0
2021-01-10,0,TEN,23356.0,23229.0
2021-01-10,1,TEN,23212.0,23132.0
2021-01-10,2,TEN,22936.0,23012.0
2021-01-10,3,TEN,22472.0,22490.0
2021-01-10,4,TEN,21998.0,22073.0
2021-01-10,5,TEN,21284.0,21238.0
2021-01-10,6,TEN,20658.0,20760.0
2021-01-10,7,TEN,20213.0,20467.0
2021-01-10,8,TEN,19950.0,20355.0
2021-01-10,9,TEN,19889.0,20310.0
2021-01-10,10,TEN,19932.0,20273.0
2021-01-10,11,TEN,20201.0,20510.0
2021-01-10,12,TEN,20503.0,20643.0
2021-01-10,13,TEN,21143.0,21215.0
2021-01-10,14,TEN,21718.0,21898.0
2021-01-10,15,TEN,22161.0,22399.0
2021-01-10,16,TEN,22062.0,22362.0
2021-01-10,17,TEN,21559.0,21832.0
2021-01-10,18,TEN,20879.0,20833.0
2021-01-10,19,TEN,19999.0,19847.0
2021-01-10,20,TEN,19311.0,19115.0
2021-01-10,21,TEN,18860.0,18689.0
2021-01-10,22,TEN,18995.0,18847.0
2021-01-10,23,TEN,20027.0,19833.0
2021-01-11,0,TEN,21643.0,21433.0
2021-01-11,1,TEN,22185.0,22021.0
2021-01-11,2,TEN,22320.0,22111.0
2021-01-11,3,TEN,22148.0,21993.0
2021-01-11,4,TEN,21542.0,21363.0
2021-01-11,5,TEN,20906.0,20715.0
2021-01-11,6,TEN,20335.0,20236.0
2021-01-11,7,TEN,20063.0,19996.0
2021-01-11,8,TEN,19795.0,19734.0
2021-01-11,9,TEN,19839.0,19729.0
2021-01-11,10,TEN,19971.0,19898.0
2021-01-11,11,TEN,20526.0,20433.0
2021-01-11,12,TEN,21740.0,21466.0
2021-01-11,13,TEN,23063.0,22897.0
2021-01-11,14,TEN,23767.0,23614.0
2021-01-11,15,TEN,24017.0,23797.0
2021-01-11,16,TEN,24032.0,23862.0
2021-01-11,17,TEN,24094.0,23974.0
2021-01-11,18,TEN,23902.0,23810.0
2021-01-11,19,TEN,23612.0,23473.0
2021-01-11,20,TEN,23344.0,23223.0
2021-01-11,21,TEN,23121.0,23078.0
2021-01-11,22,TEN,23159.0,23113.0
2021-01-11,23,TEN,23606.0,23600.0
2021-01-12,0,TEN,24313.0,24198.0
2021-01-12,1,TEN,24242.0,24185.0
2021-01-12,2,TEN,23858.0,23648.0
2021-01-12,3,TEN,23208.0,22742.0
2021-01-12,4,TEN,22525.0,22136.0
2021-01-12,5,TEN,21593.0,20980.0
2021-01-12,6,TEN,20870.0,20189.0
2021-01-12,7,TEN,20624.0,19932.0
2021-01-12,8,TEN,20502.0,19860.0
2021-01-12,9,TEN,20532.0,20072.0
2021-01-12,10,TEN,20815.0,20375.0
2021-01-12,11,TEN,21296.0,21210.0
2021-01-12,12,TEN,22507.0,22347.0
2021-01-12,13,TEN,23688.0,23278.0
2021-01-12,14,TEN,24251.0,23850.0
2021-01-12,15,TEN,24370.0,23961.0
2021-01-12,16,TEN,23981.0,23540.0
2021-01-12,17,TEN,23340.0,23046.0
2021-01-12,18,TEN,22535.0,22287.0
2021-01-12,19,TEN,21637.0,21456.0
2021-01-12,20,TEN,20703.0,20702.0
2021-01-12,21,TEN,20045.0,20076.0
2021-01-12,22,TEN,19754.0,19759.0
2021-01-12,23,TEN,20681.0,20681.0
2021-01-13,0,TEN,22360.0,22253.0
2021-01-13,1,TEN,23323.0,23298.0
2021-01-13,2,TEN,23698.0,23600.0
2021-01-13,3,TEN,23775.0,23700.0
2021-01-13,4,TEN,23443.0,22855.0
2021-01-13,5,TEN,22885.0,22081.0
2021-01-13,6,TEN,22608.0,21744.0
2021-01-13,7,TEN,22456.0,21432.0
2021-01-13,8,TEN,22598.0,21401.0
2021-01-13,9,TEN,22737.0,21600.0
2021-01-13,10,TEN,23080.0,22004.0
2021-01-13,11,TEN,23703.0,22847.0
2021-01-13,12,TEN,24769.0,23670.0
2021-01-13,13,TEN,26118.0,24805.0
2021-01-13,14,TEN,26485.0,25153.0
2021-01-13,15,TEN,25695.0,25257.0
2021-01-13,16,TEN,24131.0,24076.0
2021-01-13,17,TEN,22638.0,22061.0
2021-01-13,18,TEN,21456.0,20925.0
2021-01-13,19,TEN,20462.0,19916.0
2021-01-13,20,TEN,19825.0,19776.0
2021-01-13,21,TEN,19459.0,19369.0
2021-01-13,22,TEN,19418.0,19420.0
2021-01-13,23,TEN,20174.0,19880.0
2021-01-14,0,TEN,21617.0,21146.0
2021-01-14,1,TEN,22197.0,21706.0
2021-01-14,2,TEN,22251.0,21810.0
2021-01-14,3,TEN,22184.0,21726.0
2021-01-14,4,TEN,21798.0,21168.0
2021-01-14,5,TEN,21127.0,20495.0
2021-01-14,6,TEN,20689.0,19991.0
2021-01-14,7,TEN,20330.0,19312.0
2021-01-14,8,TEN,20568.0,19465.0
2021-01-14,9,TEN,20638.0,19539.0
2021-01-14,10,TEN,20952.0,19835.0
2021-01-14,11,TEN,21468.0,20350.0
2021-01-14,12,TEN,22679.0,21547.0
2021-01-14,13,TEN,23980.0,22762.0
2021-01-14,14,TEN,24085.0,23018.0
2021-01-14,15,TEN,23233.0,22202.0
2021-01-14,16,TEN,21835.0,20840.0
2021-01-14,17,TEN,20755.0,20154.0
2021-01-14,18,TEN,19599.0,19317.0
2021-01-14,19,TEN,18831.0,18646.0
2021-01-14,20,TEN,18157.0,18005.0
2021-01-14,21,TEN,17592.0,17474.0
2021-01-14,22,TEN,17494.0,17449.0
2021-01-14,23,TEN,18356.0,18362.0
2021-01-15,0,TEN,19787.0,19750.0
2021-01-15,1,TEN,20163.0,20146.0
2021-01-15,2,TEN,20051.0,20081.0
2021-01-15,3,TEN,19587.0,19570.0
2021-01-15,4,TEN,18913.0,18903.0
2021-01-15,5,TEN,18213.0,18344.0
2021-01-15,6,TEN,17613.0,17677.0
2021-01-15,7,TEN,17333.0,17622.0
2021-01-15,8,TEN,17110.0,17500.0
2021-01-15,9,TEN,17075.0,17464.0
2021-01-15,10,TEN,17307.0,17694.0
2021-01-15,11,TEN,18064.0,18392.0
2021-01-15,12,TEN,19419.0,19729.0
2021-01-15,13,TEN,20937.0,21192.0
2021-01-15,14,TEN,21655.0,21890.0
2021-01-15,15,TEN,21288.0,21592.0
2021-01-15,16,TEN,20482.0,20772.0
2021-01-15,17,TEN,20111.0,20382.0
2021-01-15,18,TEN,19477.0,19787.0
2021-01-15,19,TEN,19120.0,19371.0
2021-01-15,20,TEN,18895.0,19159.0
2021-01-15,21,TEN,18739.0,19050.0
2021-01-15,22,TEN,18984.0,19271.0
2021-01-15,23,TEN,19984.0,20194.0
2021-01-16,0,TEN,21016.0,21241.0
2021-01-16,1,TEN,21195.0,21541.0
2021-01-16,2,TEN,21099.0,21408.0
2021-01-16,3,TEN,20968.0,21260.0
2021-01-16,4,TEN,20421.0,20788.0
2021-01-16,5,TEN,19852.0,19984.0
2021-01-16,6,TEN,19199.0,19288.0
2021-01-16,7,TEN,18815.0,18537.0
2021-01-16,8,TEN,18710.0,18211.0
2021-01-16,9,TEN,18718.0,18236.0
2021-01-16,10,TEN,18895.0,18379.0
2021-01-16,11,TEN,19218.0,18724.0
2021-01-16,12,TEN,19705.0,19234.0
2021-01-16,13,TEN,20390.0,20427.0
2021-01-16,14,TEN,21049.0,21371.0
2021-01-16,15,TEN,21583.0,21940.0
2021-01-16,16,TEN,21977.0,22308.0
2021-01-16,17,TEN,21890.0,22156.0
2021-01-16,18,TEN,21650.0,21983.0
2021-01-16,19,TEN,21273.0,21425.0
2021-01-16,20,TEN,20811.0,21160.0
2021-01-16,21,TEN,20519.0,20765.0
2021-01-16,22,TEN,20580.0,20843.0
2021-01-16,23,TEN,21035.0,21351.0
2021-01-17,0,TEN,21617.0,21988.0
2021-01-17,1,TEN,21559.0,21945.0
2021-01-17,2,TEN,21031.0,21079.0
2021-01-17,3,TEN,20645.0,20974.0
2021-01-17,4,TEN,20230.0,20572.0
2021-01-17,5,TEN,19534.0,19869.0
2021-01-17,6,TEN,18839.0,19047.0
2021-01-17,7,TEN,18430.0,17880.0
2021-01-17,8,TEN,18221.0,17674.0
2021-01-17,9,TEN,18065.0,17514.0
2021-01-17,10,TEN,18086.0,17527.0
2021-01-17,11,TEN,18267.0,17711.0
2021-01-17,12,TEN,18661.0,18123.0
2021-01-17,13,TEN,19177.0,18705.0
2021-01-17,14,TEN,19776.0,19974.0
2021-01-17,15,TEN,20187.0,20405.0
2021-01-17,16,TEN,19974.0,20170.0
2021-01-17,17,TEN,19571.0,19771.0
2021-01-17,18,TEN,19028.0,19247.0
2021-01-17,19,TEN,18546.0,18797.0
2021-01-17,20,TEN,18207.0,18463.0
2021-01-17,21,TEN,17924.0,18154.0
2021-01-17,22,TEN,18005.0,18276.0
2021-01-17,23,TEN,18639.0,18921.0
2021-01-18,0,TEN,19671.0,19965.0
2021-01-18,1,TEN,19973.0,20230.0
2021-01-18,2,TEN,19902.0,20326.0
2021-01-18,3,TEN,19646.0,19962.0
2021-01-18,4,TEN,19314.0,19571.0
2021-01-18,5,TEN,18749.0,18958.0
2021-01-18,6,TEN,18196.0,18477.0
2021-01-18,7,TEN,17923.0,18103.0
2021-01-18,8,TEN,17913.0,18091.0
2021-01-18,9,TEN,18091.0,18240.0
2021-01-18,10,TEN,18464.0,18655.0
2021-01-18,11,TEN,19160.0,19334.0
2021-01-18,12,TEN,20332.0,20497.0
2021-01-18,13,TEN,21458.0,21681.0
2021-01-18,14,TEN,22161.0,22265.0
2021-01-18,15,TEN,21899.0,22434.0
2021-01-18,16,TEN,21103.0,21454.0
2021-01-18,17,TEN,20621.0,20829.0
2021-01-18,18,TEN,20038.0,20342.0
2021-01-18,19,TEN,19349.0,19689.0
2021-01-18,20,TEN,18858.0,19179.0
2021-01-18,21,TEN,18353.0,18731.0
2021-01-18,22,TEN,18268.0,18615.0
2021-01-18,23,TEN,19021.0,19345.0
2021-01-19,0,TEN,20448.0,20734.0
2021-01-19,1,TEN,21019.0,21342.0
2021-01-19,2,TEN,20999.0,21314.0
2021-01-19,3,TEN,20851.0,21201.0
2021-01-19,4,TEN,20378.0,20720.0
2021-01-19,5,TEN,19619.0,19990.0
2021-01-19,6,TEN,19019.0,19270.0
2021-01-19,7,TEN,18665.0,18825.0
2021-01-19,8,TEN,18421.0,18642.0
2021-01-19,9,TEN,18231.0,18417.0
2021-01-19,10,TEN,18245.0,18599.0
2021-01-19,11,TEN,18614.0,19010.0
2021-01-19,12,TEN,19539.0,19926.0
2021-01-19,13,TEN,20796.0,21608.0
2021-01-19,14,TEN,21059.0,21877.0
2021-01-19,15,TEN,20817.0,21571.0
2021-01-19,16,TEN,20547.0,21185.0
2021-01-19,17,TEN,20256.0,20805.0
2021-01-19,18,TEN,19821.0,20160.0
2021-01-19,19,TEN,19205.0,19543.0
2021-01-19,20,TEN,18817.0,19126.0
2021-01-19,21,TEN,18355.0,18691.0
2021-01-19,22,TEN,18413.0,18751.0
2021-01-19,23,TEN,18915.0,19190.0
2021-01-20,0,TEN,20066.0,20378.0
2021-01-20,1,TEN,20422.0,20770.0
2021-01-20,2,TEN,20277.0,20637.0
2021-01-20,3,TEN,19813.0,20151.0
2021-01-20,4,TEN,19231.0,19547.0
2021-01-20,5,TEN,18268.0,18622.0
2021-01-20,6,TEN,17651.0,17879.0
2021-01-20,7,TEN,17379.0,17595.0
2021-01-20,8,TEN,17118.0,17276.0
2021-01-20,9,TEN,17195.0,17347.0
2021-01-20,10,TEN,17609.0,17852.0
2021-01-20,11,TEN,18334.0,18557.0
2021-01-20,12,TEN,19731.0,19956.0
2021-01-20,13,TEN,21435.0,21610.0
2021-01-20,14,TEN,22063.0,22215.0
2021-01-20,15,TEN,21456.0,21852.0
2021-01-20,16,TEN,20365.0,20725.0
2021-01-20,17,TEN,19547.0,19882.0
2021-01-20,18,TEN,18869.0,19250.0
2021-01-20,19,TEN,18484.0,18803.0
2021-01-20,20,TEN,18082.0,18434.0
2021-01-20,21,TEN,17911.0,18266.0
2021-01-20,22,TEN,18101.0,18484.0
2021-01-20,23,TEN,18923.0,19479.0
2021-01-21,0,TEN,20310.0,20847.0
2021-01-21,1,TEN,20653.0,21288.0
2021-01-21,2,TEN,20531.0,21162.0
2021-01-21,3,TEN,20116.0,20689.0
2021-01-21,4,TEN,19430.0,19749.0
2021-01-21,5,TEN,18547.0,18791.0
2021-01-21,6,TEN,17856.0,18050.0
2021-01-21,7,TEN,17463.0,17685.0
2021-01-21,8,TEN,17256.0,17493.0
2021-01-21,9,TEN,17156.0,17397.0
2021-01-21,10,TEN,17226.0,17484.0
2021-01-21,11,TEN,17599.0,17879.0
2021-01-21,12,TEN,18726.0,18983.0
2021-01-21,13,TEN,19905.0,20144.0
2021-01-21,14,TEN,20372.0,20615.0
2021-01-21,15,TEN,20417.0,20669.0
2021-01-21,16,TEN,20251.0,20541.0
2021-01-21,17,TEN,20327.0,20497.0
2021-01-21,18,TEN,20122.0,20423.0
2021-01-21,19,TEN,19822.0,20112.0
2021-01-21,20,TEN,19475.0,19761.0
2021-01-21,21,TEN,19161.0,19465.0
2021-01-21,22,TEN,18904.0,19313.0
2021-01-21,23,TEN,19387.0,19715.0
2021-01-22,0,TEN,20539.0,20840.0
2021-01-22,1,TEN,20579.0,20875.0
2021-01-22,2,TEN,20466.0,20745.0
2021-01-22,3,TEN,20021.0,20317.0
2021-01-22,4,TEN,19415.0,19697.0
2021-01-22,5,TEN,18562.0,18796.0
2021-01-22,6,TEN,17933.0,18040.0
2021-01-22,7,TEN,17640.0,17755.0
2021-01-22,8,TEN,17440.0,17568.0
2021-01-22,9,TEN,17589.0,17724.0
2021-01-22,10,TEN,17744.0,17887.0
2021-01-22,11,TEN,18387.0,18621.0
2021-01-22,12,TEN,19734.0,20025.0
2021-01-22,13,TEN,21065.0,21370.0
2021-01-22,14,TEN,21530.0,21769.0
2021-01-22,15,TEN,21438.0,21685.0
2021-01-22,16,TEN,20872.0,21132.0
2021-01-22,17,TEN,20282.0,20472.0
2021-01-22,18,TEN,19557.0,19830.0
2021-01-22,19,TEN,18824.0,19134.0
2021-01-22,20,TEN,18062.0,18257.0
2021-01-22,21,TEN,17616.0,17829.0
2021-01-22,22,TEN,17352.0,17638.0
2021-01-22,23,TEN,18058.0,18319.0
2021-01-23,0,TEN,19595.0,19878.0
2021-01-23,1,TEN,19970.0,20300.0
2021-01-23,2,TEN,20071.0,20331.0
2021-01-23,3,TEN,20028.0,20314.0
2021-01-23,4,TEN,19809.0,20109.0
2021-01-23,5,TEN,19554.0,19724.0
2021-01-23,6,TEN,19359.0,19527.0
2021-01-23,7,TEN,19236.0,19335.0
2021-01-23,8,TEN,19345.0,18875.0
2021-01-23,9,TEN,19447.0,18984.0
2021-01-23,10,TEN,19850.0,19388.0
2021-01-23,11,TEN,20372.0,19928.0
2021-01-23,12,TEN,21146.0,20686.0
2021-01-23,13,TEN,21869.0,21617.0
2021-01-23,14,TEN,22524.0,22104.0
2021-01-23,15,TEN,22258.0,21915.0
2021-01-23,16,TEN,21470.0,21087.0
2021-01-23,17,TEN,20512.0,20314.0
2021-01-23,18,TEN,19556.0,19749.0
2021-01-23,19,TEN,18614.0,18819.0
2021-01-23,20,TEN,17799.0,18004.0
2021-01-23,21,TEN,17139.0,17421.0
2021-01-23,22,TEN,17335.0,17641.0
2021-01-23,23,TEN,17983.0,18351.0
2021-01-24,0,TEN,19312.0,19710.0
2021-01-24,1,TEN,19771.0,20060.0
2021-01-24,2,TEN,19737.0,20069.0
2021-01-24,3,TEN,19543.0,19790.0
2021-01-24,4,TEN,19116.0,19326.0
2021-01-24,5,TEN,18436.0,18792.0
2021-01-24,6,TEN,17887.0,18257.0
2021-01-24,7,TEN,17560.0,17857.0
2021-01-24,8,TEN,17444.0,17605.0
2021-01-24,9,TEN,17450.0,17647.0
2021-01-24,10,TEN,17423.0,17628.0
2021-01-24,11,TEN,17630.0,17808.0
2021-01-24,12,TEN,17942.0,18141.0
2021-01-24,13,TEN,18325.0,18560.0
2021-01-24,14,TEN,18798.0,19076.0
2021-01-24,15,TEN,19013.0,19295.0
2021-01-24,16,TEN,18986.0,19232.0
2021-01-24,17,TEN,18596.0,18856.0
2021-01-24,18,TEN,18244.0,18532.0
2021-01-24,19,TEN,18044.0,18303.0
2021-01-24,20,TEN,17753.0,18006.0
2021-01-24,21,TEN,17528.0,17796.0
2021-01-24,22,TEN,17617.0,17926.0
2021-01-24,23,TEN,17992.0,18300.0
2021-01-25,0,TEN,18826.0,19114.0
2021-01-25,1,TEN,18895.0,19157.0
2021-01-25,2,TEN,18563.0,18840.0
2021-01-25,3,TEN,18023.0,18214.0
2021-01-25,4,TEN,17300.0,17450.0
2021-01-25,5,TEN,16453.0,16586.0
2021-01-25,6,TEN,15775.0,15846.0
2021-01-25,7,TEN,15367.0,15495.0
2021-01-25,8,TEN,15154.0,15241.0
2021-01-25,9,TEN,15086.0,15218.0
2021-01-25,10,TEN,15059.0,15208.0
2021-01-25,11,TEN,15500.0,15639.0
2021-01-25,12,TEN,16655.0,16907.0
2021-01-25,13,TEN,17981.0,18136.0
2021-01-25,14,TEN,18446.0,18624.0
2021-01-25,15,TEN,18605.0,18790.0
2021-01-25,16,TEN,18612.0,18764.0
2021-01-25,17,TEN,18665.0,18823.0
2021-01-25,18,TEN,18529.0,18736.0
2021-01-25,19,TEN,18394.0,18501.0
2021-01-25,20,TEN,18086.0,18212.0
2021-01-25,21,TEN,17950.0,18106.0
2021-01-25,22,TEN,17712.0,17927.0
2021-01-25,23,TEN,18031.0,18264.0
2021-01-26,0,TEN,18558.0,18719.0
2021-01-26,1,TEN,18485.0,18672.0
2021-01-26,2,TEN,17902.0,18107.0
2021-01-26,3,TEN,17358.0,17581.0
2021-01-26,4,TEN,16546.0,16771.0
2021-01-26,5,TEN,15435.0,15616.0
2021-01-26,6,TEN,14556.0,14675.0
2021-01-26,7,TEN,13972.0,14103.0
2021-01-26,8,TEN,13779.0,13906.0
2021-01-26,9,TEN,13626.0,13774.0
2021-01-26,10,TEN,13575.0,13897.0
2021-01-26,11,TEN,14113.0,14217.0
2021-01-26,12,TEN,15282.0,15462.0
2021-01-26,13,TEN,16661.0,16887.0
2021-01-26,14,TEN,17094.0,17362.0
2021-01-26,15,TEN,17032.0,17360.0
2021-01-26,16,TEN,16848.0,17070.0
2021-01-26,17,TEN,16862.0,17089.0
2021-01-26,18,TEN,16768.0,16973.0
2021-01-26,19,TEN,16669.0,16852.0
2021-01-26,20,TEN,16280.0,16519.0
2021-01-26,21,TEN,16239.0,16493.0
2021-01-26,22,TEN,16149.0,16463.0
2021-01-26,23,TEN,16347.0,16680.0
2021-01-27,0,TEN,17503.0,17794.0
2021-01-27,1,TEN,18006.0,18347.0
2021-01-27,2,TEN,17783.0,18092.0
2021-01-27,3,TEN,17603.0,17920.0
2021-01-27,4,TEN,17155.0,17453.0
2021-01-27,5,TEN,16273.0,16611.0
2021-01-27,6,TEN,15667.0,15991.0
2021-01-27,7,TEN,15404.0,15736.0
2021-01-27,8,TEN,15196.0,15530.0
2021-01-27,9,TEN,15424.0,15761.0
2021-01-27,10,TEN,15565.0,15867.0
2021-01-27,11,TEN,16079.0,16280.0
2021-01-27,12,TEN,17448.0,17630.0
2021-01-27,13,TEN,18895.0,19102.0
2021-01-27,14,TEN,19409.0,19608.0
2021-01-27,15,TEN,19355.0,19572.0
2021-01-27,16,TEN,18901.0,19097.0
2021-01-27,17,TEN,18596.0,18902.0
2021-01-27,18,TEN,18499.0,18751.0
2021-01-27,19,TEN,18364.0,18551.0
2021-01-27,20,TEN,18225.0,18483.0
2021-01-27,21,TEN,18404.0,18651.0
2021-01-27,22,TEN,18751.0,19012.0
2021-01-27,23,TEN,19578.0,19841.0
2021-01-28,0,TEN,20894.0,21079.0
2021-01-28,1,TEN,21240.0,21512.0
2021-01-28,2,TEN,21251.0,21493.0
2021-01-28,3,TEN,21040.0,21313.0
2021-01-28,4,TEN,20563.0,20805.0
2021-01-28,5,TEN,19871.0,20108.0
2021-01-28,6,TEN,19374.0,19655.0
2021-01-28,7,TEN,19302.0,19425.0
2021-01-28,8,TEN,19342.0,19486.0
2021-01-28,9,TEN,19418.0,19597.0
2021-01-28,10,TEN,19649.0,19821.0
2021-01-28,11,TEN,20322.0,20331.0
2021-01-28,12,TEN,21603.0,21471.0
2021-01-28,13,TEN,23025.0,22929.0
2021-01-28,14,TEN,23571.0,23116.0
2021-01-28,15,TEN,23665.0,23362.0
2021-01-28,16,TEN,23246.0,23182.0
2021-01-28,17,TEN,22619.0,22472.0
2021-01-28,18,TEN,21838.0,21717.0
2021-01-28,19,TEN,20899.0,20838.0
2021-01-28,20,TEN,20454.0,20325.0
2021-01-28,21,TEN,20020.0,19929.0
2021-01-28,22,TEN,19918.0,19874.0
2021-01-28,23,TEN,20876.0,20759.0
2021-01-29,0,TEN,22584.0,22472.0
2021-01-29,1,TEN,23424.0,23305.0
2021-01-29,2,TEN,23602.0,23504.0
2021-01-29,3,TEN,23523.0,23407.0
2021-01-29,4,TEN,23143.0,23054.0
2021-01-29,5,TEN,22411.0,22291.0
2021-01-29,6,TEN,22078.0,21928.0
2021-01-29,7,TEN,22088.0,21917.0
2021-01-29,8,TEN,22053.0,21845.0
2021-01-29,9,TEN,22222.0,22045.0
2021-01-29,10,TEN,22536.0,22370.0
2021-01-29,11,TEN,23163.0,22925.0
2021-01-29,12,TEN,24578.0,23898.0
2021-01-29,13,TEN,25736.0,24351.0
2021-01-29,14,TEN,25961.0,24546.0
2021-01-29,15,TEN,25061.0,24190.0
2021-01-29,16,TEN,23650.0,23499.0
2021-01-29,17,TEN,22540.0,22479.0
2021-01-29,18,TEN,21185.0,21217.0
2021-01-29,19,TEN,20213.0,20304.0
2021-01-29,20,TEN,19329.0,19490.0
2021-01-29,21,TEN,18696.0,18838.0
2021-01-29,22,TEN,18473.0,18653.0
2021-01-29,23,TEN,18955.0,19162.0
2021-01-30,0,TEN,20563.0,20748.0
2021-01-30,1,TEN,21358.0,21563.0
2021-01-30,2,TEN,21552.0,21739.0
2021-01-30,3,TEN,21631.0,21827.0
2021-01-30,4,TEN,21392.0,21551.0
2021-01-30,5,TEN,20927.0,21103.0
2021-01-30,6,TEN,20457.0,20671.0
2021-01-30,7,TEN,20281.0,20431.0
2021-01-30,8,TEN,20065.0,20228.0
2021-01-30,9,TEN,19971.0,20120.0
2021-01-30,10,TEN,19746.0,19865.0
2021-01-30,11,TEN,19896.0,20062.0
2021-01-30,12,TEN,20145.0,20295.0
2021-01-30,13,TEN,20609.0,20811.0
2021-01-30,14,TEN,20978.0,21114.0
2021-01-30,15,TEN,21233.0,21399.0
2021-01-30,16,TEN,21172.0,21318.0
2021-01-30,17,TEN,20758.0,20900.0
2021-01-30,18,TEN,20258.0,20425.0
2021-01-30,19,TEN,19760.0,19902.0
2021-01-30,20,TEN,19260.0,19436.0
2021-01-30,21,TEN,19037.0,19230.0
2021-01-30,22,TEN,18974.0,19216.0
2021-01-30,23,TEN,19336.0,19560.0
2021-01-31,0,TEN,19944.0,20168.0
2021-01-31,1,TEN,19972.0,20158.0
2021-01-31,2,TEN,19642.0,19861.0
2021-01-31,3,TEN,19215.0,19415.0
2021-01-31,4,TEN,18652.0,18819.0
2021-01-31,5,TEN,17940.0,18052.0
2021-01-31,6,TEN,17213.0,17313.0
2021-01-31,7,TEN,16719.0,16849.0
2021-01-31,8,TEN,16348.0,16423.0
2021-01-31,9,TEN,16092.0,16226.0
2021-01-31,10,TEN,15876.0,16009.0
2021-01-31,11,TEN,15830.0,16003.0
2021-01-31,12,TEN,16064.0,16268.0
2021-01-31,13,TEN,16376.0,16627.0
2021-01-31,14,TEN,16770.0,17102.0
2021-01-31,15,TEN,17363.0,17671.0
2021-01-31,16,TEN,17576.0,17866.0
2021-01-31,17,TEN,17551.0,17858.0
2021-01-31,18,TEN,17514.0,18110.0
2021-01-31,19,TEN,17466.0,18010.0
2021-01-31,20,TEN,17213.0,17740.0
2021-01-31,21,TEN,17386.0,17918.0
2021-01-31,22,TEN,17712.0,18301.0
2021-01-31,23,TEN,18506.0,19039.0
2021-02-01,0,TEN,19474.0,19966.0
2021-02-01,1,TEN,19772.0,20264.0
2021-02-01,2,TEN,19704.0,20194.0
2021-02-01,3,TEN,19424.0,19896.0
2021-02-01,4,TEN,18998.0,19407.0
2021-02-01,5,TEN,18487.0,18658.0
2021-02-01,6,TEN,17985.0,18217.0
2021-02-01,7,TEN,17821.0,17991.0
2021-02-01,8,TEN,17930.0,18103.0
2021-02-01,9,TEN,18257.0,18495.0
2021-02-01,10,TEN,18787.0,18976.0
2021-02-01,11,TEN,19511.0,19729.0
2021-02-01,12,TEN,21001.0,21070.0
2021-02-01,13,TEN,22634.0,22071.0
2021-02-01,14,TEN,23211.0,22308.0
2021-02-01,15,TEN,23547.0,23022.0
2021-02-01,16,TEN,23682.0,23370.0
2021-02-01,17,TEN,23968.0,23542.0
2021-02-01,18,TEN,24149.0,23781.0
2021-02-01,19,TEN,23973.0,23576.0
2021-02-01,20,TEN,23711.0,22937.0
2021-02-01,21,TEN,23534.0,22800.0
2021-02-01,22,TEN,23438.0,23053.0
2021-02-01,23,TEN,23622.0,23262.0
2021-02-02,0,TEN,24518.0,24327.0
2021-02-02,1,TEN,24710.0,24228.0
2021-02-02,2,TEN,24339.0,23944.0
2021-02-02,3,TEN,23741.0,23641.0
2021-02-02,4,TEN,23140.0,23082.0
2021-02-02,5,TEN,22270.0,22152.0
2021-02-02,6,TEN,21731.0,21656.0
2021-02-02,7,TEN,21450.0,21321.0
2021-02-02,8,TEN,21437.0,21357.0
2021-02-02,9,TEN,21494.0,21375.0
2021-02-02,10,TEN,21670.0,21340.0
2021-02-02,11,TEN,22057.0,21696.0
2021-02-02,12,TEN,23411.0,23021.0
2021-02-02,13,TEN,24691.0,24248.0
2021-02-02,14,TEN,25076.0,24359.0
2021-02-02,15,TEN,24507.0,23808.0
2021-02-02,16,TEN,23860.0,23249.0
2021-02-02,17,TEN,23266.0,22724.0
2021-02-02,18,TEN,22338.0,21818.0
2021-02-02,19,TEN,21613.0,20942.0
2021-02-02,20,TEN,20942.0,20384.0
2021-02-02,21,TEN,20421.0,20230.0
2021-02-02,22,TEN,20465.0,20231.0
2021-02-02,23,TEN,21100.0,20461.0
2021-02-03,0,TEN,22684.0,22022.0
2021-02-03,1,TEN,23422.0,22526.0
2021-02-03,2,TEN,23509.0,22540.0
2021-02-03,3,TEN,23408.0,22739.0
2021-02-03,4,TEN,22683.0,22422.0
2021-02-03,5,TEN,21895.0,21841.0
2021-02-03,6,TEN,21482.0,21285.0
2021-02-03,7,TEN,21243.0,20582.0
2021-02-03,8,TEN,21265.0,20761.0
2021-02-03,9,TEN,21396.0,20895.0
2021-02-03,10,TEN,21827.0,21010.0
2021-02-03,11,TEN,22448.0,21894.0
2021-02-03,12,TEN,23806.0,23223.0
2021-02-03,13,TEN,25230.0,24607.0
2021-02-03,14,TEN,25570.0,24664.0
2021-02-03,15,TEN,24481.0,23578.0
2021-02-03,16,TEN,23304.0,22782.0
2021-02-03,17,TEN,21968.0,21737.0
2021-02-03,18,TEN,21032.0,20708.0
2021-02-03,19,TEN,20101.0,19917.0
2021-02-03,20,TEN,19357.0,19264.0
2021-02-03,21,TEN,18832.0,18956.0
2021-02-03,22,TEN,18727.0,18803.0
2021-02-03,23,TEN,19237.0,19310.0
2021-02-04,0,TEN,20900.0,20988.0
2021-02-04,1,TEN,22167.0,22169.0
2021-02-04,2,TEN,22505.0,22555.0
2021-02-04,3,TEN,22639.0,22662.0
2021-02-04,4,TEN,22246.0,22272.0
2021-02-04,5,TEN,21806.0,21874.0
2021-02-04,6,TEN,21493.0,21573.0
2021-02-04,7,TEN,21508.0,21796.0
2021-02-04,8,TEN,21561.0,21853.0
2021-02-04,9,TEN,21778.0,22066.0
2021-02-04,10,TEN,22017.0,22300.0
2021-02-04,11,TEN,22394.0,22736.0
2021-02-04,12,TEN,23485.0,23664.0
2021-02-04,13,TEN,24502.0,24657.0
2021-02-04,14,TEN,24426.0,24570.0
2021-02-04,15,TEN,24041.0,24166.0
2021-02-04,16,TEN,23300.0,23405.0
2021-02-04,17,TEN,22684.0,22820.0
2021-02-04,18,TEN,22184.0,22236.0
2021-02-04,19,TEN,21661.0,21746.0
2021-02-04,20,TEN,21027.0,21138.0
2021-02-04,21,TEN,20577.0,20702.0
2021-02-04,22,TEN,20481.0,20625.0
2021-02-04,23,TEN,20775.0,20880.0
2021-02-05,0,TEN,21429.0,21621.0
2021-02-05,1,TEN,21307.0,21485.0
2021-02-05,2,TEN,20905.0,21132.0
2021-02-05,3,TEN,20252.0,20477.0
2021-02-05,4,TEN,19294.0,19544.0
2021-02-05,5,TEN,18430.0,18647.0
2021-02-05,6,TEN,17793.0,17911.0
2021-02-05,7,TEN,17532.0,17678.0
2021-02-05,8,TEN,17520.0,17708.0
2021-02-05,9,TEN,17559.0,17710.0
2021-02-05,10,TEN,18091.0,18327.0
2021-02-05,11,TEN,19133.0,19429.0
2021-02-05,12,TEN,20664.0,20904.0
2021-02-05,13,TEN,22155.0,22444.0
2021-02-05,14,TEN,22775.0,23039.0
2021-02-05,15,TEN,22215.0,22453.0
2021-02-05,16,TEN,21229.0,21444.0
2021-02-05,17,TEN,20434.0,20599.0
2021-02-05,18,TEN,19631.0,19849.0
2021-02-05,19,TEN,18913.0,19138.0
2021-02-05,20,TEN,18350.0,18546.0
2021-02-05,21,TEN,17921.0,18110.0
2021-02-05,22,TEN,18030.0,18265.0
2021-02-05,23,TEN,18498.0,18744.0
2021-02-06,0,TEN,19597.0,19827.0
2021-02-06,1,TEN,20470.0,20623.0
2021-02-06,2,TEN,20717.0,20901.0
2021-02-06,3,TEN,20798.0,21000.0
2021-02-06,4,TEN,20689.0,20942.0
2021-02-06,5,TEN,20310.0,20510.0
2021-02-06,6,TEN,20021.0,20134.0
2021-02-06,7,TEN,19874.0,19981.0
2021-02-06,8,TEN,19908.0,20000.0
2021-02-06,9,TEN,19970.0,20091.0
2021-02-06,10,TEN,20321.0,20435.0
2021-02-06,11,TEN,20719.0,20868.0
2021-02-06,12,TEN,21306.0,21479.0
2021-02-06,13,TEN,21991.0,22229.0
2021-02-06,14,TEN,22381.0,22594.0
2021-02-06,15,TEN,22079.0,22465.0
2021-02-06,16,TEN,21226.0,21624.0
2021-02-06,17,TEN,20556.0,20795.0
2021-02-06,18,TEN,19825.0,19975.0
2021-02-06,19,TEN,19176.0,19435.0
2021-02-06,20,TEN,18577.0,18863.0
2021-02-06,21,TEN,18342.0,18617.0
2021-02-06,22,TEN,18487.0,18819.0
2021-02-06,23,TEN,18924.0,19238.0
2021-02-07,0,TEN,19872.0,20342.0
2021-02-07,1,TEN,20187.0,20621.0
2021-02-07,2,TEN,20007.0,20437.0
2021-02-07,3,TEN,19732.0,20176.0
2021-02-07,4,TEN,19326.0,19739.0
2021-02-07,5,TEN,18715.0,19120.0
2021-02-07,6,TEN,18200.0,18602.0
2021-02-07,7,TEN,18169.0,18561.0
2021-02-07,8,TEN,18157.0,18549.0
2021-02-07,9,TEN,18289.0,18629.0
2021-02-07,10,TEN,18523.0,18639.0
2021-02-07,11,TEN,18959.0,19106.0
2021-02-07,12,TEN,19480.0,19669.0
2021-02-07,13,TEN,20115.0,20342.0
2021-02-07,14,TEN,20799.0,21022.0
2021-02-07,15,TEN,21423.0,21744.0
2021-02-07,16,TEN,21640.0,22125.0
2021-02-07,17,TEN,21525.0,21716.0
2021-02-07,18,TEN,21197.0,21403.0
2021-02-07,19,TEN,20858.0,21046.0
2021-02-07,20,TEN,20448.0,20669.0
2021-02-07,21,TEN,20191.0,20419.0
2021-02-07,22,TEN,20160.0,20476.0
2021-02-07,23,TEN,20700.0,21062.0
2021-02-08,0,TEN,21747.0,21912.0
2021-02-08,1,TEN,22149.0,22398.0
2021-02-08,2,TEN,22301.0,22550.0
2021-02-08,3,TEN,22322.0,22560.0
2021-02-08,4,TEN,22230.0,22527.0
2021-02-08,5,TEN,21720.0,21931.0
2021-02-08,6,TEN,21300.0,21405.0
2021-02-08,7,TEN,21159.0,21381.0
2021-02-08,8,TEN,21169.0,21375.0
2021-02-08,9,TEN,21312.0,21085.0
2021-02-08,10,TEN,21652.0,21068.0
2021-02-08,11,TEN,22267.0,21703.0
2021-02-08,12,TEN,23625.0,23067.0
2021-02-08,13,TEN,25005.0,24352.0
2021-02-08,14,TEN,25088.0,24253.0
2021-02-08,15,TEN,24292.0,23895.0
2021-02-08,16,TEN,23299.0,23173.0
2021-02-08,17,TEN,22142.0,22038.0
2021-02-08,18,TEN,21240.0,21123.0
2021-02-08,19,TEN,20239.0,20161.0
2021-02-08,20,TEN,19443.0,19349.0
2021-02-08,21,TEN,18618.0,18566.0
2021-02-08,22,TEN,18231.0,18147.0
2021-02-08,23,TEN,18674.0,18639.0
2021-02-09,0,TEN,19835.0,19747.0
2021-02-09,1,TEN,20702.0,20599.0
2021-02-09,2,TEN,20823.0,20660.0
2021-02-09,3,TEN,20726.0,20620.0
2021-02-09,4,TEN,19995.0,20119.0
2021-02-09,5,TEN,19251.0,19447.0
2021-02-09,6,TEN,18633.0,18835.0
2021-02-09,7,TEN,18291.0,18462.0
2021-02-09,8,TEN,18087.0,18209.0
2021-02-09,9,TEN,18051.0,18192.0
2021-02-09,10,TEN,18006.0,18167.0
2021-02-09,11,TEN,18492.0,18644.0
2021-02-09,12,TEN,19573.0,19692.0
2021-02-09,13,TEN,20720.0,20916.0
2021-02-09,14,TEN,20886.0,21158.0
2021-02-09,15,TEN,20600.0,20815.0
2021-02-09,16,TEN,20146.0,20354.0
2021-02-09,17,TEN,19629.0,19782.0
2021-02-09,18,TEN,19105.0,19310.0
2021-02-09,19,TEN,18643.0,18814.0
2021-02-09,20,TEN,18256.0,18448.0
2021-02-09,21,TEN,17895.0,18079.0
2021-02-09,22,TEN,17815.0,18079.0
2021-02-09,23,TEN,18218.0,18515.0
2021-02-10,0,TEN,19361.0,19624.0
2021-02-10,1,TEN,19847.0,20088.0
2021-02-10,2,TEN,19762.0,19947.0
2021-02-10,3,TEN,19377.0,19601.0
2021-02-10,4,TEN,18750.0,18927.0
2021-02-10,5,TEN,17905.0,18071.0
2021-02-10,6,TEN,17328.0,17432.0
2021-02-10,7,TEN,17024.0,17067.0
2021-02-10,8,TEN,16970.0,17026.0
2021-02-10,9,TEN,17039.0,17148.0
2021-02-10,10,TEN,17283.0,17401.0
2021-02-10,11,TEN,17850.0,17992.0
2021-02-10,12,TEN,19121.0,19302.0
2021-02-10,13,TEN,20392.0,20583.0
2021-02-10,14,TEN,20645.0,20811.0
2021-02-10,15,TEN,20264.0,20418.0
2021-02-10,16,TEN,19575.0,19750.0
2021-02-10,17,TEN,19071.0,19260.0
2021-02-10,18,TEN,18541.0,18698.0
2021-02-10,19,TEN,18080.0,18278.0
2021-02-10,20,TEN,17662.0,17894.0
2021-02-10,21,TEN,17436.0,17644.0
2021-02-10,22,TEN,17533.0,17742.0
2021-02-10,23,TEN,17872.0,18110.0
2021-02-11,0,TEN,18814.0,19103.0
2021-02-11,1,TEN,19214.0,19375.0
2021-02-11,2,TEN,18946.0,19108.0
2021-02-11,3,TEN,18618.0,18718.0
2021-02-11,4,TEN,17957.0,18135.0
2021-02-11,5,TEN,17249.0,17504.0
2021-02-11,6,TEN,16705.0,16795.0
2021-02-11,7,TEN,16396.0,16578.0
2021-02-11,8,TEN,16256.0,16302.0
2021-02-11,9,TEN,16356.0,16422.0
2021-02-11,10,TEN,16676.0,16752.0
2021-02-11,11,TEN,17204.0,17290.0
2021-02-11,12,TEN,18413.0,18525.0
2021-02-11,13,TEN,19728.0,19821.0
2021-02-11,14,TEN,20421.0,20525.0
2021-02-11,15,TEN,20861.0,20986.0
2021-02-11,16,TEN,21130.0,21299.0
2021-02-11,17,TEN,21518.0,21683.0
2021-02-11,18,TEN,21690.0,21853.0
2021-02-11,19,TEN,21779.0,21969.0
2021-02-11,20,TEN,21702.0,21911.0
2021-02-11,21,TEN,21678.0,21847.0
2021-02-11,22,TEN,21860.0,22064.0
2021-02-11,23,TEN,22296.0,22474.0
2021-02-12,0,TEN,22922.0,23092.0
2021-02-12,1,TEN,22961.0,23185.0
2021-02-12,2,TEN,22622.0,22838.0
2021-02-12,3,TEN,22341.0,22589.0
2021-02-12,4,TEN,21563.0,21767.0
2021-02-12,5,TEN,20641.0,20752.0
2021-02-12,6,TEN,20090.0,19869.0
2021-02-12,7,TEN,19772.0,19595.0
2021-02-12,8,TEN,19598.0,19433.0
2021-02-12,9,TEN,19744.0,19579.0
2021-02-12,10,TEN,19999.0,19853.0
2021-02-12,11,TEN,20523.0,20375.0
2021-02-12,12,TEN,21661.0,21374.0
2021-02-12,13,TEN,22942.0,22867.0
2021-02-12,14,TEN,23531.0,23599.0
2021-02-12,15,TEN,23777.0,23993.0
2021-02-12,16,TEN,23931.0,24089.0
2021-02-12,17,TEN,24046.0,24121.0
2021-02-12,18,TEN,23776.0,24003.0
2021-02-12,19,TEN,23593.0,23762.0
2021-02-12,20,TEN,23345.0,23047.0
2021-02-12,21,TEN,23245.0,22761.0
2021-02-12,22,TEN,23338.0,22696.0
2021-02-12,23,TEN,23698.0,23262.0
2021-02-13,0,TEN,24324.0,23852.0
2021-02-13,1,TEN,24400.0,24022.0
2021-02-13,2,TEN,24118.0,23833.0
2021-02-13,3,TEN,23750.0,23510.0
2021-02-13,4,TEN,23005.0,22882.0
2021-02-13,5,TEN,22199.0,22329.0
2021-02-13,6,TEN,21557.0,21664.0
2021-02-13,7,TEN,21251.0,21522.0
2021-02-13,8,TEN,21107.0,21387.0
2021-02-13,9,TEN,20979.0,20987.0
2021-02-13,10,TEN,20961.0,20958.0
2021-02-13,11,TEN,21240.0,21256.0
2021-02-13,12,TEN,21710.0,21741.0
2021-02-13,13,TEN,22381.0,22255.0
2021-02-13,14,TEN,23005.0,22793.0
2021-02-13,15,TEN,23634.0,23387.0
2021-02-13,16,TEN,24085.0,23810.0
2021-02-13,17,TEN,24065.0,23806.0
2021-02-13,18,TEN,23763.0,23542.0
2021-02-13,19,TEN,23477.0,23289.0
2021-02-13,20,TEN,23170.0,23339.0
2021-02-13,21,TEN,22975.0,23139.0
2021-02-13,22,TEN,23050.0,23248.0
2021-02-13,23,TEN,23354.0,23300.0
2021-02-14,0,TEN,24041.0,23972.0
2021-02-14,1,TEN,24325.0,23982.0
2021-02-14,2,TEN,24183.0,23567.0
2021-02-14,3,TEN,23885.0,23343.0
2021-02-14,4,TEN,23555.0,23341.0
2021-02-14,5,TEN,22979.0,22753.0
2021-02-14,6,TEN,22352.0,22124.0
2021-02-14,7,TEN,22063.0,21812.0
2021-02-14,8,TEN,21874.0,21609.0
2021-02-14,9,TEN,21875.0,21630.0
2021-02-14,10,TEN,22024.0,21775.0
2021-02-14,11,TEN,22321.0,22086.0
2021-02-14,12,TEN,22755.0,22480.0
2021-02-14,13,TEN,23412.0,23247.0
2021-02-14,14,TEN,24137.0,23976.0
2021-02-14,15,TEN,24699.0,24581.0
2021-02-14,16,TEN,25028.0,24918.0
2021-02-14,17,TEN,25147.0,24946.0
2021-02-14,18,TEN,25062.0,24832.0
2021-02-14,19,TEN,24861.0,24381.0
2021-02-14,20,TEN,24628.0,24348.0
2021-02-14,21,TEN,24419.0,24292.0
2021-02-14,22,TEN,24494.0,24310.0
2021-02-14,23,TEN,24773.0,24568.0
2021-02-15,0,TEN,25515.0,25421.0
2021-02-15,1,TEN,25763.0,25645.0
2021-02-15,2,TEN,25473.0,25363.0
2021-02-15,3,TEN,24926.0,24957.0
2021-02-15,4,TEN,24182.0,24303.0
2021-02-15,5,TEN,23419.0,23632.0
2021-02-15,6,TEN,22850.0,23112.0
2021-02-15,7,TEN,22468.0,22489.0
2021-02-15,8,TEN,22329.0,22288.0
2021-02-15,9,TEN,22146.0,21704.0
2021-02-15,10,TEN,22352.0,21761.0
2021-02-15,11,TEN,22761.0,22153.0
2021-02-15,12,TEN,23619.0,23073.0
2021-02-15,13,TEN,24339.0,24082.0
2021-02-15,14,TEN,24896.0,24710.0
2021-02-15,15,TEN,25266.0,25044.0
2021-02-15,16,TEN,25564.0,25385.0
2021-02-15,17,TEN,25735.0,25562.0
2021-02-15,18,TEN,25504.0,25327.0
2021-02-15,19,TEN,25318.0,25330.0
2021-02-15,20,TEN,24939.0,25079.0
2021-02-15,21,TEN,24495.0,24413.0
2021-02-15,22,TEN,24260.0,24109.0
2021-02-15,23,TEN,24554.0,24413.0
2021-02-16,0,TEN,25268.0,25131.0
2021-02-16,1,TEN,25599.0,25429.0
2021-02-16,2,TEN,25279.0,25154.0
2021-02-16,3,TEN,24879.0,24709.0
2021-02-16,4,TEN,24482.0,24257.0
2021-02-16,5,TEN,23957.0,23806.0
2021-02-16,6,TEN,23706.0,23525.0
2021-02-16,7,TEN,23745.0,23180.0
2021-02-16,8,TEN,24046.0,22749.0
2021-02-16,9,TEN,24374.0,23254.0
2021-02-16,10,TEN,24861.0,23619.0
2021-02-16,11,TEN,25406.0,24276.0
2021-02-16,12,TEN,26436.0,25226.0
2021-02-16,13,TEN,27187.0,25572.0
2021-02-16,14,TEN,27775.0,25909.0
2021-02-16,15,TEN,28142.0,26358.0
2021-02-16,16,TEN,28079.0,26805.0
2021-02-16,17,TEN,28036.0,26894.0
2021-02-16,18,TEN,27805.0,26430.0
2021-02-16,19,TEN,27064.0,26189.0
2021-02-16,20,TEN,26393.0,25608.0
2021-02-16,21,TEN,25913.0,25206.0
2021-02-16,22,TEN,25817.0,24997.0
2021-02-16,23,TEN,26273.0,25000.0
2021-02-17,0,TEN,27596.0,25599.0
2021-02-17,1,TEN,28511.0,25665.0
2021-02-17,2,TEN,28274.0,25837.0
2021-02-17,3,TEN,28032.0,25674.0
2021-02-17,4,TEN,27336.0,25338.0
2021-02-17,5,TEN,26693.0,24608.0
2021-02-17,6,TEN,26261.0,23501.0
2021-02-17,7,TEN,26153.0,23341.0
2021-02-17,8,TEN,26099.0,23296.0
2021-02-17,9,TEN,26193.0,23376.0
2021-02-17,10,TEN,26232.0,23461.0
2021-02-17,11,TEN,26551.0,23689.0
2021-02-17,12,TEN,27448.0,24270.0
2021-02-17,13,TEN,28034.0,25750.0
2021-02-17,14,TEN,28100.0,25931.0
2021-02-17,15,TEN,27567.0,25428.0
2021-02-17,16,TEN,26643.0,24452.0
2021-02-17,17,TEN,25755.0,23947.0
2021-02-17,18,TEN,24815.0,23318.0
2021-02-17,19,TEN,24073.0,22126.0
2021-02-17,20,TEN,23565.0,21671.0
2021-02-17,21,TEN,23413.0,21475.0
2021-02-17,22,TEN,23513.0,21577.0
2021-02-17,23,TEN,24006.0,22106.0
2021-02-18,0,TEN,24962.0,23077.0
2021-02-18,1,TEN,25223.0,23232.0
2021-02-18,2,TEN,24832.0,22902.0
2021-02-18,3,TEN,24319.0,22547.0
2021-02-18,4,TEN,23439.0,22274.0
2021-02-18,5,TEN,22481.0,21533.0
2021-02-18,6,TEN,21826.0,21232.0
2021-02-18,7,TEN,21486.0,20627.0
2021-02-18,8,TEN,21287.0,20473.0
2021-02-18,9,TEN,21273.0,20391.0
2021-02-18,10,TEN,21334.0,20435.0
2021-02-18,11,TEN,21593.0,20668.0
2021-02-18,12,TEN,22184.0,21343.0
2021-02-18,13,TEN,22866.0,22043.0
2021-02-18,14,TEN,22985.0,22201.0
2021-02-18,15,TEN,23375.0,22517.0
2021-02-18,16,TEN,23317.0,22543.0
2021-02-18,17,TEN,23218.0,22433.0
2021-02-18,18,TEN,23110.0,22245.0
2021-02-18,19,TEN,22837.0,21928.0
2021-02-18,20,TEN,22376.0,21457.0
2021-02-18,21,TEN,22230.0,21446.0
2021-02-18,22,TEN,22252.0,21571.0
2021-02-18,23,TEN,22738.0,22188.0
2021-02-19,0,TEN,23640.0,22738.0
2021-02-19,1,TEN,24192.0,23770.0
2021-02-19,2,TEN,23877.0,23491.0
2021-02-19,3,TEN,23576.0,23167.0
2021-02-19,4,TEN,22876.0,22572.0
2021-02-19,5,TEN,22337.0,21918.0
2021-02-19,6,TEN,21964.0,21597.0
2021-02-19,7,TEN,21945.0,21755.0
2021-02-19,8,TEN,22029.0,21848.0
2021-02-19,9,TEN,22309.0,22152.0
2021-02-19,10,TEN,22877.0,22698.0
2021-02-19,11,TEN,23656.0,23464.0
2021-02-19,12,TEN,24783.0,24609.0
2021-02-19,13,TEN,25881.0,25712.0
2021-02-19,14,TEN,26421.0,26261.0
2021-02-19,15,TEN,26170.0,26065.0
2021-02-19,16,TEN,25430.0,25338.0
2021-02-19,17,TEN,24292.0,24191.0
2021-02-19,18,TEN,23345.0,23211.0
2021-02-19,19,TEN,22339.0,22232.0
2021-02-19,20,TEN,21572.0,21491.0
2021-02-19,21,TEN,20824.0,20693.0
2021-02-19,22,TEN,20537.0,20473.0
2021-02-19,23,TEN,20840.0,20759.0
2021-02-20,0,TEN,22334.0,22155.0
2021-02-20,1,TEN,23712.0,23570.0
2021-02-20,2,TEN,24026.0,23884.0
2021-02-20,3,TEN,24121.0,24027.0
2021-02-20,4,TEN,23840.0,23769.0
2021-02-20,5,TEN,23673.0,23609.0
2021-02-20,6,TEN,23471.0,23392.0
2021-02-20,7,TEN,23525.0,23424.0
2021-02-20,8,TEN,23621.0,23474.0
2021-02-20,9,TEN,24152.0,24027.0
2021-02-20,10,TEN,24714.0,24583.0
2021-02-20,11,TEN,25431.0,25215.0
2021-02-20,12,TEN,26265.0,26075.0
2021-02-20,13,TEN,27054.0,26838.0
2021-02-20,14,TEN,26933.0,26835.0
2021-02-20,15,TEN,25630.0,25554.0
2021-02-20,16,TEN,24041.0,23940.0
2021-02-20,17,TEN,22677.0,22519.0
2021-02-20,18,TEN,21348.0,21237.0
2021-02-20,19,TEN,20205.0,20239.0
2021-02-20,20,TEN,19171.0,19321.0
2021-02-20,21,TEN,18552.0,18591.0
2021-02-20,22,TEN,18235.0,18322.0
2021-02-20,23,TEN,18674.0,18744.0
2021-02-21,0,TEN,19968.0,20120.0
2021-02-21,1,TEN,21214.0,21289.0
2021-02-21,2,TEN,21749.0,21795.0
2021-02-21,3,TEN,21955.0,22018.0
2021-02-21,4,TEN,21846.0,21892.0
2021-02-21,5,TEN,21700.0,21810.0
2021-02-21,6,TEN,21480.0,21601.0
2021-02-21,7,TEN,21479.0,21596.0
2021-02-21,8,TEN,21552.0,21676.0
2021-02-21,9,TEN,21735.0,21859.0
2021-02-21,10,TEN,21959.0,22041.0
2021-02-21,11,TEN,22259.0,22309.0
2021-02-21,12,TEN,22837.0,22963.0
2021-02-21,13,TEN,23349.0,23338.0
2021-02-21,14,TEN,23147.0,23131.0
2021-02-21,15,TEN,21967.0,22039.0
2021-02-21,16,TEN,20492.0,20507.0
2021-02-21,17,TEN,19208.0,19303.0
2021-02-21,18,TEN,18307.0,18435.0
2021-02-21,19,TEN,17492.0,17660.0
2021-02-21,20,TEN,16837.0,16960.0
2021-02-21,21,TEN,16410.0,16498.0
2021-02-21,22,TEN,16345.0,16498.0
2021-02-21,23,TEN,16782.0,16929.0
2021-02-22,0,TEN,17800.0,17889.0
2021-02-22,1,TEN,18895.0,19079.0
2021-02-22,2,TEN,18928.0,19129.0
2021-02-22,3,TEN,18659.0,18847.0
2021-02-22,4,TEN,18070.0,18147.0
2021-02-22,5,TEN,17203.0,17273.0
2021-02-22,6,TEN,16634.0,16750.0
2021-02-22,7,TEN,16167.0,16264.0
2021-02-22,8,TEN,16025.0,16102.0
2021-02-22,9,TEN,15910.0,16010.0
2021-02-22,10,TEN,16044.0,16256.0
2021-02-22,11,TEN,16538.0,16630.0
2021-02-22,12,TEN,17618.0,17766.0
2021-02-22,13,TEN,18856.0,19042.0
2021-02-22,14,TEN,19205.0,19434.0
2021-02-22,15,TEN,19228.0,19611.0
2021-02-22,16,TEN,19208.0,19533.0
2021-02-22,17,TEN,18829.0,19172.0
2021-02-22,18,TEN,18383.0,18633.0
2021-02-22,19,TEN,17825.0,18088.0
2021-02-22,20,TEN,17349.0,17660.0
2021-02-22,21,TEN,16907.0,17238.0
2021-02-22,22,TEN,16648.0,16913.0
2021-02-22,23,TEN,16948.0,17179.0
2021-02-23,0,TEN,17967.0,18222.0
2021-02-23,1,TEN,19190.0,19581.0
2021-02-23,2,TEN,19414.0,19809.0
2021-02-23,3,TEN,19497.0,19915.0
2021-02-23,4,TEN,19104.0,19514.0
2021-02-23,5,TEN,18533.0,18967.0
2021-02-23,6,TEN,18212.0,18708.0
2021-02-23,7,TEN,18112.0,18711.0
2021-02-23,8,TEN,18223.0,18837.0
2021-02-23,9,TEN,18349.0,18897.0
2021-02-23,10,TEN,18669.0,19223.0
2021-02-23,11,TEN,19341.0,19856.0
2021-02-23,12,TEN,20670.0,20897.0
2021-02-23,13,TEN,21719.0,21862.0
2021-02-23,14,TEN,21294.0,21570.0
2021-02-23,15,TEN,19868.0,20276.0
2021-02-23,16,TEN,18619.0,19067.0
2021-02-23,17,TEN,17799.0,18263.0
2021-02-23,18,TEN,17150.0,17423.0
2021-02-23,19,TEN,16604.0,16925.0
2021-02-23,20,TEN,16160.0,16473.0
2021-02-23,21,TEN,15916.0,16265.0
2021-02-23,22,TEN,15785.0,16191.0
2021-02-23,23,TEN,15959.0,16341.0
2021-02-24,0,TEN,16479.0,16876.0
2021-02-24,1,TEN,17398.0,17976.0
2021-02-24,2,TEN,17510.0,18062.0
2021-02-24,3,TEN,17334.0,17841.0
2021-02-24,4,TEN,16829.0,17312.0
2021-02-24,5,TEN,16200.0,16721.0
2021-02-24,6,TEN,15745.0,16146.0
2021-02-24,7,TEN,15597.0,16038.0
2021-02-24,8,TEN,15581.0,16026.0
2021-02-24,9,TEN,15775.0,16233.0
2021-02-24,10,TEN,16164.0,16612.0
2021-02-24,11,TEN,16886.0,17351.0
2021-02-24,12,TEN,18293.0,18659.0
2021-02-24,13,TEN,19630.0,20002.0
2021-02-24,14,TEN,19417.0,19831.0
2021-02-24,15,TEN,18193.0,18660.0
2021-02-24,16,TEN,17258.0,17624.0
2021-02-24,17,TEN,16669.0,17008.0
2021-02-24,18,TEN,16222.0,16637.0
2021-02-24,19,TEN,15882.0,16278.0
2021-02-24,20,TEN,15585.0,15960.0
2021-02-24,21,TEN,15368.0,15786.0
2021-02-24,22,TEN,15369.0,15766.0
2021-02-24,23,TEN,15553.0,15879.0
2021-02-25,0,TEN,16203.0,16468.0
2021-02-25,1,TEN,17044.0,17426.0
2021-02-25,2,TEN,16884.0,17303.0
2021-02-25,3,TEN,16555.0,17243.0
2021-02-25,4,TEN,15772.0,16440.0
2021-02-25,5,TEN,14821.0,15386.0
2021-02-25,6,TEN,13986.0,14652.0
2021-02-25,7,TEN,13688.0,14324.0
2021-02-25,8,TEN,13566.0,14070.0
2021-02-25,9,TEN,13598.0,14096.0
2021-02-25,10,TEN,13809.0,14623.0
2021-02-25,11,TEN,14459.0,15127.0
2021-02-25,12,TEN,15949.0,16485.0
2021-02-25,13,TEN,17398.0,17871.0
2021-02-25,14,TEN,17611.0,18195.0
2021-02-25,15,TEN,17263.0,18086.0
2021-02-25,16,TEN,16854.0,17762.0
2021-02-25,17,TEN,16448.0,17410.0
2021-02-25,18,TEN,16194.0,17156.0
2021-02-25,19,TEN,15987.0,16776.0
2021-02-25,20,TEN,15772.0,16559.0
2021-02-25,21,TEN,15624.0,16370.0
2021-02-25,22,TEN,15593.0,16354.0
2021-02-25,23,TEN,15984.0,16800.0
2021-02-26,0,TEN,16707.0,17502.0
2021-02-26,1,TEN,17533.0,17825.0
2021-02-26,2,TEN,17436.0,17763.0
2021-02-26,3,TEN,17143.0,17444.0
2021-02-26,4,TEN,16553.0,16839.0
2021-02-26,5,TEN,15831.0,16171.0
2021-02-26,6,TEN,15165.0,15509.0
2021-02-26,7,TEN,14863.0,15120.0
2021-02-26,8,TEN,14763.0,15015.0
2021-02-26,9,TEN,14769.0,15006.0
2021-02-26,10,TEN,14862.0,15116.0
2021-02-26,11,TEN,15294.0,15543.0
2021-02-26,12,TEN,16440.0,16738.0
2021-02-26,13,TEN,17820.0,18171.0
2021-02-26,14,TEN,18326.0,18663.0
2021-02-26,15,TEN,18639.0,18922.0
2021-02-26,16,TEN,18578.0,18915.0
2021-02-26,17,TEN,18701.0,19061.0
2021-02-26,18,TEN,18669.0,19001.0
2021-02-26,19,TEN,18336.0,18652.0
2021-02-26,20,TEN,18056.0,18392.0
2021-02-26,21,TEN,17573.0,17933.0
2021-02-26,22,TEN,17416.0,17788.0
2021-02-26,23,TEN,17494.0,17838.0
2021-02-27,0,TEN,17938.0,18235.0
2021-02-27,1,TEN,18215.0,18491.0
2021-02-27,2,TEN,17883.0,18138.0
2021-02-27,3,TEN,17364.0,17664.0
2021-02-27,4,TEN,16527.0,16796.0
2021-02-27,5,TEN,15845.0,16072.0
2021-02-27,6,TEN,15047.0,15243.0
2021-02-27,7,TEN,14457.0,14536.0
2021-02-27,8,TEN,13989.0,14071.0
2021-02-27,9,TEN,13710.0,13855.0
2021-02-27,10,TEN,13585.0,13710.0
2021-02-27,11,TEN,13734.0,13838.0
2021-02-27,12,TEN,14005.0,14141.0
2021-02-27,13,TEN,14380.0,14606.0
2021-02-27,14,TEN,14866.0,15178.0
2021-02-27,15,TEN,15589.0,15854.0
2021-02-27,16,TEN,15994.0,16324.0
2021-02-27,17,TEN,15998.0,16321.0
2021-02-27,18,TEN,16035.0,16324.0
2021-02-27,19,TEN,15854.0,16104.0
2021-02-27,20,TEN,15580.0,15818.0
2021-02-27,21,TEN,15339.0,15589.0
2021-02-27,22,TEN,15361.0,15649.0
2021-02-27,23,TEN,15635.0,15931.0
2021-02-28,0,TEN,16017.0,16555.0
2021-02-28,1,TEN,16227.0,16838.0
2021-02-28,2,TEN,15902.0,16475.0
2021-02-28,3,TEN,15415.0,15623.0
2021-02-28,4,TEN,14908.0,15070.0
2021-02-28,5,TEN,14229.0,14353.0
2021-02-28,6,TEN,13504.0,13588.0
2021-02-28,7,TEN,13047.0,13106.0
2021-02-28,8,TEN,12643.0,12726.0
2021-02-28,9,TEN,12470.0,12531.0
2021-02-28,10,TEN,12368.0,12493.0
2021-02-28,11,TEN,12364.0,12522.0
2021-02-28,12,TEN,12583.0,12655.0
2021-02-28,13,TEN,12750.0,12875.0
2021-02-28,14,TEN,13443.0,13675.0
2021-02-28,15,TEN,14021.0,14275.0
2021-02-28,16,TEN,14338.0,14522.0
2021-02-28,17,TEN,14438.0,14659.0
2021-02-28,18,TEN,14639.0,14826.0
2021-02-28,19,TEN,14796.0,14968.0
2021-02-28,20,TEN,14874.0,14998.0
2021-02-28,21,TEN,14862.0,15028.0
2021-02-28,22,TEN,14905.0,15123.0
2021-02-28,23,TEN,15177.0,15361.0
2021-03-01,0,TEN,15703.0,15882.0
2021-03-01,1,TEN,16254.0,16405.0
2021-03-01,2,TEN,15978.0,16181.0
2021-03-01,3,TEN,15369.0,15544.0
2021-03-01,4,TEN,14759.0,14887.0
2021-03-01,5,TEN,13898.0,14002.0
2021-03-01,6,TEN,13052.0,13218.0
2021-03-01,7,TEN,12582.0,12703.0
2021-03-01,8,TEN,12242.0,12367.0
2021-03-01,9,TEN,12134.0,12268.0
2021-03-01,10,TEN,12264.0,12469.0
2021-03-01,11,TEN,13089.0,13257.0
2021-03-01,12,TEN,14399.0,14624.0
2021-03-01,13,TEN,15777.0,16067.0
2021-03-01,14,TEN,16571.0,16814.0
2021-03-01,15,TEN,16935.0,17276.0
2021-03-01,16,TEN,17253.0,17614.0
2021-03-01,17,TEN,17573.0,17950.0
2021-03-01,18,TEN,17750.0,18072.0
2021-03-01,19,TEN,17793.0,18092.0
2021-03-01,20,TEN,17797.0,18035.0
2021-03-01,21,TEN,17696.0,18015.0
2021-03-01,22,TEN,17986.0,18250.0
2021-03-01,23,TEN,18538.0,18723.0
2021-03-02,0,TEN,19190.0,19450.0
2021-03-02,1,TEN,19825.0,19788.0
2021-03-02,2,TEN,19725.0,19780.0
2021-03-02,3,TEN,19404.0,19577.0
2021-03-02,4,TEN,18780.0,19036.0
2021-03-02,5,TEN,18067.0,18344.0
2021-03-02,6,TEN,17540.0,17820.0
2021-03-02,7,TEN,17397.0,17706.0
2021-03-02,8,TEN,17148.0,17462.0
2021-03-02,9,TEN,17238.0,17535.0
2021-03-02,10,TEN,17503.0,17762.0
2021-03-02,11,TEN,18421.0,18580.0
2021-03-02,12,TEN,19825.0,20003.0
2021-03-02,13,TEN,21073.0,21141.0
2021-03-02,14,TEN,21308.0,21254.0
2021-03-02,15,TEN,20799.0,20993.0
2021-03-02,16,TEN,20274.0,20594.0
2021-03-02,17,TEN,19865.0,20203.0
2021-03-02,18,TEN,19222.0,19571.0
2021-03-02,19,TEN,18746.0,19176.0
2021-03-02,20,TEN,18076.0,18450.0
2021-03-02,21,TEN,17649.0,18061.0
2021-03-02,22,TEN,17710.0,18105.0
2021-03-02,23,TEN,18166.0,18547.0
2021-03-03,0,TEN,19043.0,19431.0
2021-03-03,1,TEN,19934.0,20002.0
2021-03-03,2,TEN,19741.0,19802.0
2021-03-03,3,TEN,19567.0,19843.0
2021-03-03,4,TEN,18977.0,19226.0
2021-03-03,5,TEN,18186.0,18435.0
2021-03-03,6,TEN,17630.0,17946.0
2021-03-03,7,TEN,17357.0,17644.0
2021-03-03,8,TEN,17416.0,17688.0
2021-03-03,9,TEN,17642.0,17941.0
2021-03-03,10,TEN,18100.0,18354.0
2021-03-03,11,TEN,18954.0,19148.0
2021-03-03,12,TEN,20369.0,20729.0
2021-03-03,13,TEN,21699.0,21780.0
2021-03-03,14,TEN,21152.0,21251.0
2021-03-03,15,TEN,19675.0,19976.0
2021-03-03,16,TEN,18405.0,18727.0
2021-03-03,17,TEN,17852.0,18127.0
2021-03-03,18,TEN,17134.0,17491.0
2021-03-03,19,TEN,16645.0,16958.0
2021-03-03,20,TEN,16193.0,16528.0
2021-03-03,21,TEN,16014.0,16322.0
2021-03-03,22,TEN,15862.0,16206.0
2021-03-03,23,TEN,15866.0,16205.0
2021-03-04,0,TEN,16517.0,16826.0
2021-03-04,1,TEN,17689.0,17946.0
2021-03-04,2,TEN,17805.0,18096.0
2021-03-04,3,TEN,17850.0,18178.0
2021-03-04,4,TEN,17355.0,17619.0
2021-03-04,5,TEN,16765.0,16906.0
2021-03-04,6,TEN,16397.0,16597.0
2021-03-04,7,TEN,16392.0,16612.0
2021-03-04,8,TEN,16383.0,16577.0
2021-03-04,9,TEN,16751.0,16905.0
2021-03-04,10,TEN,17117.0,17296.0
2021-03-04,11,TEN,17941.0,18054.0
2021-03-04,12,TEN,19419.0,19489.0
2021-03-04,13,TEN,20743.0,20522.0
2021-03-04,14,TEN,20233.0,20054.0
2021-03-04,15,TEN,18876.0,19098.0
2021-03-04,16,TEN,17552.0,17862.0
2021-03-04,17,TEN,16887.0,17209.0
2021-03-04,18,TEN,16419.0,16709.0
2021-03-04,19,TEN,16149.0,16479.0
2021-03-04,20,TEN,15866.0,16196.0
2021-03-04,21,TEN,15714.0,16000.0
2021-03-04,22,TEN,15652.0,15953.0
2021-03-04,23,TEN,15774.0,16063.0
2021-03-05,0,TEN,16250.0,16455.0
2021-03-05,1,TEN,17136.0,17589.0
2021-03-05,2,TEN,17179.0,17588.0
2021-03-05,3,TEN,16900.0,17152.0
2021-03-05,4,TEN,16291.0,16493.0
2021-03-05,5,TEN,15736.0,16186.0
2021-03-05,6,TEN,15153.0,15813.0
2021-03-05,7,TEN,15013.0,15720.0
2021-03-05,8,TEN,15161.0,15681.0
2021-03-05,9,TEN,15374.0,15680.0
2021-03-05,10,TEN,15768.0,15889.0
2021-03-05,11,TEN,16659.0,16831.0
2021-03-05,12,TEN,18086.0,18379.0
2021-03-05,13,TEN,19417.0,19536.0
2021-03-05,14,TEN,19523.0,19641.0
2021-03-05,15,TEN,18992.0,19191.0
2021-03-05,16,TEN,18302.0,18529.0
2021-03-05,17,TEN,18074.0,18300.0
2021-03-05,18,TEN,17561.0,17822.0
2021-03-05,19,TEN,17308.0,17590.0
2021-03-05,20,TEN,17061.0,17384.0
2021-03-05,21,TEN,17114.0,17391.0
2021-03-05,22,TEN,17194.0,17507.0
2021-03-05,23,TEN,17624.0,17987.0
2021-03-06,0,TEN,18390.0,18607.0
2021-03-06,1,TEN,19050.0,19254.0
2021-03-06,2,TEN,18841.0,19071.0
2021-03-06,3,TEN,18619.0,18857.0
2021-03-06,4,TEN,18141.0,18334.0
2021-03-06,5,TEN,17589.0,17789.0
2021-03-06,6,TEN,16986.0,17162.0
2021-03-06,7,TEN,16657.0,16693.0
2021-03-06,8,TEN,16540.0,16569.0
2021-03-06,9,TEN,16583.0,16603.0
2021-03-06,10,TEN,16873.0,16872.0
2021-03-06,11,TEN,17278.0,17345.0
2021-03-06,12,TEN,18131.0,18175.0
2021-03-06,13,TEN,18893.0,18999.0
2021-03-06,14,TEN,19089.0,19210.0
2021-03-06,15,TEN,18660.0,18808.0
2021-03-06,16,TEN,18082.0,18197.0
2021-03-06,17,TEN,17438.0,17555.0
2021-03-06,18,TEN,16799.0,16887.0
2021-03-06,19,TEN,16138.0,16207.0
2021-03-06,20,TEN,15633.0,15567.0
2021-03-06,21,TEN,15170.0,15167.0
2021-03-06,22,TEN,15112.0,15127.0
2021-03-06,23,TEN,15490.0,15503.0
2021-03-07,0,TEN,16256.0,16394.0
2021-03-07,1,TEN,17409.0,17447.0
2021-03-07,2,TEN,17793.0,17792.0
2021-03-07,3,TEN,17867.0,17940.0
2021-03-07,4,TEN,17776.0,17776.0
2021-03-07,5,TEN,17549.0,17511.0
2021-03-07,6,TEN,17189.0,17181.0
2021-03-07,7,TEN,17242.0,17221.0
2021-03-07,8,TEN,17361.0,17372.0
2021-03-07,9,TEN,17760.0,17760.0
2021-03-07,10,TEN,18124.0,18180.0
2021-03-07,11,TEN,18706.0,18715.0
2021-03-07,12,TEN,19434.0,19432.0
2021-03-07,13,TEN,19965.0,19878.0
2021-03-07,14,TEN,19931.0,19857.0
2021-03-07,15,TEN,18897.0,18887.0
2021-03-07,16,TEN,17746.0,17714.0
2021-03-07,17,TEN,16837.0,16789.0
2021-03-07,18,TEN,16207.0,16201.0
2021-03-07,19,TEN,15644.0,15601.0
2021-03-07,20,TEN,15163.0,15123.0
2021-03-07,21,TEN,14780.0,14775.0
2021-03-07,22,TEN,14635.0,14702.0
2021-03-07,23,TEN,14925.0,15019.0
2021-03-08,0,TEN,15806.0,15875.0
2021-03-08,1,TEN,17158.0,17173.0
2021-03-08,2,TEN,17457.0,17426.0
2021-03-08,3,TEN,17437.0,17404.0
2021-03-08,4,TEN,17114.0,17142.0
2021-03-08,5,TEN,16641.0,16614.0
2021-03-08,6,TEN,16552.0,16447.0
2021-03-08,7,TEN,16659.0,16631.0
2021-03-08,8,TEN,16955.0,16900.0
2021-03-08,9,TEN,17402.0,17351.0
2021-03-08,10,TEN,18149.0,18102.0
2021-03-08,11,TEN,19086.0,19057.0
2021-03-08,12,TEN,20856.0,20687.0
2021-03-08,13,TEN,22084.0,21510.0
2021-03-08,14,TEN,21621.0,21085.0
2021-03-08,15,TEN,20001.0,19828.0
2021-03-08,16,TEN,18549.0,18635.0
2021-03-08,17,TEN,17718.0,17713.0
2021-03-08,18,TEN,17028.0,16956.0
2021-03-08,19,TEN,16610.0,16490.0
2021-03-08,20,TEN,16242.0,16160.0
2021-03-08,21,TEN,15936.0,15886.0
2021-03-08,22,TEN,15839.0,15818.0
2021-03-08,23,TEN,15963.0,15966.0
2021-03-09,0,TEN,16422.0,16459.0
2021-03-09,1,TEN,17519.0,17829.0
2021-03-09,2,TEN,17531.0,17778.0
2021-03-09,3,TEN,17278.0,17593.0
2021-03-09,4,TEN,16800.0,16816.0
2021-03-09,5,TEN,16229.0,16215.0
2021-03-09,6,TEN,15767.0,15745.0
2021-03-09,7,TEN,15856.0,15844.0
2021-03-09,8,TEN,15944.0,15966.0
2021-03-09,9,TEN,16272.0,16242.0
2021-03-09,10,TEN,16721.0,16678.0
2021-03-09,11,TEN,17721.0,17698.0
2021-03-09,12,TEN,19195.0,19117.0
2021-03-09,13,TEN,20315.0,19622.0
2021-03-09,14,TEN,19984.0,19138.0
2021-03-09,15,TEN,18765.0,18239.0
2021-03-09,16,TEN,17753.0,17695.0
2021-03-09,17,TEN,17211.0,17062.0
2021-03-09,18,TEN,16732.0,16588.0
2021-03-09,19,TEN,16310.0,16168.0
2021-03-09,20,TEN,16121.0,15965.0
2021-03-09,21,TEN,15869.0,15751.0
2021-03-09,22,TEN,15801.0,15698.0
2021-03-09,23,TEN,15839.0,15736.0
2021-03-10,0,TEN,16274.0,16286.0
2021-03-10,1,TEN,17319.0,17141.0
2021-03-10,2,TEN,17315.0,17234.0
2021-03-10,3,TEN,17005.0,16992.0
2021-03-10,4,TEN,16356.0,16290.0
2021-03-10,5,TEN,15674.0,15639.0
2021-03-10,6,TEN,15064.0,15002.0
2021-03-10,7,TEN,14885.0,14783.0
2021-03-10,8,TEN,14830.0,14766.0
2021-03-10,9,TEN,14973.0,14859.0
2021-03-10,10,TEN,15192.0,15171.0
2021-03-10,11,TEN,15847.0,15801.0
2021-03-10,12,TEN,17058.0,16854.0
2021-03-10,13,TEN,18101.0,17929.0
2021-03-10,14,TEN,17979.0,17759.0
2021-03-10,15,TEN,17181.0,17093.0
2021-03-10,16,TEN,16580.0,16488.0
2021-03-10,17,TEN,16200.0,16129.0
2021-03-10,18,TEN,16069.0,15964.0
2021-03-10,19,TEN,16006.0,15909.0
2021-03-10,20,TEN,15889.0,15794.0
2021-03-10,21,TEN,15792.0,15716.0
2021-03-10,22,TEN,15689.0,15621.0
2021-03-10,23,TEN,15865.0,15820.0
2021-03-11,0,TEN,16140.0,16129.0
2021-03-11,1,TEN,17029.0,16938.0
2021-03-11,2,TEN,16981.0,16974.0
2021-03-11,3,TEN,16479.0,16428.0
2021-03-11,4,TEN,15734.0,15760.0
2021-03-11,5,TEN,14731.0,14711.0
2021-03-11,6,TEN,14062.0,14014.0
2021-03-11,7,TEN,13704.0,13630.0
2021-03-11,8,TEN,13328.0,13336.0
2021-03-11,9,TEN,13341.0,13301.0
2021-03-11,10,TEN,13383.0,13445.0
2021-03-11,11,TEN,13694.0,13716.0
2021-03-11,12,TEN,14815.0,14796.0
2021-03-11,13,TEN,15813.0,15864.0
2021-03-11,14,TEN,16201.0,16209.0
2021-03-11,15,TEN,16191.0,16218.0
2021-03-11,16,TEN,16138.0,16135.0
2021-03-11,17,TEN,16192.0,16210.0
2021-03-11,18,TEN,16065.0,16100.0
2021-03-11,19,TEN,15868.0,15884.0
2021-03-11,20,TEN,15808.0,15868.0
2021-03-11,21,TEN,15814.0,15730.0
2021-03-11,22,TEN,15821.0,15854.0
2021-03-11,23,TEN,15836.0,16048.0
2021-03-12,0,TEN,16144.0,16352.0
2021-03-12,1,TEN,16862.0,17158.0
2021-03-12,2,TEN,16780.0,17050.0
2021-03-12,3,TEN,16196.0,16606.0
2021-03-12,4,TEN,15425.0,15471.0
2021-03-12,5,TEN,14576.0,14593.0
2021-03-12,6,TEN,13801.0,13816.0
2021-03-12,7,TEN,13249.0,13196.0
2021-03-12,8,TEN,12986.0,12948.0
2021-03-12,9,TEN,12827.0,12842.0
2021-03-12,10,TEN,13002.0,12959.0
2021-03-12,11,TEN,13445.0,13364.0
2021-03-12,12,TEN,14427.0,14388.0
2021-03-12,13,TEN,15390.0,15388.0
2021-03-12,14,TEN,15897.0,15909.0
2021-03-12,15,TEN,16062.0,16071.0
2021-03-12,16,TEN,16121.0,16120.0
2021-03-12,17,TEN,16310.0,16343.0
2021-03-12,18,TEN,16352.0,16338.0
2021-03-12,19,TEN,16327.0,16355.0
2021-03-12,20,TEN,16299.0,16311.0
2021-03-12,21,TEN,16202.0,16185.0
2021-03-12,22,TEN,16093.0,16162.0
2021-03-12,23,TEN,16191.0,16249.0
2021-03-13,0,TEN,16394.0,16441.0
2021-03-13,1,TEN,16779.0,16732.0
2021-03-13,2,TEN,16422.0,16406.0
2021-03-13,3,TEN,15903.0,15951.0
2021-03-13,4,TEN,15205.0,15175.0
2021-03-13,5,TEN,14552.0,14472.0
2021-03-13,6,TEN,13640.0,13573.0
2021-03-13,7,TEN,13158.0,12944.0
2021-03-13,8,TEN,12822.0,12716.0
2021-03-13,9,TEN,12629.0,12575.0
2021-03-13,10,TEN,12627.0,12591.0
2021-03-13,11,TEN,12747.0,12648.0
2021-03-13,12,TEN,13136.0,12944.0
2021-03-13,13,TEN,13536.0,13410.0
2021-03-13,14,TEN,14239.0,14199.0
2021-03-13,15,TEN,14961.0,14941.0
2021-03-13,16,TEN,15428.0,15402.0
2021-03-13,17,TEN,15594.0,15571.0
2021-03-13,18,TEN,15521.0,15474.0
2021-03-13,19,TEN,15420.0,15377.0
2021-03-13,20,TEN,15229.0,15210.0
2021-03-13,21,TEN,15150.0,15103.0
2021-03-13,22,TEN,15218.0,15203.0
2021-03-13,23,TEN,15306.0,15280.0
2021-03-14,0,TEN,15642.0,15643.0
2021-03-14,1,TEN,15930.0,15933.0
2021-03-14,2,TEN,15841.0,15770.0
2021-03-14,3,TEN,15380.0,15327.0
2021-03-14,4,TEN,14884.0,14807.0
2021-03-14,5,TEN,14192.0,14097.0
2021-03-14,6,TEN,13553.0,13432.0
2021-03-14,7,TEN,13141.0,13026.0
2021-03-14,8,TEN,12822.0,12716.0
2021-03-14,9,TEN,12634.0,12498.0
2021-03-14,10,TEN,12739.0,12578.0
2021-03-14,11,TEN,12902.0,12760.0
2021-03-14,12,TEN,13304.0,13198.0
2021-03-14,13,TEN,13801.0,13650.0
2021-03-14,14,TEN,14448.0,14303.0
2021-03-14,15,TEN,14762.0,14642.0
2021-03-14,16,TEN,14684.0,14586.0
2021-03-14,17,TEN,14792.0,14745.0
2021-03-14,18,TEN,14804.0,14787.0
2021-03-14,19,TEN,14757.0,14740.0
2021-03-14,20,TEN,14769.0,14724.0
2021-03-14,21,TEN,14862.0,14864.0
2021-03-14,22,TEN,14891.0,14891.0
2021-03-14,23,TEN,15147.0,15135.0
2021-03-15,0,TEN,15531.0,15560.0
2021-03-15,1,TEN,16049.0,15980.0
2021-03-15,2,TEN,15891.0,15867.0
2021-03-15,3,TEN,15340.0,15354.0
2021-03-15,4,TEN,14523.0,14590.0
2021-03-15,5,TEN,13755.0,13724.0
2021-03-15,6,TEN,13258.0,13199.0
2021-03-15,7,TEN,12803.0,12787.0
2021-03-15,8,TEN,12719.0,12671.0
2021-03-15,9,TEN,12933.0,12856.0
2021-03-15,10,TEN,13406.0,13361.0
2021-03-15,11,TEN,14428.0,14467.0
2021-03-15,12,TEN,15752.0,15771.0
2021-03-15,13,TEN,16312.0,16318.0
2021-03-15,14,TEN,16480.0,16498.0
2021-03-15,15,TEN,16555.0,16585.0
2021-03-15,16,TEN,16693.0,16717.0
2021-03-15,17,TEN,16690.0,16683.0
2021-03-15,18,TEN,16646.0,16619.0
2021-03-15,19,TEN,16509.0,16871.0
2021-03-15,20,TEN,16321.0,16853.0
2021-03-15,21,TEN,16355.0,16925.0
2021-03-15,22,TEN,16425.0,16988.0
2021-03-15,23,TEN,16531.0,17081.0
2021-03-16,0,TEN,16675.0,17249.0
2021-03-16,1,TEN,17086.0,17627.0
2021-03-16,2,TEN,16756.0,17290.0
2021-03-16,3,TEN,16055.0,16354.0
2021-03-16,4,TEN,15084.0,14932.0
2021-03-16,5,TEN,14155.0,14002.0
2021-03-16,6,TEN,13670.0,13506.0
2021-03-16,7,TEN,13302.0,13115.0
2021-03-16,8,TEN,13119.0,12991.0
2021-03-16,9,TEN,13000.0,12844.0
2021-03-16,10,TEN,13455.0,13296.0
2021-03-16,11,TEN,14495.0,14481.0
2021-03-16,12,TEN,15697.0,15877.0
2021-03-16,13,TEN,16170.0,16359.0
2021-03-16,14,TEN,16394.0,16577.0
2021-03-16,15,TEN,16425.0,16645.0
2021-03-16,16,TEN,16559.0,16707.0
2021-03-16,17,TEN,16556.0,16721.0
2021-03-16,18,TEN,16444.0,16878.0
2021-03-16,19,TEN,16514.0,17001.0
2021-03-16,20,TEN,16571.0,16829.0
2021-03-16,21,TEN,16664.0,17092.0
2021-03-16,22,TEN,16487.0,16873.0
2021-03-16,23,TEN,16715.0,17048.0
2021-03-17,0,TEN,16809.0,17183.0
2021-03-17,1,TEN,17273.0,17654.0
2021-03-17,2,TEN,16908.0,17226.0
2021-03-17,3,TEN,16132.0,16537.0
2021-03-17,4,TEN,15155.0,15235.0
2021-03-17,5,TEN,14310.0,14145.0
2021-03-17,6,TEN,13567.0,13699.0
2021-03-17,7,TEN,13178.0,13335.0
2021-03-17,8,TEN,12986.0,13177.0
2021-03-17,9,TEN,12919.0,13133.0
2021-03-17,10,TEN,13302.0,13454.0
2021-03-17,11,TEN,14188.0,14121.0
2021-03-17,12,TEN,15339.0,15484.0
2021-03-17,13,TEN,15843.0,15964.0
2021-03-17,14,TEN,16120.0,16273.0
2021-03-17,15,TEN,16267.0,16263.0
2021-03-17,16,TEN,16586.0,16546.0
2021-03-17,17,TEN,16616.0,16616.0
2021-03-17,18,TEN,16646.0,16589.0
2021-03-17,19,TEN,16636.0,16625.0
2021-03-17,20,TEN,16423.0,16350.0
2021-03-17,21,TEN,16359.0,16314.0
2021-03-17,22,TEN,16479.0,16489.0
2021-03-17,23,TEN,16694.0,16703.0
2021-03-18,0,TEN,16904.0,17043.0
2021-03-18,1,TEN,16967.0,17070.0
2021-03-18,2,TEN,16576.0,16654.0
2021-03-18,3,TEN,15877.0,15988.0
2021-03-18,4,TEN,14988.0,14786.0
2021-03-18,5,TEN,14110.0,13955.0
2021-03-18,6,TEN,13611.0,13450.0
2021-03-18,7,TEN,13211.0,13252.0
2021-03-18,8,TEN,12957.0,13052.0
2021-03-18,9,TEN,12798.0,13016.0
2021-03-18,10,TEN,13100.0,13011.0
2021-03-18,11,TEN,14015.0,13833.0
2021-03-18,12,TEN,15139.0,15271.0
2021-03-18,13,TEN,15621.0,15807.0
2021-03-18,14,TEN,15909.0,16086.0
2021-03-18,15,TEN,16059.0,16257.0
2021-03-18,16,TEN,16288.0,16480.0
2021-03-18,17,TEN,16280.0,16488.0
2021-03-18,18,TEN,16359.0,16527.0
2021-03-18,19,TEN,16408.0,16560.0
2021-03-18,20,TEN,16318.0,16521.0
2021-03-18,21,TEN,16478.0,16667.0
2021-03-18,22,TEN,16708.0,16881.0
2021-03-18,23,TEN,17059.0,17243.0
2021-03-19,0,TEN,17629.0,17831.0
2021-03-19,1,TEN,18035.0,18068.0
2021-03-19,2,TEN,17956.0,18122.0
2021-03-19,3,TEN,17442.0,17620.0
2021-03-19,4,TEN,16617.0,16588.0
2021-03-19,5,TEN,15846.0,15795.0
2021-03-19,6,TEN,15392.0,15285.0
2021-03-19,7,TEN,15043.0,14936.0
2021-03-19,8,TEN,14946.0,14850.0
2021-03-19,9,TEN,15039.0,14957.0
2021-03-19,10,TEN,15497.0,15393.0
2021-03-19,11,TEN,16495.0,16432.0
2021-03-19,12,TEN,17866.0,17745.0
2021-03-19,13,TEN,18427.0,18362.0
2021-03-19,14,TEN,18780.0,18649.0
2021-03-19,15,TEN,18787.0,18618.0
2021-03-19,16,TEN,18710.0,18428.0
2021-03-19,17,TEN,18471.0,18303.0
2021-03-19,18,TEN,18233.0,17863.0
2021-03-19,19,TEN,17965.0,17800.0
2021-03-19,20,TEN,17596.0,17547.0
2021-03-19,21,TEN,17343.0,17312.0
2021-03-19,22,TEN,17164.0,17144.0
2021-03-19,23,TEN,17292.0,17320.0
2021-03-20,0,TEN,17607.0,17732.0
2021-03-20,1,TEN,17802.0,17878.0
2021-03-20,2,TEN,18107.0,18000.0
2021-03-20,3,TEN,17758.0,17649.0
2021-03-20,4,TEN,17077.0,16984.0
2021-03-20,5,TEN,16333.0,16198.0
2021-03-20,6,TEN,15916.0,15813.0
2021-03-20,7,TEN,15500.0,15392.0
2021-03-20,8,TEN,15666.0,15593.0
2021-03-20,9,TEN,15727.0,15635.0
2021-03-20,10,TEN,16122.0,16046.0
2021-03-20,11,TEN,16656.0,16621.0
2021-03-20,12,TEN,17538.0,17466.0
2021-03-20,13,TEN,17991.0,17901.0
2021-03-20,14,TEN,17889.0,17805.0
2021-03-20,15,TEN,17385.0,17305.0
2021-03-20,16,TEN,16669.0,16731.0
2021-03-20,17,TEN,15806.0,15802.0
2021-03-20,18,TEN,15315.0,15329.0
2021-03-20,19,TEN,14760.0,14736.0
2021-03-20,20,TEN,14552.0,14481.0
2021-03-20,21,TEN,14419.0,14382.0
2021-03-20,22,TEN,14390.0,14326.0
2021-03-20,23,TEN,14399.0,14381.0
2021-03-21,0,TEN,14736.0,14797.0
2021-03-21,1,TEN,15487.0,15496.0
2021-03-21,2,TEN,15695.0,15662.0
2021-03-21,3,TEN,15564.0,15574.0
2021-03-21,4,TEN,15159.0,15113.0
2021-03-21,5,TEN,14724.0,14682.0
2021-03-21,6,TEN,14497.0,14442.0
2021-03-21,7,TEN,14631.0,14522.0
2021-03-21,8,TEN,14700.0,14631.0
2021-03-21,9,TEN,14997.0,14949.0
2021-03-21,10,TEN,15442.0,15389.0
2021-03-21,11,TEN,16045.0,15977.0
2021-03-21,12,TEN,16754.0,16618.0
2021-03-21,13,TEN,17395.0,17461.0
2021-03-21,14,TEN,17310.0,17388.0
2021-03-21,15,TEN,16616.0,16749.0
2021-03-21,16,TEN,15881.0,16096.0
2021-03-21,17,TEN,15311.0,15317.0
2021-03-21,18,TEN,14867.0,14826.0
2021-03-21,19,TEN,14405.0,14330.0
2021-03-21,20,TEN,14324.0,14275.0
2021-03-21,21,TEN,14306.0,14281.0
2021-03-21,22,TEN,14463.0,14465.0
2021-03-21,23,TEN,14734.0,14730.0
2021-03-22,0,TEN,15021.0,15042.0
2021-03-22,1,TEN,15787.0,15786.0
2021-03-22,2,TEN,15812.0,15747.0
2021-03-22,3,TEN,15312.0,15234.0
2021-03-22,4,TEN,14370.0,14297.0
2021-03-22,5,TEN,13708.0,13594.0
2021-03-22,6,TEN,13349.0,13336.0
2021-03-22,7,TEN,13266.0,13147.0
2021-03-22,8,TEN,13368.0,13297.0
2021-03-22,9,TEN,13686.0,13582.0
2021-03-22,10,TEN,14313.0,14238.0
2021-03-22,11,TEN,15726.0,15728.0
2021-03-22,12,TEN,17266.0,17251.0
2021-03-22,13,TEN,17676.0,17620.0
2021-03-22,14,TEN,17344.0,17338.0
2021-03-22,15,TEN,16909.0,16868.0
2021-03-22,16,TEN,16486.0,16434.0
2021-03-22,17,TEN,16190.0,16130.0
2021-03-22,18,TEN,15843.0,15824.0
2021-03-22,19,TEN,15762.0,15688.0
2021-03-22,20,TEN,15676.0,15616.0
2021-03-22,21,TEN,15616.0,15577.0
2021-03-22,22,TEN,15625.0,15580.0
2021-03-22,23,TEN,15653.0,15653.0
2021-03-23,0,TEN,15970.0,16012.0
2021-03-23,1,TEN,16679.0,16610.0
2021-03-23,2,TEN,16529.0,16451.0
2021-03-23,3,TEN,15787.0,15731.0
2021-03-23,4,TEN,14820.0,14751.0
2021-03-23,5,TEN,13939.0,13828.0
2021-03-23,6,TEN,13436.0,13534.0
2021-03-23,7,TEN,13143.0,13209.0
2021-03-23,8,TEN,13080.0,13127.0
2021-03-23,9,TEN,13058.0,13179.0
2021-03-23,10,TEN,13550.0,13648.0
2021-03-23,11,TEN,14572.0,14709.0
2021-03-23,12,TEN,15794.0,15923.0
2021-03-23,13,TEN,16263.0,16327.0
2021-03-23,14,TEN,16308.0,16551.0
2021-03-23,15,TEN,16349.0,16667.0
2021-03-23,16,TEN,16480.0,16797.0
2021-03-23,17,TEN,16513.0,16845.0
2021-03-23,18,TEN,16378.0,16781.0
2021-03-23,19,TEN,16169.0,16385.0
2021-03-23,20,TEN,16151.0,16317.0
2021-03-23,21,TEN,16165.0,16329.0
2021-03-23,22,TEN,16175.0,16384.0
2021-03-23,23,TEN,16352.0,16544.0
2021-03-24,0,TEN,16512.0,16716.0
2021-03-24,1,TEN,17014.0,17106.0
2021-03-24,2,TEN,16780.0,16939.0
2021-03-24,3,TEN,15942.0,16064.0
2021-03-24,4,TEN,14875.0,15001.0
2021-03-24,5,TEN,14066.0,14249.0
2021-03-24,6,TEN,13554.0,13742.0
2021-03-24,7,TEN,13188.0,13349.0
2021-03-24,8,TEN,13062.0,13184.0
2021-03-24,9,TEN,13072.0,13224.0
2021-03-24,10,TEN,13341.0,13461.0
2021-03-24,11,TEN,14408.0,14593.0
2021-03-24,12,TEN,15621.0,15809.0
2021-03-24,13,TEN,16008.0,16182.0
2021-03-24,14,TEN,15957.0,16133.0
2021-03-24,15,TEN,15992.0,16167.0
2021-03-24,16,TEN,15964.0,16124.0
2021-03-24,17,TEN,15933.0,16121.0
2021-03-24,18,TEN,15977.0,16161.0
2021-03-24,19,TEN,16021.0,16220.0
2021-03-24,20,TEN,16156.0,16427.0
2021-03-24,21,TEN,16277.0,16652.0
2021-03-24,22,TEN,16639.0,17030.0
2021-03-24,23,TEN,16851.0,17200.0
2021-03-25,0,TEN,16992.0,17383.0
2021-03-25,1,TEN,17343.0,17791.0
2021-03-25,2,TEN,17147.0,17473.0
2021-03-25,3,TEN,16145.0,16545.0
2021-03-25,4,TEN,14931.0,15129.0
2021-03-25,5,TEN,13916.0,14009.0
2021-03-25,6,TEN,13225.0,13307.0
2021-03-25,7,TEN,12834.0,12955.0
2021-03-25,8,TEN,12737.0,12808.0
2021-03-25,9,TEN,12643.0,12757.0
2021-03-25,10,TEN,12920.0,13006.0
2021-03-25,11,TEN,13908.0,14069.0
2021-03-25,12,TEN,15254.0,15449.0
2021-03-25,13,TEN,15737.0,15931.0
2021-03-25,14,TEN,16006.0,16229.0
2021-03-25,15,TEN,16312.0,16522.0
2021-03-25,16,TEN,16648.0,16805.0
2021-03-25,17,TEN,16763.0,17020.0
2021-03-25,18,TEN,16713.0,16928.0
2021-03-25,19,TEN,16666.0,16867.0
2021-03-25,20,TEN,16649.0,16899.0
2021-03-25,21,TEN,16578.0,16890.0
2021-03-25,22,TEN,16787.0,17065.0
2021-03-25,23,TEN,16837.0,17064.0
2021-03-26,0,TEN,16844.0,17105.0
2021-03-26,1,TEN,16958.0,17147.0
2021-03-26,2,TEN,16704.0,16981.0
2021-03-26,3,TEN,15939.0,16155.0
2021-03-26,4,TEN,15015.0,15146.0
2021-03-26,5,TEN,13982.0,14017.0
2021-03-26,6,TEN,13350.0,13460.0
2021-03-26,7,TEN,12881.0,13057.0
2021-03-26,8,TEN,12687.0,12840.0
2021-03-26,9,TEN,12670.0,12814.0
2021-03-26,10,TEN,13050.0,13161.0
2021-03-26,11,TEN,14010.0,14163.0
2021-03-26,12,TEN,15225.0,15392.0
2021-03-26,13,TEN,15816.0,15995.0
2021-03-26,14,TEN,15958.0,16313.0
2021-03-26,15,TEN,16071.0,16420.0
2021-03-26,16,TEN,16360.0,16733.0
2021-03-26,17,TEN,16233.0,16668.0
2021-03-26,18,TEN,16346.0,16659.0
2021-03-26,19,TEN,16305.0,16659.0
2021-03-26,20,TEN,16528.0,16789.0
2021-03-26,21,TEN,16661.0,17027.0
2021-03-26,22,TEN,16806.0,17211.0
2021-03-26,23,TEN,16825.0,17248.0
2021-03-27,0,TEN,16434.0,16877.0
2021-03-27,1,TEN,16599.0,17059.0
2021-03-27,2,TEN,16306.0,16732.0
2021-03-27,3,TEN,15642.0,15855.0
2021-03-27,4,TEN,14793.0,14963.0
2021-03-27,5,TEN,13739.0,13912.0
2021-03-27,6,TEN,13087.0,13244.0
2021-03-27,7,TEN,12803.0,12975.0
2021-03-27,8,TEN,12539.0,12719.0
2021-03-27,9,TEN,12530.0,12760.0
2021-03-27,10,TEN,12611.0,12787.0
2021-03-27,11,TEN,12999.0,13349.0
2021-03-27,12,TEN,13520.0,13709.0
2021-03-27,13,TEN,14210.0,14409.0
2021-03-27,14,TEN,14802.0,14876.0
2021-03-27,15,TEN,15262.0,15387.0
2021-03-27,16,TEN,15696.0,15718.0
2021-03-27,17,TEN,15986.0,16100.0
2021-03-27,18,TEN,15982.0,16112.0
2021-03-27,19,TEN,15905.0,16081.0
2021-03-27,20,TEN,15844.0,16049.0
2021-03-27,21,TEN,15884.0,16143.0
2021-03-27,22,TEN,15826.0,16109.0
2021-03-27,23,TEN,15896.0,16204.0
2021-03-28,0,TEN,15991.0,16274.0
2021-03-28,1,TEN,16195.0,16427.0
2021-03-28,2,TEN,15948.0,16261.0
2021-03-28,3,TEN,15266.0,15575.0
2021-03-28,4,TEN,14387.0,14478.0
2021-03-28,5,TEN,13699.0,13790.0
2021-03-28,6,TEN,13147.0,13254.0
2021-03-28,7,TEN,12728.0,13343.0
2021-03-28,8,TEN,12423.0,13183.0
2021-03-28,9,TEN,12189.0,12993.0
2021-03-28,10,TEN,12190.0,12985.0
2021-03-28,11,TEN,12492.0,13270.0
2021-03-28,12,TEN,12741.0,13288.0
2021-03-28,13,TEN,13157.0,13269.0
2021-03-28,14,TEN,13991.0,14155.0
2021-03-28,15,TEN,14492.0,14824.0
2021-03-28,16,TEN,14577.0,14949.0
2021-03-28,17,TEN,14778.0,15140.0
2021-03-28,18,TEN,14640.0,15005.0
2021-03-28,19,TEN,14504.0,14964.0
2021-03-28,20,TEN,14312.0,14783.0
2021-03-28,21,TEN,14411.0,14869.0
2021-03-28,22,TEN,14563.0,14975.0
2021-03-28,23,TEN,14768.0,15227.0
2021-03-29,0,TEN,15016.0,15480.0
2021-03-29,1,TEN,15841.0,16223.0
2021-03-29,2,TEN,16005.0,16395.0
2021-03-29,3,TEN,15632.0,15750.0
2021-03-29,4,TEN,15040.0,15125.0
2021-03-29,5,TEN,14297.0,14429.0
2021-03-29,6,TEN,14043.0,14075.0
2021-03-29,7,TEN,14140.0,14163.0
2021-03-29,8,TEN,14250.0,14268.0
2021-03-29,9,TEN,14655.0,14639.0
2021-03-29,10,TEN,15509.0,15175.0
2021-03-29,11,TEN,17115.0,16819.0
2021-03-29,12,TEN,18809.0,18543.0
2021-03-29,13,TEN,19355.0,19097.0
2021-03-29,14,TEN,18682.0,18498.0
2021-03-29,15,TEN,17672.0,17492.0
2021-03-29,16,TEN,17140.0,16979.0
2021-03-29,17,TEN,16802.0,16875.0
2021-03-29,18,TEN,16437.0,16620.0
2021-03-29,19,TEN,16049.0,16195.0
2021-03-29,20,TEN,15778.0,15939.0
2021-03-29,21,TEN,15630.0,15885.0
2021-03-29,22,TEN,15650.0,15912.0
2021-03-29,23,TEN,15695.0,15989.0
2021-03-30,0,TEN,15960.0,16122.0
2021-03-30,1,TEN,16670.0,16845.0
2021-03-30,2,TEN,16835.0,16947.0
2021-03-30,3,TEN,16230.0,16270.0
2021-03-30,4,TEN,15295.0,15341.0
2021-03-30,5,TEN,14616.0,14650.0
2021-03-30,6,TEN,14232.0,14044.0
2021-03-30,7,TEN,14109.0,13943.0
2021-03-30,8,TEN,14152.0,14001.0
2021-03-30,9,TEN,14339.0,14160.0
2021-03-30,10,TEN,14977.0,14810.0
2021-03-30,11,TEN,16184.0,15969.0
2021-03-30,12,TEN,17584.0,17392.0
2021-03-30,13,TEN,17632.0,17514.0
2021-03-30,14,TEN,17176.0,17039.0
2021-03-30,15,TEN,16488.0,16569.0
2021-03-30,16,TEN,16345.0,16264.0
2021-03-30,17,TEN,16283.0,16204.0
2021-03-30,18,TEN,16315.0,16223.0
2021-03-30,19,TEN,16182.0,16176.0
2021-03-30,20,TEN,16387.0,16313.0
2021-03-30,21,TEN,16291.0,16278.0
2021-03-30,22,TEN,16456.0,16515.0
2021-03-30,23,TEN,16429.0,16499.0
2021-03-31,0,TEN,16720.0,16711.0
2021-03-31,1,TEN,17044.0,16967.0
2021-03-31,2,TEN,16980.0,16868.0
2021-03-31,3,TEN,16182.0,16022.0
2021-03-31,4,TEN,15145.0,15010.0
2021-03-31,5,TEN,14290.0,14115.0
2021-03-31,6,TEN,13564.0,13534.0
2021-03-31,7,TEN,13126.0,13250.0
2021-03-31,8,TEN,12933.0,13080.0
2021-03-31,9,TEN,12843.0,13013.0
2021-03-31,10,TEN,13145.0,13119.0
2021-03-31,11,TEN,13955.0,14008.0
2021-03-31,12,TEN,15004.0,15053.0
2021-03-31,13,TEN,15491.0,15559.0
2021-03-31,14,TEN,15736.0,15879.0
2021-03-31,15,TEN,16247.0,16372.0
2021-03-31,16,TEN,16537.0,16615.0
2021-03-31,17,TEN,16684.0,16755.0
2021-03-31,18,TEN,16723.0,16879.0
2021-03-31,19,TEN,16645.0,16740.0
2021-03-31,20,TEN,16500.0,16553.0
2021-03-31,21,TEN,16435.0,16702.0
2021-03-31,22,TEN,16845.0,16907.0
2021-03-31,23,TEN,16847.0,17090.0
2021-04-01,0,TEN,17347.0,17425.0
2021-04-01,1,TEN,18070.0,18153.0
2021-04-01,2,TEN,18317.0,18365.0
2021-04-01,3,TEN,17882.0,17950.0
2021-04-01,4,TEN,17206.0,17253.0
2021-04-01,5,TEN,16624.0,16683.0
2021-04-01,6,TEN,16248.0,15996.0
2021-04-01,7,TEN,16287.0,15901.0
2021-04-01,8,TEN,16455.0,15914.0
2021-04-01,9,TEN,16634.0,16159.0
2021-04-01,10,TEN,17399.0,16905.0
2021-04-01,11,TEN,18677.0,18168.0
2021-04-01,12,TEN,20079.0,19240.0
2021-04-01,13,TEN,20341.0,19371.0
2021-04-01,14,TEN,20064.0,19541.0
2021-04-01,15,TEN,19637.0,19338.0
2021-04-01,16,TEN,19083.0,18601.0
2021-04-01,17,TEN,18622.0,18296.0
2021-04-01,18,TEN,18132.0,17934.0
2021-04-01,19,TEN,17598.0,17387.0
2021-04-01,20,TEN,17357.0,17146.0
2021-04-01,21,TEN,16948.0,16723.0
2021-04-01,22,TEN,16839.0,16654.0
2021-04-01,23,TEN,17146.0,16953.0
2021-04-02,0,TEN,17862.0,17707.0
2021-04-02,1,TEN,19170.0,18877.0
2021-04-02,2,TEN,19442.0,19257.0
2021-04-02,3,TEN,19193.0,18943.0
2021-04-02,4,TEN,18628.0,18370.0
2021-04-02,5,TEN,17940.0,17746.0
2021-04-02,6,TEN,17526.0,17338.0
2021-04-02,7,TEN,17614.0,17370.0
2021-04-02,8,TEN,17812.0,17528.0
2021-04-02,9,TEN,17949.0,17736.0
2021-04-02,10,TEN,18668.0,18391.0
2021-04-02,11,TEN,19580.0,19288.0
2021-04-02,12,TEN,20621.0,19568.0
2021-04-02,13,TEN,20946.0,19886.0
2021-04-02,14,TEN,20386.0,20173.0
2021-04-02,15,TEN,19590.0,19492.0
2021-04-02,16,TEN,18724.0,18584.0
2021-04-02,17,TEN,17907.0,17774.0
2021-04-02,18,TEN,16891.0,16761.0
2021-04-02,19,TEN,16295.0,16146.0
2021-04-02,20,TEN,15718.0,15824.0
2021-04-02,21,TEN,15391.0,15464.0
2021-04-02,22,TEN,15262.0,15399.0
2021-04-02,23,TEN,15340.0,15425.0
2021-04-03,0,TEN,15635.0,15735.0
2021-04-03,1,TEN,16658.0,16874.0
2021-04-03,2,TEN,17311.0,17370.0
2021-04-03,3,TEN,17335.0,17382.0
2021-04-03,4,TEN,17101.0,17084.0
2021-04-03,5,TEN,16842.0,16795.0
2021-04-03,6,TEN,16712.0,16726.0
2021-04-03,7,TEN,16805.0,16845.0
2021-04-03,8,TEN,17079.0,17079.0
2021-04-03,9,TEN,17401.0,17432.0
2021-04-03,10,TEN,17997.0,17747.0
2021-04-03,11,TEN,18694.0,18476.0
2021-04-03,12,TEN,19418.0,19220.0
2021-04-03,13,TEN,19739.0,19497.0
2021-04-03,14,TEN,18916.0,18709.0
2021-04-03,15,TEN,17621.0,17456.0
2021-04-03,16,TEN,16753.0,16782.0
2021-04-03,17,TEN,15765.0,15875.0
2021-04-03,18,TEN,15080.0,15154.0
2021-04-03,19,TEN,14533.0,14556.0
2021-04-03,20,TEN,14247.0,14300.0
2021-04-03,21,TEN,14145.0,14202.0
2021-04-03,22,TEN,14177.0,14227.0
2021-04-03,23,TEN,14282.0,14329.0
2021-04-04,0,TEN,14461.0,14514.0
2021-04-04,1,TEN,15228.0,15169.0
2021-04-04,2,TEN,15373.0,15405.0
2021-04-04,3,TEN,15282.0,15310.0
2021-04-04,4,TEN,14828.0,14885.0
2021-04-04,5,TEN,14421.0,14443.0
2021-04-04,6,TEN,14081.0,14157.0
2021-04-04,7,TEN,14078.0,14091.0
2021-04-04,8,TEN,14196.0,14191.0
2021-04-04,9,TEN,14510.0,14450.0
2021-04-04,10,TEN,14944.0,15018.0
2021-04-04,11,TEN,15669.0,15733.0
2021-04-04,12,TEN,16409.0,16405.0
2021-04-04,13,TEN,16871.0,16822.0
2021-04-04,14,TEN,16573.0,16680.0
2021-04-04,15,TEN,15714.0,15790.0
2021-04-04,16,TEN,14955.0,14990.0
2021-04-04,17,TEN,14463.0,14469.0
2021-04-04,18,TEN,14243.0,14220.0
2021-04-04,19,TEN,13901.0,13916.0
2021-04-04,20,TEN,13856.0,13905.0
2021-04-04,21,TEN,13929.0,14010.0
2021-04-04,22,TEN,13991.0,14046.0
2021-04-04,23,TEN,14299.0,14352.0
2021-04-05,0,TEN,14281.0,14282.0
2021-04-05,1,TEN,14955.0,14949.0
2021-04-05,2,TEN,15216.0,15180.0
2021-04-05,3,TEN,14539.0,14542.0
2021-04-05,4,TEN,13704.0,13798.0
2021-04-05,5,TEN,12950.0,12900.0
2021-04-05,6,TEN,12579.0,12996.0
2021-04-05,7,TEN,12494.0,13127.0
2021-04-05,8,TEN,12665.0,13301.0
2021-04-05,9,TEN,12954.0,13489.0
2021-04-05,10,TEN,13726.0,14018.0
2021-04-05,11,TEN,15179.0,15230.0
2021-04-05,12,TEN,16611.0,16664.0
2021-04-05,13,TEN,17036.0,17053.0
2021-04-05,14,TEN,16815.0,16782.0
2021-04-05,15,TEN,16447.0,16476.0
2021-04-05,16,TEN,16256.0,16343.0
2021-04-05,17,TEN,16162.0,16330.0
2021-04-05,18,TEN,16124.0,16226.0
2021-04-05,19,TEN,16231.0,16370.0
2021-04-05,20,TEN,16320.0,16450.0
2021-04-05,21,TEN,16552.0,16660.0
2021-04-05,22,TEN,16753.0,16922.0
2021-04-05,23,TEN,16906.0,16876.0
2021-04-06,0,TEN,16871.0,16628.0
2021-04-06,1,TEN,17233.0,16749.0
2021-04-06,2,TEN,17091.0,16705.0
2021-04-06,3,TEN,16057.0,16170.0
2021-04-06,4,TEN,14822.0,14891.0
2021-04-06,5,TEN,13744.0,13825.0
2021-04-06,6,TEN,13161.0,13686.0
2021-04-06,7,TEN,12894.0,13578.0
2021-04-06,8,TEN,12709.0,13456.0
2021-04-06,9,TEN,12812.0,13491.0
2021-04-06,10,TEN,13327.0,13702.0
2021-04-06,11,TEN,14411.0,14538.0
2021-04-06,12,TEN,15682.0,15868.0
2021-04-06,13,TEN,16136.0,16280.0
2021-04-06,14,TEN,16132.0,16237.0
2021-04-06,15,TEN,15972.0,16190.0
2021-04-06,16,TEN,16127.0,16334.0
2021-04-06,17,TEN,16424.0,16573.0
2021-04-06,18,TEN,16682.0,16868.0
2021-04-06,19,TEN,16818.0,16961.0
2021-04-06,20,TEN,17193.0,17330.0
2021-04-06,21,TEN,17609.0,17836.0
2021-04-06,22,TEN,17902.0,18119.0
2021-04-06,23,TEN,17974.0,17920.0
2021-04-07,0,TEN,17792.0,17722.0
2021-04-07,1,TEN,18057.0,17972.0
2021-04-07,2,TEN,17674.0,17823.0
2021-04-07,3,TEN,16706.0,16850.0
2021-04-07,4,TEN,15365.0,15512.0
2021-04-07,5,TEN,14184.0,14343.0
2021-04-07,6,TEN,13407.0,13791.0
2021-04-07,7,TEN,13003.0,13509.0
2021-04-07,8,TEN,12688.0,13264.0
2021-04-07,9,TEN,12782.0,13323.0
2021-04-07,10,TEN,13099.0,13415.0
2021-04-07,11,TEN,14139.0,14275.0
2021-04-07,12,TEN,15285.0,15471.0
2021-04-07,13,TEN,15796.0,15987.0
2021-04-07,14,TEN,16080.0,16310.0
2021-04-07,15,TEN,16414.0,16629.0
2021-04-07,16,TEN,16849.0,16952.0
2021-04-07,17,TEN,17415.0,17338.0
2021-04-07,18,TEN,17766.0,17620.0
2021-04-07,19,TEN,18026.0,17931.0
2021-04-07,20,TEN,18285.0,18169.0
2021-04-07,21,TEN,18516.0,18351.0
2021-04-07,22,TEN,18556.0,18473.0
2021-04-07,23,TEN,18488.0,18221.0
2021-04-08,0,TEN,18377.0,18048.0
2021-04-08,1,TEN,18496.0,18010.0
2021-04-08,2,TEN,18156.0,17859.0
2021-04-08,3,TEN,17202.0,17279.0
2021-04-08,4,TEN,15820.0,15995.0
2021-04-08,5,TEN,14694.0,14882.0
2021-04-08,6,TEN,13873.0,13797.0
2021-04-08,7,TEN,13241.0,13730.0
2021-04-08,8,TEN,12874.0,13439.0
2021-04-08,9,TEN,12724.0,13274.0
2021-04-08,10,TEN,13026.0,13355.0
2021-04-08,11,TEN,13879.0,13758.0
2021-04-08,12,TEN,15107.0,15108.0
2021-04-08,13,TEN,15512.0,15495.0
2021-04-08,14,TEN,15855.0,15782.0
2021-04-08,15,TEN,16082.0,16004.0
2021-04-08,16,TEN,16283.0,16119.0
2021-04-08,17,TEN,16467.0,16287.0
2021-04-08,18,TEN,16600.0,16615.0
2021-04-08,19,TEN,16629.0,16530.0
2021-04-08,20,TEN,16782.0,16770.0
2021-04-08,21,TEN,16945.0,16893.0
2021-04-08,22,TEN,17089.0,17255.0
2021-04-08,23,TEN,17219.0,17303.0
2021-04-09,0,TEN,17202.0,17079.0
2021-04-09,1,TEN,17352.0,17089.0
2021-04-09,2,TEN,17108.0,16976.0
2021-04-09,3,TEN,16181.0,16141.0
2021-04-09,4,TEN,15132.0,15025.0
2021-04-09,5,TEN,14047.0,13910.0
2021-04-09,6,TEN,13284.0,13043.0
2021-04-09,7,TEN,12848.0,12845.0
2021-04-09,8,TEN,12678.0,12966.0
2021-04-09,9,TEN,12632.0,13025.0
2021-04-09,10,TEN,12964.0,13195.0
2021-04-09,11,TEN,13879.0,13827.0
2021-04-09,12,TEN,14852.0,14723.0
2021-04-09,13,TEN,15274.0,15253.0
2021-04-09,14,TEN,15618.0,15625.0
2021-04-09,15,TEN,15912.0,15937.0
2021-04-09,16,TEN,16517.0,16430.0
2021-04-09,17,TEN,17020.0,16897.0
2021-04-09,18,TEN,17542.0,17535.0
2021-04-09,19,TEN,17987.0,18007.0
2021-04-09,20,TEN,18378.0,18229.0
2021-04-09,21,TEN,18583.0,18476.0
2021-04-09,22,TEN,18528.0,18424.0
2021-04-09,23,TEN,18175.0,17974.0
2021-04-10,0,TEN,17804.0,17637.0
2021-04-10,1,TEN,17726.0,17385.0
2021-04-10,2,TEN,17241.0,17179.0
2021-04-10,3,TEN,16289.0,16249.0
2021-04-10,4,TEN,15239.0,15163.0
2021-04-10,5,TEN,14140.0,14090.0
2021-04-10,6,TEN,13364.0,13355.0
2021-04-10,7,TEN,12775.0,12732.0
2021-04-10,8,TEN,12461.0,12446.0
2021-04-10,9,TEN,12295.0,12299.0
2021-04-10,10,TEN,12377.0,12374.0
2021-04-10,11,TEN,12696.0,12691.0
2021-04-10,12,TEN,13089.0,13154.0
2021-04-10,13,TEN,13590.0,13629.0
2021-04-10,14,TEN,14441.0,14437.0
2021-04-10,15,TEN,15047.0,15058.0
2021-04-10,16,TEN,15406.0,15385.0
2021-04-10,17,TEN,15497.0,15539.0
2021-04-10,18,TEN,15494.0,15521.0
2021-04-10,19,TEN,15493.0,15496.0
2021-04-10,20,TEN,15388.0,15417.0
2021-04-10,21,TEN,15496.0,15407.0
2021-04-10,22,TEN,15722.0,15570.0
2021-04-10,23,TEN,15668.0,15569.0
2021-04-11,0,TEN,15463.0,15352.0
2021-04-11,1,TEN,15592.0,15515.0
2021-04-11,2,TEN,15426.0,15436.0
2021-04-11,3,TEN,14909.0,14829.0
2021-04-11,4,TEN,14054.0,14029.0
2021-04-11,5,TEN,13255.0,13246.0
2021-04-11,6,TEN,12647.0,12536.0
2021-04-11,7,TEN,12094.0,12085.0
2021-04-11,8,TEN,11908.0,11936.0
2021-04-11,9,TEN,11844.0,12074.0
2021-04-11,10,TEN,11880.0,12266.0
2021-04-11,11,TEN,12223.0,12497.0
2021-04-11,12,TEN,12456.0,12488.0
2021-04-11,13,TEN,13214.0,13312.0
2021-04-11,14,TEN,13904.0,13928.0
2021-04-11,15,TEN,14177.0,14250.0
2021-04-11,16,TEN,14322.0,14477.0
2021-04-11,17,TEN,14323.0,14502.0
2021-04-11,18,TEN,14420.0,14490.0
2021-04-11,19,TEN,14361.0,14411.0
2021-04-11,20,TEN,14489.0,14546.0
2021-04-11,21,TEN,14916.0,14928.0
2021-04-11,22,TEN,15247.0,15209.0
2021-04-11,23,TEN,15611.0,15515.0
2021-04-12,0,TEN,15560.0,15707.0
2021-04-12,1,TEN,15802.0,15709.0
2021-04-12,2,TEN,15889.0,15946.0
2021-04-12,3,TEN,15181.0,15167.0
2021-04-12,4,TEN,14110.0,14015.0
2021-04-12,5,TEN,13134.0,13097.0
2021-04-12,6,TEN,12491.0,12439.0
2021-04-12,7,TEN,12165.0,12131.0
2021-04-12,8,TEN,12164.0,12084.0
2021-04-12,9,TEN,12321.0,12271.0
2021-04-12,10,TEN,12879.0,12862.0
2021-04-12,11,TEN,14214.0,14185.0
2021-04-12,12,TEN,15420.0,15352.0
2021-04-12,13,TEN,15859.0,15885.0
2021-04-12,14,TEN,15842.0,15795.0
2021-04-12,15,TEN,15957.0,15924.0
2021-04-12,16,TEN,16174.0,15962.0
2021-04-12,17,TEN,16512.0,16311.0
2021-04-12,18,TEN,16911.0,16796.0
2021-04-12,19,TEN,17081.0,16932.0
2021-04-12,20,TEN,17402.0,17151.0
2021-04-12,21,TEN,17791.0,17338.0
2021-04-12,22,TEN,18173.0,17636.0
2021-04-12,23,TEN,18435.0,17842.0
2021-04-13,0,TEN,18193.0,17675.0
2021-04-13,1,TEN,18069.0,17717.0
2021-04-13,2,TEN,17791.0,17511.0
2021-04-13,3,TEN,16522.0,16362.0
2021-04-13,4,TEN,15260.0,15064.0
2021-04-13,5,TEN,14044.0,13949.0
2021-04-13,6,TEN,13271.0,13329.0
2021-04-13,7,TEN,12771.0,13096.0
2021-04-13,8,TEN,12615.0,13003.0
2021-04-13,9,TEN,12633.0,13025.0
2021-04-13,10,TEN,13039.0,13293.0
2021-04-13,11,TEN,14121.0,14283.0
2021-04-13,12,TEN,15269.0,15371.0
2021-04-13,13,TEN,15592.0,15618.0
2021-04-13,14,TEN,15834.0,15601.0
2021-04-13,15,TEN,16048.0,15876.0
2021-04-13,16,TEN,16179.0,16022.0
2021-04-13,17,TEN,16352.0,16120.0
2021-04-13,18,TEN,16597.0,16417.0
2021-04-13,19,TEN,16718.0,16527.0
2021-04-13,20,TEN,16974.0,16770.0
2021-04-13,21,TEN,17172.0,16982.0
2021-04-13,22,TEN,17287.0,16950.0
2021-04-13,23,TEN,17338.0,16981.0
2021-04-14,0,TEN,17228.0,16862.0
2021-04-14,1,TEN,17459.0,17023.0
2021-04-14,2,TEN,17285.0,16971.0
2021-04-14,3,TEN,16356.0,16134.0
2021-04-14,4,TEN,15090.0,15096.0
2021-04-14,5,TEN,14031.0,13992.0
2021-04-14,6,TEN,13339.0,13349.0
2021-04-14,7,TEN,12958.0,12963.0
2021-04-14,8,TEN,12791.0,12971.0
2021-04-14,9,TEN,12719.0,12914.0
2021-04-14,10,TEN,13018.0,13150.0
2021-04-14,11,TEN,14023.0,14132.0
2021-04-14,12,TEN,15219.0,15255.0
2021-04-14,13,TEN,15625.0,15658.0
2021-04-14,14,TEN,15780.0,15767.0
2021-04-14,15,TEN,15984.0,16026.0
2021-04-14,16,TEN,16129.0,16215.0
2021-04-14,17,TEN,16339.0,16403.0
2021-04-14,18,TEN,16466.0,16571.0
2021-04-14,19,TEN,16283.0,16333.0
2021-04-14,20,TEN,16117.0,15939.0
2021-04-14,21,TEN,16088.0,15895.0
2021-04-14,22,TEN,16249.0,16076.0
2021-04-14,23,TEN,16495.0,16305.0
2021-04-15,0,TEN,16460.0,16290.0
2021-04-15,1,TEN,16709.0,16472.0
2021-04-15,2,TEN,16610.0,16407.0
2021-04-15,3,TEN,15867.0,15864.0
2021-04-15,4,TEN,14843.0,14899.0
2021-04-15,5,TEN,13818.0,13824.0
2021-04-15,6,TEN,13417.0,13506.0
2021-04-15,7,TEN,13203.0,13217.0
2021-04-15,8,TEN,12896.0,12936.0
2021-04-15,9,TEN,13026.0,13070.0
2021-04-15,10,TEN,13410.0,13520.0
2021-04-15,11,TEN,14495.0,14616.0
2021-04-15,12,TEN,15688.0,15767.0
2021-04-15,13,TEN,16114.0,16245.0
2021-04-15,14,TEN,16137.0,16269.0
2021-04-15,15,TEN,16168.0,16457.0
2021-04-15,16,TEN,15991.0,16352.0
2021-04-15,17,TEN,15944.0,16412.0
2021-04-15,18,TEN,15923.0,16393.0
2021-04-15,19,TEN,15784.0,16098.0
2021-04-15,20,TEN,15684.0,15991.0
2021-04-15,21,TEN,15692.0,16002.0
2021-04-15,22,TEN,15618.0,15941.0
2021-04-15,23,TEN,15695.0,16013.0
2021-04-16,0,TEN,15695.0,16031.0
2021-04-16,1,TEN,16259.0,16504.0
2021-04-16,2,TEN,16418.0,16775.0
2021-04-16,3,TEN,15809.0,15956.0
2021-04-16,4,TEN,14842.0,14919.0
2021-04-16,5,TEN,14051.0,14093.0
2021-04-16,6,TEN,13634.0,13601.0
2021-04-16,7,TEN,13431.0,13307.0
2021-04-16,8,TEN,13378.0,13327.0
2021-04-16,9,TEN,13641.0,13531.0
2021-04-16,10,TEN,14198.0,14095.0
2021-04-16,11,TEN,15406.0,15268.0
2021-04-16,12,TEN,16612.0,16390.0
2021-04-16,13,TEN,16917.0,16683.0
2021-04-16,14,TEN,16819.0,16660.0
2021-04-16,15,TEN,16498.0,16293.0
2021-04-16,16,TEN,16169.0,16039.0
2021-04-16,17,TEN,15894.0,15714.0
2021-04-16,18,TEN,15764.0,15595.0
2021-04-16,19,TEN,15391.0,15270.0
2021-04-16,20,TEN,15151.0,15149.0
2021-04-16,21,TEN,15034.0,14992.0
2021-04-16,22,TEN,15029.0,15011.0
2021-04-16,23,TEN,15142.0,15103.0
2021-04-17,0,TEN,15044.0,15013.0
2021-04-17,1,TEN,15435.0,15395.0
2021-04-17,2,TEN,15648.0,15610.0
2021-04-17,3,TEN,15133.0,15102.0
2021-04-17,4,TEN,14460.0,14349.0
2021-04-17,5,TEN,13752.0,13637.0
2021-04-17,6,TEN,13265.0,13301.0
2021-04-17,7,TEN,13010.0,13047.0
2021-04-17,8,TEN,12819.0,12864.0
2021-04-17,9,TEN,12809.0,12891.0
2021-04-17,10,TEN,12990.0,13031.0
2021-04-17,11,TEN,13448.0,13511.0
2021-04-17,12,TEN,13924.0,13992.0
2021-04-17,13,TEN,14524.0,14594.0
2021-04-17,14,TEN,14927.0,15023.0
2021-04-17,15,TEN,15207.0,15282.0
2021-04-17,16,TEN,15231.0,15321.0
2021-04-17,17,TEN,14861.0,14987.0
2021-04-17,18,TEN,14554.0,14694.0
2021-04-17,19,TEN,14536.0,14740.0
2021-04-17,20,TEN,14343.0,14564.0
2021-04-17,21,TEN,14390.0,14591.0
2021-04-17,22,TEN,14529.0,14736.0
2021-04-17,23,TEN,14624.0,14759.0
2021-04-18,0,TEN,14669.0,15083.0
2021-04-18,1,TEN,15004.0,15447.0
2021-04-18,2,TEN,15104.0,15534.0
2021-04-18,3,TEN,14471.0,14836.0
2021-04-18,4,TEN,13907.0,13987.0
2021-04-18,5,TEN,13378.0,13412.0
2021-04-18,6,TEN,12923.0,13005.0
2021-04-18,7,TEN,12766.0,12836.0
2021-04-18,8,TEN,12819.0,12850.0
2021-04-18,9,TEN,12885.0,12982.0
2021-04-18,10,TEN,13111.0,13194.0
2021-04-18,11,TEN,13513.0,13621.0
2021-04-18,12,TEN,14006.0,14119.0
2021-04-18,13,TEN,14621.0,14719.0
2021-04-18,14,TEN,14879.0,14985.0
2021-04-18,15,TEN,14624.0,14693.0
2021-04-18,16,TEN,14505.0,14488.0
2021-04-18,17,TEN,14378.0,14545.0
2021-04-18,18,TEN,14648.0,14419.0
2021-04-18,19,TEN,14296.0,14393.0
2021-04-18,20,TEN,14280.0,14345.0
2021-04-18,21,TEN,14318.0,14396.0
2021-04-18,22,TEN,14561.0,14651.0
2021-04-18,23,TEN,14805.0,14874.0
2021-04-19,0,TEN,15050.0,15127.0
2021-04-19,1,TEN,15487.0,15483.0
2021-04-19,2,TEN,15737.0,15765.0
2021-04-19,3,TEN,14992.0,14996.0
2021-04-19,4,TEN,14146.0,14170.0
2021-04-19,5,TEN,13410.0,13447.0
2021-04-19,6,TEN,13060.0,12759.0
2021-04-19,7,TEN,12880.0,12645.0
2021-04-19,8,TEN,12889.0,12622.0
2021-04-19,9,TEN,13071.0,12837.0
2021-04-19,10,TEN,13698.0,13433.0
2021-04-19,11,TEN,15023.0,14768.0
2021-04-19,12,TEN,16320.0,15765.0
2021-04-19,13,TEN,16800.0,16266.0
2021-04-19,14,TEN,16677.0,16176.0
2021-04-19,15,TEN,16441.0,15955.0
2021-04-19,16,TEN,16212.0,15709.0
2021-04-19,17,TEN,16168.0,15644.0
2021-04-19,18,TEN,16199.0,15556.0
2021-04-19,19,TEN,16051.0,15568.0
2021-04-19,20,TEN,15985.0,15494.0
2021-04-19,21,TEN,16052.0,15569.0
2021-04-19,22,TEN,16238.0,15794.0
2021-04-19,23,TEN,16362.0,15879.0
2021-04-20,0,TEN,16447.0,15965.0
2021-04-20,1,TEN,16817.0,16287.0
2021-04-20,2,TEN,16919.0,16390.0
2021-04-20,3,TEN,15943.0,15355.0
2021-04-20,4,TEN,14929.0,14616.0
2021-04-20,5,TEN,14091.0,13746.0
2021-04-20,6,TEN,13564.0,13276.0
2021-04-20,7,TEN,13357.0,13048.0
2021-04-20,8,TEN,13338.0,13033.0
2021-04-20,9,TEN,13620.0,13363.0
2021-04-20,10,TEN,14273.0,13991.0
2021-04-20,11,TEN,15499.0,15220.0
2021-04-20,12,TEN,16781.0,16200.0
2021-04-20,13,TEN,17058.0,16528.0
2021-04-20,14,TEN,16774.0,16184.0
2021-04-20,15,TEN,16501.0,15976.0
2021-04-20,16,TEN,16353.0,15829.0
2021-04-20,17,TEN,16126.0,15638.0
2021-04-20,18,TEN,16179.0,15486.0
2021-04-20,19,TEN,16258.0,15513.0
2021-04-20,20,TEN,16376.0,15413.0
2021-04-20,21,TEN,16520.0,15590.0
2021-04-20,22,TEN,16559.0,15640.0
2021-04-20,23,TEN,16498.0,15833.0
2021-04-21,0,TEN,16430.0,15478.0
2021-04-21,1,TEN,16692.0,15650.0
2021-04-21,2,TEN,16743.0,15658.0
2021-04-21,3,TEN,15890.0,14745.0
2021-04-21,4,TEN,14841.0,14037.0
2021-04-21,5,TEN,14007.0,13274.0
2021-04-21,6,TEN,13669.0,13111.0
2021-04-21,7,TEN,13508.0,12830.0
2021-04-21,8,TEN,13492.0,12809.0
2021-04-21,9,TEN,13777.0,13059.0
2021-04-21,10,TEN,14305.0,13588.0
2021-04-21,11,TEN,15619.0,14944.0
2021-04-21,12,TEN,17064.0,16576.0
2021-04-21,13,TEN,17797.0,17327.0
2021-04-21,14,TEN,18028.0,17459.0
2021-04-21,15,TEN,18022.0,17532.0
2021-04-21,16,TEN,17906.0,17402.0
2021-04-21,17,TEN,17608.0,17088.0
2021-04-21,18,TEN,17309.0,16765.0
2021-04-21,19,TEN,16737.0,15969.0
2021-04-21,20,TEN,16405.0,15683.0
2021-04-21,21,TEN,16298.0,15695.0
2021-04-21,22,TEN,16335.0,15709.0
2021-04-21,23,TEN,16563.0,16029.0
2021-04-22,0,TEN,16892.0,16364.0
2021-04-22,1,TEN,17587.0,16846.0
2021-04-22,2,TEN,18242.0,17700.0
2021-04-22,3,TEN,17763.0,17309.0
2021-04-22,4,TEN,17138.0,16821.0
2021-04-22,5,TEN,16603.0,16273.0
2021-04-22,6,TEN,16464.0,16053.0
2021-04-22,7,TEN,16551.0,16081.0
2021-04-22,8,TEN,16775.0,16284.0
2021-04-22,9,TEN,17156.0,16722.0
2021-04-22,10,TEN,17830.0,17433.0
2021-04-22,11,TEN,19257.0,18567.0
2021-04-22,12,TEN,20496.0,19596.0
2021-04-22,13,TEN,20217.0,19365.0
2021-04-22,14,TEN,19137.0,18033.0
2021-04-22,15,TEN,18065.0,16702.0
2021-04-22,16,TEN,17397.0,16167.0
2021-04-22,17,TEN,16825.0,15895.0
2021-04-22,18,TEN,16389.0,15547.0
2021-04-22,19,TEN,16223.0,15180.0
2021-04-22,20,TEN,15871.0,14870.0
2021-04-22,21,TEN,15690.0,14700.0
2021-04-22,22,TEN,15678.0,14687.0
2021-04-22,23,TEN,15671.0,14693.0
2021-04-23,0,TEN,15795.0,14501.0
2021-04-23,1,TEN,16512.0,15357.0
2021-04-23,2,TEN,16949.0,15964.0
2021-04-23,3,TEN,16396.0,15602.0
2021-04-23,4,TEN,15560.0,14967.0
2021-04-23,5,TEN,15015.0,14574.0
2021-04-23,6,TEN,14796.0,14529.0
2021-04-23,7,TEN,14751.0,14460.0
2021-04-23,8,TEN,14719.0,14523.0
2021-04-23,9,TEN,15091.0,14774.0
2021-04-23,10,TEN,15634.0,15418.0
2021-04-23,11,TEN,16687.0,16371.0
2021-04-23,12,TEN,17753.0,17496.0
2021-04-23,13,TEN,18083.0,17852.0
2021-04-23,14,TEN,17980.0,17746.0
2021-04-23,15,TEN,17917.0,17744.0
2021-04-23,16,TEN,17679.0,17416.0
2021-04-23,17,TEN,17279.0,17071.0
2021-04-23,18,TEN,16794.0,16239.0
2021-04-23,19,TEN,16403.0,15833.0
2021-04-23,20,TEN,16151.0,15511.0
2021-04-23,21,TEN,15825.0,15229.0
2021-04-23,22,TEN,15716.0,15460.0
2021-04-23,23,TEN,15715.0,15465.0
2021-04-24,0,TEN,15717.0,15491.0
2021-04-24,1,TEN,16099.0,15829.0
2021-04-24,2,TEN,16187.0,15908.0
2021-04-24,3,TEN,15630.0,15279.0
2021-04-24,4,TEN,14938.0,14393.0
2021-04-24,5,TEN,14196.0,13684.0
2021-04-24,6,TEN,13734.0,13161.0
2021-04-24,7,TEN,13387.0,12811.0
2021-04-24,8,TEN,13269.0,12603.0
2021-04-24,9,TEN,13256.0,12578.0
2021-04-24,10,TEN,13514.0,13063.0
2021-04-24,11,TEN,13672.0,13295.0
2021-04-24,12,TEN,14326.0,13877.0
2021-04-24,13,TEN,14899.0,14461.0
2021-04-24,14,TEN,15643.0,15155.0
2021-04-24,15,TEN,16293.0,15465.0
2021-04-24,16,TEN,16325.0,15584.0
2021-04-24,17,TEN,16315.0,15401.0
2021-04-24,18,TEN,16018.0,15113.0
2021-04-24,19,TEN,15707.0,14831.0
2021-04-24,20,TEN,15454.0,14624.0
2021-04-24,21,TEN,15369.0,14482.0
2021-04-24,22,TEN,15218.0,14650.0
2021-04-24,23,TEN,15311.0,14801.0
2021-04-25,0,TEN,15184.0,14785.0
2021-04-25,1,TEN,15502.0,15008.0
2021-04-25,2,TEN,15448.0,14924.0
2021-04-25,3,TEN,14917.0,14404.0
2021-04-25,4,TEN,14163.0,13733.0
2021-04-25,5,TEN,13478.0,13271.0
2021-04-25,6,TEN,13000.0,12820.0
2021-04-25,7,TEN,12673.0,12523.0
2021-04-25,8,TEN,12492.0,12342.0
2021-04-25,9,TEN,12478.0,12275.0
2021-04-25,10,TEN,12694.0,12486.0
2021-04-25,11,TEN,13049.0,12772.0
2021-04-25,12,TEN,13303.0,13119.0
2021-04-25,13,TEN,13821.0,13640.0
2021-04-25,14,TEN,14551.0,14350.0
2021-04-25,15,TEN,14766.0,14308.0
2021-04-25,16,TEN,14675.0,14186.0
2021-04-25,17,TEN,14585.0,14067.0
2021-04-25,18,TEN,14465.0,14027.0
2021-04-25,19,TEN,14370.0,13932.0
2021-04-25,20,TEN,14397.0,13882.0
2021-04-25,21,TEN,14634.0,14113.0
2021-04-25,22,TEN,14734.0,14244.0
2021-04-25,23,TEN,15050.0,14542.0
2021-04-26,0,TEN,15169.0,14658.0
2021-04-26,1,TEN,15469.0,15002.0
2021-04-26,2,TEN,15670.0,15186.0
2021-04-26,3,TEN,14967.0,14660.0
2021-04-26,4,TEN,13993.0,13819.0
2021-04-26,5,TEN,13374.0,13227.0
2021-04-26,6,TEN,12963.0,12865.0
2021-04-26,7,TEN,12828.0,12649.0
2021-04-26,8,TEN,12902.0,12702.0
2021-04-26,9,TEN,13196.0,13005.0
2021-04-26,10,TEN,14005.0,13787.0
2021-04-26,11,TEN,15409.0,15157.0
2021-04-26,12,TEN,16560.0,15958.0
2021-04-26,13,TEN,16723.0,16241.0
2021-04-26,14,TEN,16485.0,16003.0
2021-04-26,15,TEN,16244.0,15755.0
2021-04-26,16,TEN,16303.0,15612.0
2021-04-26,17,TEN,16316.0,15720.0
2021-04-26,18,TEN,16557.0,15919.0
2021-04-26,19,TEN,16667.0,16100.0
2021-04-26,20,TEN,16883.0,16299.0
2021-04-26,21,TEN,17273.0,16369.0
2021-04-26,22,TEN,17745.0,16748.0
2021-04-26,23,TEN,17865.0,16989.0
2021-04-27,0,TEN,17673.0,16917.0
2021-04-27,1,TEN,17737.0,17040.0
2021-04-27,2,TEN,17637.0,16989.0
2021-04-27,3,TEN,16596.0,15960.0
2021-04-27,4,TEN,15328.0,15172.0
2021-04-27,5,TEN,14130.0,13983.0
2021-04-27,6,TEN,13448.0,13240.0
2021-04-27,7,TEN,12984.0,12868.0
2021-04-27,8,TEN,12689.0,12565.0
2021-04-27,9,TEN,12737.0,12551.0
2021-04-27,10,TEN,13130.0,13046.0
2021-04-27,11,TEN,14188.0,14027.0
2021-04-27,12,TEN,15138.0,14889.0
2021-04-27,13,TEN,15752.0,15091.0
2021-04-27,14,TEN,16157.0,15318.0
2021-04-27,15,TEN,16472.0,15695.0
2021-04-27,16,TEN,16873.0,16442.0
2021-04-27,17,TEN,17394.0,16801.0
2021-04-27,18,TEN,18036.0,17558.0
2021-04-27,19,TEN,18449.0,18078.0
2021-04-27,20,TEN,18941.0,18595.0
2021-04-27,21,TEN,19411.0,19117.0
2021-04-27,22,TEN,19679.0,19347.0
2021-04-27,23,TEN,19690.0,19320.0
2021-04-28,0,TEN,19244.0,18935.0
2021-04-28,1,TEN,19248.0,18923.0
2021-04-28,2,TEN,19082.0,18776.0
2021-04-28,3,TEN,17932.0,17647.0
2021-04-28,4,TEN,16542.0,16197.0
2021-04-28,5,TEN,15259.0,14982.0
2021-04-28,6,TEN,14535.0,14228.0
2021-04-28,7,TEN,13982.0,13700.0
2021-04-28,8,TEN,13605.0,13376.0
2021-04-28,9,TEN,13375.0,13154.0
2021-04-28,10,TEN,13609.0,13350.0
2021-04-28,11,TEN,14542.0,14171.0
2021-04-28,12,TEN,15570.0,14863.0
2021-04-28,13,TEN,16153.0,15490.0
2021-04-28,14,TEN,16596.0,15969.0
2021-04-28,15,TEN,17072.0,16397.0
2021-04-28,16,TEN,17738.0,17063.0
2021-04-28,17,TEN,18250.0,17653.0
2021-04-28,18,TEN,18799.0,18019.0
2021-04-28,19,TEN,18930.0,18222.0
2021-04-28,20,TEN,19325.0,18534.0
2021-04-28,21,TEN,19600.0,18735.0
2021-04-28,22,TEN,19621.0,18800.0
2021-04-28,23,TEN,19603.0,18752.0
2021-04-29,0,TEN,19352.0,18660.0
2021-04-29,1,TEN,19383.0,18577.0
2021-04-29,2,TEN,19103.0,18284.0
2021-04-29,3,TEN,17923.0,17294.0
2021-04-29,4,TEN,16748.0,16490.0
2021-04-29,5,TEN,15532.0,15143.0
2021-04-29,6,TEN,14621.0,14242.0
2021-04-29,7,TEN,14081.0,13716.0
2021-04-29,8,TEN,13728.0,13374.0
2021-04-29,9,TEN,13564.0,13241.0
2021-04-29,10,TEN,13878.0,13596.0
2021-04-29,11,TEN,14792.0,14407.0
2021-04-29,12,TEN,15826.0,15021.0
2021-04-29,13,TEN,16440.0,16065.0
2021-04-29,14,TEN,16890.0,16573.0
2021-04-29,15,TEN,17220.0,16895.0
2021-04-29,16,TEN,17554.0,17168.0
2021-04-29,17,TEN,17629.0,17306.0
2021-04-29,18,TEN,17677.0,17592.0
2021-04-29,19,TEN,17569.0,17531.0
2021-04-29,20,TEN,17817.0,17825.0
2021-04-29,21,TEN,17867.0,17868.0
2021-04-29,22,TEN,18023.0,18060.0
2021-04-29,23,TEN,17915.0,17937.0
2021-04-30,0,TEN,17833.0,17801.0
2021-04-30,1,TEN,17939.0,17776.0
2021-04-30,2,TEN,17881.0,17879.0
2021-04-30,3,TEN,17041.0,16780.0
2021-04-30,4,TEN,15891.0,15588.0
2021-04-30,5,TEN,14802.0,14480.0
2021-04-30,6,TEN,13985.0,13697.0
2021-04-30,7,TEN,13472.0,13159.0
2021-04-30,8,TEN,13047.0,12794.0
2021-04-30,9,TEN,12878.0,12626.0
2021-04-30,10,TEN,13330.0,13074.0
2021-04-30,11,TEN,14144.0,13886.0
2021-04-30,12,TEN,14940.0,14560.0
2021-04-30,13,TEN,15555.0,14990.0
2021-04-30,14,TEN,15941.0,15397.0
2021-04-30,15,TEN,16188.0,15641.0
2021-04-30,16,TEN,16676.0,16117.0
2021-04-30,17,TEN,16832.0,16398.0
2021-04-30,18,TEN,17244.0,16751.0
2021-04-30,19,TEN,17413.0,16883.0
2021-04-30,20,TEN,17689.0,17152.0
2021-04-30,21,TEN,17931.0,17359.0
2021-04-30,22,TEN,18005.0,17432.0
2021-04-30,23,TEN,17887.0,17282.0
2021-05-01,0,TEN,17371.0,16395.0
2021-05-01,1,TEN,16896.0,15928.0
2021-05-01,2,TEN,16716.0,15715.0
2021-05-01,3,TEN,15856.0,14812.0
2021-05-01,4,TEN,14805.0,14340.0
2021-05-01,5,TEN,13937.0,13675.0
2021-05-01,6,TEN,13091.0,12911.0
2021-05-01,7,TEN,12588.0,12450.0
2021-05-01,8,TEN,12281.0,12194.0
2021-05-01,9,TEN,12218.0,12123.0
2021-05-01,10,TEN,12334.0,12227.0
2021-05-01,11,TEN,12638.0,12522.0
2021-05-01,12,TEN,13084.0,12928.0
2021-05-01,13,TEN,13767.0,13627.0
2021-05-01,14,TEN,14325.0,14199.0
2021-05-01,15,TEN,14681.0,14523.0
2021-05-01,16,TEN,14891.0,14712.0
2021-05-01,17,TEN,15101.0,14963.0
2021-05-01,18,TEN,15344.0,15218.0
2021-05-01,19,TEN,15848.0,15700.0
2021-05-01,20,TEN,16387.0,16253.0
2021-05-01,21,TEN,17009.0,16813.0
2021-05-01,22,TEN,17380.0,17226.0
2021-05-01,23,TEN,17526.0,17382.0
2021-05-02,0,TEN,17103.0,16998.0
2021-05-02,1,TEN,16649.0,16494.0
2021-05-02,2,TEN,16383.0,16151.0
2021-05-02,3,TEN,15573.0,15395.0
2021-05-02,4,TEN,14631.0,14524.0
2021-05-02,5,TEN,13600.0,13346.0
2021-05-02,6,TEN,12929.0,12640.0
2021-05-02,7,TEN,12435.0,12215.0
2021-05-02,8,TEN,12212.0,11980.0
2021-05-02,9,TEN,11985.0,11874.0
2021-05-02,10,TEN,12078.0,11906.0
2021-05-02,11,TEN,12259.0,12109.0
2021-05-02,12,TEN,12522.0,12398.0
2021-05-02,13,TEN,13131.0,13019.0
2021-05-02,14,TEN,13909.0,13720.0
2021-05-02,15,TEN,14283.0,14222.0
2021-05-02,16,TEN,14503.0,14378.0
2021-05-02,17,TEN,14684.0,14571.0
2021-05-02,18,TEN,14661.0,14590.0
2021-05-02,19,TEN,15057.0,14951.0
2021-05-02,20,TEN,15217.0,15444.0
2021-05-02,21,TEN,15456.0,15650.0
2021-05-02,22,TEN,15780.0,16017.0
2021-05-02,23,TEN,15863.0,16053.0
2021-05-03,0,TEN,15971.0,16183.0
2021-05-03,1,TEN,16233.0,16470.0
2021-05-03,2,TEN,16247.0,16411.0
2021-05-03,3,TEN,15629.0,15423.0
2021-05-03,4,TEN,14617.0,14465.0
2021-05-03,5,TEN,13726.0,13637.0
2021-05-03,6,TEN,13155.0,12989.0
2021-05-03,7,TEN,12830.0,12803.0
2021-05-03,8,TEN,12661.0,12558.0
2021-05-03,9,TEN,12790.0,12709.0
2021-05-03,10,TEN,13222.0,13140.0
2021-05-03,11,TEN,14212.0,14142.0
2021-05-03,12,TEN,15316.0,15151.0
2021-05-03,13,TEN,15976.0,15840.0
2021-05-03,14,TEN,16429.0,16231.0
2021-05-03,15,TEN,16920.0,16692.0
2021-05-03,16,TEN,17347.0,17156.0
2021-05-03,17,TEN,17914.0,17643.0
2021-05-03,18,TEN,18380.0,18242.0
2021-05-03,19,TEN,18948.0,18832.0
2021-05-03,20,TEN,19571.0,19430.0
2021-05-03,21,TEN,20170.0,20007.0
2021-05-03,22,TEN,20585.0,20396.0
2021-05-03,23,TEN,20887.0,20652.0
2021-05-04,0,TEN,20742.0,20551.0
2021-05-04,1,TEN,20589.0,20374.0
2021-05-04,2,TEN,20256.0,20068.0
2021-05-04,3,TEN,19166.0,19016.0
2021-05-04,4,TEN,17677.0,17667.0
2021-05-04,5,TEN,16273.0,16124.0
2021-05-04,6,TEN,15493.0,15249.0
2021-05-04,7,TEN,14954.0,14688.0
2021-05-04,8,TEN,14592.0,14365.0
2021-05-04,9,TEN,14622.0,14349.0
2021-05-04,10,TEN,14772.0,14605.0
2021-05-04,11,TEN,15530.0,15318.0
2021-05-04,12,TEN,16334.0,16137.0
2021-05-04,13,TEN,16857.0,16662.0
2021-05-04,14,TEN,16946.0,16784.0
2021-05-04,15,TEN,17280.0,17084.0
2021-05-04,16,TEN,17673.0,17530.0
2021-05-04,17,TEN,17801.0,17646.0
2021-05-04,18,TEN,18217.0,18028.0
2021-05-04,19,TEN,18398.0,18172.0
2021-05-04,20,TEN,18340.0,18143.0
2021-05-04,21,TEN,18210.0,18038.0
2021-05-04,22,TEN,18096.0,17908.0
2021-05-04,23,TEN,18115.0,17902.0
2021-05-05,0,TEN,17862.0,17671.0
2021-05-05,1,TEN,17657.0,17521.0
2021-05-05,2,TEN,17381.0,17234.0
2021-05-05,3,TEN,16620.0,16448.0
2021-05-05,4,TEN,15451.0,15331.0
2021-05-05,5,TEN,14395.0,14386.0
2021-05-05,6,TEN,13682.0,13704.0
2021-05-05,7,TEN,13194.0,13372.0
2021-05-05,8,TEN,12977.0,12957.0
2021-05-05,9,TEN,12915.0,12937.0
2021-05-05,10,TEN,13125.0,13173.0
2021-05-05,11,TEN,14077.0,14060.0
2021-05-05,12,TEN,15008.0,15049.0
2021-05-05,13,TEN,15570.0,15621.0
2021-05-05,14,TEN,15955.0,15973.0
2021-05-05,15,TEN,16274.0,16287.0
2021-05-05,16,TEN,16490.0,16554.0
2021-05-05,17,TEN,16561.0,16665.0
2021-05-05,18,TEN,16619.0,16672.0
2021-05-05,19,TEN,16641.0,16733.0
2021-05-05,20,TEN,16729.0,16840.0
2021-05-05,21,TEN,16829.0,16942.0
2021-05-05,22,TEN,16927.0,17004.0
2021-05-05,23,TEN,16840.0,16915.0
2021-05-06,0,TEN,16604.0,16685.0
2021-05-06,1,TEN,16479.0,16550.0
2021-05-06,2,TEN,16726.0,16754.0
2021-05-06,3,TEN,16051.0,16053.0
2021-05-06,4,TEN,14944.0,15102.0
2021-05-06,5,TEN,13781.0,14115.0
2021-05-06,6,TEN,13211.0,13354.0
2021-05-06,7,TEN,13037.0,13211.0
2021-05-06,8,TEN,12948.0,12956.0
2021-05-06,9,TEN,12920.0,12987.0
2021-05-06,10,TEN,13276.0,13299.0
2021-05-06,11,TEN,14422.0,14439.0
2021-05-06,12,TEN,15483.0,15502.0
2021-05-06,13,TEN,15872.0,15963.0
2021-05-06,14,TEN,15999.0,16048.0
2021-05-06,15,TEN,15947.0,15979.0
2021-05-06,16,TEN,15988.0,16121.0
2021-05-06,17,TEN,16042.0,16102.0
2021-05-06,18,TEN,16055.0,16204.0
2021-05-06,19,TEN,16091.0,16224.0
2021-05-06,20,TEN,16277.0,16408.0
2021-05-06,21,TEN,16464.0,16547.0
2021-05-06,22,TEN,16352.0,16684.0
2021-05-06,23,TEN,16556.0,16876.0
2021-05-07,0,TEN,16326.0,16897.0
2021-05-07,1,TEN,16356.0,17000.0
2021-05-07,2,TEN,16557.0,16844.0
2021-05-07,3,TEN,15767.0,16045.0
2021-05-07,4,TEN,14658.0,14673.0
2021-05-07,5,TEN,13820.0,13905.0
2021-05-07,6,TEN,13273.0,13509.0
2021-05-07,7,TEN,13082.0,13269.0
2021-05-07,8,TEN,12964.0,13111.0
2021-05-07,9,TEN,13050.0,13224.0
2021-05-07,10,TEN,13478.0,13612.0
2021-05-07,11,TEN,14336.0,14462.0
2021-05-07,12,TEN,15402.0,15595.0
2021-05-07,13,TEN,15973.0,16171.0
2021-05-07,14,TEN,16121.0,16269.0
2021-05-07,15,TEN,16165.0,16433.0
2021-05-07,16,TEN,16102.0,16402.0
2021-05-07,17,TEN,16104.0,16335.0
2021-05-07,18,TEN,16049.0,16308.0
2021-05-07,19,TEN,15908.0,16195.0
2021-05-07,20,TEN,15786.0,16045.0
2021-05-07,21,TEN,15855.0,16101.0
2021-05-07,22,TEN,15992.0,16213.0
2021-05-07,23,TEN,15950.0,16219.0
2021-05-08,0,TEN,15694.0,15866.0
2021-05-08,1,TEN,15781.0,15993.0
2021-05-08,2,TEN,16012.0,16193.0
2021-05-08,3,TEN,15539.0,15705.0
2021-05-08,4,TEN,14703.0,14977.0
2021-05-08,5,TEN,13960.0,14134.0
2021-05-08,6,TEN,13343.0,13381.0
2021-05-08,7,TEN,12973.0,13027.0
2021-05-08,8,TEN,12750.0,12853.0
2021-05-08,9,TEN,12754.0,12830.0
2021-05-08,10,TEN,12802.0,12919.0
2021-05-08,11,TEN,12992.0,13068.0
2021-05-08,12,TEN,13484.0,13497.0
2021-05-08,13,TEN,14168.0,14110.0
2021-05-08,14,TEN,14704.0,14672.0
2021-05-08,15,TEN,14998.0,14988.0
2021-05-08,16,TEN,14992.0,15039.0
2021-05-08,17,TEN,15006.0,15062.0
2021-05-08,18,TEN,14921.0,14925.0
2021-05-08,19,TEN,14804.0,14836.0
2021-05-08,20,TEN,14893.0,14945.0
2021-05-08,21,TEN,15113.0,15120.0
2021-05-08,22,TEN,15203.0,15187.0
2021-05-08,23,TEN,15436.0,15438.0
2021-05-09,0,TEN,15349.0,15375.0
2021-05-09,1,TEN,15380.0,15410.0
2021-05-09,2,TEN,15603.0,15768.0
2021-05-09,3,TEN,15133.0,15267.0
2021-05-09,4,TEN,14388.0,14511.0
2021-05-09,5,TEN,13533.0,13672.0
2021-05-09,6,TEN,12966.0,12994.0
2021-05-09,7,TEN,12612.0,12625.0
2021-05-09,8,TEN,12421.0,12422.0
2021-05-09,9,TEN,12274.0,12334.0
2021-05-09,10,TEN,12369.0,12422.0
2021-05-09,11,TEN,12529.0,12634.0
2021-05-09,12,TEN,12796.0,12786.0
2021-05-09,13,TEN,13464.0,13476.0
2021-05-09,14,TEN,14057.0,13997.0
2021-05-09,15,TEN,14390.0,14353.0
2021-05-09,16,TEN,14753.0,14958.0
2021-05-09,17,TEN,14978.0,15341.0
2021-05-09,18,TEN,15200.0,15269.0
2021-05-09,19,TEN,15340.0,15511.0
2021-05-09,20,TEN,15292.0,15467.0
2021-05-09,21,TEN,15462.0,15590.0
2021-05-09,22,TEN,15643.0,16062.0
2021-05-09,23,TEN,15792.0,16211.0
2021-05-10,0,TEN,15656.0,16128.0
2021-05-10,1,TEN,15744.0,16157.0
2021-05-10,2,TEN,15790.0,16204.0
2021-05-10,3,TEN,15126.0,15458.0
2021-05-10,4,TEN,14124.0,14262.0
2021-05-10,5,TEN,13372.0,13497.0
2021-05-10,6,TEN,12615.0,12674.0
2021-05-10,7,TEN,12328.0,12380.0
2021-05-10,8,TEN,12238.0,12283.0
2021-05-10,9,TEN,12223.0,12200.0
2021-05-10,10,TEN,12725.0,12679.0
2021-05-10,11,TEN,13960.0,14026.0
2021-05-10,12,TEN,15099.0,15064.0
2021-05-10,13,TEN,15770.0,15654.0
2021-05-10,14,TEN,16088.0,16012.0
2021-05-10,15,TEN,16340.0,16252.0
2021-05-10,16,TEN,16477.0,16329.0
2021-05-10,17,TEN,16541.0,16367.0
2021-05-10,18,TEN,16499.0,16342.0
2021-05-10,19,TEN,16280.0,16110.0
2021-05-10,20,TEN,16329.0,16166.0
2021-05-10,21,TEN,16312.0,16202.0
2021-05-10,22,TEN,16318.0,16242.0
2021-05-10,23,TEN,16366.0,16241.0
2021-05-11,0,TEN,16398.0,16288.0
2021-05-11,1,TEN,16618.0,16547.0
2021-05-11,2,TEN,16779.0,16620.0
2021-05-11,3,TEN,15895.0,15739.0
2021-05-11,4,TEN,14881.0,14896.0
2021-05-11,5,TEN,14065.0,14067.0
2021-05-11,6,TEN,13535.0,13587.0
2021-05-11,7,TEN,13175.0,13201.0
2021-05-11,8,TEN,13079.0,13133.0
2021-05-11,9,TEN,13268.0,13298.0
2021-05-11,10,TEN,13677.0,13751.0
2021-05-11,11,TEN,14740.0,14753.0
2021-05-11,12,TEN,15716.0,15505.0
2021-05-11,13,TEN,16179.0,15988.0
2021-05-11,14,TEN,16152.0,15984.0
2021-05-11,15,TEN,16101.0,15939.0
2021-05-11,16,TEN,16139.0,15985.0
2021-05-11,17,TEN,16115.0,15945.0
2021-05-11,18,TEN,16086.0,15928.0
2021-05-11,19,TEN,16121.0,15947.0
2021-05-11,20,TEN,16067.0,15907.0
2021-05-11,21,TEN,16210.0,16054.0
2021-05-11,22,TEN,16295.0,16162.0
2021-05-11,23,TEN,16242.0,16117.0
2021-05-12,0,TEN,16292.0,16208.0
2021-05-12,1,TEN,16612.0,16442.0
2021-05-12,2,TEN,16675.0,16518.0
2021-05-12,3,TEN,15946.0,15732.0
2021-05-12,4,TEN,14919.0,15000.0
2021-05-12,5,TEN,13942.0,13976.0
2021-05-12,6,TEN,13339.0,13226.0
2021-05-12,7,TEN,12985.0,12876.0
2021-05-12,8,TEN,12792.0,12715.0
2021-05-12,9,TEN,12902.0,12741.0
2021-05-12,10,TEN,13228.0,13182.0
2021-05-12,11,TEN,14308.0,14227.0
2021-05-12,12,TEN,15285.0,15159.0
2021-05-12,13,TEN,15844.0,15697.0
2021-05-12,14,TEN,16109.0,15893.0
2021-05-12,15,TEN,15942.0,15841.0
2021-05-12,16,TEN,15976.0,15962.0
2021-05-12,17,TEN,16086.0,15919.0
2021-05-12,18,TEN,16024.0,15855.0
2021-05-12,19,TEN,16223.0,16254.0
2021-05-12,20,TEN,16143.0,16153.0
2021-05-12,21,TEN,16258.0,16172.0
2021-05-12,22,TEN,16364.0,16230.0
2021-05-12,23,TEN,16495.0,16370.0
2021-05-13,0,TEN,16299.0,16193.0
2021-05-13,1,TEN,16338.0,16236.0
2021-05-13,2,TEN,16611.0,16477.0
2021-05-13,3,TEN,15911.0,15739.0
2021-05-13,4,TEN,14922.0,14767.0
2021-05-13,5,TEN,14005.0,13906.0
2021-05-13,6,TEN,13564.0,13444.0
2021-05-13,7,TEN,13243.0,13110.0
2021-05-13,8,TEN,13286.0,13177.0
2021-05-13,9,TEN,13449.0,13351.0
2021-05-13,10,TEN,13842.0,13751.0
2021-05-13,11,TEN,15115.0,15027.0
2021-05-13,12,TEN,16148.0,15980.0
2021-05-13,13,TEN,16391.0,16260.0
2021-05-13,14,TEN,16496.0,16339.0
2021-05-13,15,TEN,16218.0,16112.0
2021-05-13,16,TEN,16213.0,16109.0
2021-05-13,17,TEN,16259.0,16092.0
2021-05-13,18,TEN,16305.0,15984.0
2021-05-13,19,TEN,16403.0,15881.0
2021-05-13,20,TEN,16448.0,15926.0
2021-05-13,21,TEN,16519.0,15999.0
2021-05-13,22,TEN,16672.0,16097.0
2021-05-13,23,TEN,16795.0,16568.0
2021-05-14,0,TEN,16494.0,16404.0
2021-05-14,1,TEN,16556.0,16405.0
2021-05-14,2,TEN,16833.0,16640.0
2021-05-14,3,TEN,16045.0,15935.0
2021-05-14,4,TEN,14996.0,14959.0
2021-05-14,5,TEN,13982.0,13832.0
2021-05-14,6,TEN,13505.0,13351.0
2021-05-14,7,TEN,13246.0,13077.0
2021-05-14,8,TEN,13180.0,12976.0
2021-05-14,9,TEN,13319.0,13174.0
2021-05-14,10,TEN,13750.0,13600.0
2021-05-14,11,TEN,14755.0,14618.0
2021-05-14,12,TEN,15752.0,15636.0
2021-05-14,13,TEN,16100.0,15944.0
2021-05-14,14,TEN,16141.0,15957.0
2021-05-14,15,TEN,15962.0,15825.0
2021-05-14,16,TEN,15988.0,15808.0
2021-05-14,17,TEN,16097.0,15946.0
2021-05-14,18,TEN,16053.0,15887.0
2021-05-14,19,TEN,16246.0,16053.0
2021-05-14,20,TEN,16373.0,16322.0
2021-05-14,21,TEN,16620.0,16544.0
2021-05-14,22,TEN,16805.0,16765.0
2021-05-14,23,TEN,16853.0,16811.0
2021-05-15,0,TEN,16548.0,16497.0
2021-05-15,1,TEN,16261.0,16178.0
2021-05-15,2,TEN,16297.0,16185.0
2021-05-15,3,TEN,15564.0,15387.0
2021-05-15,4,TEN,14652.0,14479.0
2021-05-15,5,TEN,13745.0,13580.0
2021-05-15,6,TEN,13079.0,12901.0
2021-05-15,7,TEN,12645.0,12480.0
2021-05-15,8,TEN,12554.0,12439.0
2021-05-15,9,TEN,12521.0,12393.0
2021-05-15,10,TEN,12837.0,12707.0
2021-05-15,11,TEN,13219.0,13094.0
2021-05-15,12,TEN,13698.0,13581.0
2021-05-15,13,TEN,14246.0,14170.0
2021-05-15,14,TEN,14686.0,14571.0
2021-05-15,15,TEN,14884.0,14815.0
2021-05-15,16,TEN,15031.0,14900.0
2021-05-15,17,TEN,15187.0,15100.0
2021-05-15,18,TEN,15479.0,15368.0
2021-05-15,19,TEN,15847.0,15751.0
2021-05-15,20,TEN,16300.0,16129.0
2021-05-15,21,TEN,16556.0,16479.0
2021-05-15,22,TEN,16824.0,16477.0
2021-05-15,23,TEN,16918.0,16487.0
2021-05-16,0,TEN,16666.0,16297.0
2021-05-16,1,TEN,16293.0,16212.0
2021-05-16,2,TEN,16278.0,16127.0
2021-05-16,3,TEN,15546.0,15432.0
2021-05-16,4,TEN,14615.0,14528.0
2021-05-16,5,TEN,13618.0,13487.0
2021-05-16,6,TEN,12807.0,12682.0
2021-05-16,7,TEN,12457.0,12328.0
2021-05-16,8,TEN,12093.0,12184.0
2021-05-16,9,TEN,11968.0,12068.0
2021-05-16,10,TEN,12006.0,12104.0
2021-05-16,11,TEN,12112.0,12180.0
2021-05-16,12,TEN,12336.0,12194.0
2021-05-16,13,TEN,13101.0,13024.0
2021-05-16,14,TEN,13900.0,13848.0
2021-05-16,15,TEN,14535.0,14463.0
2021-05-16,16,TEN,14920.0,14840.0
2021-05-16,17,TEN,15556.0,15475.0
2021-05-16,18,TEN,16132.0,16081.0
2021-05-16,19,TEN,16456.0,16451.0
2021-05-16,20,TEN,16767.0,16749.0
2021-05-16,21,TEN,17193.0,17118.0
2021-05-16,22,TEN,17561.0,17459.0
2021-05-16,23,TEN,17763.0,17702.0
2021-05-17,0,TEN,17704.0,17612.0
2021-05-17,1,TEN,17467.0,17386.0
2021-05-17,2,TEN,17330.0,17172.0
2021-05-17,3,TEN,16490.0,16290.0
2021-05-17,4,TEN,15284.0,15176.0
2021-05-17,5,TEN,14070.0,13939.0
2021-05-17,6,TEN,13377.0,13312.0
2021-05-17,7,TEN,12784.0,12741.0
2021-05-17,8,TEN,12629.0,12545.0
2021-05-17,9,TEN,12706.0,12648.0
2021-05-17,10,TEN,13092.0,12990.0
2021-05-17,11,TEN,14000.0,13856.0
2021-05-17,12,TEN,15052.0,14957.0
2021-05-17,13,TEN,15766.0,15748.0
2021-05-17,14,TEN,16242.0,16150.0
2021-05-17,15,TEN,16648.0,16502.0
2021-05-17,16,TEN,17259.0,17030.0
2021-05-17,17,TEN,17677.0,17651.0
2021-05-17,18,TEN,18081.0,18036.0
2021-05-17,19,TEN,18526.0,18492.0
2021-05-17,20,TEN,18768.0,18725.0
2021-05-17,21,TEN,18978.0,18936.0
2021-05-17,22,TEN,18934.0,18903.0
2021-05-17,23,TEN,18858.0,18758.0
2021-05-18,0,TEN,18529.0,18453.0
2021-05-18,1,TEN,18391.0,18293.0
2021-05-18,2,TEN,18389.0,18260.0
2021-05-18,3,TEN,17550.0,17417.0
2021-05-18,4,TEN,16367.0,16344.0
2021-05-18,5,TEN,15156.0,15104.0
2021-05-18,6,TEN,14253.0,14148.0
2021-05-18,7,TEN,13672.0,13572.0
2021-05-18,8,TEN,13305.0,13227.0
2021-05-18,9,TEN,13259.0,13123.0
2021-05-18,10,TEN,13612.0,13517.0
2021-05-18,11,TEN,14503.0,14394.0
2021-05-18,12,TEN,15287.0,14848.0
2021-05-18,13,TEN,15948.0,15750.0
2021-05-18,14,TEN,16524.0,16333.0
2021-05-18,15,TEN,17030.0,16777.0
2021-05-18,16,TEN,17540.0,17328.0
2021-05-18,17,TEN,17814.0,17630.0
2021-05-18,18,TEN,18212.0,17958.0
2021-05-18,19,TEN,18408.0,18179.0
2021-05-18,20,TEN,18386.0,18285.0
2021-05-18,21,TEN,18421.0,18346.0
2021-05-18,22,TEN,18474.0,18515.0
2021-05-18,23,TEN,18276.0,18283.0
2021-05-19,0,TEN,18199.0,18134.0
2021-05-19,1,TEN,18247.0,18337.0
2021-05-19,2,TEN,18351.0,18405.0
2021-05-19,3,TEN,17621.0,17558.0
2021-05-19,4,TEN,16378.0,16330.0
2021-05-19,5,TEN,15307.0,15235.0
2021-05-19,6,TEN,14496.0,14389.0
2021-05-19,7,TEN,13994.0,13914.0
2021-05-19,8,TEN,13575.0,13460.0
2021-05-19,9,TEN,13492.0,13390.0
2021-05-19,10,TEN,13857.0,13762.0
2021-05-19,11,TEN,14530.0,14181.0
2021-05-19,12,TEN,15486.0,15272.0
2021-05-19,13,TEN,16156.0,16095.0
2021-05-19,14,TEN,16643.0,16307.0
2021-05-19,15,TEN,17335.0,16877.0
2021-05-19,16,TEN,18021.0,17589.0
2021-05-19,17,TEN,18518.0,18157.0
2021-05-19,18,TEN,19164.0,18755.0
2021-05-19,19,TEN,19748.0,19382.0
2021-05-19,20,TEN,20415.0,20316.0
2021-05-19,21,TEN,20903.0,20851.0
2021-05-19,22,TEN,21146.0,21099.0
2021-05-19,23,TEN,20984.0,20925.0
2021-05-20,0,TEN,20546.0,20437.0
2021-05-20,1,TEN,20122.0,20010.0
2021-05-20,2,TEN,19713.0,19534.0
2021-05-20,3,TEN,18693.0,18578.0
2021-05-20,4,TEN,17243.0,17153.0
2021-05-20,5,TEN,15795.0,15710.0
2021-05-20,6,TEN,14936.0,14904.0
2021-05-20,7,TEN,14256.0,14156.0
2021-05-20,8,TEN,13835.0,13739.0
2021-05-20,9,TEN,13701.0,13608.0
2021-05-20,10,TEN,13951.0,13884.0
2021-05-20,11,TEN,14698.0,14461.0
2021-05-20,12,TEN,15625.0,15534.0
2021-05-20,13,TEN,16533.0,16503.0
2021-05-20,14,TEN,17222.0,17082.0
2021-05-20,15,TEN,18040.0,17917.0
2021-05-20,16,TEN,18935.0,18662.0
2021-05-20,17,TEN,20045.0,19884.0
2021-05-20,18,TEN,20791.0,20613.0
2021-05-20,19,TEN,21441.0,21313.0
2021-05-20,20,TEN,21950.0,21628.0
2021-05-20,21,TEN,22174.0,21761.0
2021-05-20,22,TEN,22312.0,21902.0
2021-05-20,23,TEN,22239.0,21563.0
2021-05-21,0,TEN,21776.0,21142.0
2021-05-21,1,TEN,20883.0,20234.0
2021-05-21,2,TEN,20422.0,19807.0
2021-05-21,3,TEN,19214.0,19026.0
2021-05-21,4,TEN,17489.0,17527.0
2021-05-21,5,TEN,15762.0,15722.0
2021-05-21,6,TEN,14886.0,14711.0
2021-05-21,7,TEN,14087.0,14180.0
2021-05-21,8,TEN,13684.0,13950.0
2021-05-21,9,TEN,13527.0,13966.0
2021-05-21,10,TEN,13599.0,13938.0
2021-05-21,11,TEN,14277.0,14180.0
2021-05-21,12,TEN,15202.0,15080.0
2021-05-21,13,TEN,16056.0,15973.0
2021-05-21,14,TEN,16961.0,16858.0
2021-05-21,15,TEN,17931.0,17807.0
2021-05-21,16,TEN,18932.0,18890.0
2021-05-21,17,TEN,19808.0,19719.0
2021-05-21,18,TEN,20747.0,20335.0
2021-05-21,19,TEN,21439.0,20869.0
2021-05-21,20,TEN,22100.0,21751.0
2021-05-21,21,TEN,22563.0,22132.0
2021-05-21,22,TEN,22741.0,22115.0
2021-05-21,23,TEN,22384.0,22127.0
2021-05-22,0,TEN,21492.0,21326.0
2021-05-22,1,TEN,20449.0,20306.0
2021-05-22,2,TEN,19750.0,19658.0
2021-05-22,3,TEN,18672.0,18666.0
2021-05-22,4,TEN,17279.0,17194.0
2021-05-22,5,TEN,15907.0,15840.0
2021-05-22,6,TEN,14793.0,14669.0
2021-05-22,7,TEN,14085.0,13971.0
2021-05-22,8,TEN,13578.0,13783.0
2021-05-22,9,TEN,13273.0,13412.0
2021-05-22,10,TEN,13265.0,13452.0
2021-05-22,11,TEN,13366.0,13518.0
2021-05-22,12,TEN,13644.0,13484.0
2021-05-22,13,TEN,14636.0,14462.0
2021-05-22,14,TEN,15904.0,15792.0
2021-05-22,15,TEN,17078.0,16875.0
2021-05-22,16,TEN,18312.0,18078.0
2021-05-22,17,TEN,19450.0,19226.0
2021-05-22,18,TEN,20397.0,19852.0
2021-05-22,19,TEN,21094.0,20229.0
2021-05-22,20,TEN,21776.0,20709.0
2021-05-22,21,TEN,22208.0,21181.0
2021-05-22,22,TEN,22391.0,21262.0
2021-05-22,23,TEN,22106.0,21006.0
2021-05-23,0,TEN,21339.0,20519.0
2021-05-23,1,TEN,20302.0,19879.0
2021-05-23,2,TEN,19830.0,19636.0
2021-05-23,3,TEN,18716.0,18723.0
2021-05-23,4,TEN,17113.0,16934.0
2021-05-23,5,TEN,15751.0,15691.0
2021-05-23,6,TEN,14567.0,14412.0
2021-05-23,7,TEN,13802.0,13650.0
2021-05-23,8,TEN,13354.0,13280.0
2021-05-23,9,TEN,13009.0,13094.0
2021-05-23,10,TEN,12852.0,12976.0
2021-05-23,11,TEN,12755.0,12885.0
2021-05-23,12,TEN,13088.0,13213.0
2021-05-23,13,TEN,14098.0,14046.0
2021-05-23,14,TEN,15499.0,15312.0
2021-05-23,15,TEN,17012.0,16889.0
2021-05-23,16,TEN,18588.0,18416.0
2021-05-23,17,TEN,19853.0,19636.0
2021-05-23,18,TEN,20985.0,20435.0
2021-05-23,19,TEN,21801.0,21168.0
2021-05-23,20,TEN,22501.0,21965.0
2021-05-23,21,TEN,23081.0,22588.0
2021-05-23,22,TEN,23424.0,22916.0
2021-05-23,23,TEN,23443.0,23033.0
2021-05-24,0,TEN,22790.0,22483.0
2021-05-24,1,TEN,21661.0,21266.0
2021-05-24,2,TEN,20873.0,20679.0
2021-05-24,3,TEN,19387.0,19350.0
2021-05-24,4,TEN,17689.0,17580.0
2021-05-24,5,TEN,16151.0,15970.0
2021-05-24,6,TEN,14941.0,14813.0
2021-05-24,7,TEN,14132.0,14018.0
2021-05-24,8,TEN,13883.0,14010.0
2021-05-24,9,TEN,13664.0,13806.0
2021-05-24,10,TEN,13938.0,14132.0
2021-05-24,11,TEN,14574.0,14541.0
2021-05-24,12,TEN,15483.0,15475.0
2021-05-24,13,TEN,16571.0,16551.0
2021-05-24,14,TEN,17669.0,17620.0
2021-05-24,15,TEN,19055.0,19168.0
2021-05-24,16,TEN,20555.0,20243.0
2021-05-24,17,TEN,22094.0,21526.0
2021-05-24,18,TEN,23288.0,22409.0
2021-05-24,19,TEN,24062.0,23087.0
2021-05-24,20,TEN,24826.0,23492.0
2021-05-24,21,TEN,25127.0,23590.0
2021-05-24,22,TEN,25187.0,23677.0
2021-05-24,23,TEN,24959.0,23597.0
2021-05-25,0,TEN,24320.0,23305.0
2021-05-25,1,TEN,23425.0,22777.0
2021-05-25,2,TEN,22665.0,22380.0
2021-05-25,3,TEN,21130.0,21074.0
2021-05-25,4,TEN,19111.0,18924.0
2021-05-25,5,TEN,17362.0,17276.0
2021-05-25,6,TEN,16152.0,16058.0
2021-05-25,7,TEN,15202.0,15180.0
2021-05-25,8,TEN,14557.0,14752.0
2021-05-25,9,TEN,14251.0,14362.0
2021-05-25,10,TEN,14588.0,14694.0
2021-05-25,11,TEN,15262.0,15361.0
2021-05-25,12,TEN,16210.0,16189.0
2021-05-25,13,TEN,17390.0,17343.0
2021-05-25,14,TEN,18786.0,18685.0
2021-05-25,15,TEN,20131.0,19927.0
2021-05-25,16,TEN,21922.0,21650.0
2021-05-25,17,TEN,23323.0,22826.0
2021-05-25,18,TEN,24590.0,23777.0
2021-05-25,19,TEN,25207.0,24154.0
2021-05-25,20,TEN,25534.0,24344.0
2021-05-25,21,TEN,25813.0,24455.0
2021-05-25,22,TEN,25879.0,24570.0
2021-05-25,23,TEN,25666.0,24636.0
2021-05-26,0,TEN,24862.0,24030.0
2021-05-26,1,TEN,23866.0,23331.0
2021-05-26,2,TEN,23017.0,22782.0
2021-05-26,3,TEN,21536.0,21480.0
2021-05-26,4,TEN,19736.0,19558.0
2021-05-26,5,TEN,17985.0,17948.0
2021-05-26,6,TEN,16735.0,16667.0
2021-05-26,7,TEN,15867.0,15845.0
2021-05-26,8,TEN,15412.0,15534.0
2021-05-26,9,TEN,15209.0,15331.0
2021-05-26,10,TEN,15233.0,15383.0
2021-05-26,11,TEN,15695.0,15880.0
2021-05-26,12,TEN,16514.0,16540.0
2021-05-26,13,TEN,17522.0,17305.0
2021-05-26,14,TEN,18658.0,18125.0
2021-05-26,15,TEN,19604.0,19035.0
2021-05-26,16,TEN,20713.0,20423.0
2021-05-26,17,TEN,21477.0,21345.0
2021-05-26,18,TEN,22133.0,21984.0
2021-05-26,19,TEN,22242.0,22228.0
2021-05-26,20,TEN,22569.0,22570.0
2021-05-26,21,TEN,22667.0,22595.0
2021-05-26,22,TEN,22522.0,22511.0
2021-05-26,23,TEN,22362.0,22279.0
2021-05-27,0,TEN,21696.0,21640.0
2021-05-27,1,TEN,21043.0,20900.0
2021-05-27,2,TEN,20771.0,20582.0
2021-05-27,3,TEN,19626.0,19535.0
2021-05-27,4,TEN,18118.0,18111.0
2021-05-27,5,TEN,16672.0,16643.0
2021-05-27,6,TEN,15648.0,15629.0
2021-05-27,7,TEN,14890.0,14866.0
2021-05-27,8,TEN,14533.0,14707.0
2021-05-27,9,TEN,14346.0,14537.0
2021-05-27,10,TEN,14375.0,14567.0
2021-05-27,11,TEN,15070.0,15189.0
2021-05-27,12,TEN,15940.0,15966.0
2021-05-27,13,TEN,16969.0,16890.0
2021-05-27,14,TEN,17952.0,17977.0
2021-05-27,15,TEN,19268.0,19119.0
2021-05-27,16,TEN,20579.0,20439.0
2021-05-27,17,TEN,21808.0,21684.0
2021-05-27,18,TEN,22752.0,22608.0
2021-05-27,19,TEN,23849.0,23792.0
2021-05-27,20,TEN,24446.0,24311.0
2021-05-27,21,TEN,24961.0,24550.0
2021-05-27,22,TEN,25084.0,24606.0
2021-05-27,23,TEN,24896.0,24407.0
2021-05-28,0,TEN,24114.0,23788.0
2021-05-28,1,TEN,23199.0,22845.0
2021-05-28,2,TEN,22445.0,22272.0
2021-05-28,3,TEN,21051.0,20939.0
2021-05-28,4,TEN,19299.0,19121.0
2021-05-28,5,TEN,17682.0,17576.0
2021-05-28,6,TEN,16465.0,16431.0
2021-05-28,7,TEN,15722.0,15667.0
2021-05-28,8,TEN,15124.0,15242.0
2021-05-28,9,TEN,14895.0,15006.0
2021-05-28,10,TEN,14999.0,15111.0
2021-05-28,11,TEN,15672.0,15783.0
2021-05-28,12,TEN,16376.0,16370.0
2021-05-28,13,TEN,17229.0,17226.0
2021-05-28,14,TEN,17932.0,17795.0
2021-05-28,15,TEN,18703.0,18519.0
2021-05-28,16,TEN,19281.0,19154.0
2021-05-28,17,TEN,19786.0,19682.0
2021-05-28,18,TEN,20278.0,20369.0
2021-05-28,19,TEN,20632.0,20584.0
2021-05-28,20,TEN,20850.0,20503.0
2021-05-28,21,TEN,20967.0,20457.0
2021-05-28,22,TEN,20601.0,20256.0
2021-05-28,23,TEN,20324.0,19753.0
2021-05-29,0,TEN,19557.0,19260.0
2021-05-29,1,TEN,18785.0,18539.0
2021-05-29,2,TEN,18293.0,18243.0
2021-05-29,3,TEN,17470.0,17420.0
2021-05-29,4,TEN,16195.0,16097.0
2021-05-29,5,TEN,14988.0,14914.0
2021-05-29,6,TEN,14000.0,13821.0
2021-05-29,7,TEN,13254.0,13155.0
2021-05-29,8,TEN,12732.0,12670.0
2021-05-29,9,TEN,12551.0,12458.0
2021-05-29,10,TEN,12531.0,12474.0
2021-05-29,11,TEN,12645.0,12602.0
2021-05-29,12,TEN,12756.0,12742.0
2021-05-29,13,TEN,13376.0,13325.0
2021-05-29,14,TEN,13903.0,13768.0
2021-05-29,15,TEN,14459.0,14418.0
2021-05-29,16,TEN,14691.0,14709.0
2021-05-29,17,TEN,14848.0,14869.0
2021-05-29,18,TEN,14864.0,14905.0
2021-05-29,19,TEN,14827.0,15190.0
2021-05-29,20,TEN,14809.0,15244.0
2021-05-29,21,TEN,14751.0,15187.0
2021-05-29,22,TEN,14796.0,15205.0
2021-05-29,23,TEN,14721.0,15151.0
2021-05-30,0,TEN,14700.0,15093.0
2021-05-30,1,TEN,14665.0,15047.0
2021-05-30,2,TEN,14792.0,14848.0
2021-05-30,3,TEN,14399.0,14400.0
2021-05-30,4,TEN,13803.0,13738.0
2021-05-30,5,TEN,13085.0,13013.0
2021-05-30,6,TEN,12401.0,12340.0
2021-05-30,7,TEN,12162.0,12115.0
2021-05-30,8,TEN,12019.0,11958.0
2021-05-30,9,TEN,11822.0,11803.0
2021-05-30,10,TEN,11908.0,11876.0
2021-05-30,11,TEN,12054.0,12022.0
2021-05-30,12,TEN,12269.0,12286.0
2021-05-30,13,TEN,12791.0,12702.0
2021-05-30,14,TEN,13640.0,13598.0
2021-05-30,15,TEN,13952.0,13908.0
2021-05-30,16,TEN,14089.0,14045.0
2021-05-30,17,TEN,14246.0,14194.0
2021-05-30,18,TEN,14306.0,14283.0
2021-05-30,19,TEN,14441.0,14583.0
2021-05-30,20,TEN,14826.0,14804.0
2021-05-30,21,TEN,15253.0,15210.0
2021-05-30,22,TEN,15707.0,15641.0
2021-05-30,23,TEN,15911.0,15862.0
2021-05-31,0,TEN,15797.0,15723.0
2021-05-31,1,TEN,15462.0,15400.0
2021-05-31,2,TEN,15326.0,15268.0
2021-05-31,3,TEN,14862.0,14783.0
2021-05-31,4,TEN,13993.0,13896.0
2021-05-31,5,TEN,13092.0,12950.0
2021-05-31,6,TEN,12531.0,12426.0
2021-05-31,7,TEN,12083.0,11983.0
2021-05-31,8,TEN,11903.0,11906.0
2021-05-31,9,TEN,11775.0,11912.0
2021-05-31,10,TEN,11886.0,12134.0
2021-05-31,11,TEN,11988.0,12210.0
2021-05-31,12,TEN,12313.0,12279.0
2021-05-31,13,TEN,12846.0,12722.0
2021-05-31,14,TEN,13477.0,13231.0
2021-05-31,15,TEN,14195.0,14098.0
2021-05-31,16,TEN,14723.0,14739.0
2021-05-31,17,TEN,15278.0,15266.0
2021-05-31,18,TEN,15917.0,15760.0
2021-05-31,19,TEN,16513.0,16406.0
2021-05-31,20,TEN,17167.0,17102.0
2021-05-31,21,TEN,17861.0,17820.0
2021-05-31,22,TEN,18300.0,18264.0
2021-05-31,23,TEN,18451.0,18384.0
2021-06-01,0,TEN,18090.0,18068.0
2021-06-01,1,TEN,17543.0,17558.0
2021-06-01,2,TEN,17373.0,17295.0
2021-06-01,3,TEN,16543.0,16405.0
2021-06-01,4,TEN,15321.0,15309.0
2021-06-01,5,TEN,14060.0,13982.0
2021-06-01,6,TEN,13368.0,13205.0
2021-06-01,7,TEN,12773.0,12741.0
2021-06-01,8,TEN,12642.0,12528.0
2021-06-01,9,TEN,12598.0,12538.0
2021-06-01,10,TEN,12965.0,12855.0
2021-06-01,11,TEN,13569.0,13455.0
2021-06-01,12,TEN,14520.0,14314.0
2021-06-01,13,TEN,15447.0,15261.0
2021-06-01,14,TEN,16217.0,16086.0
2021-06-01,15,TEN,16768.0,16605.0
2021-06-01,16,TEN,17649.0,17347.0
2021-06-01,17,TEN,18346.0,18086.0
2021-06-01,18,TEN,19044.0,18785.0
2021-06-01,19,TEN,19479.0,19048.0
2021-06-01,20,TEN,19765.0,19327.0
2021-06-01,21,TEN,19897.0,19374.0
2021-06-01,22,TEN,19949.0,19384.0
2021-06-01,23,TEN,19731.0,19187.0
2021-06-02,0,TEN,19347.0,18789.0
2021-06-02,1,TEN,19067.0,18547.0
2021-06-02,2,TEN,18950.0,18418.0
2021-06-02,3,TEN,18103.0,17797.0
2021-06-02,4,TEN,16837.0,16726.0
2021-06-02,5,TEN,15688.0,15636.0
2021-06-02,6,TEN,14867.0,14853.0
2021-06-02,7,TEN,14323.0,14272.0
2021-06-02,8,TEN,14050.0,14036.0
2021-06-02,9,TEN,13858.0,13888.0
2021-06-02,10,TEN,14037.0,14045.0
2021-06-02,11,TEN,14638.0,14668.0
2021-06-02,12,TEN,15420.0,15408.0
2021-06-02,13,TEN,16159.0,16203.0
2021-06-02,14,TEN,16739.0,16735.0
2021-06-02,15,TEN,17231.0,17206.0
2021-06-02,16,TEN,17655.0,17689.0
2021-06-02,17,TEN,18175.0,18401.0
2021-06-02,18,TEN,18614.0,18879.0
2021-06-02,19,TEN,18866.0,19274.0
2021-06-02,20,TEN,19082.0,19516.0
2021-06-02,21,TEN,19258.0,19670.0
2021-06-02,22,TEN,19445.0,19889.0
2021-06-02,23,TEN,19508.0,19998.0
2021-06-03,0,TEN,19169.0,19751.0
2021-06-03,1,TEN,18958.0,19502.0
2021-06-03,2,TEN,18798.0,19382.0
2021-06-03,3,TEN,17943.0,18408.0
2021-06-03,4,TEN,16886.0,16853.0
2021-06-03,5,TEN,15607.0,15601.0
2021-06-03,6,TEN,14972.0,14891.0
2021-06-03,7,TEN,14362.0,14242.0
2021-06-03,8,TEN,13936.0,13897.0
2021-06-03,9,TEN,13898.0,13839.0
2021-06-03,10,TEN,14036.0,13989.0
2021-06-03,11,TEN,14633.0,14547.0
2021-06-03,12,TEN,15508.0,15401.0
2021-06-03,13,TEN,16334.0,16160.0
2021-06-03,14,TEN,16913.0,16736.0
2021-06-03,15,TEN,17541.0,17391.0
2021-06-03,16,TEN,18139.0,18025.0
2021-06-03,17,TEN,18731.0,18640.0
2021-06-03,18,TEN,19299.0,19147.0
2021-06-03,19,TEN,19776.0,19675.0
2021-06-03,20,TEN,20338.0,20072.0
2021-06-03,21,TEN,20788.0,20441.0
2021-06-03,22,TEN,21227.0,20577.0
2021-06-03,23,TEN,21261.0,20768.0
2021-06-04,0,TEN,20966.0,20287.0
2021-06-04,1,TEN,20126.0,19748.0
2021-06-04,2,TEN,19588.0,19562.0
2021-06-04,3,TEN,18736.0,18722.0
2021-06-04,4,TEN,17365.0,17266.0
2021-06-04,5,TEN,15930.0,15946.0
2021-06-04,6,TEN,14997.0,14963.0
2021-06-04,7,TEN,14281.0,14172.0
2021-06-04,8,TEN,13867.0,13831.0
2021-06-04,9,TEN,13671.0,13589.0
2021-06-04,10,TEN,13792.0,13789.0
2021-06-04,11,TEN,14337.0,14353.0
2021-06-04,12,TEN,15142.0,15173.0
2021-06-04,13,TEN,16158.0,15932.0
2021-06-04,14,TEN,17122.0,16675.0
2021-06-04,15,TEN,18212.0,17705.0
2021-06-04,16,TEN,19483.0,18736.0
2021-06-04,17,TEN,20504.0,19178.0
2021-06-04,18,TEN,21472.0,19804.0
2021-06-04,19,TEN,22201.0,20479.0
2021-06-04,20,TEN,22781.0,21276.0
2021-06-04,21,TEN,23124.0,22033.0
2021-06-04,22,TEN,23167.0,22096.0
2021-06-04,23,TEN,22877.0,21806.0
2021-06-05,0,TEN,22054.0,20953.0
2021-06-05,1,TEN,21047.0,19975.0
2021-06-05,2,TEN,20360.0,19536.0
2021-06-05,3,TEN,19180.0,18775.0
2021-06-05,4,TEN,17787.0,17731.0
2021-06-05,5,TEN,16299.0,16268.0
2021-06-05,6,TEN,15253.0,15147.0
2021-06-05,7,TEN,14440.0,14399.0
2021-06-05,8,TEN,13908.0,13853.0
2021-06-05,9,TEN,13551.0,13537.0
2021-06-05,10,TEN,13465.0,13481.0
2021-06-05,11,TEN,13464.0,13469.0
2021-06-05,12,TEN,13951.0,13983.0
2021-06-05,13,TEN,14854.0,14926.0
2021-06-05,14,TEN,16121.0,16183.0
2021-06-05,15,TEN,17476.0,17521.0
2021-06-05,16,TEN,19076.0,18546.0
2021-06-05,17,TEN,20385.0,19418.0
2021-06-05,18,TEN,21497.0,20629.0
2021-06-05,19,TEN,22258.0,20975.0
2021-06-05,20,TEN,22806.0,21402.0
2021-06-05,21,TEN,23178.0,21665.0
2021-06-05,22,TEN,23135.0,21676.0
2021-06-05,23,TEN,22711.0,21478.0
2021-06-06,0,TEN,21854.0,20891.0
2021-06-06,1,TEN,21024.0,20206.0
2021-06-06,2,TEN,20564.0,19731.0
2021-06-06,3,TEN,19503.0,18903.0
2021-06-06,4,TEN,18155.0,17869.0
2021-06-06,5,TEN,16830.0,16762.0
2021-06-06,6,TEN,15826.0,15809.0
2021-06-06,7,TEN,15085.0,15070.0
2021-06-06,8,TEN,14480.0,14507.0
2021-06-06,9,TEN,14168.0,14218.0
2021-06-06,10,TEN,14046.0,14055.0
2021-06-06,11,TEN,13947.0,14001.0
2021-06-06,12,TEN,14016.0,14123.0
2021-06-06,13,TEN,14855.0,14914.0
2021-06-06,14,TEN,16106.0,15810.0
2021-06-06,15,TEN,17015.0,16646.0
2021-06-06,16,TEN,17612.0,17292.0
2021-06-06,17,TEN,18101.0,17618.0
2021-06-06,18,TEN,18464.0,17719.0
2021-06-06,19,TEN,18696.0,18139.0
2021-06-06,20,TEN,18885.0,18473.0
2021-06-06,21,TEN,19033.0,18687.0
2021-06-06,22,TEN,19302.0,18980.0
2021-06-06,23,TEN,19313.0,18882.0
2021-06-07,0,TEN,19035.0,18334.0
2021-06-07,1,TEN,18877.0,18118.0
2021-06-07,2,TEN,18866.0,18227.0
2021-06-07,3,TEN,18204.0,17825.0
2021-06-07,4,TEN,17107.0,17093.0
2021-06-07,5,TEN,15911.0,15996.0
2021-06-07,6,TEN,15076.0,15091.0
2021-06-07,7,TEN,14588.0,14588.0
2021-06-07,8,TEN,14195.0,14230.0
2021-06-07,9,TEN,14148.0,14180.0
2021-06-07,10,TEN,14582.0,14611.0
2021-06-07,11,TEN,15306.0,15299.0
2021-06-07,12,TEN,16282.0,16158.0
2021-06-07,13,TEN,17258.0,17077.0
2021-06-07,14,TEN,18202.0,17648.0
2021-06-07,15,TEN,18881.0,18068.0
2021-06-07,16,TEN,19745.0,19103.0
2021-06-07,17,TEN,20435.0,19776.0
2021-06-07,18,TEN,20943.0,20286.0
2021-06-07,19,TEN,21533.0,20944.0
2021-06-07,20,TEN,22235.0,21658.0
2021-06-07,21,TEN,22886.0,22062.0
2021-06-07,22,TEN,23459.0,22528.0
2021-06-07,23,TEN,23717.0,22449.0
2021-06-08,0,TEN,23208.0,21941.0
2021-06-08,1,TEN,22436.0,21278.0
2021-06-08,2,TEN,21781.0,20955.0
2021-06-08,3,TEN,20567.0,19944.0
2021-06-08,4,TEN,18994.0,18797.0
2021-06-08,5,TEN,17460.0,17392.0
2021-06-08,6,TEN,16434.0,16482.0
2021-06-08,7,TEN,15794.0,15839.0
2021-06-08,8,TEN,15277.0,15391.0
2021-06-08,9,TEN,15046.0,15192.0
2021-06-08,10,TEN,15273.0,15414.0
2021-06-08,11,TEN,15799.0,15973.0
2021-06-08,12,TEN,16797.0,16947.0
2021-06-08,13,TEN,17876.0,17990.0
2021-06-08,14,TEN,18802.0,18826.0
2021-06-08,15,TEN,19611.0,19494.0
2021-06-08,16,TEN,20675.0,20193.0
2021-06-08,17,TEN,21599.0,21241.0
2021-06-08,18,TEN,22095.0,21553.0
2021-06-08,19,TEN,22375.0,21827.0
2021-06-08,20,TEN,22703.0,22075.0
2021-06-08,21,TEN,23029.0,22395.0
2021-06-08,22,TEN,22985.0,22367.0
2021-06-08,23,TEN,22678.0,22043.0
2021-06-09,0,TEN,21867.0,21260.0
2021-06-09,1,TEN,20975.0,20550.0
2021-06-09,2,TEN,20600.0,20074.0
2021-06-09,3,TEN,19517.0,19115.0
2021-06-09,4,TEN,18060.0,17931.0
2021-06-09,5,TEN,16815.0,16811.0
2021-06-09,6,TEN,15859.0,15881.0
2021-06-09,7,TEN,15222.0,15272.0
2021-06-09,8,TEN,14899.0,14967.0
2021-06-09,9,TEN,14856.0,14963.0
2021-06-09,10,TEN,14974.0,15147.0
2021-06-09,11,TEN,15512.0,15677.0
2021-06-09,12,TEN,16311.0,16418.0
2021-06-09,13,TEN,17226.0,17369.0
2021-06-09,14,TEN,17912.0,18064.0
2021-06-09,15,TEN,18761.0,18584.0
2021-06-09,16,TEN,19446.0,19105.0
2021-06-09,17,TEN,19951.0,19478.0
2021-06-09,18,TEN,20559.0,19894.0
2021-06-09,19,TEN,20901.0,20333.0
2021-06-09,20,TEN,21135.0,20620.0
2021-06-09,21,TEN,21307.0,20787.0
2021-06-09,22,TEN,21566.0,20988.0
2021-06-09,23,TEN,21505.0,20920.0
2021-06-10,0,TEN,21140.0,20584.0
2021-06-10,1,TEN,20619.0,19997.0
2021-06-10,2,TEN,20316.0,19664.0
2021-06-10,3,TEN,19643.0,19322.0
2021-06-10,4,TEN,18393.0,18459.0
2021-06-10,5,TEN,16929.0,17007.0
2021-06-10,6,TEN,16011.0,16113.0
2021-06-10,7,TEN,15490.0,15608.0
2021-06-10,8,TEN,15003.0,15164.0
2021-06-10,9,TEN,14849.0,15009.0
2021-06-10,10,TEN,15116.0,15299.0
2021-06-10,11,TEN,15875.0,16054.0
2021-06-10,12,TEN,16667.0,16806.0
2021-06-10,13,TEN,17525.0,17750.0
2021-06-10,14,TEN,18269.0,18500.0
2021-06-10,15,TEN,19075.0,19311.0
2021-06-10,16,TEN,19823.0,19826.0
2021-06-10,17,TEN,20428.0,20480.0
2021-06-10,18,TEN,21140.0,21166.0
2021-06-10,19,TEN,21790.0,21734.0
2021-06-10,20,TEN,22858.0,22145.0
2021-06-10,21,TEN,22780.0,22560.0
2021-06-10,22,TEN,22939.0,22792.0
2021-06-10,23,TEN,22912.0,22681.0
2021-06-11,0,TEN,22355.0,22041.0
2021-06-11,1,TEN,21506.0,21422.0
2021-06-11,2,TEN,21119.0,20928.0
2021-06-11,3,TEN,20337.0,20268.0
2021-06-11,4,TEN,18981.0,19144.0
2021-06-11,5,TEN,17737.0,17793.0
2021-06-11,6,TEN,16648.0,16624.0
2021-06-11,7,TEN,15869.0,15924.0
2021-06-11,8,TEN,15502.0,15568.0
2021-06-11,9,TEN,15311.0,15411.0
2021-06-11,10,TEN,15450.0,15604.0
2021-06-11,11,TEN,16032.0,16168.0
2021-06-11,12,TEN,16842.0,16940.0
2021-06-11,13,TEN,17667.0,17764.0
2021-06-11,14,TEN,18494.0,18609.0
2021-06-11,15,TEN,19463.0,19481.0
2021-06-11,16,TEN,20491.0,20062.0
2021-06-11,17,TEN,21621.0,20863.0
2021-06-11,18,TEN,22569.0,21885.0
2021-06-11,19,TEN,23472.0,22767.0
2021-06-11,20,TEN,24193.0,23331.0
2021-06-11,21,TEN,24599.0,23896.0
2021-06-11,22,TEN,24606.0,23933.0
2021-06-11,23,TEN,24321.0,23388.0
2021-06-12,0,TEN,23444.0,22746.0
2021-06-12,1,TEN,22615.0,21958.0
2021-06-12,2,TEN,22026.0,21401.0
2021-06-12,3,TEN,20999.0,20568.0
2021-06-12,4,TEN,19672.0,19701.0
2021-06-12,5,TEN,18173.0,18287.0
2021-06-12,6,TEN,17102.0,17139.0
2021-06-12,7,TEN,16296.0,16366.0
2021-06-12,8,TEN,15716.0,15735.0
2021-06-12,9,TEN,15362.0,15412.0
2021-06-12,10,TEN,15319.0,15337.0
2021-06-12,11,TEN,15202.0,15202.0
2021-06-12,12,TEN,15499.0,15574.0
2021-06-12,13,TEN,16821.0,16788.0
2021-06-12,14,TEN,18579.0,18476.0
2021-06-12,15,TEN,20389.0,20217.0
2021-06-12,16,TEN,22287.0,21611.0
2021-06-12,17,TEN,23676.0,22805.0
2021-06-12,18,TEN,24773.0,23862.0
2021-06-12,19,TEN,25587.0,24649.0
2021-06-12,20,TEN,25855.0,24971.0
2021-06-12,21,TEN,26082.0,24553.0
2021-06-12,22,TEN,26072.0,24323.0
2021-06-12,23,TEN,25711.0,24041.0
2021-06-13,0,TEN,24953.0,23750.0
2021-06-13,1,TEN,23604.0,22618.0
2021-06-13,2,TEN,22749.0,21905.0
2021-06-13,3,TEN,21618.0,21241.0
2021-06-13,4,TEN,20214.0,19892.0
2021-06-13,5,TEN,18416.0,18060.0
2021-06-13,6,TEN,17154.0,16862.0
2021-06-13,7,TEN,16136.0,16081.0
2021-06-13,8,TEN,15518.0,15476.0
2021-06-13,9,TEN,14889.0,14863.0
2021-06-13,10,TEN,14694.0,14668.0
2021-06-13,11,TEN,14477.0,14510.0
2021-06-13,12,TEN,14785.0,14849.0
2021-06-13,13,TEN,15963.0,16022.0
2021-06-13,14,TEN,17781.0,17595.0
2021-06-13,15,TEN,19779.0,19498.0
2021-06-13,16,TEN,21623.0,20783.0
2021-06-13,17,TEN,23419.0,22150.0
2021-06-13,18,TEN,24834.0,23645.0
2021-06-13,19,TEN,25645.0,24234.0
2021-06-13,20,TEN,26164.0,24540.0
2021-06-13,21,TEN,26654.0,24933.0
2021-06-13,22,TEN,26931.0,25028.0
2021-06-13,23,TEN,26770.0,24923.0
2021-06-14,0,TEN,26077.0,24412.0
2021-06-14,1,TEN,25052.0,23625.0
2021-06-14,2,TEN,24232.0,23060.0
2021-06-14,3,TEN,23043.0,22587.0
2021-06-14,4,TEN,21415.0,21209.0
2021-06-14,5,TEN,19803.0,19404.0
2021-06-14,6,TEN,18562.0,18263.0
2021-06-14,7,TEN,17406.0,17290.0
2021-06-14,8,TEN,16709.0,16576.0
2021-06-14,9,TEN,16252.0,16186.0
2021-06-14,10,TEN,16258.0,16182.0
2021-06-14,11,TEN,16715.0,16661.0
2021-06-14,12,TEN,17655.0,17662.0
2021-06-14,13,TEN,19005.0,18975.0
2021-06-14,14,TEN,20571.0,20525.0
2021-06-14,15,TEN,22558.0,21990.0
2021-06-14,16,TEN,24277.0,23461.0
2021-06-14,17,TEN,25704.0,24443.0
2021-06-14,18,TEN,26798.0,25185.0
2021-06-14,19,TEN,27497.0,25487.0
2021-06-14,20,TEN,28019.0,25952.0
2021-06-14,21,TEN,28347.0,26102.0
2021-06-14,22,TEN,28382.0,26106.0
2021-06-14,23,TEN,28102.0,25998.0
2021-06-15,0,TEN,27448.0,25921.0
2021-06-15,1,TEN,26019.0,24899.0
2021-06-15,2,TEN,24758.0,23801.0
2021-06-15,3,TEN,23125.0,22339.0
2021-06-15,4,TEN,21072.0,20467.0
2021-06-15,5,TEN,18958.0,18628.0
2021-06-15,6,TEN,17777.0,17819.0
2021-06-15,7,TEN,16813.0,16782.0
2021-06-15,8,TEN,16161.0,16199.0
2021-06-15,9,TEN,15528.0,15571.0
2021-06-15,10,TEN,15379.0,15431.0
2021-06-15,11,TEN,15814.0,15878.0
2021-06-15,12,TEN,16738.0,16935.0
2021-06-15,13,TEN,17865.0,18026.0
2021-06-15,14,TEN,19029.0,19205.0
2021-06-15,15,TEN,20225.0,19869.0
2021-06-15,16,TEN,21383.0,20495.0
2021-06-15,17,TEN,22317.0,21389.0
2021-06-15,18,TEN,23183.0,22289.0
2021-06-15,19,TEN,24052.0,23171.0
2021-06-15,20,TEN,24609.0,23557.0
2021-06-15,21,TEN,25052.0,23727.0
2021-06-15,22,TEN,25067.0,23732.0
2021-06-15,23,TEN,24699.0,23359.0
2021-06-16,0,TEN,23822.0,22507.0
2021-06-16,1,TEN,22441.0,21602.0
2021-06-16,2,TEN,21443.0,20854.0
2021-06-16,3,TEN,20000.0,19633.0
2021-06-16,4,TEN,18244.0,18207.0
2021-06-16,5,TEN,16745.0,16744.0
2021-06-16,6,TEN,15686.0,15714.0
2021-06-16,7,TEN,14939.0,14990.0
2021-06-16,8,TEN,14336.0,14413.0
2021-06-16,9,TEN,14013.0,14119.0
2021-06-16,10,TEN,14148.0,14249.0
2021-06-16,11,TEN,14647.0,14767.0
2021-06-16,12,TEN,15568.0,15749.0
2021-06-16,13,TEN,16690.0,16921.0
2021-06-16,14,TEN,17728.0,17942.0
2021-06-16,15,TEN,18871.0,18688.0
2021-06-16,16,TEN,20225.0,19499.0
2021-06-16,17,TEN,21577.0,20652.0
2021-06-16,18,TEN,22763.0,21878.0
2021-06-16,19,TEN,23658.0,22575.0
2021-06-16,20,TEN,24341.0,23109.0
2021-06-16,21,TEN,24759.0,23270.0
2021-06-16,22,TEN,25131.0,23366.0
2021-06-16,23,TEN,25068.0,23736.0
2021-06-17,0,TEN,24246.0,23218.0
2021-06-17,1,TEN,23044.0,22201.0
2021-06-17,2,TEN,22010.0,21338.0
2021-06-17,3,TEN,20737.0,20466.0
2021-06-17,4,TEN,18972.0,19096.0
2021-06-17,5,TEN,17252.0,17317.0
2021-06-17,6,TEN,15939.0,15803.0
2021-06-17,7,TEN,15122.0,14986.0
2021-06-17,8,TEN,14613.0,14463.0
2021-06-17,9,TEN,14347.0,14239.0
2021-06-17,10,TEN,14473.0,14370.0
2021-06-17,11,TEN,15011.0,14891.0
2021-06-17,12,TEN,15791.0,15731.0
2021-06-17,13,TEN,17061.0,17016.0
2021-06-17,14,TEN,18269.0,18288.0
2021-06-17,15,TEN,19749.0,19651.0
2021-06-17,16,TEN,21272.0,20821.0
2021-06-17,17,TEN,22655.0,21586.0
2021-06-17,18,TEN,23971.0,23131.0
2021-06-17,19,TEN,24878.0,24023.0
2021-06-17,20,TEN,25803.0,24917.0
2021-06-17,21,TEN,26347.0,25265.0
2021-06-17,22,TEN,26604.0,25315.0
2021-06-17,23,TEN,26486.0,25307.0
2021-06-18,0,TEN,25796.0,24698.0
2021-06-18,1,TEN,24521.0,23666.0
2021-06-18,2,TEN,23476.0,22707.0
2021-06-18,3,TEN,22003.0,21577.0
2021-06-18,4,TEN,20099.0,20049.0
2021-06-18,5,TEN,18426.0,18263.0
2021-06-18,6,TEN,17087.0,16922.0
2021-06-18,7,TEN,16105.0,16043.0
2021-06-18,8,TEN,15361.0,15379.0
2021-06-18,9,TEN,15042.0,15022.0
2021-06-18,10,TEN,15192.0,15196.0
2021-06-18,11,TEN,15567.0,15461.0
2021-06-18,12,TEN,16299.0,16275.0
2021-06-18,13,TEN,17594.0,17557.0
2021-06-18,14,TEN,19044.0,19010.0
2021-06-18,15,TEN,20693.0,20627.0
2021-06-18,16,TEN,22307.0,21662.0
2021-06-18,17,TEN,23805.0,22598.0
2021-06-18,18,TEN,25027.0,23660.0
2021-06-18,19,TEN,26013.0,24218.0
2021-06-18,20,TEN,26694.0,24713.0
2021-06-18,21,TEN,27095.0,25421.0
2021-06-18,22,TEN,27120.0,25309.0
2021-06-18,23,TEN,26627.0,25365.0
2021-06-19,0,TEN,25644.0,24573.0
2021-06-19,1,TEN,24262.0,23401.0
2021-06-19,2,TEN,23263.0,22417.0
2021-06-19,3,TEN,21879.0,21198.0
2021-06-19,4,TEN,20104.0,19751.0
2021-06-19,5,TEN,18534.0,18461.0
2021-06-19,6,TEN,17099.0,16997.0
2021-06-19,7,TEN,16127.0,16213.0
2021-06-19,8,TEN,15369.0,15404.0
2021-06-19,9,TEN,15015.0,15047.0
2021-06-19,10,TEN,14827.0,14882.0
2021-06-19,11,TEN,14882.0,14829.0
2021-06-19,12,TEN,15169.0,15166.0
2021-06-19,13,TEN,16218.0,16234.0
2021-06-19,14,TEN,17772.0,17815.0
2021-06-19,15,TEN,19233.0,19248.0
2021-06-19,16,TEN,20545.0,20141.0
2021-06-19,17,TEN,21411.0,20714.0
2021-06-19,18,TEN,21953.0,21233.0
2021-06-19,19,TEN,22386.0,21755.0
2021-06-19,20,TEN,22727.0,22088.0
2021-06-19,21,TEN,22612.0,21988.0
2021-06-19,22,TEN,22453.0,21852.0
2021-06-19,23,TEN,21906.0,21334.0
2021-06-20,0,TEN,21218.0,20670.0
2021-06-20,1,TEN,20520.0,19910.0
2021-06-20,2,TEN,20186.0,19633.0
2021-06-20,3,TEN,19346.0,18698.0
2021-06-20,4,TEN,18132.0,17857.0
2021-06-20,5,TEN,16854.0,16886.0
2021-06-20,6,TEN,15740.0,15779.0
2021-06-20,7,TEN,14916.0,14975.0
2021-06-20,8,TEN,14472.0,14507.0
2021-06-20,9,TEN,13984.0,14072.0
2021-06-20,10,TEN,13851.0,13947.0
2021-06-20,11,TEN,13795.0,13837.0
2021-06-20,12,TEN,14209.0,14289.0
2021-06-20,13,TEN,15400.0,15407.0
2021-06-20,14,TEN,17080.0,17092.0
2021-06-20,15,TEN,18830.0,18857.0
2021-06-20,16,TEN,20371.0,20009.0
2021-06-20,17,TEN,21939.0,21249.0
2021-06-20,18,TEN,23362.0,22656.0
2021-06-20,19,TEN,24331.0,23680.0
2021-06-20,20,TEN,25103.0,24086.0
2021-06-20,21,TEN,25746.0,24644.0
2021-06-20,22,TEN,26026.0,24915.0
2021-06-20,23,TEN,26008.0,24859.0
2021-06-21,0,TEN,25371.0,24283.0
2021-06-21,1,TEN,24365.0,23439.0
2021-06-21,2,TEN,23540.0,22582.0
2021-06-21,3,TEN,22502.0,21674.0
2021-06-21,4,TEN,20887.0,20415.0
2021-06-21,5,TEN,19410.0,19429.0
2021-06-21,6,TEN,18125.0,18173.0
2021-06-21,7,TEN,17170.0,17214.0
2021-06-21,8,TEN,16651.0,16643.0
2021-06-21,9,TEN,16436.0,16462.0
2021-06-21,10,TEN,16735.0,16736.0
2021-06-21,11,TEN,17302.0,17248.0
2021-06-21,12,TEN,18365.0,18321.0
2021-06-21,13,TEN,19762.0,19718.0
2021-06-21,14,TEN,21113.0,21042.0
2021-06-21,15,TEN,22685.0,22585.0
2021-06-21,16,TEN,24127.0,23662.0
2021-06-21,17,TEN,25351.0,24609.0
2021-06-21,18,TEN,26192.0,25217.0
2021-06-21,19,TEN,26284.0,24996.0
2021-06-21,20,TEN,26110.0,24698.0
2021-06-21,21,TEN,25361.0,24098.0
2021-06-21,22,TEN,24228.0,23376.0
2021-06-21,23,TEN,23167.0,22286.0
2021-06-22,0,TEN,22104.0,21281.0
2021-06-22,1,TEN,21412.0,20555.0
2021-06-22,2,TEN,20930.0,20224.0
2021-06-22,3,TEN,19942.0,19314.0
2021-06-22,4,TEN,18507.0,18120.0
2021-06-22,5,TEN,17179.0,17227.0
2021-06-22,6,TEN,16141.0,16116.0
2021-06-22,7,TEN,15378.0,15368.0
2021-06-22,8,TEN,14902.0,14872.0
2021-06-22,9,TEN,14628.0,14638.0
2021-06-22,10,TEN,14707.0,14723.0
2021-06-22,11,TEN,15114.0,15145.0
2021-06-22,12,TEN,15803.0,15820.0
2021-06-22,13,TEN,16616.0,16670.0
2021-06-22,14,TEN,17314.0,17378.0
2021-06-22,15,TEN,18024.0,18144.0
2021-06-22,16,TEN,18818.0,18901.0
2021-06-22,17,TEN,19570.0,19650.0
2021-06-22,18,TEN,20185.0,20293.0
2021-06-22,19,TEN,20711.0,20766.0
2021-06-22,20,TEN,21312.0,21313.0
2021-06-22,21,TEN,21715.0,21737.0
2021-06-22,22,TEN,22053.0,22023.0
2021-06-22,23,TEN,21916.0,21950.0
2021-06-23,0,TEN,21402.0,21524.0
2021-06-23,1,TEN,20273.0,20385.0
2021-06-23,2,TEN,19508.0,19625.0
2021-06-23,3,TEN,18309.0,18491.0
2021-06-23,4,TEN,16774.0,16813.0
2021-06-23,5,TEN,15473.0,15479.0
2021-06-23,6,TEN,14399.0,14319.0
2021-06-23,7,TEN,13751.0,13680.0
2021-06-23,8,TEN,13370.0,13491.0
2021-06-23,9,TEN,13141.0,13288.0
2021-06-23,10,TEN,13347.0,13549.0
2021-06-23,11,TEN,13920.0,13876.0
2021-06-23,12,TEN,14680.0,14748.0
2021-06-23,13,TEN,15607.0,15694.0
2021-06-23,14,TEN,16297.0,16354.0
2021-06-23,15,TEN,17272.0,17326.0
2021-06-23,16,TEN,18293.0,18336.0
2021-06-23,17,TEN,19256.0,19329.0
2021-06-23,18,TEN,20309.0,20351.0
2021-06-23,19,TEN,21302.0,21305.0
2021-06-23,20,TEN,22317.0,22312.0
2021-06-23,21,TEN,23175.0,23123.0
2021-06-23,22,TEN,23695.0,23596.0
2021-06-23,23,TEN,23719.0,23749.0
2021-06-24,0,TEN,23276.0,23318.0
2021-06-24,1,TEN,22087.0,22139.0
2021-06-24,2,TEN,21159.0,21183.0
2021-06-24,3,TEN,19653.0,19642.0
2021-06-24,4,TEN,18316.0,18203.0
2021-06-24,5,TEN,16646.0,16548.0
2021-06-24,6,TEN,15535.0,15472.0
2021-06-24,7,TEN,14747.0,14726.0
2021-06-24,8,TEN,14190.0,14134.0
2021-06-24,9,TEN,14028.0,13975.0
2021-06-24,10,TEN,14049.0,14007.0
2021-06-24,11,TEN,14523.0,14466.0
2021-06-24,12,TEN,15395.0,15455.0
2021-06-24,13,TEN,16608.0,16635.0
2021-06-24,14,TEN,17838.0,17786.0
2021-06-24,15,TEN,19143.0,19070.0
2021-06-24,16,TEN,20767.0,20351.0
2021-06-24,17,TEN,22321.0,21391.0
2021-06-24,18,TEN,23639.0,22673.0
2021-06-24,19,TEN,24759.0,23723.0
2021-06-24,20,TEN,25510.0,24549.0
2021-06-24,21,TEN,26007.0,24660.0
2021-06-24,22,TEN,26123.0,24557.0
2021-06-24,23,TEN,25917.0,24562.0
2021-06-25,0,TEN,25062.0,24096.0
2021-06-25,1,TEN,24090.0,23173.0
2021-06-25,2,TEN,23464.0,22576.0
2021-06-25,3,TEN,22253.0,21752.0
2021-06-25,4,TEN,20608.0,20489.0
2021-06-25,5,TEN,19070.0,18926.0
2021-06-25,6,TEN,17725.0,17688.0
2021-06-25,7,TEN,17012.0,16962.0
2021-06-25,8,TEN,16468.0,16369.0
2021-06-25,9,TEN,16122.0,16015.0
2021-06-25,10,TEN,16063.0,16018.0
2021-06-25,11,TEN,16461.0,16391.0
2021-06-25,12,TEN,17242.0,17246.0
2021-06-25,13,TEN,18224.0,18226.0
2021-06-25,14,TEN,19431.0,19409.0
2021-06-25,15,TEN,20563.0,20205.0
2021-06-25,16,TEN,21762.0,20750.0
2021-06-25,17,TEN,22660.0,21719.0
2021-06-25,18,TEN,23527.0,22531.0
2021-06-25,19,TEN,24383.0,23247.0
2021-06-25,20,TEN,24982.0,23754.0
2021-06-25,21,TEN,25090.0,23720.0
2021-06-25,22,TEN,25075.0,23863.0
2021-06-25,23,TEN,24840.0,23789.0
2021-06-26,0,TEN,24204.0,23342.0
2021-06-26,1,TEN,23294.0,22409.0
2021-06-26,2,TEN,22618.0,21767.0
2021-06-26,3,TEN,21523.0,20780.0
2021-06-26,4,TEN,19998.0,19270.0
2021-06-26,5,TEN,18508.0,18038.0
2021-06-26,6,TEN,17227.0,17096.0
2021-06-26,7,TEN,16177.0,16051.0
2021-06-26,8,TEN,15692.0,15578.0
2021-06-26,9,TEN,15118.0,15117.0
2021-06-26,10,TEN,14883.0,14828.0
2021-06-26,11,TEN,14849.0,14709.0
2021-06-26,12,TEN,15086.0,14616.0
2021-06-26,13,TEN,16207.0,15769.0
2021-06-26,14,TEN,17837.0,17032.0
2021-06-26,15,TEN,19529.0,18337.0
2021-06-26,16,TEN,20989.0,19557.0
2021-06-26,17,TEN,22227.0,20760.0
2021-06-26,18,TEN,23304.0,21823.0
2021-06-26,19,TEN,24067.0,22684.0
2021-06-26,20,TEN,24693.0,23381.0
2021-06-26,21,TEN,25071.0,23506.0
2021-06-26,22,TEN,25270.0,23517.0
2021-06-26,23,TEN,25237.0,23425.0
2021-06-27,0,TEN,24661.0,22812.0
2021-06-27,1,TEN,23473.0,21790.0
2021-06-27,2,TEN,22641.0,21279.0
2021-06-27,3,TEN,21505.0,20260.0
2021-06-27,4,TEN,19996.0,19118.0
2021-06-27,5,TEN,18431.0,17922.0
2021-06-27,6,TEN,17234.0,17124.0
2021-06-27,7,TEN,16181.0,16067.0
2021-06-27,8,TEN,15502.0,15407.0
2021-06-27,9,TEN,15139.0,14993.0
2021-06-27,10,TEN,14903.0,14776.0
2021-06-27,11,TEN,14653.0,14508.0
2021-06-27,12,TEN,15018.0,14647.0
2021-06-27,13,TEN,16445.0,16095.0
2021-06-27,14,TEN,18378.0,17588.0
2021-06-27,15,TEN,20257.0,19052.0
2021-06-27,16,TEN,21807.0,20624.0
2021-06-27,17,TEN,23055.0,21834.0
2021-06-27,18,TEN,24230.0,22999.0
2021-06-27,19,TEN,25124.0,23861.0
2021-06-27,20,TEN,25702.0,24403.0
2021-06-27,21,TEN,26127.0,24615.0
2021-06-27,22,TEN,26555.0,25041.0
2021-06-27,23,TEN,26400.0,24890.0
2021-06-28,0,TEN,25896.0,24114.0
2021-06-28,1,TEN,24931.0,23113.0
2021-06-28,2,TEN,23882.0,22680.0
2021-06-28,3,TEN,22709.0,21518.0
2021-06-28,4,TEN,20913.0,19956.0
2021-06-28,5,TEN,19236.0,18433.0
2021-06-28,6,TEN,17985.0,17171.0
2021-06-28,7,TEN,17085.0,16604.0
2021-06-28,8,TEN,16401.0,16128.0
2021-06-28,9,TEN,16082.0,15850.0
2021-06-28,10,TEN,16239.0,15994.0
2021-06-28,11,TEN,16622.0,16152.0
2021-06-28,12,TEN,17666.0,16645.0
2021-06-28,13,TEN,19158.0,17972.0
2021-06-28,14,TEN,20943.0,19689.0
2021-06-28,15,TEN,22713.0,21578.0
2021-06-28,16,TEN,24494.0,23226.0
2021-06-28,17,TEN,26089.0,24819.0
2021-06-28,18,TEN,27288.0,25364.0
2021-06-28,19,TEN,27935.0,25275.0
2021-06-28,20,TEN,28217.0,24940.0
2021-06-28,21,TEN,28376.0,24666.0
2021-06-28,22,TEN,28339.0,24824.0
2021-06-28,23,TEN,28138.0,24942.0
2021-06-29,0,TEN,27446.0,24636.0
2021-06-29,1,TEN,26420.0,24245.0
2021-06-29,2,TEN,25343.0,23871.0
2021-06-29,3,TEN,23941.0,22415.0
2021-06-29,4,TEN,21954.0,20589.0
2021-06-29,5,TEN,20186.0,19033.0
2021-06-29,6,TEN,18802.0,17734.0
2021-06-29,7,TEN,17803.0,17274.0
2021-06-29,8,TEN,17062.0,16751.0
2021-06-29,9,TEN,16613.0,16336.0
2021-06-29,10,TEN,16541.0,16273.0
2021-06-29,11,TEN,16861.0,16569.0
2021-06-29,12,TEN,17734.0,17004.0
2021-06-29,13,TEN,19300.0,18045.0
2021-06-29,14,TEN,21169.0,19546.0
2021-06-29,15,TEN,22838.0,21302.0
2021-06-29,16,TEN,24518.0,22824.0
2021-06-29,17,TEN,25840.0,23748.0
2021-06-29,18,TEN,26650.0,24492.0
2021-06-29,19,TEN,26881.0,24344.0
2021-06-29,20,TEN,26688.0,24364.0
2021-06-29,21,TEN,26380.0,23932.0
2021-06-29,22,TEN,25690.0,23235.0
2021-06-29,23,TEN,25027.0,22930.0
2021-06-30,0,TEN,24159.0,22321.0
2021-06-30,1,TEN,23300.0,21687.0
2021-06-30,2,TEN,22780.0,21101.0
2021-06-30,3,TEN,21660.0,19980.0
2021-06-30,4,TEN,20093.0,18975.0
2021-06-30,5,TEN,18553.0,17723.0
2021-06-30,6,TEN,17452.0,16931.0
2021-06-30,7,TEN,16604.0,16283.0
2021-06-30,8,TEN,16042.0,15757.0
2021-06-30,9,TEN,15635.0,15391.0
2021-06-30,10,TEN,15783.0,15527.0
2021-06-30,11,TEN,16305.0,16008.0
2021-06-30,12,TEN,17141.0,16542.0
2021-06-30,13,TEN,18519.0,17930.0
2021-06-30,14,TEN,20090.0,19058.0
2021-06-30,15,TEN,21646.0,20554.0
2021-06-30,16,TEN,23059.0,21930.0
2021-06-30,17,TEN,24276.0,23350.0
2021-06-30,18,TEN,25380.0,24336.0
2021-06-30,19,TEN,26049.0,24811.0
2021-06-30,20,TEN,26494.0,25197.0
2021-06-30,21,TEN,26629.0,25352.0
2021-06-30,22,TEN,26545.0,25033.0
2021-06-30,23,TEN,26259.0,25095.0
2021-07-01,0,TEN,25456.0,24287.0
2021-07-01,1,TEN,24530.0,23498.0
2021-07-01,2,TEN,23625.0,22552.0
2021-07-01,3,TEN,22498.0,21373.0
2021-07-01,4,TEN,20764.0,19878.0
2021-07-01,5,TEN,19261.0,18511.0
2021-07-01,6,TEN,18093.0,18027.0
2021-07-01,7,TEN,17175.0,17103.0
2021-07-01,8,TEN,16468.0,16381.0
2021-07-01,9,TEN,16185.0,16091.0
2021-07-01,10,TEN,16196.0,16119.0
2021-07-01,11,TEN,16674.0,16639.0
2021-07-01,12,TEN,17302.0,17396.0
2021-07-01,13,TEN,18515.0,18586.0
2021-07-01,14,TEN,19767.0,19477.0
2021-07-01,15,TEN,20824.0,20156.0
2021-07-01,16,TEN,22129.0,21294.0
2021-07-01,17,TEN,23162.0,22412.0
2021-07-01,18,TEN,23790.0,22944.0
2021-07-01,19,TEN,24134.0,22923.0
2021-07-01,20,TEN,23999.0,22708.0
2021-07-01,21,TEN,23475.0,22189.0
2021-07-01,22,TEN,22585.0,21319.0
2021-07-01,23,TEN,21869.0,21083.0
2021-07-02,0,TEN,21147.0,20778.0
2021-07-02,1,TEN,20739.0,20507.0
2021-07-02,2,TEN,20589.0,20416.0
2021-07-02,3,TEN,19829.0,19545.0
2021-07-02,4,TEN,18614.0,18391.0
2021-07-02,5,TEN,17534.0,17524.0
2021-07-02,6,TEN,16547.0,16621.0
2021-07-02,7,TEN,15940.0,15979.0
2021-07-02,8,TEN,15508.0,15611.0
2021-07-02,9,TEN,15414.0,15478.0
2021-07-02,10,TEN,15449.0,15576.0
2021-07-02,11,TEN,15970.0,16094.0
2021-07-02,12,TEN,16663.0,16839.0
2021-07-02,13,TEN,17504.0,17746.0
2021-07-02,14,TEN,18499.0,18682.0
2021-07-02,15,TEN,19410.0,19596.0
2021-07-02,16,TEN,20505.0,20266.0
2021-07-02,17,TEN,21520.0,20911.0
2021-07-02,18,TEN,22481.0,21736.0
2021-07-02,19,TEN,23025.0,22113.0
2021-07-02,20,TEN,23575.0,22198.0
2021-07-02,21,TEN,23830.0,22593.0
2021-07-02,22,TEN,23766.0,22530.0
2021-07-02,23,TEN,23428.0,22340.0
2021-07-03,0,TEN,22510.0,21728.0
2021-07-03,1,TEN,21249.0,20664.0
2021-07-03,2,TEN,20197.0,19675.0
2021-07-03,3,TEN,19165.0,18931.0
2021-07-03,4,TEN,17656.0,17771.0
2021-07-03,5,TEN,16229.0,16226.0
2021-07-03,6,TEN,14983.0,14831.0
2021-07-03,7,TEN,14142.0,14044.0
2021-07-03,8,TEN,13532.0,13437.0
2021-07-03,9,TEN,13154.0,13074.0
2021-07-03,10,TEN,13048.0,12962.0
2021-07-03,11,TEN,13071.0,12990.0
2021-07-03,12,TEN,13188.0,13198.0
2021-07-03,13,TEN,14019.0,13953.0
2021-07-03,14,TEN,15109.0,15026.0
2021-07-03,15,TEN,16300.0,16244.0
2021-07-03,16,TEN,17377.0,17431.0
2021-07-03,17,TEN,18392.0,18402.0
2021-07-03,18,TEN,19309.0,19396.0
2021-07-03,19,TEN,19972.0,20107.0
2021-07-03,20,TEN,20646.0,20748.0
2021-07-03,21,TEN,21253.0,21327.0
2021-07-03,22,TEN,21445.0,21504.0
2021-07-03,23,TEN,21353.0,21354.0
2021-07-04,0,TEN,20723.0,20754.0
2021-07-04,1,TEN,19563.0,19642.0
2021-07-04,2,TEN,18553.0,18647.0
2021-07-04,3,TEN,17560.0,17558.0
2021-07-04,4,TEN,16290.0,16218.0
2021-07-04,5,TEN,15201.0,15085.0
2021-07-04,6,TEN,14060.0,13951.0
2021-07-04,7,TEN,13261.0,13166.0
2021-07-04,8,TEN,12903.0,12839.0
2021-07-04,9,TEN,12560.0,12744.0
2021-07-04,10,TEN,12487.0,12666.0
2021-07-04,11,TEN,12213.0,12406.0
2021-07-04,12,TEN,12391.0,12579.0
2021-07-04,13,TEN,13310.0,13285.0
2021-07-04,14,TEN,14650.0,14553.0
2021-07-04,15,TEN,15922.0,15812.0
2021-07-04,16,TEN,17335.0,16994.0
2021-07-04,17,TEN,18636.0,18011.0
2021-07-04,18,TEN,19964.0,19319.0
2021-07-04,19,TEN,21081.0,20434.0
2021-07-04,20,TEN,21979.0,21367.0
2021-07-04,21,TEN,22704.0,22089.0
2021-07-04,22,TEN,23134.0,22331.0
2021-07-04,23,TEN,23076.0,22029.0
2021-07-05,0,TEN,21994.0,21278.0
2021-07-05,1,TEN,20686.0,20018.0
2021-07-05,2,TEN,19451.0,18682.0
2021-07-05,3,TEN,18480.0,17672.0
2021-07-05,4,TEN,17576.0,17094.0
2021-07-05,5,TEN,16423.0,16187.0
2021-07-05,6,TEN,15161.0,15021.0
2021-07-05,7,TEN,14186.0,14048.0
2021-07-05,8,TEN,13645.0,13522.0
2021-07-05,9,TEN,13367.0,13286.0
2021-07-05,10,TEN,13383.0,13321.0
2021-07-05,11,TEN,13369.0,13336.0
2021-07-05,12,TEN,13471.0,13486.0
2021-07-05,13,TEN,14469.0,14570.0
2021-07-05,14,TEN,16120.0,16190.0
2021-07-05,15,TEN,18177.0,17889.0
2021-07-05,16,TEN,20213.0,19471.0
2021-07-05,17,TEN,22019.0,21305.0
2021-07-05,18,TEN,23405.0,22637.0
2021-07-05,19,TEN,24441.0,23677.0
2021-07-05,20,TEN,25178.0,24363.0
2021-07-05,21,TEN,25816.0,24671.0
2021-07-05,22,TEN,26113.0,24813.0
2021-07-05,23,TEN,26052.0,24782.0
2021-07-06,0,TEN,25458.0,24216.0
2021-07-06,1,TEN,24247.0,23333.0
2021-07-06,2,TEN,23202.0,22406.0
2021-07-06,3,TEN,21885.0,20994.0
2021-07-06,4,TEN,20018.0,19431.0
2021-07-06,5,TEN,18359.0,18255.0
2021-07-06,6,TEN,17032.0,17104.0
2021-07-06,7,TEN,15946.0,15881.0
2021-07-06,8,TEN,15444.0,15336.0
2021-07-06,9,TEN,15042.0,15017.0
2021-07-06,10,TEN,15058.0,15035.0
2021-07-06,11,TEN,15502.0,15420.0
2021-07-06,12,TEN,16280.0,15810.0
2021-07-06,13,TEN,17652.0,17166.0
2021-07-06,14,TEN,19224.0,18816.0
2021-07-06,15,TEN,20984.0,20097.0
2021-07-06,16,TEN,22879.0,21489.0
2021-07-06,17,TEN,24634.0,23001.0
2021-07-06,18,TEN,25878.0,24314.0
2021-07-06,19,TEN,26531.0,24651.0
2021-07-06,20,TEN,27027.0,24741.0
2021-07-06,21,TEN,27374.0,25243.0
2021-07-06,22,TEN,27351.0,25458.0
2021-07-06,23,TEN,27050.0,25345.0
2021-07-07,0,TEN,26358.0,24725.0
2021-07-07,1,TEN,25289.0,23634.0
2021-07-07,2,TEN,24216.0,22637.0
2021-07-07,3,TEN,22969.0,21548.0
2021-07-07,4,TEN,21196.0,20198.0
2021-07-07,5,TEN,19428.0,19061.0
2021-07-07,6,TEN,18145.0,18260.0
2021-07-07,7,TEN,17181.0,17242.0
2021-07-07,8,TEN,16492.0,16533.0
2021-07-07,9,TEN,16120.0,16189.0
2021-07-07,10,TEN,16189.0,16304.0
2021-07-07,11,TEN,16568.0,16648.0
2021-07-07,12,TEN,17288.0,17355.0
2021-07-07,13,TEN,18159.0,18241.0
2021-07-07,14,TEN,19237.0,19058.0
2021-07-07,15,TEN,20132.0,19598.0
2021-07-07,16,TEN,21136.0,20494.0
2021-07-07,17,TEN,21891.0,21566.0
2021-07-07,18,TEN,22574.0,22111.0
2021-07-07,19,TEN,22929.0,22440.0
2021-07-07,20,TEN,23170.0,22701.0
2021-07-07,21,TEN,23340.0,22740.0
2021-07-07,22,TEN,23457.0,22937.0
2021-07-07,23,TEN,23356.0,22519.0
2021-07-08,0,TEN,22858.0,22003.0
2021-07-08,1,TEN,22260.0,21360.0
2021-07-08,2,TEN,21827.0,20954.0
2021-07-08,3,TEN,20885.0,20472.0
2021-07-08,4,TEN,19406.0,19375.0
2021-07-08,5,TEN,18042.0,18036.0
2021-07-08,6,TEN,16989.0,17015.0
2021-07-08,7,TEN,16261.0,16268.0
2021-07-08,8,TEN,15728.0,15731.0
2021-07-08,9,TEN,15534.0,15536.0
2021-07-08,10,TEN,15590.0,15646.0
2021-07-08,11,TEN,16193.0,16213.0
2021-07-08,12,TEN,16950.0,16957.0
2021-07-08,13,TEN,17801.0,17834.0
2021-07-08,14,TEN,18659.0,18252.0
2021-07-08,15,TEN,19812.0,19269.0
2021-07-08,16,TEN,21341.0,20603.0
2021-07-08,17,TEN,22747.0,21862.0
2021-07-08,18,TEN,24149.0,23246.0
2021-07-08,19,TEN,25183.0,24253.0
2021-07-08,20,TEN,25949.0,24537.0
2021-07-08,21,TEN,26689.0,25334.0
2021-07-08,22,TEN,27018.0,25498.0
2021-07-08,23,TEN,26970.0,25366.0
2021-07-09,0,TEN,26307.0,24694.0
2021-07-09,1,TEN,25317.0,23741.0
2021-07-09,2,TEN,24505.0,22822.0
2021-07-09,3,TEN,23121.0,21610.0
2021-07-09,4,TEN,21540.0,20428.0
2021-07-09,5,TEN,19896.0,19162.0
2021-07-09,6,TEN,18662.0,18326.0
2021-07-09,7,TEN,17795.0,17774.0
2021-07-09,8,TEN,17228.0,17268.0
2021-07-09,9,TEN,16903.0,16949.0
2021-07-09,10,TEN,16965.0,17047.0
2021-07-09,11,TEN,17289.0,17343.0
2021-07-09,12,TEN,17960.0,18048.0
2021-07-09,13,TEN,18982.0,18794.0
2021-07-09,14,TEN,20161.0,19438.0
2021-07-09,15,TEN,21255.0,19819.0
2021-07-09,16,TEN,22150.0,20464.0
2021-07-09,17,TEN,22975.0,21963.0
2021-07-09,18,TEN,23727.0,22894.0
2021-07-09,19,TEN,24102.0,23252.0
2021-07-09,20,TEN,24065.0,22781.0
2021-07-09,21,TEN,24079.0,22603.0
2021-07-09,22,TEN,23915.0,22443.0
2021-07-09,23,TEN,23483.0,22368.0
2021-07-10,0,TEN,22940.0,22111.0
2021-07-10,1,TEN,22223.0,21359.0
2021-07-10,2,TEN,21834.0,20969.0
2021-07-10,3,TEN,20960.0,20094.0
2021-07-10,4,TEN,19669.0,19293.0
2021-07-10,5,TEN,18354.0,18378.0
2021-07-10,6,TEN,17253.0,17308.0
2021-07-10,7,TEN,16592.0,16651.0
2021-07-10,8,TEN,15951.0,16011.0
2021-07-10,9,TEN,15594.0,15629.0
2021-07-10,10,TEN,15408.0,15438.0
2021-07-10,11,TEN,15535.0,15543.0
2021-07-10,12,TEN,15793.0,15832.0
2021-07-10,13,TEN,16718.0,16773.0
2021-07-10,14,TEN,18004.0,18040.0
2021-07-10,15,TEN,19537.0,19571.0
2021-07-10,16,TEN,21065.0,20588.0
2021-07-10,17,TEN,22579.0,21637.0
2021-07-10,18,TEN,23683.0,22545.0
2021-07-10,19,TEN,24612.0,23590.0
2021-07-10,20,TEN,25247.0,23897.0
2021-07-10,21,TEN,25557.0,23859.0
2021-07-10,22,TEN,25498.0,23885.0
2021-07-10,23,TEN,24995.0,23636.0
2021-07-11,0,TEN,23998.0,23117.0
2021-07-11,1,TEN,22631.0,21746.0
2021-07-11,2,TEN,22108.0,21231.0
2021-07-11,3,TEN,21141.0,20268.0
2021-07-11,4,TEN,19870.0,19570.0
2021-07-11,5,TEN,18487.0,18512.0
2021-07-11,6,TEN,17519.0,17573.0
2021-07-11,7,TEN,16653.0,16697.0
2021-07-11,8,TEN,15972.0,16031.0
2021-07-11,9,TEN,15600.0,15678.0
2021-07-11,10,TEN,15367.0,15443.0
2021-07-11,11,TEN,15376.0,15467.0
2021-07-11,12,TEN,15467.0,15579.0
2021-07-11,13,TEN,16308.0,16385.0
2021-07-11,14,TEN,17260.0,17319.0
2021-07-11,15,TEN,17992.0,18033.0
2021-07-11,16,TEN,18791.0,18628.0
2021-07-11,17,TEN,19710.0,19440.0
2021-07-11,18,TEN,20662.0,20370.0
2021-07-11,19,TEN,21497.0,21336.0
2021-07-11,20,TEN,22095.0,21994.0
2021-07-11,21,TEN,22527.0,22376.0
2021-07-11,22,TEN,22985.0,22592.0
2021-07-11,23,TEN,22828.0,22448.0
2021-07-12,0,TEN,22183.0,21836.0
2021-07-12,1,TEN,21333.0,20989.0
2021-07-12,2,TEN,20690.0,20399.0
2021-07-12,3,TEN,19800.0,19760.0
2021-07-12,4,TEN,18599.0,18659.0
2021-07-12,5,TEN,17429.0,17444.0
2021-07-12,6,TEN,16359.0,16428.0
2021-07-12,7,TEN,15770.0,15920.0
2021-07-12,8,TEN,15445.0,15551.0
2021-07-12,9,TEN,15404.0,15468.0
2021-07-12,10,TEN,15671.0,15670.0
2021-07-12,11,TEN,16432.0,16358.0
2021-07-12,12,TEN,17255.0,16706.0
2021-07-12,13,TEN,18330.0,17666.0
2021-07-12,14,TEN,19249.0,18704.0
2021-07-12,15,TEN,20278.0,19708.0
2021-07-12,16,TEN,21506.0,20692.0
2021-07-12,17,TEN,22520.0,21564.0
2021-07-12,18,TEN,23488.0,22496.0
2021-07-12,19,TEN,24047.0,22675.0
2021-07-12,20,TEN,24568.0,23128.0
2021-07-12,21,TEN,24798.0,23151.0
2021-07-12,22,TEN,24753.0,23164.0
2021-07-12,23,TEN,24386.0,22837.0
2021-07-13,0,TEN,23675.0,22568.0
2021-07-13,1,TEN,22817.0,21537.0
2021-07-13,2,TEN,22223.0,20938.0
2021-07-13,3,TEN,21060.0,20094.0
2021-07-13,4,TEN,19484.0,19329.0
2021-07-13,5,TEN,18213.0,18312.0
2021-07-13,6,TEN,17237.0,17284.0
2021-07-13,7,TEN,16348.0,16446.0
2021-07-13,8,TEN,15910.0,16003.0
2021-07-13,9,TEN,15635.0,15805.0
2021-07-13,10,TEN,15825.0,15985.0
2021-07-13,11,TEN,16432.0,16545.0
2021-07-13,12,TEN,17176.0,17020.0
2021-07-13,13,TEN,18112.0,17889.0
2021-07-13,14,TEN,18922.0,18682.0
2021-07-13,15,TEN,19646.0,19388.0
2021-07-13,16,TEN,20608.0,20035.0
2021-07-13,17,TEN,21432.0,20521.0
2021-07-13,18,TEN,22509.0,21567.0
2021-07-13,19,TEN,23328.0,22413.0
2021-07-13,20,TEN,24093.0,23145.0
2021-07-13,21,TEN,24454.0,23592.0
2021-07-13,22,TEN,24507.0,23602.0
2021-07-13,23,TEN,24524.0,23566.0
2021-07-14,0,TEN,23823.0,22955.0
2021-07-14,1,TEN,23026.0,22000.0
2021-07-14,2,TEN,22335.0,21340.0
2021-07-14,3,TEN,21000.0,20298.0
2021-07-14,4,TEN,19559.0,19505.0
2021-07-14,5,TEN,18134.0,18250.0
2021-07-14,6,TEN,16968.0,16961.0
2021-07-14,7,TEN,16217.0,16278.0
2021-07-14,8,TEN,15688.0,15735.0
2021-07-14,9,TEN,15368.0,15464.0
2021-07-14,10,TEN,15450.0,15586.0
2021-07-14,11,TEN,15952.0,16089.0
2021-07-14,12,TEN,16814.0,16636.0
2021-07-14,13,TEN,18011.0,17664.0
2021-07-14,14,TEN,19226.0,18943.0
2021-07-14,15,TEN,20664.0,20338.0
2021-07-14,16,TEN,22243.0,21441.0
2021-07-14,17,TEN,23773.0,22307.0
2021-07-14,18,TEN,25022.0,23291.0
2021-07-14,19,TEN,25797.0,24215.0
2021-07-14,20,TEN,26343.0,24629.0
2021-07-14,21,TEN,26529.0,24363.0
2021-07-14,22,TEN,26635.0,24210.0
2021-07-14,23,TEN,26548.0,24084.0
2021-07-15,0,TEN,25932.0,23956.0
2021-07-15,1,TEN,24803.0,23229.0
2021-07-15,2,TEN,23977.0,22437.0
2021-07-15,3,TEN,22458.0,21045.0
2021-07-15,4,TEN,20517.0,20060.0
2021-07-15,5,TEN,18873.0,18948.0
2021-07-15,6,TEN,17724.0,17710.0
2021-07-15,7,TEN,16749.0,16755.0
2021-07-15,8,TEN,16117.0,16159.0
2021-07-15,9,TEN,15797.0,15846.0
2021-07-15,10,TEN,15914.0,15990.0
2021-07-15,11,TEN,16488.0,16542.0
2021-07-15,12,TEN,17244.0,16914.0
2021-07-15,13,TEN,18531.0,18032.0
2021-07-15,14,TEN,20152.0,19287.0
2021-07-15,15,TEN,22035.0,20704.0
2021-07-15,16,TEN,23854.0,22344.0
2021-07-15,17,TEN,25329.0,23559.0
2021-07-15,18,TEN,26490.0,24726.0
2021-07-15,19,TEN,27455.0,25744.0
2021-07-15,20,TEN,28073.0,26352.0
2021-07-15,21,TEN,28257.0,26365.0
2021-07-15,22,TEN,28321.0,26252.0
2021-07-15,23,TEN,28113.0,26184.0
2021-07-16,0,TEN,27402.0,25737.0
2021-07-16,1,TEN,26078.0,24476.0
2021-07-16,2,TEN,25256.0,23661.0
2021-07-16,3,TEN,23940.0,22454.0
2021-07-16,4,TEN,21897.0,21097.0
2021-07-16,5,TEN,20219.0,19919.0
2021-07-16,6,TEN,18769.0,18820.0
2021-07-16,7,TEN,17743.0,17802.0
2021-07-16,8,TEN,17150.0,17147.0
2021-07-16,9,TEN,16847.0,16931.0
2021-07-16,10,TEN,16779.0,16867.0
2021-07-16,11,TEN,17239.0,17279.0
2021-07-16,12,TEN,17894.0,17542.0
2021-07-16,13,TEN,19118.0,18556.0
2021-07-16,14,TEN,20697.0,19570.0
2021-07-16,15,TEN,22412.0,20914.0
2021-07-16,16,TEN,24071.0,22561.0
2021-07-16,17,TEN,25571.0,23942.0
2021-07-16,18,TEN,26497.0,24730.0
2021-07-16,19,TEN,26962.0,25063.0
2021-07-16,20,TEN,27156.0,25064.0
2021-07-16,21,TEN,26959.0,24638.0
2021-07-16,22,TEN,26622.0,24080.0
2021-07-16,23,TEN,26066.0,23694.0
2021-07-17,0,TEN,25074.0,23347.0
2021-07-17,1,TEN,23791.0,22380.0
2021-07-17,2,TEN,23122.0,21616.0
2021-07-17,3,TEN,21894.0,20445.0
2021-07-17,4,TEN,20288.0,19316.0
2021-07-17,5,TEN,18765.0,18481.0
2021-07-17,6,TEN,17655.0,17603.0
2021-07-17,7,TEN,16811.0,16850.0
2021-07-17,8,TEN,16207.0,16216.0
2021-07-17,9,TEN,15865.0,15844.0
2021-07-17,10,TEN,15755.0,15731.0
2021-07-17,11,TEN,15914.0,15901.0
2021-07-17,12,TEN,16038.0,16024.0
2021-07-17,13,TEN,16833.0,16793.0
2021-07-17,14,TEN,17768.0,17757.0
2021-07-17,15,TEN,18785.0,18716.0
2021-07-17,16,TEN,19857.0,19305.0
2021-07-17,17,TEN,20918.0,20042.0
2021-07-17,18,TEN,21917.0,21218.0
2021-07-17,19,TEN,22809.0,22104.0
2021-07-17,20,TEN,23618.0,22683.0
2021-07-17,21,TEN,24051.0,23049.0
2021-07-17,22,TEN,24233.0,23064.0
2021-07-17,23,TEN,24031.0,22898.0
2021-07-18,0,TEN,23206.0,22141.0
2021-07-18,1,TEN,22295.0,21420.0
2021-07-18,2,TEN,21705.0,20634.0
2021-07-18,3,TEN,20616.0,19597.0
2021-07-18,4,TEN,19306.0,18820.0
2021-07-18,5,TEN,17858.0,17824.0
2021-07-18,6,TEN,16843.0,16842.0
2021-07-18,7,TEN,16106.0,16115.0
2021-07-18,8,TEN,15550.0,15565.0
2021-07-18,9,TEN,15165.0,15155.0
2021-07-18,10,TEN,15062.0,14983.0
2021-07-18,11,TEN,15161.0,15039.0
2021-07-18,12,TEN,15216.0,15149.0
2021-07-18,13,TEN,16026.0,16004.0
2021-07-18,14,TEN,17219.0,17234.0
2021-07-18,15,TEN,18168.0,18092.0
2021-07-18,16,TEN,19258.0,18823.0
2021-07-18,17,TEN,20200.0,19484.0
2021-07-18,18,TEN,21153.0,20419.0
2021-07-18,19,TEN,21910.0,21231.0
2021-07-18,20,TEN,22371.0,21662.0
2021-07-18,21,TEN,22528.0,21887.0
2021-07-18,22,TEN,22202.0,21648.0
2021-07-18,23,TEN,21836.0,21095.0
2021-07-19,0,TEN,21209.0,20502.0
2021-07-19,1,TEN,20530.0,19785.0
2021-07-19,2,TEN,20156.0,19491.0
2021-07-19,3,TEN,19291.0,18939.0
2021-07-19,4,TEN,18051.0,18054.0
2021-07-19,5,TEN,16815.0,16752.0
2021-07-19,6,TEN,15981.0,15932.0
2021-07-19,7,TEN,15438.0,15419.0
2021-07-19,8,TEN,15130.0,15089.0
2021-07-19,9,TEN,15063.0,15050.0
2021-07-19,10,TEN,15347.0,15343.0
2021-07-19,11,TEN,16098.0,16065.0
2021-07-19,12,TEN,16953.0,16637.0
2021-07-19,13,TEN,17824.0,17380.0
2021-07-19,14,TEN,18717.0,18232.0
2021-07-19,15,TEN,19693.0,18835.0
2021-07-19,16,TEN,20706.0,19626.0
2021-07-19,17,TEN,21631.0,20357.0
2021-07-19,18,TEN,22552.0,21330.0
2021-07-19,19,TEN,23356.0,22106.0
2021-07-19,20,TEN,23867.0,22548.0
2021-07-19,21,TEN,24036.0,22726.0
2021-07-19,22,TEN,24055.0,22783.0
2021-07-19,23,TEN,23714.0,22488.0
2021-07-20,0,TEN,23006.0,21723.0
2021-07-20,1,TEN,22228.0,20984.0
2021-07-20,2,TEN,21762.0,20537.0
2021-07-20,3,TEN,20638.0,19925.0
2021-07-20,4,TEN,19205.0,19168.0
2021-07-20,5,TEN,17829.0,17922.0
2021-07-20,6,TEN,16838.0,16884.0
2021-07-20,7,TEN,16105.0,16178.0
2021-07-20,8,TEN,15650.0,15701.0
2021-07-20,9,TEN,15365.0,15424.0
2021-07-20,10,TEN,15552.0,15632.0
2021-07-20,11,TEN,16131.0,16207.0
2021-07-20,12,TEN,16881.0,16611.0
2021-07-20,13,TEN,17636.0,17212.0
2021-07-20,14,TEN,18327.0,17913.0
2021-07-20,15,TEN,19572.0,19148.0
2021-07-20,16,TEN,20968.0,20225.0
2021-07-20,17,TEN,22148.0,21064.0
2021-07-20,18,TEN,23178.0,21865.0
2021-07-20,19,TEN,23995.0,22654.0
2021-07-20,20,TEN,24730.0,23137.0
2021-07-20,21,TEN,24898.0,23381.0
2021-07-20,22,TEN,24782.0,23215.0
2021-07-20,23,TEN,24383.0,22837.0
2021-07-21,0,TEN,23742.0,22423.0
2021-07-21,1,TEN,22869.0,21645.0
2021-07-21,2,TEN,22314.0,21255.0
2021-07-21,3,TEN,21054.0,20347.0
2021-07-21,4,TEN,19289.0,19247.0
2021-07-21,5,TEN,17923.0,18041.0
2021-07-21,6,TEN,16926.0,17054.0
2021-07-21,7,TEN,16080.0,16232.0
2021-07-21,8,TEN,15580.0,15664.0
2021-07-21,9,TEN,15340.0,15444.0
2021-07-21,10,TEN,15472.0,15599.0
2021-07-21,11,TEN,15878.0,16001.0
2021-07-21,12,TEN,16578.0,16348.0
2021-07-21,13,TEN,17604.0,17279.0
2021-07-21,14,TEN,18803.0,18486.0
2021-07-21,15,TEN,20190.0,19691.0
2021-07-21,16,TEN,21942.0,21242.0
2021-07-21,17,TEN,23443.0,22439.0
2021-07-21,18,TEN,24769.0,23597.0
2021-07-21,19,TEN,25737.0,24389.0
2021-07-21,20,TEN,26444.0,24844.0
2021-07-21,21,TEN,26873.0,24762.0
2021-07-21,22,TEN,26941.0,24799.0
2021-07-21,23,TEN,26599.0,24546.0
2021-07-22,0,TEN,25820.0,24075.0
2021-07-22,1,TEN,24729.0,23337.0
2021-07-22,2,TEN,23866.0,22599.0
2021-07-22,3,TEN,22456.0,21721.0
2021-07-22,4,TEN,20637.0,20661.0
2021-07-22,5,TEN,18966.0,19104.0
2021-07-22,6,TEN,17726.0,17695.0
2021-07-22,7,TEN,16808.0,16757.0
2021-07-22,8,TEN,16150.0,16103.0
2021-07-22,9,TEN,15755.0,15780.0
2021-07-22,10,TEN,15744.0,15774.0
2021-07-22,11,TEN,16289.0,16248.0
2021-07-22,12,TEN,16926.0,16577.0
2021-07-22,13,TEN,18010.0,17561.0
2021-07-22,14,TEN,19247.0,18342.0
2021-07-22,15,TEN,20859.0,19449.0
2021-07-22,16,TEN,22747.0,20742.0
2021-07-22,17,TEN,24320.0,22921.0
2021-07-22,18,TEN,25502.0,24168.0
2021-07-22,19,TEN,26380.0,24500.0
2021-07-22,20,TEN,26949.0,24791.0
2021-07-22,21,TEN,27154.0,24694.0
2021-07-22,22,TEN,27118.0,24925.0
2021-07-22,23,TEN,26656.0,24771.0
2021-07-23,0,TEN,25806.0,24457.0
2021-07-23,1,TEN,24756.0,23449.0
2021-07-23,2,TEN,23944.0,22583.0
2021-07-23,3,TEN,22480.0,21127.0
2021-07-23,4,TEN,20702.0,20232.0
2021-07-23,5,TEN,19031.0,18985.0
2021-07-23,6,TEN,17769.0,17705.0
2021-07-23,7,TEN,16808.0,16763.0
2021-07-23,8,TEN,15959.0,15987.0
2021-07-23,9,TEN,15649.0,15683.0
2021-07-23,10,TEN,15745.0,15782.0
2021-07-23,11,TEN,16163.0,16179.0
2021-07-23,12,TEN,16695.0,16326.0
2021-07-23,13,TEN,17652.0,17168.0
2021-07-23,14,TEN,19098.0,18287.0
2021-07-23,15,TEN,20773.0,19573.0
2021-07-23,16,TEN,22552.0,21211.0
2021-07-23,17,TEN,24061.0,22779.0
2021-07-23,18,TEN,25389.0,23772.0
2021-07-23,19,TEN,26190.0,24411.0
2021-07-23,20,TEN,26553.0,24703.0
2021-07-23,21,TEN,26993.0,25129.0
2021-07-23,22,TEN,27155.0,25314.0
2021-07-23,23,TEN,26850.0,25064.0
2021-07-24,0,TEN,25920.0,24399.0
2021-07-24,1,TEN,24777.0,23338.0
2021-07-24,2,TEN,23804.0,22491.0
2021-07-24,3,TEN,22424.0,21144.0
2021-07-24,4,TEN,20666.0,19764.0
2021-07-24,5,TEN,19028.0,18648.0
2021-07-24,6,TEN,17762.0,17665.0
2021-07-24,7,TEN,16766.0,16741.0
2021-07-24,8,TEN,16038.0,16015.0
2021-07-24,9,TEN,15470.0,15515.0
2021-07-24,10,TEN,15370.0,15380.0
2021-07-24,11,TEN,15376.0,15422.0
2021-07-24,12,TEN,15530.0,15541.0
2021-07-24,13,TEN,16655.0,16688.0
2021-07-24,14,TEN,18423.0,17996.0
2021-07-24,15,TEN,20471.0,19773.0
2021-07-24,16,TEN,22532.0,21611.0
2021-07-24,17,TEN,24299.0,23188.0
2021-07-24,18,TEN,25644.0,24193.0
2021-07-24,19,TEN,26520.0,24735.0
2021-07-24,20,TEN,27211.0,25115.0
2021-07-24,21,TEN,27581.0,25316.0
2021-07-24,22,TEN,27878.0,25344.0
2021-07-24,23,TEN,27659.0,25166.0
2021-07-25,0,TEN,26912.0,24864.0
2021-07-25,1,TEN,25685.0,24149.0
2021-07-25,2,TEN,24800.0,23649.0
2021-07-25,3,TEN,23225.0,22391.0
2021-07-25,4,TEN,21695.0,20929.0
2021-07-25,5,TEN,20128.0,19785.0
2021-07-25,6,TEN,18805.0,18781.0
2021-07-25,7,TEN,17795.0,17706.0
2021-07-25,8,TEN,17024.0,16986.0
2021-07-25,9,TEN,16551.0,16572.0
2021-07-25,10,TEN,16250.0,16293.0
2021-07-25,11,TEN,16188.0,16250.0
2021-07-25,12,TEN,16140.0,16228.0
2021-07-25,13,TEN,17199.0,17227.0
2021-07-25,14,TEN,19214.0,19208.0
2021-07-25,15,TEN,21551.0,21165.0
2021-07-25,16,TEN,23453.0,22299.0
2021-07-25,17,TEN,25096.0,23463.0
2021-07-25,18,TEN,26244.0,24041.0
2021-07-25,19,TEN,27130.0,24497.0
2021-07-25,20,TEN,27757.0,24937.0
2021-07-25,21,TEN,28056.0,25268.0
2021-07-25,22,TEN,28141.0,25020.0
2021-07-25,23,TEN,27547.0,24480.0
2021-07-26,0,TEN,26549.0,23416.0
2021-07-26,1,TEN,25314.0,22647.0
2021-07-26,2,TEN,24401.0,21871.0
2021-07-26,3,TEN,23197.0,20747.0
2021-07-26,4,TEN,21698.0,20053.0
2021-07-26,5,TEN,20165.0,18914.0
2021-07-26,6,TEN,19026.0,17575.0
2021-07-26,7,TEN,18026.0,17195.0
2021-07-26,8,TEN,17407.0,17075.0
2021-07-26,9,TEN,17158.0,17232.0
2021-07-26,10,TEN,17269.0,17397.0
2021-07-26,11,TEN,17862.0,17895.0
2021-07-26,12,TEN,18611.0,18070.0
2021-07-26,13,TEN,19785.0,19129.0
2021-07-26,14,TEN,21299.0,20650.0
2021-07-26,15,TEN,23195.0,21671.0
2021-07-26,16,TEN,25168.0,22739.0
2021-07-26,17,TEN,26733.0,23744.0
2021-07-26,18,TEN,27602.0,24543.0
2021-07-26,19,TEN,27950.0,24866.0
2021-07-26,20,TEN,27819.0,24396.0
2021-07-26,21,TEN,27697.0,24394.0
2021-07-26,22,TEN,27311.0,24636.0
2021-07-26,23,TEN,26808.0,24064.0
2021-07-27,0,TEN,26038.0,23636.0
2021-07-27,1,TEN,25111.0,22982.0
2021-07-27,2,TEN,24406.0,22808.0
2021-07-27,3,TEN,23188.0,21675.0
2021-07-27,4,TEN,21451.0,20521.0
2021-07-27,5,TEN,19928.0,19071.0
2021-07-27,6,TEN,18517.0,18100.0
2021-07-27,7,TEN,17716.0,17440.0
2021-07-27,8,TEN,17149.0,16923.0
2021-07-27,9,TEN,16953.0,16719.0
2021-07-27,10,TEN,17027.0,16835.0
2021-07-27,11,TEN,17546.0,17016.0
2021-07-27,12,TEN,18340.0,17441.0
2021-07-27,13,TEN,19471.0,18441.0
2021-07-27,14,TEN,20887.0,19470.0
2021-07-27,15,TEN,22590.0,20697.0
2021-07-27,16,TEN,24719.0,22611.0
2021-07-27,17,TEN,26540.0,24346.0
2021-07-27,18,TEN,27914.0,24912.0
2021-07-27,19,TEN,28860.0,25152.0
2021-07-27,20,TEN,29522.0,25306.0
2021-07-27,21,TEN,29807.0,25521.0
2021-07-27,22,TEN,29623.0,25677.0
2021-07-27,23,TEN,29299.0,25191.0
2021-07-28,0,TEN,28401.0,24846.0
2021-07-28,1,TEN,27258.0,24268.0
2021-07-28,2,TEN,26409.0,23894.0
2021-07-28,3,TEN,24625.0,22554.0
2021-07-28,4,TEN,22736.0,21421.0
2021-07-28,5,TEN,20996.0,20158.0
2021-07-28,6,TEN,19534.0,18321.0
2021-07-28,7,TEN,18528.0,17495.0
2021-07-28,8,TEN,17733.0,16809.0
2021-07-28,9,TEN,17261.0,16469.0
2021-07-28,10,TEN,17254.0,16387.0
2021-07-28,11,TEN,17768.0,16629.0
2021-07-28,12,TEN,18350.0,16635.0
2021-07-28,13,TEN,19620.0,17350.0
2021-07-28,14,TEN,21228.0,18627.0
2021-07-28,15,TEN,23176.0,20402.0
2021-07-28,16,TEN,25193.0,22106.0
2021-07-28,17,TEN,26884.0,23580.0
2021-07-28,18,TEN,28269.0,24102.0
2021-07-28,19,TEN,29168.0,24492.0
2021-07-28,20,TEN,29692.0,24908.0
2021-07-28,21,TEN,30097.0,25094.0
2021-07-28,22,TEN,30209.0,25171.0
2021-07-28,23,TEN,29794.0,24961.0
2021-07-29,0,TEN,28906.0,24130.0
2021-07-29,1,TEN,27734.0,23738.0
2021-07-29,2,TEN,26618.0,23366.0
2021-07-29,3,TEN,24942.0,21813.0
2021-07-29,4,TEN,22787.0,20799.0
2021-07-29,5,TEN,20858.0,19753.0
2021-07-29,6,TEN,19541.0,18700.0
2021-07-29,7,TEN,18323.0,17846.0
2021-07-29,8,TEN,17561.0,17074.0
2021-07-29,9,TEN,17088.0,16671.0
2021-07-29,10,TEN,17051.0,16518.0
2021-07-29,11,TEN,17547.0,16616.0
2021-07-29,12,TEN,18108.0,16262.0
2021-07-29,13,TEN,19268.0,16531.0
2021-07-29,14,TEN,20895.0,18205.0
2021-07-29,15,TEN,22887.0,19991.0
2021-07-29,16,TEN,24953.0,21619.0
2021-07-29,17,TEN,26777.0,23150.0
2021-07-29,18,TEN,28186.0,24018.0
2021-07-29,19,TEN,29127.0,24495.0
2021-07-29,20,TEN,29839.0,24752.0
2021-07-29,21,TEN,30235.0,25154.0
2021-07-29,22,TEN,30340.0,25156.0
2021-07-29,23,TEN,29932.0,24865.0
2021-07-30,0,TEN,29162.0,24509.0
2021-07-30,1,TEN,28126.0,23771.0
2021-07-30,2,TEN,27138.0,23454.0
2021-07-30,3,TEN,25550.0,22418.0
2021-07-30,4,TEN,23586.0,21552.0
2021-07-30,5,TEN,21845.0,21081.0
2021-07-30,6,TEN,20406.0,19436.0
2021-07-30,7,TEN,19407.0,18524.0
2021-07-30,8,TEN,18757.0,18084.0
2021-07-30,9,TEN,18440.0,17572.0
2021-07-30,10,TEN,18427.0,17567.0
2021-07-30,11,TEN,18956.0,17821.0
2021-07-30,12,TEN,19478.0,17788.0
2021-07-30,13,TEN,20229.0,17750.0
2021-07-30,14,TEN,21368.0,18842.0
2021-07-30,15,TEN,23027.0,20516.0
2021-07-30,16,TEN,24814.0,22061.0
2021-07-30,17,TEN,26490.0,23345.0
2021-07-30,18,TEN,28023.0,23833.0
2021-07-30,19,TEN,28999.0,24393.0
2021-07-30,20,TEN,29567.0,25076.0
2021-07-30,21,TEN,29676.0,25333.0
2021-07-30,22,TEN,29605.0,25369.0
2021-07-30,23,TEN,28857.0,24632.0
2021-07-31,0,TEN,27591.0,23288.0
2021-07-31,1,TEN,26454.0,22170.0
2021-07-31,2,TEN,25502.0,21800.0
2021-07-31,3,TEN,24083.0,21166.0
2021-07-31,4,TEN,22458.0,20530.0
2021-07-31,5,TEN,20868.0,19598.0
2021-07-31,6,TEN,19481.0,18250.0
2021-07-31,7,TEN,18519.0,17546.0
2021-07-31,8,TEN,17666.0,17156.0
2021-07-31,9,TEN,17070.0,16503.0
2021-07-31,10,TEN,16822.0,16306.0
2021-07-31,11,TEN,16754.0,16238.0
2021-07-31,12,TEN,16704.0,16116.0
2021-07-31,13,TEN,17647.0,17048.0
2021-07-31,14,TEN,19114.0,18088.0
2021-07-31,15,TEN,21018.0,20016.0
2021-07-31,16,TEN,23039.0,21410.0
2021-07-31,17,TEN,24808.0,22830.0
2021-07-31,18,TEN,26210.0,23797.0
2021-07-31,19,TEN,27129.0,24017.0
2021-07-31,20,TEN,27618.0,24384.0
2021-07-31,21,TEN,27985.0,24703.0
2021-07-31,22,TEN,28129.0,24967.0
2021-07-31,23,TEN,27803.0,24709.0
2021-08-01,0,TEN,27045.0,24300.0
2021-08-01,1,TEN,25824.0,23592.0
2021-08-01,2,TEN,24891.0,22299.0
2021-08-01,3,TEN,23406.0,21282.0
2021-08-01,4,TEN,21553.0,19558.0
2021-08-01,5,TEN,20146.0,18639.0
2021-08-01,6,TEN,18910.0,18400.0
2021-08-01,7,TEN,17953.0,17938.0
2021-08-01,8,TEN,17203.0,17244.0
2021-08-01,9,TEN,16623.0,16649.0
2021-08-01,10,TEN,16328.0,16428.0
2021-08-01,11,TEN,16240.0,16339.0
2021-08-01,12,TEN,16271.0,16416.0
2021-08-01,13,TEN,16747.0,16907.0
2021-08-01,14,TEN,17600.0,17700.0
2021-08-01,15,TEN,18486.0,18461.0
2021-08-01,16,TEN,19196.0,18047.0
2021-08-01,17,TEN,20216.0,18661.0
2021-08-01,18,TEN,21141.0,19287.0
2021-08-01,19,TEN,22075.0,20272.0
2021-08-01,20,TEN,22986.0,21185.0
2021-08-01,21,TEN,23615.0,21917.0
2021-08-01,22,TEN,23927.0,22243.0
2021-08-01,23,TEN,23820.0,22109.0
2021-08-02,0,TEN,23113.0,21392.0
2021-08-02,1,TEN,22034.0,20236.0
2021-08-02,2,TEN,21372.0,19594.0
2021-08-02,3,TEN,20095.0,19029.0
2021-08-02,4,TEN,18531.0,18238.0
2021-08-02,5,TEN,17096.0,17151.0
2021-08-02,6,TEN,16038.0,16055.0
2021-08-02,7,TEN,15318.0,15326.0
2021-08-02,8,TEN,14895.0,14903.0
2021-08-02,9,TEN,14786.0,14851.0
2021-08-02,10,TEN,15118.0,15134.0
2021-08-02,11,TEN,15859.0,15817.0
2021-08-02,12,TEN,16504.0,15974.0
2021-08-02,13,TEN,17466.0,16870.0
2021-08-02,14,TEN,18508.0,17984.0
2021-08-02,15,TEN,19737.0,19158.0
2021-08-02,16,TEN,21045.0,20022.0
2021-08-02,17,TEN,22256.0,20801.0
2021-08-02,18,TEN,23282.0,21798.0
2021-08-02,19,TEN,24053.0,22634.0
2021-08-02,20,TEN,24509.0,23053.0
2021-08-02,21,TEN,24618.0,23187.0
2021-08-02,22,TEN,24411.0,23009.0
2021-08-02,23,TEN,23924.0,22467.0
2021-08-03,0,TEN,23019.0,21485.0
2021-08-03,1,TEN,22090.0,20511.0
2021-08-03,2,TEN,21692.0,20150.0
2021-08-03,3,TEN,20451.0,19358.0
2021-08-03,4,TEN,18841.0,18825.0
2021-08-03,5,TEN,17343.0,17405.0
2021-08-03,6,TEN,16208.0,16294.0
2021-08-03,7,TEN,15465.0,15505.0
2021-08-03,8,TEN,15013.0,15099.0
2021-08-03,9,TEN,14704.0,14788.0
2021-08-03,10,TEN,14870.0,14945.0
2021-08-03,11,TEN,15414.0,15496.0
2021-08-03,12,TEN,16047.0,15509.0
2021-08-03,13,TEN,16786.0,16312.0
2021-08-03,14,TEN,17786.0,17237.0
2021-08-03,15,TEN,19038.0,18447.0
2021-08-03,16,TEN,20337.0,19285.0
2021-08-03,17,TEN,21656.0,20128.0
2021-08-03,18,TEN,22770.0,21008.0
2021-08-03,19,TEN,23450.0,21762.0
2021-08-03,20,TEN,24126.0,22410.0
2021-08-03,21,TEN,24590.0,22867.0
2021-08-03,22,TEN,24582.0,22884.0
2021-08-03,23,TEN,24274.0,22578.0
2021-08-04,0,TEN,23402.0,21685.0
2021-08-04,1,TEN,22358.0,20649.0
2021-08-04,2,TEN,21637.0,20136.0
2021-08-04,3,TEN,20208.0,19327.0
2021-08-04,4,TEN,18463.0,18478.0
2021-08-04,5,TEN,16907.0,17026.0
2021-08-04,6,TEN,15748.0,15824.0
2021-08-04,7,TEN,15085.0,15203.0
2021-08-04,8,TEN,14571.0,14751.0
2021-08-04,9,TEN,14166.0,14421.0
2021-08-04,10,TEN,14332.0,14531.0
2021-08-04,11,TEN,15038.0,15194.0
2021-08-04,12,TEN,15650.0,15338.0
2021-08-04,13,TEN,16498.0,16057.0
2021-08-04,14,TEN,17468.0,17061.0
2021-08-04,15,TEN,18572.0,18046.0
2021-08-04,16,TEN,19894.0,18927.0
2021-08-04,17,TEN,21186.0,19781.0
2021-08-04,18,TEN,22154.0,20682.0
2021-08-04,19,TEN,22913.0,21534.0
2021-08-04,20,TEN,23415.0,22002.0
2021-08-04,21,TEN,23739.0,22361.0
2021-08-04,22,TEN,23889.0,22446.0
2021-08-04,23,TEN,23799.0,22372.0
2021-08-05,0,TEN,23163.0,21760.0
2021-08-05,1,TEN,22230.0,20840.0
2021-08-05,2,TEN,21514.0,20125.0
2021-08-05,3,TEN,20068.0,19130.0
2021-08-05,4,TEN,18364.0,18303.0
2021-08-05,5,TEN,16871.0,16980.0
2021-08-05,6,TEN,15864.0,15916.0
2021-08-05,7,TEN,14964.0,15030.0
2021-08-05,8,TEN,14589.0,14677.0
2021-08-05,9,TEN,14324.0,14492.0
2021-08-05,10,TEN,14513.0,14697.0
2021-08-05,11,TEN,15113.0,15257.0
2021-08-05,12,TEN,15815.0,15470.0
2021-08-05,13,TEN,16705.0,16231.0
2021-08-05,14,TEN,17835.0,17296.0
2021-08-05,15,TEN,19221.0,18621.0
2021-08-05,16,TEN,20707.0,19692.0
2021-08-05,17,TEN,22187.0,20522.0
2021-08-05,18,TEN,23457.0,21763.0
2021-08-05,19,TEN,24393.0,22618.0
2021-08-05,20,TEN,25195.0,23510.0
2021-08-05,21,TEN,25613.0,23605.0
2021-08-05,22,TEN,25847.0,23833.0
2021-08-05,23,TEN,25569.0,23455.0
2021-08-06,0,TEN,24739.0,23048.0
2021-08-06,1,TEN,23634.0,21911.0
2021-08-06,2,TEN,22816.0,21294.0
2021-08-06,3,TEN,21293.0,20312.0
2021-08-06,4,TEN,19432.0,19436.0
2021-08-06,5,TEN,17907.0,18021.0
2021-08-06,6,TEN,16874.0,16936.0
2021-08-06,7,TEN,16032.0,16062.0
2021-08-06,8,TEN,15476.0,15535.0
2021-08-06,9,TEN,15210.0,15247.0
2021-08-06,10,TEN,15237.0,15340.0
2021-08-06,11,TEN,15958.0,16073.0
2021-08-06,12,TEN,16740.0,16276.0
2021-08-06,13,TEN,17547.0,17009.0
2021-08-06,14,TEN,18639.0,18118.0
2021-08-06,15,TEN,19802.0,19103.0
2021-08-06,16,TEN,21327.0,20066.0
2021-08-06,17,TEN,22664.0,20891.0
2021-08-06,18,TEN,23571.0,21822.0
2021-08-06,19,TEN,24012.0,22314.0
2021-08-06,20,TEN,24313.0,22574.0
2021-08-06,21,TEN,24487.0,22561.0
2021-08-06,22,TEN,24388.0,22428.0
2021-08-06,23,TEN,23767.0,21946.0
2021-08-07,0,TEN,23002.0,21220.0
2021-08-07,1,TEN,22371.0,20550.0
2021-08-07,2,TEN,21774.0,20066.0
2021-08-07,3,TEN,20631.0,19461.0
2021-08-07,4,TEN,19180.0,19171.0
2021-08-07,5,TEN,17811.0,17881.0
2021-08-07,6,TEN,16775.0,16785.0
2021-08-07,7,TEN,16000.0,15996.0
2021-08-07,8,TEN,15367.0,15399.0
2021-08-07,9,TEN,15067.0,15080.0
2021-08-07,10,TEN,14944.0,15026.0
2021-08-07,11,TEN,15135.0,15253.0
2021-08-07,12,TEN,15157.0,15316.0
2021-08-07,13,TEN,16061.0,16156.0
2021-08-07,14,TEN,17355.0,17489.0
2021-08-07,15,TEN,18732.0,18752.0
2021-08-07,16,TEN,20237.0,19882.0
2021-08-07,17,TEN,21591.0,20599.0
2021-08-07,18,TEN,22520.0,21497.0
2021-08-07,19,TEN,23308.0,22257.0
2021-08-07,20,TEN,23915.0,22792.0
2021-08-07,21,TEN,24372.0,23021.0
2021-08-07,22,TEN,24611.0,23155.0
2021-08-07,23,TEN,24575.0,23085.0
2021-08-08,0,TEN,23923.0,22769.0
2021-08-08,1,TEN,22734.0,21660.0
2021-08-08,2,TEN,21999.0,20912.0
2021-08-08,3,TEN,20681.0,20111.0
2021-08-08,4,TEN,19225.0,19220.0
2021-08-08,5,TEN,17735.0,17796.0
2021-08-08,6,TEN,16631.0,16673.0
2021-08-08,7,TEN,15717.0,15785.0
2021-08-08,8,TEN,15102.0,15132.0
2021-08-08,9,TEN,14714.0,14815.0
2021-08-08,10,TEN,14522.0,14618.0
2021-08-08,11,TEN,14503.0,14580.0
2021-08-08,12,TEN,14579.0,14695.0
2021-08-08,13,TEN,15559.0,15716.0
2021-08-08,14,TEN,17113.0,17263.0
2021-08-08,15,TEN,18751.0,18810.0
2021-08-08,16,TEN,20620.0,20251.0
2021-08-08,17,TEN,22197.0,21269.0
2021-08-08,18,TEN,23583.0,22609.0
2021-08-08,19,TEN,24671.0,23673.0
2021-08-08,20,TEN,25522.0,24140.0
2021-08-08,21,TEN,26114.0,24366.0
2021-08-08,22,TEN,26384.0,24429.0
2021-08-08,23,TEN,26298.0,24419.0
2021-08-09,0,TEN,25657.0,24330.0
2021-08-09,1,TEN,24622.0,23647.0
2021-08-09,2,TEN,23838.0,22742.0
2021-08-09,3,TEN,22058.0,20969.0
2021-08-09,4,TEN,20406.0,20010.0
2021-08-09,5,TEN,18761.0,18872.0
2021-08-09,6,TEN,17740.0,17723.0
2021-08-09,7,TEN,16938.0,16960.0
2021-08-09,8,TEN,16484.0,16517.0
2021-08-09,9,TEN,16276.0,16287.0
2021-08-09,10,TEN,16539.0,16615.0
2021-08-09,11,TEN,17452.0,17431.0
2021-08-09,12,TEN,18276.0,17585.0
2021-08-09,13,TEN,18983.0,17873.0
2021-08-09,14,TEN,20507.0,18664.0
2021-08-09,15,TEN,22386.0,19818.0
2021-08-09,16,TEN,24380.0,21730.0
2021-08-09,17,TEN,26182.0,23616.0
2021-08-09,18,TEN,27455.0,25092.0
2021-08-09,19,TEN,28253.0,25726.0
2021-08-09,20,TEN,28829.0,26339.0
2021-08-09,21,TEN,29134.0,26533.0
2021-08-09,22,TEN,29134.0,26474.0
2021-08-09,23,TEN,28856.0,26183.0
2021-08-10,0,TEN,28076.0,25575.0
2021-08-10,1,TEN,26973.0,24486.0
2021-08-10,2,TEN,26171.0,23680.0
2021-08-10,3,TEN,24253.0,21907.0
2021-08-10,4,TEN,22455.0,21054.0
2021-08-10,5,TEN,20730.0,19511.0
2021-08-10,6,TEN,19563.0,18782.0
2021-08-10,7,TEN,18686.0,18222.0
2021-08-10,8,TEN,18039.0,17540.0
2021-08-10,9,TEN,17712.0,17258.0
2021-08-10,10,TEN,17738.0,17356.0
2021-08-10,11,TEN,18508.0,18126.0
2021-08-10,12,TEN,19293.0,18824.0
2021-08-10,13,TEN,20276.0,19416.0
2021-08-10,14,TEN,21823.0,20745.0
2021-08-10,15,TEN,23647.0,22134.0
2021-08-10,16,TEN,25811.0,23703.0
2021-08-10,17,TEN,27375.0,24195.0
2021-08-10,18,TEN,28575.0,24796.0
2021-08-10,19,TEN,29383.0,25546.0
2021-08-10,20,TEN,29911.0,25987.0
2021-08-10,21,TEN,30133.0,26142.0
2021-08-10,22,TEN,30199.0,26241.0
2021-08-10,23,TEN,29733.0,25776.0
2021-08-11,0,TEN,28752.0,24801.0
2021-08-11,1,TEN,27808.0,24269.0
2021-08-11,2,TEN,26866.0,24152.0
2021-08-11,3,TEN,25165.0,22871.0
2021-08-11,4,TEN,23134.0,21454.0
2021-08-11,5,TEN,21414.0,19959.0
2021-08-11,6,TEN,20111.0,19184.0
2021-08-11,7,TEN,19132.0,18658.0
2021-08-11,8,TEN,18443.0,18462.0
2021-08-11,9,TEN,17954.0,17957.0
2021-08-11,10,TEN,18091.0,18155.0
2021-08-11,11,TEN,18879.0,18773.0
2021-08-11,12,TEN,19457.0,18805.0
2021-08-11,13,TEN,20584.0,19624.0
2021-08-11,14,TEN,22078.0,20691.0
2021-08-11,15,TEN,24119.0,22120.0
2021-08-11,16,TEN,26191.0,23827.0
2021-08-11,17,TEN,27835.0,25375.0
2021-08-11,18,TEN,29028.0,25958.0
2021-08-11,19,TEN,29831.0,26431.0
2021-08-11,20,TEN,30130.0,26660.0
2021-08-11,21,TEN,30148.0,26488.0
2021-08-11,22,TEN,29933.0,26418.0
2021-08-11,23,TEN,29270.0,25769.0
2021-08-12,0,TEN,28260.0,25136.0
2021-08-12,1,TEN,27107.0,24223.0
2021-08-12,2,TEN,26059.0,23814.0
2021-08-12,3,TEN,24405.0,22550.0
2021-08-12,4,TEN,22463.0,21141.0
2021-08-12,5,TEN,20705.0,19793.0
2021-08-12,6,TEN,19363.0,18537.0
2021-08-12,7,TEN,18320.0,17321.0
2021-08-12,8,TEN,17599.0,16587.0
2021-08-12,9,TEN,17211.0,16272.0
2021-08-12,10,TEN,17237.0,16299.0
2021-08-12,11,TEN,18062.0,17065.0
2021-08-12,12,TEN,18726.0,17259.0
2021-08-12,13,TEN,19820.0,18196.0
2021-08-12,14,TEN,21073.0,19528.0
2021-08-12,15,TEN,22510.0,20663.0
2021-08-12,16,TEN,24096.0,22213.0
2021-08-12,17,TEN,25730.0,23670.0
2021-08-12,18,TEN,27317.0,24800.0
2021-08-12,19,TEN,28450.0,25259.0
2021-08-12,20,TEN,29222.0,25935.0
2021-08-12,21,TEN,29884.0,26471.0
2021-08-12,22,TEN,29678.0,26364.0
2021-08-12,23,TEN,29145.0,25880.0
2021-08-13,0,TEN,28150.0,25568.0
2021-08-13,1,TEN,27112.0,24784.0
2021-08-13,2,TEN,26246.0,24197.0
2021-08-13,3,TEN,24605.0,22545.0
2021-08-13,4,TEN,22475.0,21120.0
2021-08-13,5,TEN,20863.0,19983.0
2021-08-13,6,TEN,19502.0,18475.0
2021-08-13,7,TEN,18583.0,17544.0
2021-08-13,8,TEN,17838.0,16851.0
2021-08-13,9,TEN,17326.0,16401.0
2021-08-13,10,TEN,17382.0,16479.0
2021-08-13,11,TEN,17941.0,16954.0
2021-08-13,12,TEN,18753.0,17257.0
2021-08-13,13,TEN,19830.0,18259.0
2021-08-13,14,TEN,21364.0,19783.0
2021-08-13,15,TEN,23066.0,21200.0
2021-08-13,16,TEN,24980.0,23132.0
2021-08-13,17,TEN,26599.0,24590.0
2021-08-13,18,TEN,27649.0,25728.0
2021-08-13,19,TEN,27537.0,25283.0
2021-08-13,20,TEN,26721.0,24211.0
2021-08-13,21,TEN,26061.0,23185.0
2021-08-13,22,TEN,25568.0,22995.0
2021-08-13,23,TEN,24691.0,22366.0
2021-08-14,0,TEN,23598.0,21921.0
2021-08-14,1,TEN,22904.0,21063.0
2021-08-14,2,TEN,22336.0,20453.0
2021-08-14,3,TEN,21197.0,19464.0
2021-08-14,4,TEN,19815.0,18721.0
2021-08-14,5,TEN,18522.0,17619.0
2021-08-14,6,TEN,17474.0,17093.0
2021-08-14,7,TEN,16637.0,16666.0
2021-08-14,8,TEN,16123.0,16197.0
2021-08-14,9,TEN,15880.0,15968.0
2021-08-14,10,TEN,15548.0,15688.0
2021-08-14,11,TEN,15816.0,15838.0
2021-08-14,12,TEN,16017.0,16039.0
2021-08-14,13,TEN,16884.0,17031.0
2021-08-14,14,TEN,18534.0,18632.0
2021-08-14,15,TEN,20255.0,19867.0
2021-08-14,16,TEN,22182.0,21021.0
2021-08-14,17,TEN,23908.0,22094.0
2021-08-14,18,TEN,25104.0,22819.0
2021-08-14,19,TEN,26003.0,23351.0
2021-08-14,20,TEN,26556.0,23552.0
2021-08-14,21,TEN,26780.0,23412.0
2021-08-14,22,TEN,26846.0,23408.0
2021-08-14,23,TEN,26477.0,23149.0
2021-08-15,0,TEN,25206.0,22424.0
2021-08-15,1,TEN,23866.0,22137.0
2021-08-15,2,TEN,22849.0,21426.0
2021-08-15,3,TEN,21485.0,20525.0
2021-08-15,4,TEN,19936.0,19593.0
2021-08-15,5,TEN,18624.0,18652.0
2021-08-15,6,TEN,17481.0,17577.0
2021-08-15,7,TEN,16710.0,16638.0
2021-08-15,8,TEN,15972.0,15962.0
2021-08-15,9,TEN,15597.0,15594.0
2021-08-15,10,TEN,15333.0,15344.0
2021-08-15,11,TEN,15346.0,15381.0
2021-08-15,12,TEN,15448.0,15489.0
2021-08-15,13,TEN,16242.0,16416.0
2021-08-15,14,TEN,17460.0,17570.0
2021-08-15,15,TEN,18733.0,18787.0
2021-08-15,16,TEN,19727.0,19358.0
2021-08-15,17,TEN,20839.0,19980.0
2021-08-15,18,TEN,22064.0,21129.0
2021-08-15,19,TEN,22889.0,22089.0
2021-08-15,20,TEN,23237.0,22110.0
2021-08-15,21,TEN,23111.0,21962.0
2021-08-15,22,TEN,22861.0,21812.0
2021-08-15,23,TEN,22318.0,21477.0
2021-08-16,0,TEN,21737.0,20855.0
2021-08-16,1,TEN,21242.0,20380.0
2021-08-16,2,TEN,20783.0,19906.0
2021-08-16,3,TEN,19704.0,19265.0
2021-08-16,4,TEN,18350.0,18430.0
2021-08-16,5,TEN,17270.0,17229.0
2021-08-16,6,TEN,16374.0,16436.0
2021-08-16,7,TEN,15713.0,15784.0
2021-08-16,8,TEN,15422.0,15464.0
2021-08-16,9,TEN,15314.0,15753.0
2021-08-16,10,TEN,15728.0,16228.0
2021-08-16,11,TEN,16673.0,17268.0
2021-08-16,12,TEN,17694.0,18275.0
2021-08-16,13,TEN,18222.0,18866.0
2021-08-16,14,TEN,19010.0,19249.0
2021-08-16,15,TEN,20017.0,20183.0
2021-08-16,16,TEN,21285.0,20753.0
2021-08-16,17,TEN,22480.0,21498.0
2021-08-16,18,TEN,23707.0,22678.0
2021-08-16,19,TEN,24405.0,23464.0
2021-08-16,20,TEN,24811.0,23889.0
2021-08-16,21,TEN,25082.0,23885.0
2021-08-16,22,TEN,25197.0,24004.0
2021-08-16,23,TEN,24919.0,23748.0
2021-08-17,0,TEN,24457.0,23301.0
2021-08-17,1,TEN,23808.0,22807.0
2021-08-17,2,TEN,23115.0,22094.0
2021-08-17,3,TEN,21683.0,20703.0
2021-08-17,4,TEN,19932.0,19579.0
2021-08-17,5,TEN,18486.0,18603.0
2021-08-17,6,TEN,17412.0,17455.0
2021-08-17,7,TEN,16691.0,16704.0
2021-08-17,8,TEN,16136.0,16151.0
2021-08-17,9,TEN,15928.0,15939.0
2021-08-17,10,TEN,16126.0,16150.0
2021-08-17,11,TEN,17073.0,17099.0
2021-08-17,12,TEN,17917.0,17970.0
2021-08-17,13,TEN,18565.0,18716.0
2021-08-17,14,TEN,19500.0,19625.0
2021-08-17,15,TEN,20539.0,20207.0
2021-08-17,16,TEN,21617.0,20822.0
2021-08-17,17,TEN,22465.0,21639.0
2021-08-17,18,TEN,23127.0,22203.0
2021-08-17,19,TEN,23614.0,22725.0
2021-08-17,20,TEN,24100.0,23212.0
2021-08-17,21,TEN,24500.0,23607.0
2021-08-17,22,TEN,24732.0,23806.0
2021-08-17,23,TEN,24810.0,23782.0
2021-08-18,0,TEN,24287.0,23356.0
2021-08-18,1,TEN,23464.0,22560.0
2021-08-18,2,TEN,22931.0,21942.0
2021-08-18,3,TEN,21551.0,20571.0
2021-08-18,4,TEN,19875.0,19380.0
2021-08-18,5,TEN,18375.0,18514.0
2021-08-18,6,TEN,17330.0,17412.0
2021-08-18,7,TEN,16609.0,16642.0
2021-08-18,8,TEN,16186.0,16184.0
2021-08-18,9,TEN,15923.0,15988.0
2021-08-18,10,TEN,16019.0,16132.0
2021-08-18,11,TEN,16828.0,17070.0
2021-08-18,12,TEN,17747.0,18061.0
2021-08-18,13,TEN,18479.0,18340.0
2021-08-18,14,TEN,19531.0,18929.0
2021-08-18,15,TEN,20952.0,20354.0
2021-08-18,16,TEN,22419.0,21751.0
2021-08-18,17,TEN,23952.0,23110.0
2021-08-18,18,TEN,25106.0,24133.0
2021-08-18,19,TEN,25529.0,24616.0
2021-08-18,20,TEN,25571.0,24456.0
2021-08-18,21,TEN,25825.0,24473.0
2021-08-18,22,TEN,25667.0,24362.0
2021-08-18,23,TEN,25153.0,23872.0
2021-08-19,0,TEN,24271.0,23033.0
2021-08-19,1,TEN,23351.0,22115.0
2021-08-19,2,TEN,22568.0,21376.0
2021-08-19,3,TEN,21219.0,20213.0
2021-08-19,4,TEN,19740.0,18768.0
2021-08-19,5,TEN,18454.0,17765.0
2021-08-19,6,TEN,17427.0,17655.0
2021-08-19,7,TEN,16798.0,16958.0
2021-08-19,8,TEN,16249.0,16701.0
2021-08-19,9,TEN,16086.0,16521.0
2021-08-19,10,TEN,16289.0,16772.0
2021-08-19,11,TEN,17177.0,17391.0
2021-08-19,12,TEN,18191.0,18485.0
2021-08-19,13,TEN,18759.0,19015.0
2021-08-19,14,TEN,19405.0,19244.0
2021-08-19,15,TEN,20220.0,19523.0
2021-08-19,16,TEN,21219.0,20498.0
2021-08-19,17,TEN,22444.0,21758.0
2021-08-19,18,TEN,23195.0,22523.0
2021-08-19,19,TEN,23834.0,23159.0
2021-08-19,20,TEN,24441.0,23729.0
2021-08-19,21,TEN,24924.0,24136.0
2021-08-19,22,TEN,25086.0,24217.0
2021-08-19,23,TEN,24647.0,23759.0
2021-08-20,0,TEN,23887.0,22997.0
2021-08-20,1,TEN,23275.0,22381.0
2021-08-20,2,TEN,22681.0,21968.0
2021-08-20,3,TEN,21424.0,21133.0
2021-08-20,4,TEN,19845.0,20051.0
2021-08-20,5,TEN,18174.0,18734.0
2021-08-20,6,TEN,17622.0,17747.0
2021-08-20,7,TEN,16926.0,16976.0
2021-08-20,8,TEN,16485.0,16519.0
2021-08-20,9,TEN,16325.0,16351.0
2021-08-20,10,TEN,16602.0,16762.0
2021-08-20,11,TEN,17463.0,17614.0
2021-08-20,12,TEN,18388.0,18590.0
2021-08-20,13,TEN,19020.0,19269.0
2021-08-20,14,TEN,19731.0,19968.0
2021-08-20,15,TEN,20610.0,20824.0
2021-08-20,16,TEN,21711.0,21461.0
2021-08-20,17,TEN,22709.0,21917.0
2021-08-20,18,TEN,23696.0,22688.0
2021-08-20,19,TEN,24498.0,23463.0
2021-08-20,20,TEN,25115.0,24109.0
2021-08-20,21,TEN,25528.0,24474.0
2021-08-20,22,TEN,25681.0,24730.0
2021-08-20,23,TEN,25578.0,24583.0
2021-08-21,0,TEN,24643.0,23911.0
2021-08-21,1,TEN,23728.0,22897.0
2021-08-21,2,TEN,22939.0,22165.0
2021-08-21,3,TEN,21619.0,21346.0
2021-08-21,4,TEN,20151.0,20325.0
2021-08-21,5,TEN,18773.0,18904.0
2021-08-21,6,TEN,17682.0,17767.0
2021-08-21,7,TEN,16836.0,16931.0
2021-08-21,8,TEN,16357.0,16439.0
2021-08-21,9,TEN,16035.0,16115.0
2021-08-21,10,TEN,15947.0,16109.0
2021-08-21,11,TEN,16185.0,16307.0
2021-08-21,12,TEN,16328.0,16588.0
2021-08-21,13,TEN,17061.0,17366.0
2021-08-21,14,TEN,18165.0,18479.0
2021-08-21,15,TEN,19491.0,19691.0
2021-08-21,16,TEN,20604.0,20399.0
2021-08-21,17,TEN,21571.0,21270.0
2021-08-21,18,TEN,22359.0,21975.0
2021-08-21,19,TEN,22928.0,22079.0
2021-08-21,20,TEN,23451.0,22662.0
2021-08-21,21,TEN,23979.0,23019.0
2021-08-21,22,TEN,24086.0,23005.0
2021-08-21,23,TEN,23866.0,23054.0
2021-08-22,0,TEN,23105.0,22294.0
2021-08-22,1,TEN,22482.0,22130.0
2021-08-22,2,TEN,21655.0,21267.0
2021-08-22,3,TEN,20593.0,20349.0
2021-08-22,4,TEN,19357.0,19525.0
2021-08-22,5,TEN,18194.0,18327.0
2021-08-22,6,TEN,17234.0,17396.0
2021-08-22,7,TEN,16613.0,16684.0
2021-08-22,8,TEN,16079.0,16137.0
2021-08-22,9,TEN,15834.0,15897.0
2021-08-22,10,TEN,15722.0,15814.0
2021-08-22,11,TEN,15887.0,15933.0
2021-08-22,12,TEN,16018.0,16149.0
2021-08-22,13,TEN,16631.0,16928.0
2021-08-22,14,TEN,17915.0,18085.0
2021-08-22,15,TEN,19631.0,19792.0
2021-08-22,16,TEN,21213.0,20926.0
2021-08-22,17,TEN,22825.0,22440.0
2021-08-22,18,TEN,24117.0,23730.0
2021-08-22,19,TEN,25256.0,24225.0
2021-08-22,20,TEN,26143.0,24903.0
2021-08-22,21,TEN,26772.0,25648.0
2021-08-22,22,TEN,27322.0,26043.0
2021-08-22,23,TEN,27118.0,25862.0
2021-08-23,0,TEN,26055.0,25029.0
2021-08-23,1,TEN,25027.0,24020.0
2021-08-23,2,TEN,23962.0,22965.0
2021-08-23,3,TEN,22259.0,21943.0
2021-08-23,4,TEN,20491.0,20754.0
2021-08-23,5,TEN,18916.0,19029.0
2021-08-23,6,TEN,17686.0,17785.0
2021-08-23,7,TEN,16837.0,17139.0
2021-08-23,8,TEN,16287.0,16572.0
2021-08-23,9,TEN,15920.0,16241.0
2021-08-23,10,TEN,16202.0,16524.0
2021-08-23,11,TEN,17193.0,17365.0
2021-08-23,12,TEN,17967.0,18164.0
2021-08-23,13,TEN,18837.0,19125.0
2021-08-23,14,TEN,20371.0,20583.0
2021-08-23,15,TEN,22166.0,22365.0
2021-08-23,16,TEN,24357.0,23558.0
2021-08-23,17,TEN,25906.0,24563.0
2021-08-23,18,TEN,27264.0,25440.0
2021-08-23,19,TEN,27914.0,26011.0
2021-08-23,20,TEN,28239.0,26142.0
2021-08-23,21,TEN,28659.0,26840.0
2021-08-23,22,TEN,28758.0,26917.0
2021-08-23,23,TEN,28311.0,26475.0
2021-08-24,0,TEN,27754.0,26136.0
2021-08-24,1,TEN,26873.0,25585.0
2021-08-24,2,TEN,25593.0,24512.0
2021-08-24,3,TEN,23631.0,23063.0
2021-08-24,4,TEN,21696.0,21812.0
2021-08-24,5,TEN,19903.0,19982.0
2021-08-24,6,TEN,18580.0,18666.0
2021-08-24,7,TEN,17619.0,17651.0
2021-08-24,8,TEN,16978.0,17051.0
2021-08-24,9,TEN,16608.0,16776.0
2021-08-24,10,TEN,16762.0,16858.0
2021-08-24,11,TEN,17538.0,17749.0
2021-08-24,12,TEN,18336.0,18570.0
2021-08-24,13,TEN,19154.0,19382.0
2021-08-24,14,TEN,20659.0,20442.0
2021-08-24,15,TEN,22747.0,21948.0
2021-08-24,16,TEN,24787.0,23694.0
2021-08-24,17,TEN,26604.0,25208.0
2021-08-24,18,TEN,28128.0,27011.0
2021-08-24,19,TEN,29104.0,27838.0
2021-08-24,20,TEN,29800.0,28093.0
2021-08-24,21,TEN,30047.0,28191.0
2021-08-24,22,TEN,30125.0,28058.0
2021-08-24,23,TEN,29700.0,27535.0
2021-08-25,0,TEN,28764.0,27383.0
2021-08-25,1,TEN,27608.0,25820.0
2021-08-25,2,TEN,26302.0,25107.0
2021-08-25,3,TEN,24434.0,23273.0
2021-08-25,4,TEN,22333.0,21739.0
2021-08-25,5,TEN,20498.0,20046.0
2021-08-25,6,TEN,19074.0,18868.0
2021-08-25,7,TEN,18187.0,18226.0
2021-08-25,8,TEN,17500.0,17493.0
2021-08-25,9,TEN,17162.0,17183.0
2021-08-25,10,TEN,17177.0,17272.0
2021-08-25,11,TEN,17931.0,18051.0
2021-08-25,12,TEN,18722.0,18892.0
2021-08-25,13,TEN,19674.0,19897.0
2021-08-25,14,TEN,21136.0,21184.0
2021-08-25,15,TEN,23235.0,22628.0
2021-08-25,16,TEN,25382.0,24311.0
2021-08-25,17,TEN,27317.0,26287.0
2021-08-25,18,TEN,28789.0,27271.0
2021-08-25,19,TEN,29421.0,27294.0
2021-08-25,20,TEN,29451.0,26805.0
2021-08-25,21,TEN,29526.0,27129.0
2021-08-25,22,TEN,29314.0,27047.0
2021-08-25,23,TEN,28747.0,26775.0
2021-08-26,0,TEN,27980.0,26839.0
2021-08-26,1,TEN,27266.0,26183.0
2021-08-26,2,TEN,26051.0,24978.0
2021-08-26,3,TEN,24229.0,22918.0
2021-08-26,4,TEN,22111.0,21027.0
2021-08-26,5,TEN,20583.0,20132.0
2021-08-26,6,TEN,19300.0,19353.0
2021-08-26,7,TEN,18374.0,18399.0
2021-08-26,8,TEN,17742.0,17727.0
2021-08-26,9,TEN,17317.0,17316.0
2021-08-26,10,TEN,17411.0,17467.0
2021-08-26,11,TEN,18175.0,18263.0
2021-08-26,12,TEN,18993.0,19145.0
2021-08-26,13,TEN,19759.0,19971.0
2021-08-26,14,TEN,21330.0,21378.0
2021-08-26,15,TEN,23059.0,22776.0
2021-08-26,16,TEN,25170.0,24301.0
2021-08-26,17,TEN,27090.0,25764.0
2021-08-26,18,TEN,28624.0,27539.0
2021-08-26,19,TEN,29329.0,27546.0
2021-08-26,20,TEN,29775.0,27806.0
2021-08-26,21,TEN,29817.0,27748.0
2021-08-26,22,TEN,29602.0,27417.0
2021-08-26,23,TEN,28850.0,26894.0
2021-08-27,0,TEN,27646.0,26189.0
2021-08-27,1,TEN,26737.0,25917.0
2021-08-27,2,TEN,25667.0,24802.0
2021-08-27,3,TEN,23868.0,23146.0
2021-08-27,4,TEN,22026.0,21739.0
2021-08-27,5,TEN,20499.0,20539.0
2021-08-27,6,TEN,19214.0,19290.0
2021-08-27,7,TEN,18242.0,18380.0
2021-08-27,8,TEN,17591.0,17687.0
2021-08-27,9,TEN,17138.0,17287.0
2021-08-27,10,TEN,17216.0,17394.0
2021-08-27,11,TEN,17986.0,18155.0
2021-08-27,12,TEN,18762.0,18972.0
2021-08-27,13,TEN,19755.0,19976.0
2021-08-27,14,TEN,21264.0,21515.0
2021-08-27,15,TEN,23111.0,22542.0
2021-08-27,16,TEN,24771.0,23623.0
2021-08-27,17,TEN,26246.0,24770.0
2021-08-27,18,TEN,27394.0,25849.0
2021-08-27,19,TEN,28180.0,26987.0
2021-08-27,20,TEN,28702.0,27317.0
2021-08-27,21,TEN,29024.0,27656.0
2021-08-27,22,TEN,29045.0,27629.0
2021-08-27,23,TEN,28393.0,27188.0
2021-08-28,0,TEN,27150.0,25688.0
2021-08-28,1,TEN,25904.0,24464.0
2021-08-28,2,TEN,24788.0,23918.0
2021-08-28,3,TEN,23123.0,22831.0
2021-08-28,4,TEN,21569.0,21753.0
2021-08-28,5,TEN,20222.0,20160.0
2021-08-28,6,TEN,18734.0,18812.0
2021-08-28,7,TEN,17817.0,17895.0
2021-08-28,8,TEN,17080.0,17132.0
2021-08-28,9,TEN,16653.0,16697.0
2021-08-28,10,TEN,16332.0,16490.0
2021-08-28,11,TEN,16389.0,16527.0
2021-08-28,12,TEN,16551.0,16694.0
2021-08-28,13,TEN,17347.0,17566.0
2021-08-28,14,TEN,19305.0,19550.0
2021-08-28,15,TEN,21351.0,21500.0
2021-08-28,16,TEN,23287.0,23019.0
2021-08-28,17,TEN,24977.0,24262.0
2021-08-28,18,TEN,26181.0,25180.0
2021-08-28,19,TEN,27074.0,26032.0
2021-08-28,20,TEN,27618.0,26615.0
2021-08-28,21,TEN,27872.0,26867.0
2021-08-28,22,TEN,27628.0,26673.0
2021-08-28,23,TEN,27189.0,26222.0
2021-08-29,0,TEN,26104.0,25111.0
2021-08-29,1,TEN,24796.0,24039.0
2021-08-29,2,TEN,23778.0,22976.0
2021-08-29,3,TEN,22254.0,21966.0
2021-08-29,4,TEN,20717.0,20844.0
2021-08-29,5,TEN,19320.0,19485.0
2021-08-29,6,TEN,18129.0,18330.0
2021-08-29,7,TEN,17149.0,17346.0
2021-08-29,8,TEN,16552.0,16695.0
2021-08-29,9,TEN,16136.0,16266.0
2021-08-29,10,TEN,15886.0,16066.0
2021-08-29,11,TEN,15903.0,16032.0
2021-08-29,12,TEN,15984.0,16191.0
2021-08-29,13,TEN,16787.0,17061.0
2021-08-29,14,TEN,18381.0,18616.0
2021-08-29,15,TEN,20195.0,20410.0
2021-08-29,16,TEN,22070.0,21760.0
2021-08-29,17,TEN,24087.0,23309.0
2021-08-29,18,TEN,25573.0,24793.0
2021-08-29,19,TEN,26584.0,25621.0
2021-08-29,20,TEN,27347.0,26042.0
2021-08-29,21,TEN,27903.0,26271.0
2021-08-29,22,TEN,27845.0,25977.0
2021-08-29,23,TEN,27186.0,25421.0
2021-08-30,0,TEN,25726.0,24340.0
2021-08-30,1,TEN,24697.0,23685.0
2021-08-30,2,TEN,23672.0,22890.0
2021-08-30,3,TEN,22053.0,21279.0
2021-08-30,4,TEN,20464.0,20061.0
2021-08-30,5,TEN,19053.0,19136.0
2021-08-30,6,TEN,17954.0,17989.0
2021-08-30,7,TEN,17143.0,17196.0
2021-08-30,8,TEN,16771.0,16836.0
2021-08-30,9,TEN,16609.0,16696.0
2021-08-30,10,TEN,16799.0,16959.0
2021-08-30,11,TEN,17634.0,17825.0
2021-08-30,12,TEN,18688.0,18841.0
2021-08-30,13,TEN,19328.0,19527.0
2021-08-30,14,TEN,20014.0,20158.0
2021-08-30,15,TEN,21019.0,21169.0
2021-08-30,16,TEN,22036.0,21693.0
2021-08-30,17,TEN,22978.0,22142.0
2021-08-30,18,TEN,23652.0,22838.0
2021-08-30,19,TEN,24018.0,23380.0
2021-08-30,20,TEN,23959.0,23316.0
2021-08-30,21,TEN,23727.0,23056.0
2021-08-30,22,TEN,23127.0,22377.0
2021-08-30,23,TEN,22464.0,21670.0
2021-08-31,0,TEN,21739.0,21044.0
2021-08-31,1,TEN,21538.0,20879.0
2021-08-31,2,TEN,20672.0,19969.0
2021-08-31,3,TEN,19705.0,19293.0
2021-08-31,4,TEN,18576.0,18577.0
2021-08-31,5,TEN,17309.0,17342.0
2021-08-31,6,TEN,16598.0,16737.0
2021-08-31,7,TEN,16052.0,16144.0
2021-08-31,8,TEN,15705.0,15797.0
2021-08-31,9,TEN,15542.0,15697.0
2021-08-31,10,TEN,15844.0,16017.0
2021-08-31,11,TEN,16771.0,16940.0
2021-08-31,12,TEN,17709.0,17875.0
2021-08-31,13,TEN,18213.0,18397.0
2021-08-31,14,TEN,18663.0,18854.0
2021-08-31,15,TEN,19122.0,19358.0
2021-08-31,16,TEN,19576.0,19908.0
2021-08-31,17,TEN,19966.0,20317.0
2021-08-31,18,TEN,20326.0,20889.0
2021-08-31,19,TEN,20511.0,21148.0
2021-08-31,20,TEN,20720.0,21343.0
2021-08-31,21,TEN,21094.0,21764.0
2021-08-31,22,TEN,21435.0,21974.0
2021-08-31,23,TEN,21550.0,22024.0
2021-09-01,0,TEN,21336.0,21772.0
2021-09-01,1,TEN,21078.0,21249.0
2021-09-01,2,TEN,20477.0,20620.0
2021-09-01,3,TEN,19375.0,19448.0
2021-09-01,4,TEN,18269.0,18312.0
2021-09-01,5,TEN,17159.0,17229.0
2021-09-01,6,TEN,16229.0,16312.0
2021-09-01,7,TEN,15671.0,15764.0
2021-09-01,8,TEN,15379.0,15478.0
2021-09-01,9,TEN,15279.0,15374.0
2021-09-01,10,TEN,15447.0,15626.0
2021-09-01,11,TEN,16170.0,16307.0
2021-09-01,12,TEN,17023.0,17170.0
2021-09-01,13,TEN,17570.0,17821.0
2021-09-01,14,TEN,18402.0,18652.0
2021-09-01,15,TEN,19267.0,19530.0
2021-09-01,16,TEN,20294.0,20385.0
2021-09-01,17,TEN,21575.0,21659.0
2021-09-01,18,TEN,22752.0,22740.0
2021-09-01,19,TEN,23564.0,22936.0
2021-09-01,20,TEN,24113.0,23225.0
2021-09-01,21,TEN,24412.0,23391.0
2021-09-01,22,TEN,24310.0,23263.0
2021-09-01,23,TEN,23992.0,22889.0
2021-09-02,0,TEN,23241.0,22121.0
2021-09-02,1,TEN,22502.0,21846.0
2021-09-02,2,TEN,21606.0,21419.0
2021-09-02,3,TEN,20143.0,20084.0
2021-09-02,4,TEN,18531.0,18632.0
2021-09-02,5,TEN,17056.0,17192.0
2021-09-02,6,TEN,15964.0,16096.0
2021-09-02,7,TEN,15317.0,15450.0
2021-09-02,8,TEN,14777.0,15010.0
2021-09-02,9,TEN,14517.0,14781.0
2021-09-02,10,TEN,14634.0,14933.0
2021-09-02,11,TEN,15434.0,15804.0
2021-09-02,12,TEN,16228.0,16549.0
2021-09-02,13,TEN,16809.0,16966.0
2021-09-02,14,TEN,17860.0,18113.0
2021-09-02,15,TEN,18985.0,19164.0
2021-09-02,16,TEN,20222.0,19982.0
2021-09-02,17,TEN,21223.0,20998.0
2021-09-02,18,TEN,22210.0,20909.0
2021-09-02,19,TEN,23044.0,21676.0
2021-09-02,20,TEN,23793.0,22402.0
2021-09-02,21,TEN,24280.0,22633.0
2021-09-02,22,TEN,24372.0,22793.0
2021-09-02,23,TEN,23928.0,22429.0
2021-09-03,0,TEN,22831.0,21564.0
2021-09-03,1,TEN,21821.0,20743.0
2021-09-03,2,TEN,20744.0,19960.0
2021-09-03,3,TEN,19234.0,18968.0
2021-09-03,4,TEN,17622.0,17728.0
2021-09-03,5,TEN,16184.0,16333.0
2021-09-03,6,TEN,15246.0,15341.0
2021-09-03,7,TEN,14610.0,14980.0
2021-09-03,8,TEN,14150.0,14746.0
2021-09-03,9,TEN,13973.0,14735.0
2021-09-03,10,TEN,14123.0,14770.0
2021-09-03,11,TEN,14816.0,15039.0
2021-09-03,12,TEN,15436.0,15549.0
2021-09-03,13,TEN,16037.0,16180.0
2021-09-03,14,TEN,16957.0,17054.0
2021-09-03,15,TEN,17762.0,17877.0
2021-09-03,16,TEN,18788.0,18790.0
2021-09-03,17,TEN,20016.0,19970.0
2021-09-03,18,TEN,21245.0,20973.0
2021-09-03,19,TEN,22381.0,21994.0
2021-09-03,20,TEN,23203.0,22274.0
2021-09-03,21,TEN,23822.0,22489.0
2021-09-03,22,TEN,23863.0,22552.0
2021-09-03,23,TEN,23284.0,22022.0
2021-09-04,0,TEN,21975.0,20912.0
2021-09-04,1,TEN,21062.0,20465.0
2021-09-04,2,TEN,20094.0,19757.0
2021-09-04,3,TEN,18739.0,18669.0
2021-09-04,4,TEN,17427.0,17487.0
2021-09-04,5,TEN,16225.0,16318.0
2021-09-04,6,TEN,15177.0,15388.0
2021-09-04,7,TEN,14433.0,14624.0
2021-09-04,8,TEN,13959.0,14360.0
2021-09-04,9,TEN,13635.0,14187.0
2021-09-04,10,TEN,13518.0,14113.0
2021-09-04,11,TEN,13637.0,14214.0
2021-09-04,12,TEN,13656.0,14141.0
2021-09-04,13,TEN,14379.0,14618.0
2021-09-04,14,TEN,15654.0,15926.0
2021-09-04,15,TEN,17025.0,17092.0
2021-09-04,16,TEN,18488.0,18319.0
2021-09-04,17,TEN,19887.0,19397.0
2021-09-04,18,TEN,21096.0,20445.0
2021-09-04,19,TEN,22238.0,21544.0
2021-09-04,20,TEN,22945.0,21638.0
2021-09-04,21,TEN,23526.0,21832.0
2021-09-04,22,TEN,23648.0,21932.0
2021-09-04,23,TEN,23255.0,21351.0
2021-09-05,0,TEN,22063.0,20584.0
2021-09-05,1,TEN,21129.0,20203.0
2021-09-05,2,TEN,20036.0,19598.0
2021-09-05,3,TEN,18751.0,18438.0
2021-09-05,4,TEN,17457.0,17597.0
2021-09-05,5,TEN,16246.0,16390.0
2021-09-05,6,TEN,15222.0,15422.0
2021-09-05,7,TEN,14518.0,14676.0
2021-09-05,8,TEN,14023.0,14162.0
2021-09-05,9,TEN,13772.0,14023.0
2021-09-05,10,TEN,13597.0,13958.0
2021-09-05,11,TEN,13734.0,14086.0
2021-09-05,12,TEN,13794.0,14156.0
2021-09-05,13,TEN,14426.0,14663.0
2021-09-05,14,TEN,15438.0,15656.0
2021-09-05,15,TEN,16595.0,16781.0
2021-09-05,16,TEN,17562.0,17591.0
2021-09-05,17,TEN,18492.0,18164.0
2021-09-05,18,TEN,19251.0,18685.0
2021-09-05,19,TEN,19782.0,19245.0
2021-09-05,20,TEN,19944.0,19501.0
2021-09-05,21,TEN,19993.0,19527.0
2021-09-05,22,TEN,20299.0,20028.0
2021-09-05,23,TEN,20321.0,20546.0
2021-09-06,0,TEN,19744.0,19945.0
2021-09-06,1,TEN,19504.0,19622.0
2021-09-06,2,TEN,18988.0,18895.0
2021-09-06,3,TEN,17708.0,17589.0
2021-09-06,4,TEN,16769.0,16926.0
2021-09-06,5,TEN,15739.0,15843.0
2021-09-06,6,TEN,14807.0,15034.0
2021-09-06,7,TEN,14179.0,14420.0
2021-09-06,8,TEN,13778.0,13892.0
2021-09-06,9,TEN,13616.0,13728.0
2021-09-06,10,TEN,13549.0,13690.0
2021-09-06,11,TEN,13677.0,13811.0
2021-09-06,12,TEN,13710.0,13858.0
2021-09-06,13,TEN,14161.0,14331.0
2021-09-06,14,TEN,15145.0,15365.0
2021-09-06,15,TEN,16697.0,16937.0
2021-09-06,16,TEN,18188.0,18173.0
2021-09-06,17,TEN,19467.0,19160.0
2021-09-06,18,TEN,20524.0,19714.0
2021-09-06,19,TEN,21383.0,20521.0
2021-09-06,20,TEN,22122.0,21229.0
2021-09-06,21,TEN,22703.0,21368.0
2021-09-06,22,TEN,22908.0,21415.0
2021-09-06,23,TEN,22647.0,21242.0
2021-09-07,0,TEN,21510.0,20309.0
2021-09-07,1,TEN,20610.0,20118.0
2021-09-07,2,TEN,19372.0,18988.0
2021-09-07,3,TEN,17887.0,17573.0
2021-09-07,4,TEN,16374.0,16520.0
2021-09-07,5,TEN,15099.0,15269.0
2021-09-07,6,TEN,14214.0,14408.0
2021-09-07,7,TEN,13575.0,13844.0
2021-09-07,8,TEN,13130.0,13400.0
2021-09-07,9,TEN,13133.0,13406.0
2021-09-07,10,TEN,13449.0,13672.0
2021-09-07,11,TEN,14364.0,14593.0
2021-09-07,12,TEN,15285.0,15441.0
2021-09-07,13,TEN,15975.0,16134.0
2021-09-07,14,TEN,16688.0,16903.0
2021-09-07,15,TEN,17842.0,18008.0
2021-09-07,16,TEN,19149.0,18750.0
2021-09-07,17,TEN,20435.0,19333.0
2021-09-07,18,TEN,21959.0,20674.0
2021-09-07,19,TEN,23319.0,22111.0
2021-09-07,20,TEN,24247.0,23133.0
2021-09-07,21,TEN,24880.0,23793.0
2021-09-07,22,TEN,25239.0,24069.0
2021-09-07,23,TEN,24886.0,23719.0
2021-09-08,0,TEN,23786.0,22595.0
2021-09-08,1,TEN,23085.0,21884.0
2021-09-08,2,TEN,21883.0,20767.0
2021-09-08,3,TEN,20236.0,19659.0
2021-09-08,4,TEN,18493.0,18546.0
2021-09-08,5,TEN,17036.0,17274.0
2021-09-08,6,TEN,16076.0,16084.0
2021-09-08,7,TEN,15304.0,15334.0
2021-09-08,8,TEN,14918.0,14936.0
2021-09-08,9,TEN,14734.0,14776.0
2021-09-08,10,TEN,14929.0,14980.0
2021-09-08,11,TEN,15745.0,15873.0
2021-09-08,12,TEN,16738.0,16804.0
2021-09-08,13,TEN,17338.0,17447.0
2021-09-08,14,TEN,18277.0,18396.0
2021-09-08,15,TEN,19538.0,19549.0
2021-09-08,16,TEN,20947.0,20497.0
2021-09-08,17,TEN,22133.0,21156.0
2021-09-08,18,TEN,23391.0,22241.0
2021-09-08,19,TEN,23993.0,22847.0
2021-09-08,20,TEN,24134.0,22996.0
2021-09-08,21,TEN,24349.0,23181.0
2021-09-08,22,TEN,24206.0,23074.0
2021-09-08,23,TEN,23599.0,22446.0
2021-09-09,0,TEN,22763.0,21614.0
2021-09-09,1,TEN,22146.0,21017.0
2021-09-09,2,TEN,21144.0,20062.0
2021-09-09,3,TEN,19608.0,19052.0
2021-09-09,4,TEN,17932.0,18054.0
2021-09-09,5,TEN,16634.0,16731.0
2021-09-09,6,TEN,15598.0,15784.0
2021-09-09,7,TEN,14950.0,15140.0
2021-09-09,8,TEN,14493.0,14645.0
2021-09-09,9,TEN,14300.0,14451.0
2021-09-09,10,TEN,14414.0,14604.0
2021-09-09,11,TEN,15234.0,15397.0
2021-09-09,12,TEN,16045.0,16177.0
2021-09-09,13,TEN,16405.0,16598.0
2021-09-09,14,TEN,17161.0,17375.0
2021-09-09,15,TEN,17997.0,18174.0
2021-09-09,16,TEN,19103.0,19121.0
2021-09-09,17,TEN,20007.0,19627.0
2021-09-09,18,TEN,20817.0,20456.0
2021-09-09,19,TEN,21379.0,20776.0
2021-09-09,20,TEN,21846.0,21171.0
2021-09-09,21,TEN,22152.0,21498.0
2021-09-09,22,TEN,22252.0,21544.0
2021-09-09,23,TEN,21875.0,21144.0
2021-09-10,0,TEN,20762.0,20082.0
2021-09-10,1,TEN,20232.0,19544.0
2021-09-10,2,TEN,19306.0,18752.0
2021-09-10,3,TEN,17938.0,17460.0
2021-09-10,4,TEN,16315.0,16218.0
2021-09-10,5,TEN,15099.0,15186.0
2021-09-10,6,TEN,14299.0,14516.0
2021-09-10,7,TEN,13737.0,13900.0
2021-09-10,8,TEN,13449.0,13694.0
2021-09-10,9,TEN,13362.0,13611.0
2021-09-10,10,TEN,13600.0,13902.0
2021-09-10,11,TEN,14431.0,14616.0
2021-09-10,12,TEN,15196.0,15394.0
2021-09-10,13,TEN,15599.0,15709.0
2021-09-10,14,TEN,16358.0,16576.0
2021-09-10,15,TEN,17143.0,17384.0
2021-09-10,16,TEN,18002.0,18027.0
2021-09-10,17,TEN,18971.0,18674.0
2021-09-10,18,TEN,19912.0,19600.0
2021-09-10,19,TEN,20563.0,20274.0
2021-09-10,20,TEN,21314.0,20864.0
2021-09-10,21,TEN,21786.0,21323.0
2021-09-10,22,TEN,21958.0,21389.0
2021-09-10,23,TEN,21507.0,21023.0
2021-09-11,0,TEN,20337.0,19948.0
2021-09-11,1,TEN,19570.0,19190.0
2021-09-11,2,TEN,18570.0,18411.0
2021-09-11,3,TEN,17491.0,17389.0
2021-09-11,4,TEN,16258.0,16456.0
2021-09-11,5,TEN,15156.0,15252.0
2021-09-11,6,TEN,14350.0,14401.0
2021-09-11,7,TEN,13639.0,13755.0
2021-09-11,8,TEN,13296.0,13389.0
2021-09-11,9,TEN,13068.0,13168.0
2021-09-11,10,TEN,12696.0,13166.0
2021-09-11,11,TEN,13224.0,13337.0
2021-09-11,12,TEN,13431.0,13564.0
2021-09-11,13,TEN,13906.0,14187.0
2021-09-11,14,TEN,14873.0,15021.0
2021-09-11,15,TEN,15827.0,15509.0
2021-09-11,16,TEN,17015.0,16475.0
2021-09-11,17,TEN,18054.0,17350.0
2021-09-11,18,TEN,19178.0,18506.0
2021-09-11,19,TEN,20225.0,19549.0
2021-09-11,20,TEN,21170.0,20467.0
2021-09-11,21,TEN,21861.0,20954.0
2021-09-11,22,TEN,21938.0,20893.0
2021-09-11,23,TEN,21493.0,20449.0
2021-09-12,0,TEN,20476.0,19713.0
2021-09-12,1,TEN,19887.0,19178.0
2021-09-12,2,TEN,18778.0,17880.0
2021-09-12,3,TEN,17679.0,17373.0
2021-09-12,4,TEN,16500.0,16557.0
2021-09-12,5,TEN,15359.0,15379.0
2021-09-12,6,TEN,14583.0,14628.0
2021-09-12,7,TEN,13972.0,14056.0
2021-09-12,8,TEN,13501.0,13552.0
2021-09-12,9,TEN,13241.0,13255.0
2021-09-12,10,TEN,13124.0,13261.0
2021-09-12,11,TEN,13165.0,13319.0
2021-09-12,12,TEN,13387.0,13563.0
2021-09-12,13,TEN,13803.0,13969.0
2021-09-12,14,TEN,15094.0,15113.0
2021-09-12,15,TEN,16410.0,16366.0
2021-09-12,16,TEN,17761.0,17199.0
2021-09-12,17,TEN,19399.0,18427.0
2021-09-12,18,TEN,20806.0,19849.0
2021-09-12,19,TEN,22113.0,21097.0
2021-09-12,20,TEN,23017.0,22010.0
2021-09-12,21,TEN,23573.0,22584.0
2021-09-12,22,TEN,23746.0,22678.0
2021-09-12,23,TEN,23369.0,22322.0
2021-09-13,0,TEN,22460.0,21370.0
2021-09-13,1,TEN,21822.0,20886.0
2021-09-13,2,TEN,20568.0,19642.0
2021-09-13,3,TEN,19045.0,18682.0
2021-09-13,4,TEN,17443.0,17541.0
2021-09-13,5,TEN,16243.0,16317.0
2021-09-13,6,TEN,15313.0,15421.0
2021-09-13,7,TEN,14711.0,14861.0
2021-09-13,8,TEN,14374.0,14517.0
2021-09-13,9,TEN,14352.0,14532.0
2021-09-13,10,TEN,14661.0,14833.0
2021-09-13,11,TEN,15604.0,15694.0
2021-09-13,12,TEN,16661.0,16658.0
2021-09-13,13,TEN,17227.0,17260.0
2021-09-13,14,TEN,18038.0,18050.0
2021-09-13,15,TEN,19535.0,19574.0
2021-09-13,16,TEN,21367.0,20889.0
2021-09-13,17,TEN,22927.0,21867.0
2021-09-13,18,TEN,24354.0,23058.0
2021-09-13,19,TEN,25237.0,24151.0
2021-09-13,20,TEN,25916.0,24742.0
2021-09-13,21,TEN,26257.0,25046.0
2021-09-13,22,TEN,26314.0,25128.0
2021-09-13,23,TEN,25822.0,24624.0
2021-09-14,0,TEN,24726.0,23589.0
2021-09-14,1,TEN,24067.0,22830.0
2021-09-14,2,TEN,22852.0,21662.0
2021-09-14,3,TEN,21073.0,20510.0
2021-09-14,4,TEN,19352.0,19347.0
2021-09-14,5,TEN,17774.0,17844.0
2021-09-14,6,TEN,16742.0,16851.0
2021-09-14,7,TEN,16100.0,16144.0
2021-09-14,8,TEN,15505.0,15644.0
2021-09-14,9,TEN,15150.0,15358.0
2021-09-14,10,TEN,15349.0,15466.0
2021-09-14,11,TEN,16213.0,16372.0
2021-09-14,12,TEN,17266.0,17382.0
2021-09-14,13,TEN,17812.0,17940.0
2021-09-14,14,TEN,18657.0,18691.0
2021-09-14,15,TEN,20007.0,20158.0
2021-09-14,16,TEN,21404.0,21066.0
2021-09-14,17,TEN,22823.0,21763.0
2021-09-14,18,TEN,24179.0,22942.0
2021-09-14,19,TEN,24633.0,23512.0
2021-09-14,20,TEN,25037.0,23886.0
2021-09-14,21,TEN,24982.0,23789.0
2021-09-14,22,TEN,24755.0,23584.0
2021-09-14,23,TEN,23978.0,22802.0
2021-09-15,0,TEN,22982.0,21820.0
2021-09-15,1,TEN,22695.0,21490.0
2021-09-15,2,TEN,21649.0,20549.0
2021-09-15,3,TEN,20259.0,19848.0
2021-09-15,4,TEN,18724.0,18731.0
2021-09-15,5,TEN,17434.0,17548.0
2021-09-15,6,TEN,16520.0,16522.0
2021-09-15,7,TEN,15793.0,15775.0
2021-09-15,8,TEN,15289.0,15319.0
2021-09-15,9,TEN,15250.0,15269.0
2021-09-15,10,TEN,15363.0,15562.0
2021-09-15,11,TEN,16215.0,16320.0
2021-09-15,12,TEN,17277.0,17248.0
2021-09-15,13,TEN,17749.0,17665.0
2021-09-15,14,TEN,18363.0,18303.0
2021-09-15,15,TEN,19088.0,19035.0
2021-09-15,16,TEN,19898.0,19595.0
2021-09-15,17,TEN,20479.0,20217.0
2021-09-15,18,TEN,20948.0,20805.0
2021-09-15,19,TEN,21419.0,21384.0
2021-09-15,20,TEN,21574.0,21517.0
2021-09-15,21,TEN,21681.0,21776.0
2021-09-15,22,TEN,21739.0,21608.0
2021-09-15,23,TEN,21570.0,21424.0
2021-09-16,0,TEN,21124.0,21012.0
2021-09-16,1,TEN,20945.0,20841.0
2021-09-16,2,TEN,20173.0,19991.0
2021-09-16,3,TEN,18820.0,18510.0
2021-09-16,4,TEN,17481.0,17310.0
2021-09-16,5,TEN,16287.0,16280.0
2021-09-16,6,TEN,15371.0,15355.0
2021-09-16,7,TEN,14778.0,14770.0
2021-09-16,8,TEN,14364.0,14427.0
2021-09-16,9,TEN,14277.0,14366.0
2021-09-16,10,TEN,14588.0,14557.0
2021-09-16,11,TEN,15468.0,15493.0
2021-09-16,12,TEN,16609.0,16615.0
2021-09-16,13,TEN,17147.0,17082.0
2021-09-16,14,TEN,17906.0,17832.0
2021-09-16,15,TEN,18725.0,18722.0
2021-09-16,16,TEN,19524.0,19035.0
2021-09-16,17,TEN,20700.0,19729.0
2021-09-16,18,TEN,21699.0,20661.0
2021-09-16,19,TEN,22384.0,21331.0
2021-09-16,20,TEN,22744.0,21729.0
2021-09-16,21,TEN,22836.0,22000.0
2021-09-16,22,TEN,23210.0,22151.0
2021-09-16,23,TEN,22737.0,21709.0
2021-09-17,0,TEN,22009.0,20992.0
2021-09-17,1,TEN,21772.0,20739.0
2021-09-17,2,TEN,20945.0,19891.0
2021-09-17,3,TEN,19664.0,19102.0
2021-09-17,4,TEN,18222.0,18184.0
2021-09-17,5,TEN,16821.0,16793.0
2021-09-17,6,TEN,15957.0,15910.0
2021-09-17,7,TEN,15372.0,15326.0
2021-09-17,8,TEN,14870.0,14884.0
2021-09-17,9,TEN,14714.0,14687.0
2021-09-17,10,TEN,15025.0,15008.0
2021-09-17,11,TEN,16058.0,16104.0
2021-09-17,12,TEN,17057.0,17050.0
2021-09-17,13,TEN,17595.0,17657.0
2021-09-17,14,TEN,18235.0,18414.0
2021-09-17,15,TEN,19036.0,19158.0
2021-09-17,16,TEN,19791.0,19525.0
2021-09-17,17,TEN,20474.0,19722.0
2021-09-17,18,TEN,20996.0,20219.0
2021-09-17,19,TEN,21360.0,20553.0
2021-09-17,20,TEN,21618.0,20790.0
2021-09-17,21,TEN,21839.0,20886.0
2021-09-17,22,TEN,21854.0,21179.0
2021-09-17,23,TEN,21402.0,20876.0
2021-09-18,0,TEN,20886.0,20392.0
2021-09-18,1,TEN,20644.0,20229.0
2021-09-18,2,TEN,19969.0,19615.0
2021-09-18,3,TEN,18992.0,19107.0
2021-09-18,4,TEN,17918.0,18441.0
2021-09-18,5,TEN,16779.0,17249.0
2021-09-18,6,TEN,15845.0,16279.0
2021-09-18,7,TEN,15180.0,15096.0
2021-09-18,8,TEN,14802.0,14709.0
2021-09-18,9,TEN,14573.0,14549.0
2021-09-18,10,TEN,14453.0,14432.0
2021-09-18,11,TEN,14798.0,14745.0
2021-09-18,12,TEN,15263.0,15223.0
2021-09-18,13,TEN,15811.0,15898.0
2021-09-18,14,TEN,16831.0,17216.0
2021-09-18,15,TEN,17745.0,18091.0
2021-09-18,16,TEN,18535.0,18577.0
2021-09-18,17,TEN,19089.0,19111.0
2021-09-18,18,TEN,19548.0,19558.0
2021-09-18,19,TEN,19700.0,19763.0
2021-09-18,20,TEN,19724.0,19496.0
2021-09-18,21,TEN,19681.0,19473.0
2021-09-18,22,TEN,19515.0,19302.0
2021-09-18,23,TEN,19264.0,19138.0
2021-09-19,0,TEN,18906.0,18996.0
2021-09-19,1,TEN,18835.0,18921.0
2021-09-19,2,TEN,18232.0,18603.0
2021-09-19,3,TEN,17343.0,17749.0
2021-09-19,4,TEN,16436.0,16454.0
2021-09-19,5,TEN,15601.0,15490.0
2021-09-19,6,TEN,14796.0,14721.0
2021-09-19,7,TEN,14286.0,14167.0
2021-09-19,8,TEN,13918.0,13818.0
2021-09-19,9,TEN,13745.0,13653.0
2021-09-19,10,TEN,13697.0,13594.0
2021-09-19,11,TEN,13932.0,13912.0
2021-09-19,12,TEN,14259.0,14203.0
2021-09-19,13,TEN,14830.0,14849.0
2021-09-19,14,TEN,15791.0,15964.0
2021-09-19,15,TEN,16639.0,16694.0
2021-09-19,16,TEN,17362.0,17386.0
2021-09-19,17,TEN,17839.0,18235.0
2021-09-19,18,TEN,18428.0,18752.0
2021-09-19,19,TEN,18921.0,19260.0
2021-09-19,20,TEN,19230.0,19668.0
2021-09-19,21,TEN,19392.0,19875.0
2021-09-19,22,TEN,19570.0,20091.0
2021-09-19,23,TEN,19609.0,20011.0
2021-09-20,0,TEN,19355.0,19880.0
2021-09-20,1,TEN,19410.0,19845.0
2021-09-20,2,TEN,18904.0,19304.0
2021-09-20,3,TEN,17998.0,18485.0
2021-09-20,4,TEN,16981.0,17547.0
2021-09-20,5,TEN,15992.0,16035.0
2021-09-20,6,TEN,15182.0,15026.0
2021-09-20,7,TEN,14766.0,14613.0
2021-09-20,8,TEN,14514.0,14446.0
2021-09-20,9,TEN,14585.0,14524.0
2021-09-20,10,TEN,15016.0,15046.0
2021-09-20,11,TEN,16094.0,16146.0
2021-09-20,12,TEN,17348.0,17375.0
2021-09-20,13,TEN,17801.0,17832.0
2021-09-20,14,TEN,18355.0,18388.0
2021-09-20,15,TEN,18997.0,19004.0
2021-09-20,16,TEN,19658.0,19235.0
2021-09-20,17,TEN,20026.0,19634.0
2021-09-20,18,TEN,20570.0,20119.0
2021-09-20,19,TEN,20892.0,20432.0
2021-09-20,20,TEN,20947.0,20494.0
2021-09-20,21,TEN,20967.0,20476.0
2021-09-20,22,TEN,20842.0,20405.0
2021-09-20,23,TEN,20664.0,20465.0
2021-09-21,0,TEN,20353.0,20219.0
2021-09-21,1,TEN,20333.0,20089.0
2021-09-21,2,TEN,19646.0,19357.0
2021-09-21,3,TEN,18591.0,18285.0
2021-09-21,4,TEN,17362.0,17348.0
2021-09-21,5,TEN,16222.0,16067.0
2021-09-21,6,TEN,15473.0,15323.0
2021-09-21,7,TEN,14889.0,14782.0
2021-09-21,8,TEN,14625.0,14457.0
2021-09-21,9,TEN,14524.0,14480.0
2021-09-21,10,TEN,14776.0,14733.0
2021-09-21,11,TEN,15833.0,15780.0
2021-09-21,12,TEN,16992.0,16949.0
2021-09-21,13,TEN,17513.0,17505.0
2021-09-21,14,TEN,18132.0,18178.0
2021-09-21,15,TEN,18764.0,18965.0
2021-09-21,16,TEN,19474.0,19268.0
2021-09-21,17,TEN,20298.0,20038.0
2021-09-21,18,TEN,20962.0,20701.0
2021-09-21,19,TEN,21701.0,21463.0
2021-09-21,20,TEN,22445.0,22033.0
2021-09-21,21,TEN,22691.0,22238.0
2021-09-21,22,TEN,22683.0,22307.0
2021-09-21,23,TEN,22267.0,22001.0
2021-09-22,0,TEN,21690.0,21503.0
2021-09-22,1,TEN,21482.0,21197.0
2021-09-22,2,TEN,20587.0,20255.0
2021-09-22,3,TEN,19242.0,18905.0
2021-09-22,4,TEN,17793.0,17707.0
2021-09-22,5,TEN,16521.0,16450.0
2021-09-22,6,TEN,15676.0,15549.0
2021-09-22,7,TEN,15126.0,14970.0
2021-09-22,8,TEN,14658.0,14513.0
2021-09-22,9,TEN,14378.0,14301.0
2021-09-22,10,TEN,14534.0,14481.0
2021-09-22,11,TEN,15304.0,15406.0
2021-09-22,12,TEN,16291.0,16651.0
2021-09-22,13,TEN,16494.0,16835.0
2021-09-22,14,TEN,16624.0,16819.0
2021-09-22,15,TEN,16892.0,17117.0
2021-09-22,16,TEN,17172.0,17615.0
2021-09-22,17,TEN,17375.0,17788.0
2021-09-22,18,TEN,17600.0,18000.0
2021-09-22,19,TEN,17739.0,18139.0
2021-09-22,20,TEN,17814.0,18202.0
2021-09-22,21,TEN,17954.0,18378.0
2021-09-22,22,TEN,17942.0,18382.0
2021-09-22,23,TEN,17701.0,18298.0
2021-09-23,0,TEN,17301.0,18147.0
2021-09-23,1,TEN,17420.0,18266.0
2021-09-23,2,TEN,16802.0,17227.0
2021-09-23,3,TEN,15835.0,16243.0
2021-09-23,4,TEN,14804.0,14821.0
2021-09-23,5,TEN,13851.0,13793.0
2021-09-23,6,TEN,13219.0,13077.0
2021-09-23,7,TEN,12934.0,12857.0
2021-09-23,8,TEN,12695.0,12581.0
2021-09-23,9,TEN,12682.0,12589.0
2021-09-23,10,TEN,12944.0,12877.0
2021-09-23,11,TEN,13934.0,13890.0
2021-09-23,12,TEN,15010.0,14985.0
2021-09-23,13,TEN,15375.0,15364.0
2021-09-23,14,TEN,15630.0,15636.0
2021-09-23,15,TEN,15915.0,15923.0
2021-09-23,16,TEN,16208.0,16143.0
2021-09-23,17,TEN,16342.0,16331.0
2021-09-23,18,TEN,16508.0,16541.0
2021-09-23,19,TEN,16741.0,16742.0
2021-09-23,20,TEN,16888.0,16871.0
2021-09-23,21,TEN,17207.0,17214.0
2021-09-23,22,TEN,17480.0,17494.0
2021-09-23,23,TEN,17423.0,17585.0
2021-09-24,0,TEN,17101.0,17324.0
2021-09-24,1,TEN,17268.0,17465.0
2021-09-24,2,TEN,16730.0,16817.0
2021-09-24,3,TEN,15828.0,15738.0
2021-09-24,4,TEN,14662.0,14617.0
2021-09-24,5,TEN,13744.0,13633.0
2021-09-24,6,TEN,13143.0,13068.0
2021-09-24,7,TEN,12851.0,12762.0
2021-09-24,8,TEN,12781.0,12742.0
2021-09-24,9,TEN,12742.0,12803.0
2021-09-24,10,TEN,13140.0,13127.0
2021-09-24,11,TEN,14079.0,14040.0
2021-09-24,12,TEN,15164.0,15108.0
2021-09-24,13,TEN,15589.0,15494.0
2021-09-24,14,TEN,15916.0,15884.0
2021-09-24,15,TEN,16086.0,16064.0
2021-09-24,16,TEN,16284.0,16263.0
2021-09-24,17,TEN,16460.0,16472.0
2021-09-24,18,TEN,16634.0,16610.0
2021-09-24,19,TEN,17009.0,17046.0
2021-09-24,20,TEN,17325.0,17323.0
2021-09-24,21,TEN,17564.0,17622.0
2021-09-24,22,TEN,17788.0,17795.0
2021-09-24,23,TEN,17477.0,17658.0
2021-09-25,0,TEN,17002.0,17278.0
2021-09-25,1,TEN,16884.0,16998.0
2021-09-25,2,TEN,16266.0,16279.0
2021-09-25,3,TEN,15574.0,15554.0
2021-09-25,4,TEN,14657.0,14673.0
2021-09-25,5,TEN,13909.0,13783.0
2021-09-25,6,TEN,13194.0,13028.0
2021-09-25,7,TEN,12832.0,12688.0
2021-09-25,8,TEN,12545.0,12427.0
2021-09-25,9,TEN,12420.0,12284.0
2021-09-25,10,TEN,12422.0,12312.0
2021-09-25,11,TEN,12736.0,12628.0
2021-09-25,12,TEN,13257.0,13154.0
2021-09-25,13,TEN,13759.0,13735.0
2021-09-25,14,TEN,14367.0,14322.0
2021-09-25,15,TEN,14963.0,14916.0
2021-09-25,16,TEN,15269.0,15230.0
2021-09-25,17,TEN,15538.0,15491.0
2021-09-25,18,TEN,16045.0,15992.0
2021-09-25,19,TEN,16520.0,16430.0
2021-09-25,20,TEN,17084.0,17034.0
2021-09-25,21,TEN,17629.0,17593.0
2021-09-25,22,TEN,17902.0,17848.0
2021-09-25,23,TEN,17800.0,17813.0
2021-09-26,0,TEN,17210.0,17234.0
2021-09-26,1,TEN,16924.0,16972.0
2021-09-26,2,TEN,16340.0,16346.0
2021-09-26,3,TEN,15568.0,15466.0
2021-09-26,4,TEN,14719.0,14563.0
2021-09-26,5,TEN,13764.0,13575.0
2021-09-26,6,TEN,13120.0,12954.0
2021-09-26,7,TEN,12680.0,12544.0
2021-09-26,8,TEN,12396.0,12283.0
2021-09-26,9,TEN,12247.0,12157.0
2021-09-26,10,TEN,12211.0,12103.0
2021-09-26,11,TEN,12357.0,12250.0
2021-09-26,12,TEN,12610.0,12494.0
2021-09-26,13,TEN,13213.0,13159.0
2021-09-26,14,TEN,13935.0,13874.0
2021-09-26,15,TEN,14509.0,14459.0
2021-09-26,16,TEN,15233.0,15225.0
2021-09-26,17,TEN,15937.0,16009.0
2021-09-26,18,TEN,16791.0,16769.0
2021-09-26,19,TEN,17649.0,17645.0
2021-09-26,20,TEN,18169.0,18169.0
2021-09-26,21,TEN,18870.0,18806.0
2021-09-26,22,TEN,19272.0,19027.0
2021-09-26,23,TEN,18895.0,18706.0
2021-09-27,0,TEN,18188.0,18034.0
2021-09-27,1,TEN,18188.0,18276.0
2021-09-27,2,TEN,17436.0,17526.0
2021-09-27,3,TEN,16246.0,16242.0
2021-09-27,4,TEN,15158.0,14988.0
2021-09-27,5,TEN,14032.0,13933.0
2021-09-27,6,TEN,13244.0,13074.0
2021-09-27,7,TEN,12937.0,12780.0
2021-09-27,8,TEN,12773.0,12586.0
2021-09-27,9,TEN,12792.0,12671.0
2021-09-27,10,TEN,13197.0,13047.0
2021-09-27,11,TEN,14097.0,14003.0
2021-09-27,12,TEN,15376.0,15289.0
2021-09-27,13,TEN,15609.0,15147.0
2021-09-27,14,TEN,16131.0,15763.0
2021-09-27,15,TEN,16879.0,16664.0
2021-09-27,16,TEN,17753.0,17233.0
2021-09-27,17,TEN,18530.0,18063.0
2021-09-27,18,TEN,19485.0,18957.0
2021-09-27,19,TEN,20262.0,19703.0
2021-09-27,20,TEN,21035.0,20014.0
2021-09-27,21,TEN,21643.0,20627.0
2021-09-27,22,TEN,21946.0,20884.0
2021-09-27,23,TEN,21557.0,20475.0
2021-09-28,0,TEN,20697.0,19636.0
2021-09-28,1,TEN,20316.0,19209.0
2021-09-28,2,TEN,19059.0,18431.0
2021-09-28,3,TEN,17844.0,17430.0
2021-09-28,4,TEN,16402.0,16443.0
2021-09-28,5,TEN,15260.0,15085.0
2021-09-28,6,TEN,14408.0,14189.0
2021-09-28,7,TEN,13848.0,13665.0
2021-09-28,8,TEN,13490.0,13317.0
2021-09-28,9,TEN,13419.0,13273.0
2021-09-28,10,TEN,13706.0,13614.0
2021-09-28,11,TEN,14583.0,14473.0
2021-09-28,12,TEN,15627.0,15464.0
2021-09-28,13,TEN,16082.0,15988.0
2021-09-28,14,TEN,16632.0,16488.0
2021-09-28,15,TEN,17423.0,16968.0
2021-09-28,16,TEN,18441.0,17529.0
2021-09-28,17,TEN,19664.0,18554.0
2021-09-28,18,TEN,20853.0,19718.0
2021-09-28,19,TEN,21741.0,20621.0
2021-09-28,20,TEN,22618.0,21442.0
2021-09-28,21,TEN,23165.0,21950.0
2021-09-28,22,TEN,23277.0,21948.0
2021-09-28,23,TEN,22761.0,20925.0
2021-09-29,0,TEN,21947.0,20244.0
2021-09-29,1,TEN,21397.0,20031.0
2021-09-29,2,TEN,20218.0,18982.0
2021-09-29,3,TEN,18783.0,17736.0
2021-09-29,4,TEN,17263.0,16655.0
2021-09-29,5,TEN,15927.0,15788.0
2021-09-29,6,TEN,15039.0,14875.0
2021-09-29,7,TEN,14328.0,14187.0
2021-09-29,8,TEN,13921.0,13783.0
2021-09-29,9,TEN,13923.0,13798.0
2021-09-29,10,TEN,14218.0,14138.0
2021-09-29,11,TEN,15136.0,15071.0
2021-09-29,12,TEN,16125.0,15806.0
2021-09-29,13,TEN,16502.0,15825.0
2021-09-29,14,TEN,17117.0,16079.0
2021-09-29,15,TEN,18090.0,17071.0
2021-09-29,16,TEN,19251.0,18098.0
2021-09-29,17,TEN,20453.0,19410.0
2021-09-29,18,TEN,21769.0,20683.0
2021-09-29,19,TEN,22812.0,21290.0
2021-09-29,20,TEN,23457.0,21535.0
2021-09-29,21,TEN,23946.0,21562.0
2021-09-29,22,TEN,23900.0,21842.0
2021-09-29,23,TEN,23254.0,21425.0
2021-09-30,0,TEN,22518.0,21026.0
2021-09-30,1,TEN,21844.0,20696.0
2021-09-30,2,TEN,20608.0,19464.0
2021-09-30,3,TEN,19220.0,18090.0
2021-09-30,4,TEN,17723.0,17170.0
2021-09-30,5,TEN,16367.0,16258.0
2021-09-30,6,TEN,15473.0,15334.0
2021-09-30,7,TEN,14881.0,14718.0
2021-09-30,8,TEN,14420.0,14319.0
2021-09-30,9,TEN,14339.0,14242.0
2021-09-30,10,TEN,14641.0,14603.0
2021-09-30,11,TEN,15509.0,15498.0
2021-09-30,12,TEN,16583.0,15746.0
2021-09-30,13,TEN,16973.0,15808.0
2021-09-30,14,TEN,17535.0,16161.0
2021-09-30,15,TEN,18101.0,16746.0
2021-09-30,16,TEN,19069.0,17723.0
2021-09-30,17,TEN,19943.0,18494.0
2021-09-30,18,TEN,20769.0,19508.0
2021-09-30,19,TEN,21371.0,20118.0
2021-09-30,20,TEN,21816.0,20450.0
2021-09-30,21,TEN,21930.0,20675.0
2021-09-30,22,TEN,21862.0,20523.0
2021-09-30,23,TEN,21185.0,20035.0
2021-10-01,0,TEN,20784.0,19694.0
2021-10-01,1,TEN,20586.0,19388.0
2021-10-01,2,TEN,19770.0,18559.0
2021-10-01,3,TEN,18627.0,17565.0
2021-10-01,4,TEN,17364.0,16282.0
2021-10-01,5,TEN,16135.0,15070.0
2021-10-01,6,TEN,15386.0,14766.0
2021-10-01,7,TEN,14758.0,14397.0
2021-10-01,8,TEN,14423.0,14086.0
2021-10-01,9,TEN,14292.0,13983.0
2021-10-01,10,TEN,14498.0,14160.0
2021-10-01,11,TEN,15406.0,14823.0
2021-10-01,12,TEN,16349.0,15301.0
2021-10-01,13,TEN,16731.0,15631.0
2021-10-01,14,TEN,17286.0,16197.0
2021-10-01,15,TEN,18011.0,16888.0
2021-10-01,16,TEN,18943.0,17844.0
2021-10-01,17,TEN,20019.0,18868.0
2021-10-01,18,TEN,21245.0,19855.0
2021-10-01,19,TEN,21984.0,20572.0
2021-10-01,20,TEN,22600.0,21134.0
2021-10-01,21,TEN,22921.0,21019.0
2021-10-01,22,TEN,22728.0,21038.0
2021-10-01,23,TEN,22014.0,20574.0
2021-10-02,0,TEN,21007.0,19910.0
2021-10-02,1,TEN,20375.0,19209.0
2021-10-02,2,TEN,19340.0,18230.0
2021-10-02,3,TEN,18282.0,17189.0
2021-10-02,4,TEN,17078.0,15941.0
2021-10-02,5,TEN,16052.0,14948.0
2021-10-02,6,TEN,15085.0,13956.0
2021-10-02,7,TEN,14448.0,13770.0
2021-10-02,8,TEN,14060.0,13426.0
2021-10-02,9,TEN,13824.0,13518.0
2021-10-02,10,TEN,13747.0,13442.0
2021-10-02,11,TEN,13936.0,13345.0
2021-10-02,12,TEN,14189.0,13285.0
2021-10-02,13,TEN,14825.0,13659.0
2021-10-02,14,TEN,15695.0,14270.0
2021-10-02,15,TEN,16511.0,15191.0
2021-10-02,16,TEN,17276.0,16135.0
2021-10-02,17,TEN,17948.0,16756.0
2021-10-02,18,TEN,18453.0,17272.0
2021-10-02,19,TEN,18835.0,17119.0
2021-10-02,20,TEN,18992.0,17199.0
2021-10-02,21,TEN,19051.0,17188.0
2021-10-02,22,TEN,18999.0,17166.0
2021-10-02,23,TEN,18733.0,16984.0
2021-10-03,0,TEN,18585.0,17403.0
2021-10-03,1,TEN,18334.0,17129.0
2021-10-03,2,TEN,17747.0,16548.0
2021-10-03,3,TEN,17022.0,15859.0
2021-10-03,4,TEN,16163.0,15023.0
2021-10-03,5,TEN,15336.0,14168.0
2021-10-03,6,TEN,14623.0,13505.0
2021-10-03,7,TEN,14137.0,13486.0
2021-10-03,8,TEN,13811.0,13197.0
2021-10-03,9,TEN,13681.0,13310.0
2021-10-03,10,TEN,13581.0,13272.0
2021-10-03,11,TEN,13618.0,13296.0
2021-10-03,12,TEN,14057.0,13754.0
2021-10-03,13,TEN,14609.0,13986.0
2021-10-03,14,TEN,15567.0,14516.0
2021-10-03,15,TEN,16246.0,15184.0
2021-10-03,16,TEN,16621.0,15578.0
2021-10-03,17,TEN,17039.0,16015.0
2021-10-03,18,TEN,17546.0,16486.0
2021-10-03,19,TEN,17953.0,16875.0
2021-10-03,20,TEN,18195.0,17115.0
2021-10-03,21,TEN,18572.0,17534.0
2021-10-03,22,TEN,18912.0,17957.0
2021-10-03,23,TEN,18922.0,17878.0
2021-10-04,0,TEN,18728.0,17725.0
2021-10-04,1,TEN,18599.0,17577.0
2021-10-04,2,TEN,17896.0,16936.0
2021-10-04,3,TEN,16969.0,15992.0
2021-10-04,4,TEN,15891.0,14814.0
2021-10-04,5,TEN,15052.0,14142.0
2021-10-04,6,TEN,14257.0,13636.0
2021-10-04,7,TEN,13821.0,13241.0
2021-10-04,8,TEN,13651.0,13079.0
2021-10-04,9,TEN,13546.0,12989.0
2021-10-04,10,TEN,13999.0,13170.0
2021-10-04,11,TEN,14965.0,13913.0
2021-10-04,12,TEN,16036.0,14899.0
2021-10-04,13,TEN,16518.0,15468.0
2021-10-04,14,TEN,17020.0,15965.0
2021-10-04,15,TEN,17625.0,16532.0
2021-10-04,16,TEN,18462.0,17371.0
2021-10-04,17,TEN,19507.0,18346.0
2021-10-04,18,TEN,20319.0,19186.0
2021-10-04,19,TEN,21013.0,19930.0
2021-10-04,20,TEN,21460.0,20294.0
2021-10-04,21,TEN,21764.0,20641.0
2021-10-04,22,TEN,21755.0,20687.0
2021-10-04,23,TEN,21283.0,20177.0
2021-10-05,0,TEN,20708.0,19632.0
2021-10-05,1,TEN,20309.0,19122.0
2021-10-05,2,TEN,19299.0,18077.0
2021-10-05,3,TEN,18114.0,16884.0
2021-10-05,4,TEN,16680.0,15498.0
2021-10-05,5,TEN,15599.0,14408.0
2021-10-05,6,TEN,14731.0,13516.0
2021-10-05,7,TEN,14196.0,13070.0
2021-10-05,8,TEN,13843.0,13136.0
2021-10-05,9,TEN,13749.0,13044.0
2021-10-05,10,TEN,14049.0,13374.0
2021-10-05,11,TEN,14918.0,14290.0
2021-10-05,12,TEN,15939.0,15003.0
2021-10-05,13,TEN,16364.0,15360.0
2021-10-05,14,TEN,16881.0,15854.0
2021-10-05,15,TEN,17436.0,16443.0
2021-10-05,16,TEN,17957.0,16967.0
2021-10-05,17,TEN,18584.0,17547.0
2021-10-05,18,TEN,18956.0,17971.0
2021-10-05,19,TEN,19013.0,18037.0
2021-10-05,20,TEN,18990.0,17976.0
2021-10-05,21,TEN,19069.0,18094.0
2021-10-05,22,TEN,18933.0,18121.0
2021-10-05,23,TEN,18777.0,17929.0
2021-10-06,0,TEN,18893.0,18058.0
2021-10-06,1,TEN,18901.0,17996.0
2021-10-06,2,TEN,18237.0,17365.0
2021-10-06,3,TEN,17370.0,16790.0
2021-10-06,4,TEN,16271.0,15894.0
2021-10-06,5,TEN,15349.0,14936.0
2021-10-06,6,TEN,14664.0,14284.0
2021-10-06,7,TEN,14218.0,14004.0
2021-10-06,8,TEN,14025.0,13793.0
2021-10-06,9,TEN,13927.0,13718.0
2021-10-06,10,TEN,14102.0,13930.0
2021-10-06,11,TEN,14986.0,14639.0
2021-10-06,12,TEN,16068.0,15386.0
2021-10-06,13,TEN,16399.0,15851.0
2021-10-06,14,TEN,16796.0,16081.0
2021-10-06,15,TEN,17303.0,16309.0
2021-10-06,16,TEN,17804.0,16723.0
2021-10-06,17,TEN,18303.0,17218.0
2021-10-06,18,TEN,18893.0,17820.0
2021-10-06,19,TEN,19322.0,18257.0
2021-10-06,20,TEN,19758.0,18591.0
2021-10-06,21,TEN,19846.0,18750.0
2021-10-06,22,TEN,19938.0,19014.0
2021-10-06,23,TEN,19752.0,18887.0
2021-10-07,0,TEN,19628.0,18771.0
2021-10-07,1,TEN,19282.0,18363.0
2021-10-07,2,TEN,18559.0,17633.0
2021-10-07,3,TEN,17598.0,16919.0
2021-10-07,4,TEN,16560.0,16152.0
2021-10-07,5,TEN,15502.0,15376.0
2021-10-07,6,TEN,14786.0,14678.0
2021-10-07,7,TEN,14281.0,14144.0
2021-10-07,8,TEN,13939.0,13819.0
2021-10-07,9,TEN,13835.0,13761.0
2021-10-07,10,TEN,14063.0,14005.0
2021-10-07,11,TEN,15024.0,14982.0
2021-10-07,12,TEN,16091.0,15710.0
2021-10-07,13,TEN,16550.0,16180.0
2021-10-07,14,TEN,17028.0,16667.0
2021-10-07,15,TEN,17481.0,17127.0
2021-10-07,16,TEN,18224.0,17523.0
2021-10-07,17,TEN,19063.0,18240.0
2021-10-07,18,TEN,19898.0,19046.0
2021-10-07,19,TEN,20537.0,19721.0
2021-10-07,20,TEN,21165.0,20119.0
2021-10-07,21,TEN,21459.0,20484.0
2021-10-07,22,TEN,21407.0,20561.0
2021-10-07,23,TEN,20879.0,20084.0
2021-10-08,0,TEN,20294.0,19471.0
2021-10-08,1,TEN,19881.0,19055.0
2021-10-08,2,TEN,18946.0,18081.0
2021-10-08,3,TEN,17867.0,16999.0
2021-10-08,4,TEN,16656.0,16069.0
2021-10-08,5,TEN,15471.0,15221.0
2021-10-08,6,TEN,14703.0,14501.0
2021-10-08,7,TEN,14109.0,13965.0
2021-10-08,8,TEN,13699.0,13567.0
2021-10-08,9,TEN,13612.0,13491.0
2021-10-08,10,TEN,13815.0,13723.0
2021-10-08,11,TEN,14664.0,14448.0
2021-10-08,12,TEN,15652.0,15359.0
2021-10-08,13,TEN,16009.0,15491.0
2021-10-08,14,TEN,16586.0,15813.0
2021-10-08,15,TEN,17133.0,16163.0
2021-10-08,16,TEN,18059.0,17046.0
2021-10-08,17,TEN,19030.0,18079.0
2021-10-08,18,TEN,19877.0,18811.0
2021-10-08,19,TEN,20590.0,19489.0
2021-10-08,20,TEN,21215.0,20150.0
2021-10-08,21,TEN,21495.0,20456.0
2021-10-08,22,TEN,21379.0,20318.0
2021-10-08,23,TEN,20777.0,19690.0
2021-10-09,0,TEN,19854.0,18789.0
2021-10-09,1,TEN,19220.0,18247.0
2021-10-09,2,TEN,18245.0,17234.0
2021-10-09,3,TEN,17351.0,16383.0
2021-10-09,4,TEN,16308.0,15305.0
2021-10-09,5,TEN,15293.0,14782.0
2021-10-09,6,TEN,14405.0,14310.0
2021-10-09,7,TEN,13765.0,13744.0
2021-10-09,8,TEN,13189.0,13150.0
2021-10-09,9,TEN,13009.0,13014.0
2021-10-09,10,TEN,13045.0,13090.0
2021-10-09,11,TEN,13296.0,13287.0
2021-10-09,12,TEN,13774.0,13749.0
2021-10-09,13,TEN,14196.0,14102.0
2021-10-09,14,TEN,14994.0,14737.0
2021-10-09,15,TEN,16186.0,15370.0
2021-10-09,16,TEN,17239.0,16388.0
2021-10-09,17,TEN,18400.0,17413.0
2021-10-09,18,TEN,19433.0,18414.0
2021-10-09,19,TEN,20494.0,19259.0
2021-10-09,20,TEN,21111.0,19295.0
2021-10-09,21,TEN,21486.0,19340.0
2021-10-09,22,TEN,21421.0,19568.0
2021-10-09,23,TEN,20727.0,19211.0
2021-10-10,0,TEN,19923.0,18859.0
2021-10-10,1,TEN,19331.0,18242.0
2021-10-10,2,TEN,18304.0,17242.0
2021-10-10,3,TEN,17391.0,16344.0
2021-10-10,4,TEN,16256.0,15546.0
2021-10-10,5,TEN,15342.0,14746.0
2021-10-10,6,TEN,14425.0,14096.0
2021-10-10,7,TEN,13830.0,13650.0
2021-10-10,8,TEN,13460.0,13324.0
2021-10-10,9,TEN,13145.0,13060.0
2021-10-10,10,TEN,13063.0,12951.0
2021-10-10,11,TEN,13171.0,13067.0
2021-10-10,12,TEN,13479.0,13452.0
2021-10-10,13,TEN,13863.0,13851.0
2021-10-10,14,TEN,14951.0,14953.0
2021-10-10,15,TEN,16094.0,15321.0
2021-10-10,16,TEN,17212.0,16147.0
2021-10-10,17,TEN,18444.0,17381.0
2021-10-10,18,TEN,19732.0,18614.0
2021-10-10,19,TEN,20729.0,19636.0
2021-10-10,20,TEN,21529.0,19909.0
2021-10-10,21,TEN,22007.0,20075.0
2021-10-10,22,TEN,22106.0,19826.0
2021-10-10,23,TEN,21407.0,19233.0
2021-10-11,0,TEN,20668.0,19117.0
2021-10-11,1,TEN,20000.0,18924.0
2021-10-11,2,TEN,18881.0,17824.0
2021-10-11,3,TEN,17765.0,16621.0
2021-10-11,4,TEN,16597.0,15372.0
2021-10-11,5,TEN,15561.0,14588.0
2021-10-11,6,TEN,14735.0,14115.0
2021-10-11,7,TEN,14194.0,13747.0
2021-10-11,8,TEN,13780.0,13306.0
2021-10-11,9,TEN,13645.0,13155.0
2021-10-11,10,TEN,14089.0,13593.0
2021-10-11,11,TEN,14875.0,14372.0
2021-10-11,12,TEN,15861.0,15383.0
2021-10-11,13,TEN,16483.0,15783.0
2021-10-11,14,TEN,17212.0,16460.0
2021-10-11,15,TEN,18044.0,17079.0
2021-10-11,16,TEN,19008.0,17992.0
2021-10-11,17,TEN,19846.0,18764.0
2021-10-11,18,TEN,20646.0,19584.0
2021-10-11,19,TEN,21171.0,20003.0
2021-10-11,20,TEN,21573.0,19986.0
2021-10-11,21,TEN,21627.0,19879.0
2021-10-11,22,TEN,21558.0,20407.0
2021-10-11,23,TEN,21004.0,20026.0
2021-10-12,0,TEN,20664.0,19686.0
2021-10-12,1,TEN,20288.0,19243.0
2021-10-12,2,TEN,19316.0,18318.0
2021-10-12,3,TEN,18297.0,17250.0
2021-10-12,4,TEN,17073.0,16009.0
2021-10-12,5,TEN,15885.0,14851.0
2021-10-12,6,TEN,15125.0,14475.0
2021-10-12,7,TEN,14537.0,14222.0
2021-10-12,8,TEN,14190.0,13864.0
2021-10-12,9,TEN,14086.0,13763.0
2021-10-12,10,TEN,14316.0,13980.0
2021-10-12,11,TEN,14999.0,14477.0
2021-10-12,12,TEN,16106.0,15514.0
2021-10-12,13,TEN,16410.0,15900.0
2021-10-12,14,TEN,16937.0,16467.0
2021-10-12,15,TEN,17573.0,16825.0
2021-10-12,16,TEN,18152.0,17170.0
2021-10-12,17,TEN,18849.0,17858.0
2021-10-12,18,TEN,19538.0,18551.0
2021-10-12,19,TEN,20164.0,19207.0
2021-10-12,20,TEN,20729.0,19740.0
2021-10-12,21,TEN,21100.0,20128.0
2021-10-12,22,TEN,21101.0,20034.0
2021-10-12,23,TEN,20626.0,19596.0
2021-10-13,0,TEN,20287.0,19324.0
2021-10-13,1,TEN,19838.0,18843.0
2021-10-13,2,TEN,18880.0,17855.0
2021-10-13,3,TEN,17753.0,16672.0
2021-10-13,4,TEN,16437.0,15361.0
2021-10-13,5,TEN,15333.0,14298.0
2021-10-13,6,TEN,14737.0,14061.0
2021-10-13,7,TEN,14237.0,13649.0
2021-10-13,8,TEN,13935.0,13380.0
2021-10-13,9,TEN,13944.0,13349.0
2021-10-13,10,TEN,14295.0,13724.0
2021-10-13,11,TEN,15021.0,14288.0
2021-10-13,12,TEN,16135.0,15094.0
2021-10-13,13,TEN,16578.0,15452.0
2021-10-13,14,TEN,17116.0,16072.0
2021-10-13,15,TEN,17824.0,16744.0
2021-10-13,16,TEN,18531.0,17517.0
2021-10-13,17,TEN,19565.0,18393.0
2021-10-13,18,TEN,20631.0,19564.0
2021-10-13,19,TEN,21254.0,20142.0
2021-10-13,20,TEN,21948.0,20867.0
2021-10-13,21,TEN,22182.0,21186.0
2021-10-13,22,TEN,22205.0,21003.0
2021-10-13,23,TEN,21739.0,20510.0
2021-10-14,0,TEN,21295.0,20252.0
2021-10-14,1,TEN,20935.0,19956.0
2021-10-14,2,TEN,19912.0,18892.0
2021-10-14,3,TEN,18713.0,17779.0
2021-10-14,4,TEN,17457.0,16556.0
2021-10-14,5,TEN,16257.0,15248.0
2021-10-14,6,TEN,15272.0,14288.0
2021-10-14,7,TEN,14601.0,13693.0
2021-10-14,8,TEN,14198.0,13310.0
2021-10-14,9,TEN,14045.0,13176.0
2021-10-14,10,TEN,14241.0,13374.0
2021-10-14,11,TEN,15021.0,13991.0
2021-10-14,12,TEN,16049.0,14935.0
2021-10-14,13,TEN,16411.0,15229.0
2021-10-14,14,TEN,17231.0,16044.0
2021-10-14,15,TEN,18059.0,16885.0
2021-10-14,16,TEN,19035.0,17843.0
2021-10-14,17,TEN,20184.0,18931.0
2021-10-14,18,TEN,21364.0,19982.0
2021-10-14,19,TEN,21966.0,20433.0
2021-10-14,20,TEN,22373.0,20378.0
2021-10-14,21,TEN,22433.0,20294.0
2021-10-14,22,TEN,22263.0,20082.0
2021-10-14,23,TEN,21594.0,19712.0
2021-10-15,0,TEN,21084.0,19687.0
2021-10-15,1,TEN,20697.0,19239.0
2021-10-15,2,TEN,19742.0,18399.0
2021-10-15,3,TEN,18588.0,17297.0
2021-10-15,4,TEN,17399.0,16273.0
2021-10-15,5,TEN,16373.0,15148.0
2021-10-15,6,TEN,15473.0,14737.0
2021-10-15,7,TEN,14841.0,14212.0
2021-10-15,8,TEN,14466.0,13816.0
2021-10-15,9,TEN,14393.0,13753.0
2021-10-15,10,TEN,14560.0,13933.0
2021-10-15,11,TEN,15316.0,14671.0
2021-10-15,12,TEN,16302.0,15156.0
2021-10-15,13,TEN,16684.0,15484.0
2021-10-15,14,TEN,17202.0,15809.0
2021-10-15,15,TEN,17897.0,17230.0
2021-10-15,16,TEN,18715.0,17997.0
2021-10-15,17,TEN,19337.0,18776.0
2021-10-15,18,TEN,20018.0,19409.0
2021-10-15,19,TEN,20609.0,19808.0
2021-10-15,20,TEN,21247.0,20347.0
2021-10-15,21,TEN,21336.0,20410.0
2021-10-15,22,TEN,21215.0,20353.0
2021-10-15,23,TEN,20539.0,19879.0
2021-10-16,0,TEN,20020.0,19334.0
2021-10-16,1,TEN,19384.0,18680.0
2021-10-16,2,TEN,18621.0,17969.0
2021-10-16,3,TEN,17649.0,16980.0
2021-10-16,4,TEN,16486.0,15855.0
2021-10-16,5,TEN,15478.0,14885.0
2021-10-16,6,TEN,14435.0,13810.0
2021-10-16,7,TEN,13877.0,13031.0
2021-10-16,8,TEN,13376.0,12783.0
2021-10-16,9,TEN,13104.0,12518.0
2021-10-16,10,TEN,13007.0,12401.0
2021-10-16,11,TEN,13109.0,12575.0
2021-10-16,12,TEN,13508.0,13059.0
2021-10-16,13,TEN,13719.0,13328.0
2021-10-16,14,TEN,14399.0,13957.0
2021-10-16,15,TEN,14839.0,14421.0
2021-10-16,16,TEN,15058.0,14655.0
2021-10-16,17,TEN,15084.0,14882.0
2021-10-16,18,TEN,15034.0,14895.0
2021-10-16,19,TEN,15125.0,15012.0
2021-10-16,20,TEN,15089.0,15008.0
2021-10-16,21,TEN,15302.0,15108.0
2021-10-16,22,TEN,15375.0,15051.0
2021-10-16,23,TEN,15151.0,15044.0
2021-10-17,0,TEN,15340.0,14741.0
2021-10-17,1,TEN,15207.0,14660.0
2021-10-17,2,TEN,14756.0,14230.0
2021-10-17,3,TEN,14289.0,13768.0
2021-10-17,4,TEN,13610.0,13070.0
2021-10-17,5,TEN,13150.0,12570.0
2021-10-17,6,TEN,12578.0,12022.0
2021-10-17,7,TEN,12256.0,11694.0
2021-10-17,8,TEN,12067.0,11539.0
2021-10-17,9,TEN,12132.0,11549.0
2021-10-17,10,TEN,12224.0,11658.0
2021-10-17,11,TEN,12676.0,12134.0
2021-10-17,12,TEN,13243.0,12719.0
2021-10-17,13,TEN,13917.0,13424.0
2021-10-17,14,TEN,14509.0,13990.0
2021-10-17,15,TEN,14585.0,14076.0
2021-10-17,16,TEN,14440.0,13912.0
2021-10-17,17,TEN,14432.0,13928.0
2021-10-17,18,TEN,14473.0,13977.0
2021-10-17,19,TEN,14456.0,13965.0
2021-10-17,20,TEN,14562.0,14045.0
2021-10-17,21,TEN,14650.0,14188.0
2021-10-17,22,TEN,14990.0,14503.0
2021-10-17,23,TEN,15221.0,14689.0
2021-10-18,0,TEN,15730.0,15185.0
2021-10-18,1,TEN,15941.0,15381.0
2021-10-18,2,TEN,15431.0,14887.0
2021-10-18,3,TEN,14648.0,14125.0
2021-10-18,4,TEN,13903.0,13344.0
2021-10-18,5,TEN,13231.0,12935.0
2021-10-18,6,TEN,12697.0,12418.0
2021-10-18,7,TEN,12650.0,12095.0
2021-10-18,8,TEN,12658.0,12140.0
2021-10-18,9,TEN,12835.0,12329.0
2021-10-18,10,TEN,13423.0,12876.0
2021-10-18,11,TEN,14686.0,14147.0
2021-10-18,12,TEN,16100.0,15567.0
2021-10-18,13,TEN,16574.0,15928.0
2021-10-18,14,TEN,16723.0,16170.0
2021-10-18,15,TEN,16583.0,16065.0
2021-10-18,16,TEN,16566.0,15988.0
2021-10-18,17,TEN,16469.0,15940.0
2021-10-18,18,TEN,16408.0,15904.0
2021-10-18,19,TEN,16401.0,15835.0
2021-10-18,20,TEN,16402.0,15885.0
2021-10-18,21,TEN,16485.0,15991.0
2021-10-18,22,TEN,16600.0,16097.0
2021-10-18,23,TEN,16665.0,16146.0
2021-10-19,0,TEN,17164.0,16647.0
2021-10-19,1,TEN,17064.0,16479.0
2021-10-19,2,TEN,16416.0,15933.0
2021-10-19,3,TEN,15684.0,15129.0
2021-10-19,4,TEN,14563.0,13978.0
2021-10-19,5,TEN,13795.0,13256.0
2021-10-19,6,TEN,13540.0,13122.0
2021-10-19,7,TEN,13307.0,12915.0
2021-10-19,8,TEN,13280.0,12913.0
2021-10-19,9,TEN,13286.0,12891.0
2021-10-19,10,TEN,13931.0,13500.0
2021-10-19,11,TEN,15114.0,14553.0
2021-10-19,12,TEN,16533.0,16044.0
2021-10-19,13,TEN,16887.0,16295.0
2021-10-19,14,TEN,16747.0,16270.0
2021-10-19,15,TEN,16604.0,16138.0
2021-10-19,16,TEN,16449.0,15958.0
2021-10-19,17,TEN,16441.0,15986.0
2021-10-19,18,TEN,16437.0,15997.0
2021-10-19,19,TEN,16469.0,15963.0
2021-10-19,20,TEN,16498.0,16037.0
2021-10-19,21,TEN,16694.0,16270.0
2021-10-19,22,TEN,16687.0,16154.0
2021-10-19,23,TEN,16699.0,16174.0
2021-10-20,0,TEN,17046.0,16500.0
2021-10-20,1,TEN,17089.0,16633.0
2021-10-20,2,TEN,16404.0,16021.0
2021-10-20,3,TEN,15627.0,15216.0
2021-10-20,4,TEN,14571.0,14269.0
2021-10-20,5,TEN,13835.0,13463.0
2021-10-20,6,TEN,13423.0,13037.0
2021-10-20,7,TEN,13132.0,12795.0
2021-10-20,8,TEN,13118.0,12768.0
2021-10-20,9,TEN,13188.0,12885.0
2021-10-20,10,TEN,13773.0,13392.0
2021-10-20,11,TEN,14888.0,14499.0
2021-10-20,12,TEN,16144.0,15742.0
2021-10-20,13,TEN,16478.0,16054.0
2021-10-20,14,TEN,16404.0,16116.0
2021-10-20,15,TEN,16376.0,15960.0
2021-10-20,16,TEN,16361.0,15861.0
2021-10-20,17,TEN,16541.0,16057.0
2021-10-20,18,TEN,16783.0,16232.0
2021-10-20,19,TEN,16947.0,16382.0
2021-10-20,20,TEN,17257.0,16693.0
2021-10-20,21,TEN,17486.0,17054.0
2021-10-20,22,TEN,17499.0,17082.0
2021-10-20,23,TEN,17513.0,17068.0
2021-10-21,0,TEN,17920.0,17410.0
2021-10-21,1,TEN,17599.0,17081.0
2021-10-21,2,TEN,17099.0,16528.0
2021-10-21,3,TEN,16382.0,15950.0
2021-10-21,4,TEN,15321.0,14918.0
2021-10-21,5,TEN,14449.0,13915.0
2021-10-21,6,TEN,13843.0,13317.0
2021-10-21,7,TEN,13368.0,12964.0
2021-10-21,8,TEN,13152.0,12713.0
2021-10-21,9,TEN,13195.0,12808.0
2021-10-21,10,TEN,13549.0,13139.0
2021-10-21,11,TEN,14571.0,13954.0
2021-10-21,12,TEN,15857.0,15039.0
2021-10-21,13,TEN,16229.0,15340.0
2021-10-21,14,TEN,16385.0,15605.0
2021-10-21,15,TEN,16718.0,15919.0
2021-10-21,16,TEN,17018.0,16194.0
2021-10-21,17,TEN,17226.0,16452.0
2021-10-21,18,TEN,17446.0,16616.0
2021-10-21,19,TEN,17704.0,16903.0
2021-10-21,20,TEN,17925.0,17148.0
2021-10-21,21,TEN,18005.0,17260.0
2021-10-21,22,TEN,17976.0,17217.0
2021-10-21,23,TEN,17827.0,17047.0
2021-10-22,0,TEN,17897.0,17169.0
2021-10-22,1,TEN,17786.0,17062.0
2021-10-22,2,TEN,16856.0,16161.0
2021-10-22,3,TEN,16042.0,15358.0
2021-10-22,4,TEN,15085.0,14422.0
2021-10-22,5,TEN,14131.0,13676.0
2021-10-22,6,TEN,13479.0,12911.0
2021-10-22,7,TEN,13089.0,12531.0
2021-10-22,8,TEN,12871.0,12348.0
2021-10-22,9,TEN,12838.0,12309.0
2021-10-22,10,TEN,13206.0,12633.0
2021-10-22,11,TEN,14151.0,13463.0
2021-10-22,12,TEN,15404.0,14666.0
2021-10-22,13,TEN,15814.0,15010.0
2021-10-22,14,TEN,15969.0,15253.0
2021-10-22,15,TEN,16160.0,15410.0
2021-10-22,16,TEN,16235.0,15504.0
2021-10-22,17,TEN,16195.0,15453.0
2021-10-22,18,TEN,15954.0,15267.0
2021-10-22,19,TEN,15830.0,15102.0
2021-10-22,20,TEN,15691.0,14927.0
2021-10-22,21,TEN,15742.0,14969.0
2021-10-22,22,TEN,15821.0,15120.0
2021-10-22,23,TEN,15838.0,15082.0
2021-10-23,0,TEN,16195.0,15441.0
2021-10-23,1,TEN,16044.0,15315.0
2021-10-23,2,TEN,15676.0,14892.0
2021-10-23,3,TEN,15175.0,14400.0
2021-10-23,4,TEN,14343.0,13629.0
2021-10-23,5,TEN,13633.0,12903.0
2021-10-23,6,TEN,13149.0,12313.0
2021-10-23,7,TEN,12816.0,12144.0
2021-10-23,8,TEN,12668.0,12041.0
2021-10-23,9,TEN,12658.0,12031.0
2021-10-23,10,TEN,12848.0,12168.0
2021-10-23,11,TEN,13242.0,12573.0
2021-10-23,12,TEN,13924.0,13174.0
2021-10-23,13,TEN,14536.0,13775.0
2021-10-23,14,TEN,15063.0,14311.0
2021-10-23,15,TEN,15275.0,14500.0
2021-10-23,16,TEN,15238.0,14485.0
2021-10-23,17,TEN,15152.0,14393.0
2021-10-23,18,TEN,15107.0,14320.0
2021-10-23,19,TEN,15176.0,14388.0
2021-10-23,20,TEN,15212.0,14443.0
2021-10-23,21,TEN,15383.0,14572.0
2021-10-23,22,TEN,15521.0,14701.0
2021-10-23,23,TEN,15481.0,14603.0
2021-10-24,0,TEN,15767.0,14891.0
2021-10-24,1,TEN,15480.0,14652.0
2021-10-24,2,TEN,15194.0,14398.0
2021-10-24,3,TEN,14685.0,13906.0
2021-10-24,4,TEN,14050.0,13231.0
2021-10-24,5,TEN,13336.0,12577.0
2021-10-24,6,TEN,12856.0,12511.0
2021-10-24,7,TEN,12541.0,12246.0
2021-10-24,8,TEN,12476.0,12190.0
2021-10-24,9,TEN,12093.0,11826.0
2021-10-24,10,TEN,12306.0,11957.0
2021-10-24,11,TEN,12634.0,12270.0
2021-10-24,12,TEN,13200.0,12688.0
2021-10-24,13,TEN,13577.0,13035.0
2021-10-24,14,TEN,14246.0,13458.0
2021-10-24,15,TEN,14598.0,13592.0
2021-10-24,16,TEN,14749.0,13748.0
2021-10-24,17,TEN,15198.0,14134.0
2021-10-24,18,TEN,15723.0,14643.0
2021-10-24,19,TEN,16152.0,15046.0
2021-10-24,20,TEN,16507.0,15417.0
2021-10-24,21,TEN,16815.0,15725.0
2021-10-24,22,TEN,17423.0,16343.0
2021-10-24,23,TEN,16809.0,15735.0
2021-10-25,0,TEN,17255.0,16175.0
2021-10-25,1,TEN,17100.0,16005.0
2021-10-25,2,TEN,16457.0,15403.0
2021-10-25,3,TEN,15535.0,14479.0
2021-10-25,4,TEN,14422.0,13402.0
2021-10-25,5,TEN,13538.0,12511.0
2021-10-25,6,TEN,12974.0,11939.0
2021-10-25,7,TEN,12750.0,11904.0
2021-10-25,8,TEN,12581.0,11762.0
2021-10-25,9,TEN,12772.0,11935.0
2021-10-25,10,TEN,13280.0,12437.0
2021-10-25,11,TEN,14384.0,13403.0
2021-10-25,12,TEN,15660.0,14660.0
2021-10-25,13,TEN,16037.0,15057.0
2021-10-25,14,TEN,16294.0,15302.0
2021-10-25,15,TEN,16626.0,15612.0
2021-10-25,16,TEN,16883.0,15893.0
2021-10-25,17,TEN,17098.0,16073.0
2021-10-25,18,TEN,17228.0,16214.0
2021-10-25,19,TEN,17305.0,16260.0
2021-10-25,20,TEN,17247.0,16208.0
2021-10-25,21,TEN,17182.0,16157.0
2021-10-25,22,TEN,17179.0,16210.0
2021-10-25,23,TEN,17222.0,16211.0
2021-10-26,0,TEN,17502.0,16630.0
2021-10-26,1,TEN,17256.0,16343.0
2021-10-26,2,TEN,16528.0,15461.0
2021-10-26,3,TEN,15564.0,14472.0
2021-10-26,4,TEN,14611.0,13572.0
2021-10-26,5,TEN,13861.0,12759.0
2021-10-26,6,TEN,13385.0,12276.0
2021-10-26,7,TEN,13070.0,12366.0
2021-10-26,8,TEN,12979.0,12364.0
2021-10-26,9,TEN,12898.0,12312.0
2021-10-26,10,TEN,13451.0,12431.0
2021-10-26,11,TEN,14656.0,13593.0
2021-10-26,12,TEN,16012.0,14889.0
2021-10-26,13,TEN,16341.0,15223.0
2021-10-26,14,TEN,16518.0,15455.0
2021-10-26,15,TEN,16613.0,15596.0
2021-10-26,16,TEN,16665.0,15602.0
2021-10-26,17,TEN,16517.0,15488.0
2021-10-26,18,TEN,16350.0,15374.0
2021-10-26,19,TEN,16247.0,15256.0
2021-10-26,20,TEN,16155.0,15150.0
2021-10-26,21,TEN,16179.0,15227.0
2021-10-26,22,TEN,16161.0,15195.0
2021-10-26,23,TEN,16379.0,15409.0
2021-10-27,0,TEN,17074.0,16056.0
2021-10-27,1,TEN,17264.0,16257.0
2021-10-27,2,TEN,16876.0,15778.0
2021-10-27,3,TEN,16178.0,15048.0
2021-10-27,4,TEN,15324.0,14208.0
2021-10-27,5,TEN,14674.0,13548.0
2021-10-27,6,TEN,14317.0,13208.0
2021-10-27,7,TEN,14134.0,13032.0
2021-10-27,8,TEN,14072.0,13008.0
2021-10-27,9,TEN,14280.0,13180.0
2021-10-27,10,TEN,14866.0,13784.0
2021-10-27,11,TEN,15974.0,14921.0
2021-10-27,12,TEN,17367.0,16296.0
2021-10-27,13,TEN,17695.0,16666.0
2021-10-27,14,TEN,17493.0,16491.0
2021-10-27,15,TEN,17146.0,16120.0
2021-10-27,16,TEN,16830.0,15854.0
2021-10-27,17,TEN,16501.0,15497.0
2021-10-27,18,TEN,16337.0,15318.0
2021-10-27,19,TEN,16026.0,15023.0
2021-10-27,20,TEN,15911.0,14897.0
2021-10-27,21,TEN,16056.0,15052.0
2021-10-27,22,TEN,16204.0,15180.0
2021-10-27,23,TEN,16516.0,15491.0
2021-10-28,0,TEN,17082.0,16031.0
2021-10-28,1,TEN,16982.0,15942.0
2021-10-28,2,TEN,16578.0,15587.0
2021-10-28,3,TEN,15874.0,14851.0
2021-10-28,4,TEN,15062.0,13961.0
2021-10-28,5,TEN,14346.0,13248.0
2021-10-28,6,TEN,13817.0,12802.0
2021-10-28,7,TEN,13562.0,12715.0
2021-10-28,8,TEN,13460.0,12627.0
2021-10-28,9,TEN,13472.0,12634.0
2021-10-28,10,TEN,13954.0,12909.0
2021-10-28,11,TEN,14949.0,13927.0
2021-10-28,12,TEN,16165.0,15033.0
2021-10-28,13,TEN,16451.0,15457.0
2021-10-28,14,TEN,16683.0,15680.0
2021-10-28,15,TEN,16733.0,15807.0
2021-10-28,16,TEN,16709.0,15852.0
2021-10-28,17,TEN,16692.0,15799.0
2021-10-28,18,TEN,16551.0,15622.0
2021-10-28,19,TEN,16175.0,15202.0
2021-10-28,20,TEN,15986.0,15029.0
2021-10-28,21,TEN,15894.0,15064.0
2021-10-28,22,TEN,16041.0,15300.0
2021-10-28,23,TEN,16226.0,15473.0
2021-10-29,0,TEN,16697.0,15880.0
2021-10-29,1,TEN,16639.0,15769.0
2021-10-29,2,TEN,16232.0,15395.0
2021-10-29,3,TEN,15598.0,14696.0
2021-10-29,4,TEN,14673.0,13792.0
2021-10-29,5,TEN,13962.0,13068.0
2021-10-29,6,TEN,13850.0,13329.0
2021-10-29,7,TEN,13567.0,13042.0
2021-10-29,8,TEN,13467.0,12950.0
2021-10-29,9,TEN,13468.0,12939.0
2021-10-29,10,TEN,13816.0,13130.0
2021-10-29,11,TEN,14922.0,14055.0
2021-10-29,12,TEN,16022.0,14915.0
2021-10-29,13,TEN,16528.0,15526.0
2021-10-29,14,TEN,16556.0,15607.0
2021-10-29,15,TEN,16852.0,15830.0
2021-10-29,16,TEN,16856.0,15871.0
2021-10-29,17,TEN,16831.0,15874.0
2021-10-29,18,TEN,16710.0,15748.0
2021-10-29,19,TEN,16391.0,15483.0
2021-10-29,20,TEN,16290.0,15397.0
2021-10-29,21,TEN,16150.0,15173.0
2021-10-29,22,TEN,16252.0,15293.0
2021-10-29,23,TEN,16587.0,15648.0
2021-10-30,0,TEN,16786.0,15856.0
2021-10-30,1,TEN,16582.0,15585.0
2021-10-30,2,TEN,16141.0,15104.0
2021-10-30,3,TEN,15520.0,14555.0
2021-10-30,4,TEN,14952.0,13949.0
2021-10-30,5,TEN,14241.0,13283.0
2021-10-30,6,TEN,13767.0,12711.0
2021-10-30,7,TEN,13484.0,12456.0
2021-10-30,8,TEN,13252.0,12207.0
2021-10-30,9,TEN,13307.0,12256.0
2021-10-30,10,TEN,13340.0,12365.0
2021-10-30,11,TEN,13788.0,12843.0
2021-10-30,12,TEN,14380.0,13320.0
2021-10-30,13,TEN,14846.0,13804.0
2021-10-30,14,TEN,15591.0,14537.0
2021-10-30,15,TEN,16119.0,15038.0
2021-10-30,16,TEN,16322.0,15230.0
2021-10-30,17,TEN,16311.0,15229.0
2021-10-30,18,TEN,16111.0,15064.0
2021-10-30,19,TEN,15941.0,14844.0
2021-10-30,20,TEN,15740.0,14667.0
2021-10-30,21,TEN,15667.0,14595.0
2021-10-30,22,TEN,15689.0,14670.0
2021-10-30,23,TEN,15935.0,14886.0
2021-10-31,0,TEN,16134.0,15090.0
2021-10-31,1,TEN,15938.0,14941.0
2021-10-31,2,TEN,15571.0,14516.0
2021-10-31,3,TEN,15097.0,14088.0
2021-10-31,4,TEN,14575.0,13628.0
2021-10-31,5,TEN,13954.0,13007.0
2021-10-31,6,TEN,13457.0,12416.0
2021-10-31,7,TEN,13190.0,12201.0
2021-10-31,8,TEN,13061.0,12043.0
2021-10-31,9,TEN,12995.0,12006.0
2021-10-31,10,TEN,13100.0,12059.0
2021-10-31,11,TEN,13400.0,12375.0
2021-10-31,12,TEN,13938.0,13019.0
2021-10-31,13,TEN,14455.0,13456.0
2021-10-31,14,TEN,15129.0,14080.0
2021-10-31,15,TEN,15262.0,14155.0
2021-10-31,16,TEN,15197.0,14191.0
2021-10-31,17,TEN,15114.0,14061.0
2021-10-31,18,TEN,15155.0,14055.0
2021-10-31,19,TEN,14940.0,13844.0
2021-10-31,20,TEN,14918.0,13779.0
2021-10-31,21,TEN,14880.0,13775.0
2021-10-31,22,TEN,14972.0,13962.0
2021-10-31,23,TEN,15074.0,14070.0
2021-11-01,0,TEN,15433.0,14465.0
2021-11-01,1,TEN,15609.0,14627.0
2021-11-01,2,TEN,15642.0,14620.0
2021-11-01,3,TEN,15182.0,14193.0
2021-11-01,4,TEN,14547.0,13517.0
2021-11-01,5,TEN,13948.0,12938.0
2021-11-01,6,TEN,13547.0,12476.0
2021-11-01,7,TEN,13387.0,12336.0
2021-11-01,8,TEN,13423.0,12298.0
2021-11-01,9,TEN,13665.0,12609.0
2021-11-01,10,TEN,14302.0,13227.0
2021-11-01,11,TEN,15627.0,14472.0
2021-11-01,12,TEN,16992.0,15902.0
2021-11-01,13,TEN,17526.0,16398.0
2021-11-01,14,TEN,17422.0,16344.0
2021-11-01,15,TEN,17355.0,16223.0
2021-11-01,16,TEN,17074.0,15998.0
2021-11-01,17,TEN,16765.0,15629.0
2021-11-01,18,TEN,16547.0,15416.0
2021-11-01,19,TEN,16443.0,15310.0
2021-11-01,20,TEN,16150.0,15073.0
2021-11-01,21,TEN,16189.0,15107.0
2021-11-01,22,TEN,16324.0,15226.0
2021-11-01,23,TEN,16697.0,15590.0
2021-11-02,0,TEN,17578.0,16387.0
2021-11-02,1,TEN,17489.0,16318.0
2021-11-02,2,TEN,17091.0,16001.0
2021-11-02,3,TEN,16380.0,15328.0
2021-11-02,4,TEN,15492.0,14451.0
2021-11-02,5,TEN,14885.0,13765.0
2021-11-02,6,TEN,14538.0,13388.0
2021-11-02,7,TEN,14321.0,13187.0
2021-11-02,8,TEN,14257.0,13126.0
2021-11-02,9,TEN,14378.0,13258.0
2021-11-02,10,TEN,14877.0,13770.0
2021-11-02,11,TEN,16022.0,14909.0
2021-11-02,12,TEN,17466.0,16035.0
2021-11-02,13,TEN,17685.0,16367.0
2021-11-02,14,TEN,17919.0,16586.0
2021-11-02,15,TEN,17870.0,16695.0
2021-11-02,16,TEN,17890.0,16673.0
2021-11-02,17,TEN,17718.0,16463.0
2021-11-02,18,TEN,17431.0,16224.0
2021-11-02,19,TEN,17130.0,15919.0
2021-11-02,20,TEN,16858.0,15589.0
2021-11-02,21,TEN,16735.0,15509.0
2021-11-02,22,TEN,17055.0,15825.0
2021-11-02,23,TEN,17687.0,16512.0
2021-11-03,0,TEN,18614.0,17423.0
2021-11-03,1,TEN,18667.0,17449.0
2021-11-03,2,TEN,18371.0,17093.0
2021-11-03,3,TEN,17599.0,16335.0
2021-11-03,4,TEN,16808.0,15710.0
2021-11-03,5,TEN,16190.0,15050.0
2021-11-03,6,TEN,15781.0,14624.0
2021-11-03,7,TEN,15603.0,14479.0
2021-11-03,8,TEN,15566.0,14417.0
2021-11-03,9,TEN,15738.0,14607.0
2021-11-03,10,TEN,16060.0,14929.0
2021-11-03,11,TEN,17411.0,16347.0
2021-11-03,12,TEN,18903.0,17696.0
2021-11-03,13,TEN,19300.0,18108.0
2021-11-03,14,TEN,19237.0,17996.0
2021-11-03,15,TEN,18858.0,17690.0
2021-11-03,16,TEN,18691.0,17613.0
2021-11-03,17,TEN,18460.0,17381.0
2021-11-03,18,TEN,18293.0,17154.0
2021-11-03,19,TEN,18175.0,17080.0
2021-11-03,20,TEN,18006.0,16873.0
2021-11-03,21,TEN,18058.0,16980.0
2021-11-03,22,TEN,18327.0,17230.0
2021-11-03,23,TEN,18959.0,17693.0
2021-11-04,0,TEN,19607.0,18024.0
2021-11-04,1,TEN,19583.0,18075.0
2021-11-04,2,TEN,19220.0,17823.0
2021-11-04,3,TEN,18490.0,17262.0
2021-11-04,4,TEN,17647.0,16521.0
2021-11-04,5,TEN,16871.0,15731.0
2021-11-04,6,TEN,16560.0,15398.0
2021-11-04,7,TEN,16569.0,15386.0
2021-11-04,8,TEN,16556.0,15397.0
2021-11-04,9,TEN,16776.0,15633.0
2021-11-04,10,TEN,17263.0,16102.0
2021-11-04,11,TEN,18548.0,17449.0
2021-11-04,12,TEN,20037.0,18715.0
2021-11-04,13,TEN,20492.0,18922.0
2021-11-04,14,TEN,20360.0,18847.0
2021-11-04,15,TEN,19834.0,18543.0
2021-11-04,16,TEN,19369.0,18249.0
2021-11-04,17,TEN,18924.0,17872.0
2021-11-04,18,TEN,18544.0,17383.0
2021-11-04,19,TEN,18114.0,16991.0
2021-11-04,20,TEN,17873.0,16688.0
2021-11-04,21,TEN,17806.0,16625.0
2021-11-04,22,TEN,17868.0,16769.0
2021-11-04,23,TEN,18353.0,17141.0
2021-11-05,0,TEN,19198.0,18022.0
2021-11-05,1,TEN,19405.0,18210.0
2021-11-05,2,TEN,19234.0,18116.0
2021-11-05,3,TEN,18654.0,17437.0
2021-11-05,4,TEN,17947.0,16672.0
2021-11-05,5,TEN,17330.0,16103.0
2021-11-05,6,TEN,17161.0,15743.0
2021-11-05,7,TEN,17177.0,15764.0
2021-11-05,8,TEN,17293.0,15909.0
2021-11-05,9,TEN,17543.0,16191.0
2021-11-05,10,TEN,18073.0,16562.0
2021-11-05,11,TEN,19299.0,17337.0
2021-11-05,12,TEN,20745.0,18104.0
2021-11-05,13,TEN,21098.0,18717.0
2021-11-05,14,TEN,20902.0,18621.0
2021-11-05,15,TEN,20180.0,18486.0
2021-11-05,16,TEN,19240.0,17993.0
2021-11-05,17,TEN,18449.0,17103.0
2021-11-05,18,TEN,17765.0,16434.0
2021-11-05,19,TEN,17424.0,16088.0
2021-11-05,20,TEN,16935.0,15651.0
2021-11-05,21,TEN,16743.0,15490.0
2021-11-05,22,TEN,16778.0,15667.0
2021-11-05,23,TEN,17248.0,16113.0
2021-11-06,0,TEN,17932.0,16764.0
2021-11-06,1,TEN,18081.0,16878.0
2021-11-06,2,TEN,17857.0,16704.0
2021-11-06,3,TEN,17519.0,16266.0
2021-11-06,4,TEN,17213.0,15929.0
2021-11-06,5,TEN,16848.0,15580.0
2021-11-06,6,TEN,16466.0,15580.0
2021-11-06,7,TEN,16440.0,15764.0
2021-11-06,8,TEN,16658.0,15909.0
2021-11-06,9,TEN,16760.0,16191.0
2021-11-06,10,TEN,17147.0,16562.0
2021-11-06,11,TEN,17871.0,17337.0
2021-11-06,12,TEN,18816.0,18104.0
2021-11-06,13,TEN,19417.0,18717.0
2021-11-06,14,TEN,19271.0,18621.0
2021-11-06,15,TEN,18913.0,18486.0
2021-11-06,16,TEN,18211.0,17993.0
2021-11-06,17,TEN,17290.0,17103.0
2021-11-06,18,TEN,16427.0,16434.0
2021-11-06,19,TEN,15665.0,16088.0
2021-11-06,20,TEN,15289.0,15651.0
2021-11-06,21,TEN,15260.0,15490.0
2021-11-06,22,TEN,15534.0,15667.0
2021-11-06,23,TEN,16091.0,16113.0
2021-11-07,0,TEN,16913.0,16764.0
2021-11-07,1,TEN,16832.0,16878.0
2021-11-07,2,TEN,16920.0,16704.0
2021-11-07,3,TEN,16731.0,16266.0
2021-11-07,4,TEN,16235.0,15929.0
2021-11-07,5,TEN,15918.0,15580.0
2021-11-07,6,TEN,15989.0,14783.0
2021-11-07,7,TEN,16088.0,14498.0
2021-11-07,8,TEN,16162.0,14605.0
2021-11-07,9,TEN,16490.0,14983.0
2021-11-07,10,TEN,16925.0,15410.0
2021-11-07,11,TEN,17381.0,15896.0
2021-11-07,12,TEN,18155.0,16936.0
2021-11-07,13,TEN,18877.0,17805.0
2021-11-07,14,TEN,19224.0,17892.0
2021-11-07,15,TEN,18490.0,16980.0
2021-11-07,16,TEN,17383.0,16040.0
2021-11-07,17,TEN,16529.0,15494.0
2021-11-07,18,TEN,15890.0,14859.0
2021-11-07,19,TEN,15493.0,14517.0
2021-11-07,20,TEN,15228.0,14243.0
2021-11-07,21,TEN,14989.0,14102.0
2021-11-07,22,TEN,15320.0,14482.0
2021-11-07,23,TEN,15771.0,15018.0
2021-11-08,0,TEN,16950.0,15956.0
2021-11-08,1,TEN,17194.0,16203.0
2021-11-08,2,TEN,17063.0,16092.0
2021-11-08,3,TEN,16720.0,15750.0
2021-11-08,4,TEN,16290.0,15278.0
2021-11-08,5,TEN,15757.0,14719.0
2021-11-08,6,TEN,1555.0,1446.0
2021-11-08,7,TEN,15518.0,14457.0
2021-11-08,8,TEN,15591.0,14511.0
2021-11-08,9,TEN,15942.0,14886.0
2021-11-08,10,TEN,16449.0,15350.0
2021-11-08,11,TEN,17365.0,16299.0
2021-11-08,12,TEN,18923.0,17699.0
2021-11-08,13,TEN,20295.0,18983.0
2021-11-08,14,TEN,20020.0,18808.0
2021-11-08,15,TEN,18932.0,17694.0
2021-11-08,16,TEN,17995.0,16828.0
2021-11-08,17,TEN,17444.0,16283.0
2021-11-08,18,TEN,17026.0,15917.0
2021-11-08,19,TEN,16782.0,15732.0
2021-11-08,20,TEN,16693.0,15637.0
2021-11-08,21,TEN,16574.0,15577.0
2021-11-08,22,TEN,16626.0,15528.0
2021-11-08,23,TEN,17031.0,15972.0
2021-11-09,0,TEN,17879.0,16736.0
2021-11-09,1,TEN,17835.0,16660.0
2021-11-09,2,TEN,17516.0,16355.0
2021-11-09,3,TEN,17079.0,15850.0
2021-11-09,4,TEN,16443.0,15232.0
2021-11-09,5,TEN,15707.0,14476.0
2021-11-09,6,TEN,15232.0,13890.0
2021-11-09,7,TEN,14872.0,13537.0
2021-11-09,8,TEN,15129.0,13843.0
2021-11-09,9,TEN,15171.0,13985.0
2021-11-09,10,TEN,15534.0,14277.0
2021-11-09,11,TEN,16363.0,15085.0
2021-11-09,12,TEN,17826.0,16655.0
2021-11-09,13,TEN,19179.0,17738.0
2021-11-09,14,TEN,18972.0,17441.0
2021-11-09,15,TEN,18108.0,16711.0
2021-11-09,16,TEN,17311.0,16054.0
2021-11-09,17,TEN,16958.0,15666.0
2021-11-09,18,TEN,16723.0,15420.0
2021-11-09,19,TEN,16637.0,15321.0
2021-11-09,20,TEN,16583.0,15339.0
2021-11-09,21,TEN,16372.0,15183.0
2021-11-09,22,TEN,16351.0,15178.0
2021-11-09,23,TEN,16809.0,15582.0
2021-11-10,0,TEN,17685.0,16376.0
2021-11-10,1,TEN,17604.0,16433.0
2021-11-10,2,TEN,17252.0,16052.0
2021-11-10,3,TEN,16628.0,15453.0
2021-11-10,4,TEN,16017.0,14800.0
2021-11-10,5,TEN,15164.0,14079.0
2021-11-10,6,TEN,14581.0,13438.0
2021-11-10,7,TEN,14275.0,13480.0
2021-11-10,8,TEN,14190.0,13737.0
2021-11-10,9,TEN,14329.0,13956.0
2021-11-10,10,TEN,14592.0,14277.0
2021-11-10,11,TEN,15217.0,14912.0
2021-11-10,12,TEN,16517.0,16293.0
2021-11-10,13,TEN,17813.0,17519.0
2021-11-10,14,TEN,17986.0,17635.0
2021-11-10,15,TEN,17425.0,17107.0
2021-11-10,16,TEN,16969.0,16630.0
2021-11-10,17,TEN,16717.0,16277.0
2021-11-10,18,TEN,16540.0,16191.0
2021-11-10,19,TEN,16373.0,16085.0
2021-11-10,20,TEN,16360.0,16074.0
2021-11-10,21,TEN,16403.0,16187.0
2021-11-10,22,TEN,16439.0,16207.0
2021-11-10,23,TEN,16679.0,16359.0
2021-11-11,0,TEN,17403.0,17066.0
2021-11-11,1,TEN,17298.0,16992.0
2021-11-11,2,TEN,17028.0,16673.0
2021-11-11,3,TEN,16483.0,16129.0
2021-11-11,4,TEN,15786.0,15426.0
2021-11-11,5,TEN,15056.0,14662.0
2021-11-11,6,TEN,14430.0,14047.0
2021-11-11,7,TEN,14061.0,13767.0
2021-11-11,8,TEN,13917.0,13721.0
2021-11-11,9,TEN,13835.0,13765.0
2021-11-11,10,TEN,13975.0,13799.0
2021-11-11,11,TEN,14416.0,14216.0
2021-11-11,12,TEN,15488.0,15471.0
2021-11-11,13,TEN,16517.0,16511.0
2021-11-11,14,TEN,16808.0,16800.0
2021-11-11,15,TEN,16905.0,16848.0
2021-11-11,16,TEN,16780.0,16799.0
2021-11-11,17,TEN,16737.0,16679.0
2021-11-11,18,TEN,16850.0,16786.0
2021-11-11,19,TEN,16789.0,16751.0
2021-11-11,20,TEN,16808.0,16760.0
2021-11-11,21,TEN,16690.0,16704.0
2021-11-11,22,TEN,16694.0,16656.0
2021-11-11,23,TEN,17106.0,16982.0
2021-11-12,0,TEN,17750.0,17591.0
2021-11-12,1,TEN,17640.0,17483.0
2021-11-12,2,TEN,17353.0,17177.0
2021-11-12,3,TEN,16998.0,16815.0
2021-11-12,4,TEN,16151.0,15984.0
2021-11-12,5,TEN,15410.0,15198.0
2021-11-12,6,TEN,14866.0,14651.0
2021-11-12,7,TEN,14694.0,14459.0
2021-11-12,8,TEN,14611.0,14388.0
2021-11-12,9,TEN,14602.0,14120.0
2021-11-12,10,TEN,14892.0,14210.0
2021-11-12,11,TEN,15592.0,14678.0
2021-11-12,12,TEN,16959.0,15827.0
2021-11-12,13,TEN,18269.0,16963.0
2021-11-12,14,TEN,18410.0,17223.0
2021-11-12,15,TEN,18012.0,16821.0
2021-11-12,16,TEN,17480.0,16303.0
2021-11-12,17,TEN,17189.0,15992.0
2021-11-12,18,TEN,16905.0,15668.0
2021-11-12,19,TEN,16713.0,15508.0
2021-11-12,20,TEN,16397.0,15328.0
2021-11-12,21,TEN,16122.0,15129.0
2021-11-12,22,TEN,16073.0,15151.0
2021-11-12,23,TEN,16760.0,15812.0
2021-11-13,0,TEN,17489.0,16467.0
2021-11-13,1,TEN,17421.0,16854.0
2021-11-13,2,TEN,17261.0,16878.0
2021-11-13,3,TEN,17025.0,16628.0
2021-11-13,4,TEN,16635.0,16264.0
2021-11-13,5,TEN,16073.0,15681.0
2021-11-13,6,TEN,15557.0,15119.0
2021-11-13,7,TEN,15288.0,14726.0
2021-11-13,8,TEN,15132.0,14607.0
2021-11-13,9,TEN,15326.0,14750.0
2021-11-13,10,TEN,15626.0,14859.0
2021-11-13,11,TEN,16151.0,15251.0
2021-11-13,12,TEN,17025.0,15878.0
2021-11-13,13,TEN,17860.0,16673.0
2021-11-13,14,TEN,18535.0,17385.0
2021-11-13,15,TEN,18525.0,17350.0
2021-11-13,16,TEN,18140.0,16979.0
2021-11-13,17,TEN,17722.0,16591.0
2021-11-13,18,TEN,17231.0,16027.0
2021-11-13,19,TEN,16719.0,15510.0
2021-11-13,20,TEN,16342.0,15230.0
2021-11-13,21,TEN,16193.0,15003.0
2021-11-13,22,TEN,16344.0,15146.0
2021-11-13,23,TEN,17264.0,15939.0
2021-11-14,0,TEN,18429.0,17169.0
2021-11-14,1,TEN,18737.0,17478.0
2021-11-14,2,TEN,18968.0,17700.0
2021-11-14,3,TEN,19022.0,17747.0
2021-11-14,4,TEN,18947.0,17696.0
2021-11-14,5,TEN,18511.0,17287.0
2021-11-14,6,TEN,18398.0,17093.0
2021-11-14,7,TEN,18370.0,16980.0
2021-11-14,8,TEN,18357.0,17039.0
2021-11-14,9,TEN,18286.0,16959.0
2021-11-14,10,TEN,18350.0,17128.0
2021-11-14,11,TEN,18648.0,17650.0
2021-11-14,12,TEN,18963.0,18205.0
2021-11-14,13,TEN,19504.0,18723.0
2021-11-14,14,TEN,19812.0,18976.0
2021-11-14,15,TEN,19344.0,18569.0
2021-11-14,16,TEN,18306.0,17608.0
2021-11-14,17,TEN,17472.0,16710.0
2021-11-14,18,TEN,16923.0,16210.0
2021-11-14,19,TEN,16495.0,15791.0
2021-11-14,20,TEN,16144.0,15460.0
2021-11-14,21,TEN,16011.0,15461.0
2021-11-14,22,TEN,16294.0,15877.0
2021-11-14,23,TEN,17054.0,16561.0
2021-11-15,0,TEN,18086.0,17631.0
2021-11-15,1,TEN,18268.0,17833.0
2021-11-15,2,TEN,18162.0,17699.0
2021-11-15,3,TEN,17858.0,17348.0
2021-11-15,4,TEN,17430.0,16895.0
2021-11-15,5,TEN,16716.0,15858.0
2021-11-15,6,TEN,16295.0,15380.0
2021-11-15,7,TEN,16269.0,15293.0
2021-11-15,8,TEN,16360.0,15428.0
2021-11-15,9,TEN,16720.0,15706.0
2021-11-15,10,TEN,17112.0,16119.0
2021-11-15,11,TEN,18087.0,16872.0
2021-11-15,12,TEN,19698.0,18389.0
2021-11-15,13,TEN,21197.0,19949.0
2021-11-15,14,TEN,21212.0,20037.0
2021-11-15,15,TEN,20304.0,19201.0
2021-11-15,16,TEN,19545.0,18416.0
2021-11-15,17,TEN,18752.0,17596.0
2021-11-15,18,TEN,18110.0,17088.0
2021-11-15,19,TEN,17653.0,16615.0
2021-11-15,20,TEN,17274.0,16463.0
2021-11-15,21,TEN,17056.0,16374.0
2021-11-15,22,TEN,17183.0,16460.0
2021-11-15,23,TEN,17810.0,16825.0
2021-11-16,0,TEN,18981.0,17913.0
2021-11-16,1,TEN,19301.0,18364.0
2021-11-16,2,TEN,19074.0,18337.0
2021-11-16,3,TEN,18741.0,17876.0
2021-11-16,4,TEN,18083.0,17200.0
2021-11-16,5,TEN,17359.0,16350.0
2021-11-16,6,TEN,16727.0,15738.0
2021-11-16,7,TEN,16493.0,15664.0
2021-11-16,8,TEN,16306.0,15560.0
2021-11-16,9,TEN,16312.0,15645.0
2021-11-16,10,TEN,16359.0,15679.0
2021-11-16,11,TEN,16808.0,16129.0
2021-11-16,12,TEN,17932.0,17367.0
2021-11-16,13,TEN,18832.0,17852.0
2021-11-16,14,TEN,18716.0,17685.0
2021-11-16,15,TEN,18272.0,17314.0
2021-11-16,16,TEN,17750.0,16847.0
2021-11-16,17,TEN,17433.0,16401.0
2021-11-16,18,TEN,17089.0,16065.0
2021-11-16,19,TEN,16888.0,15861.0
2021-11-16,20,TEN,16789.0,15720.0
2021-11-16,21,TEN,16623.0,15607.0
2021-11-16,22,TEN,16503.0,15781.0
2021-11-16,23,TEN,16959.0,16242.0
2021-11-17,0,TEN,17670.0,16904.0
2021-11-17,1,TEN,17487.0,16708.0
2021-11-17,2,TEN,17203.0,16423.0
2021-11-17,3,TEN,16882.0,16039.0
2021-11-17,4,TEN,16169.0,15725.0
2021-11-17,5,TEN,15161.0,14949.0
2021-11-17,6,TEN,14472.0,14090.0
2021-11-17,7,TEN,14031.0,13703.0
2021-11-17,8,TEN,13796.0,13605.0
2021-11-17,9,TEN,13766.0,13568.0
2021-11-17,10,TEN,13844.0,13715.0
2021-11-17,11,TEN,14416.0,14253.0
2021-11-17,12,TEN,15626.0,15544.0
2021-11-17,13,TEN,16696.0,16586.0
2021-11-17,14,TEN,16850.0,16791.0
2021-11-17,15,TEN,16712.0,16490.0
2021-11-17,16,TEN,16391.0,16238.0
2021-11-17,17,TEN,16426.0,16171.0
2021-11-17,18,TEN,16294.0,16012.0
2021-11-17,19,TEN,16228.0,15916.0
2021-11-17,20,TEN,16176.0,15998.0
2021-11-17,21,TEN,16197.0,16014.0
2021-11-17,22,TEN,16230.0,16284.0
2021-11-17,23,TEN,16537.0,16630.0
2021-11-18,0,TEN,17365.0,17447.0
2021-11-18,1,TEN,17310.0,17331.0
2021-11-18,2,TEN,17003.0,17032.0
2021-11-18,3,TEN,16551.0,16473.0
2021-11-18,4,TEN,15795.0,15827.0
2021-11-18,5,TEN,14874.0,14796.0
2021-11-18,6,TEN,14144.0,14041.0
2021-11-18,7,TEN,13660.0,13623.0
2021-11-18,8,TEN,13420.0,13426.0
2021-11-18,9,TEN,13267.0,13291.0
2021-11-18,10,TEN,13303.0,13318.0
2021-11-18,11,TEN,13759.0,13519.0
2021-11-18,12,TEN,15032.0,14478.0
2021-11-18,13,TEN,16315.0,15331.0
2021-11-18,14,TEN,16627.0,15796.0
2021-11-18,15,TEN,16800.0,15848.0
2021-11-18,16,TEN,16965.0,15990.0
2021-11-18,17,TEN,17185.0,16164.0
2021-11-18,18,TEN,17160.0,16065.0
2021-11-18,19,TEN,17026.0,15970.0
2021-11-18,20,TEN,16885.0,15860.0
2021-11-18,21,TEN,16874.0,15880.0
2021-11-18,22,TEN,17110.0,16287.0
2021-11-18,23,TEN,17914.0,17086.0
2021-11-19,0,TEN,19081.0,18146.0
2021-11-19,1,TEN,19446.0,18566.0
2021-11-19,2,TEN,19644.0,18773.0
2021-11-19,3,TEN,19604.0,18645.0
2021-11-19,4,TEN,19342.0,18385.0
2021-11-19,5,TEN,18811.0,17861.0
2021-11-19,6,TEN,18504.0,17522.0
2021-11-19,7,TEN,18460.0,17386.0
2021-11-19,8,TEN,18634.0,17592.0
2021-11-19,9,TEN,18930.0,17683.0
2021-11-19,10,TEN,19397.0,18112.0
2021-11-19,11,TEN,20150.0,18870.0
2021-11-19,12,TEN,21606.0,19933.0
2021-11-19,13,TEN,22891.0,20567.0
2021-11-19,14,TEN,22807.0,20844.0
2021-11-19,15,TEN,21670.0,20276.0
2021-11-19,16,TEN,20582.0,19449.0
2021-11-19,17,TEN,19644.0,18615.0
2021-11-19,18,TEN,18902.0,18351.0
2021-11-19,19,TEN,18258.0,17700.0
2021-11-19,20,TEN,17822.0,17306.0
2021-11-19,21,TEN,17473.0,17122.0
2021-11-19,22,TEN,17546.0,17274.0
2021-11-19,23,TEN,18347.0,17882.0
2021-11-20,0,TEN,19735.0,19286.0
2021-11-20,1,TEN,20058.0,19531.0
2021-11-20,2,TEN,20223.0,19451.0
2021-11-20,3,TEN,20341.0,19289.0
2021-11-20,4,TEN,19998.0,18792.0
2021-11-20,5,TEN,19736.0,18518.0
2021-11-20,6,TEN,19211.0,17957.0
2021-11-20,7,TEN,19089.0,17866.0
2021-11-20,8,TEN,19043.0,17850.0
2021-11-20,9,TEN,19129.0,17917.0
2021-11-20,10,TEN,19223.0,18061.0
2021-11-20,11,TEN,19519.0,18273.0
2021-11-20,12,TEN,20148.0,18847.0
2021-11-20,13,TEN,20848.0,19592.0
2021-11-20,14,TEN,21205.0,19953.0
2021-11-20,15,TEN,20397.0,19183.0
2021-11-20,16,TEN,19354.0,18154.0
2021-11-20,17,TEN,18473.0,17265.0
2021-11-20,18,TEN,17520.0,16486.0
2021-11-20,19,TEN,16850.0,15756.0
2021-11-20,20,TEN,16368.0,15311.0
2021-11-20,21,TEN,16091.0,15141.0
2021-11-20,22,TEN,16213.0,15302.0
2021-11-20,23,TEN,17127.0,16168.0
2021-11-21,0,TEN,17917.0,16974.0
2021-11-21,1,TEN,18023.0,17097.0
2021-11-21,2,TEN,18050.0,17143.0
2021-11-21,3,TEN,18039.0,17064.0
2021-11-21,4,TEN,17744.0,16722.0
2021-11-21,5,TEN,17284.0,16283.0
2021-11-21,6,TEN,16822.0,15879.0
2021-11-21,7,TEN,16470.0,15975.0
2021-11-21,8,TEN,16293.0,15989.0
2021-11-21,9,TEN,16338.0,16022.0
2021-11-21,10,TEN,16212.0,15955.0
2021-11-21,11,TEN,16366.0,16043.0
2021-11-21,12,TEN,16815.0,16267.0
2021-11-21,13,TEN,17285.0,16993.0
2021-11-21,14,TEN,17774.0,17487.0
2021-11-21,15,TEN,17872.0,17657.0
2021-11-21,16,TEN,17442.0,17229.0
2021-11-21,17,TEN,16998.0,16731.0
2021-11-21,18,TEN,16779.0,16448.0
2021-11-21,19,TEN,16560.0,16232.0
2021-11-21,20,TEN,16410.0,16069.0
2021-11-21,21,TEN,16361.0,16135.0
2021-11-21,22,TEN,16571.0,16397.0
2021-11-21,23,TEN,17295.0,17060.0
2021-11-22,0,TEN,17737.0,17323.0
2021-11-22,1,TEN,17586.0,17189.0
2021-11-22,2,TEN,17238.0,16807.0
2021-11-22,3,TEN,16817.0,16353.0
2021-11-22,4,TEN,16240.0,15699.0
2021-11-22,5,TEN,15406.0,14849.0
2021-11-22,6,TEN,14883.0,14147.0
2021-11-22,7,TEN,14346.0,13734.0
2021-11-22,8,TEN,14322.0,13644.0
2021-11-22,9,TEN,14313.0,13501.0
2021-11-22,10,TEN,14711.0,13604.0
2021-11-22,11,TEN,15456.0,14190.0
2021-11-22,12,TEN,16846.0,15669.0
2021-11-22,13,TEN,18240.0,16976.0
2021-11-22,14,TEN,18809.0,17577.0
2021-11-22,15,TEN,18859.0,17617.0
2021-11-22,16,TEN,18764.0,17494.0
2021-11-22,17,TEN,18609.0,17339.0
2021-11-22,18,TEN,18288.0,16944.0
2021-11-22,19,TEN,18070.0,16741.0
2021-11-22,20,TEN,17731.0,16416.0
2021-11-22,21,TEN,17802.0,16543.0
2021-11-22,22,TEN,18298.0,17074.0
2021-11-22,23,TEN,19465.0,18214.0
2021-11-23,0,TEN,20841.0,19498.0
2021-11-23,1,TEN,21247.0,19900.0
2021-11-23,2,TEN,21338.0,19928.0
2021-11-23,3,TEN,21242.0,19867.0
2021-11-23,4,TEN,20889.0,19484.0
2021-11-23,5,TEN,20302.0,18945.0
2021-11-23,6,TEN,19882.0,18715.0
2021-11-23,7,TEN,19890.0,18628.0
2021-11-23,8,TEN,20025.0,18782.0
2021-11-23,9,TEN,20423.0,19168.0
2021-11-23,10,TEN,20896.0,19613.0
2021-11-23,11,TEN,21851.0,20629.0
2021-11-23,12,TEN,23238.0,21717.0
2021-11-23,13,TEN,24526.0,22723.0
2021-11-23,14,TEN,24468.0,22756.0
2021-11-23,15,TEN,23356.0,22005.0
2021-11-23,16,TEN,22033.0,20717.0
2021-11-23,17,TEN,20873.0,19611.0
2021-11-23,18,TEN,19869.0,18602.0
2021-11-23,19,TEN,19405.0,18006.0
2021-11-23,20,TEN,18848.0,17617.0
2021-11-23,21,TEN,18543.0,17339.0
2021-11-23,22,TEN,18662.0,17666.0
2021-11-23,23,TEN,19638.0,18442.0
2021-11-24,0,TEN,20943.0,19924.0
2021-11-24,1,TEN,21460.0,20278.0
2021-11-24,2,TEN,21652.0,20417.0
2021-11-24,3,TEN,21477.0,20231.0
2021-11-24,4,TEN,21041.0,19757.0
2021-11-24,5,TEN,20628.0,19352.0
2021-11-24,6,TEN,20151.0,18872.0
2021-11-24,7,TEN,20083.0,18805.0
2021-11-24,8,TEN,20124.0,18911.0
2021-11-24,9,TEN,20201.0,18992.0
2021-11-24,10,TEN,20523.0,19273.0
2021-11-24,11,TEN,21093.0,19989.0
2021-11-24,12,TEN,22127.0,20881.0
2021-11-24,13,TEN,23138.0,21886.0
2021-11-24,14,TEN,23186.0,21862.0
2021-11-24,15,TEN,22067.0,20739.0
2021-11-24,16,TEN,20753.0,19451.0
2021-11-24,17,TEN,19825.0,18421.0
2021-11-24,18,TEN,19091.0,17749.0
2021-11-24,19,TEN,18325.0,16986.0
2021-11-24,20,TEN,17867.0,16488.0
2021-11-24,21,TEN,17567.0,16340.0
2021-11-24,22,TEN,17544.0,16360.0
2021-11-24,23,TEN,18303.0,17120.0
2021-11-25,0,TEN,19123.0,17899.0
2021-11-25,1,TEN,19237.0,18087.0
2021-11-25,2,TEN,19147.0,17965.0
2021-11-25,3,TEN,18889.0,17641.0
2021-11-25,4,TEN,18426.0,17143.0
2021-11-25,5,TEN,17587.0,16295.0
2021-11-25,6,TEN,16927.0,15663.0
2021-11-25,7,TEN,16363.0,15085.0
2021-11-25,8,TEN,16089.0,14839.0
2021-11-25,9,TEN,16033.0,14999.0
2021-11-25,10,TEN,16035.0,14985.0
2021-11-25,11,TEN,16331.0,15290.0
2021-11-25,12,TEN,16801.0,16006.0
2021-11-25,13,TEN,17330.0,16623.0
2021-11-25,14,TEN,17935.0,17160.0
2021-11-25,15,TEN,18237.0,17486.0
2021-11-25,16,TEN,18256.0,17710.0
2021-11-25,17,TEN,18259.0,17692.0
2021-11-25,18,TEN,17798.0,17124.0
2021-11-25,19,TEN,16920.0,15988.0
2021-11-25,20,TEN,16236.0,15263.0
2021-11-25,21,TEN,15925.0,14950.0
2021-11-25,22,TEN,15697.0,14812.0
2021-11-25,23,TEN,15931.0,15063.0
2021-11-26,0,TEN,16149.0,15326.0
2021-11-26,1,TEN,16156.0,15394.0
2021-11-26,2,TEN,16168.0,15422.0
2021-11-26,3,TEN,16257.0,15565.0
2021-11-26,4,TEN,16086.0,15284.0
2021-11-26,5,TEN,15817.0,15040.0
2021-11-26,6,TEN,15552.0,14762.0
2021-11-26,7,TEN,15531.0,14297.0
2021-11-26,8,TEN,15644.0,14428.0
2021-11-26,9,TEN,15954.0,14724.0
2021-11-26,10,TEN,16565.0,15342.0
2021-11-26,11,TEN,17320.0,16120.0
2021-11-26,12,TEN,18406.0,17247.0
2021-11-26,13,TEN,19335.0,18181.0
2021-11-26,14,TEN,19995.0,18746.0
2021-11-26,15,TEN,19983.0,18756.0
2021-11-26,16,TEN,19461.0,18251.0
2021-11-26,17,TEN,18945.0,17705.0
2021-11-26,18,TEN,18259.0,16988.0
2021-11-26,19,TEN,17585.0,16332.0
2021-11-26,20,TEN,17179.0,15970.0
2021-11-26,21,TEN,16858.0,15569.0
2021-11-26,22,TEN,17116.0,15821.0
2021-11-26,23,TEN,18316.0,17012.0
2021-11-27,0,TEN,19650.0,18452.0
2021-11-27,1,TEN,20096.0,18880.0
2021-11-27,2,TEN,20445.0,19218.0
2021-11-27,3,TEN,20557.0,19382.0
2021-11-27,4,TEN,20587.0,19260.0
2021-11-27,5,TEN,20240.0,19016.0
2021-11-27,6,TEN,19972.0,18731.0
2021-11-27,7,TEN,19833.0,18626.0
2021-11-27,8,TEN,19880.0,18638.0
2021-11-27,9,TEN,20028.0,18805.0
2021-11-27,10,TEN,20264.0,19046.0
2021-11-27,11,TEN,20641.0,19392.0
2021-11-27,12,TEN,21247.0,20007.0
2021-11-27,13,TEN,21790.0,20561.0
2021-11-27,14,TEN,21915.0,20644.0
2021-11-27,15,TEN,20877.0,19777.0
2021-11-27,16,TEN,19483.0,18369.0
2021-11-27,17,TEN,18505.0,17139.0
2021-11-27,18,TEN,17584.0,16244.0
2021-11-27,19,TEN,16936.0,15997.0
2021-11-27,20,TEN,16387.0,15404.0
2021-11-27,21,TEN,16147.0,15153.0
2021-11-27,22,TEN,16352.0,15307.0
2021-11-27,23,TEN,17228.0,16271.0
2021-11-28,0,TEN,18124.0,17159.0
2021-11-28,1,TEN,18084.0,17111.0
2021-11-28,2,TEN,18297.0,17331.0
2021-11-28,3,TEN,18096.0,17094.0
2021-11-28,4,TEN,17834.0,16834.0
2021-11-28,5,TEN,17270.0,16284.0
2021-11-28,6,TEN,16801.0,15862.0
2021-11-28,7,TEN,16711.0,15712.0
2021-11-28,8,TEN,16712.0,15777.0
2021-11-28,9,TEN,16802.0,15824.0
2021-11-28,10,TEN,17100.0,16131.0
2021-11-28,11,TEN,17538.0,16580.0
2021-11-28,12,TEN,18188.0,17158.0
2021-11-28,13,TEN,18925.0,17934.0
2021-11-28,14,TEN,19408.0,18403.0
2021-11-28,15,TEN,19084.0,17991.0
2021-11-28,16,TEN,18208.0,17110.0
2021-11-28,17,TEN,17427.0,16259.0
2021-11-28,18,TEN,16817.0,15635.0
2021-11-28,19,TEN,16416.0,15315.0
2021-11-28,20,TEN,16140.0,14938.0
2021-11-28,21,TEN,15938.0,14859.0
2021-11-28,22,TEN,16254.0,15295.0
2021-11-28,23,TEN,17322.0,16215.0
2021-11-29,0,TEN,17046.0,15928.0
2021-11-29,1,TEN,22824.0,21441.0
2021-11-29,2,TEN,16918.0,16213.0
2021-11-29,3,TEN,21284.0,19646.0
2021-11-29,4,TEN,18715.0,17503.0
2021-11-29,5,TEN,18049.0,16834.0
2021-11-29,6,TEN,19088.0,16597.0
2021-11-29,7,TEN,17676.0,16399.0
2021-11-29,8,TEN,17860.0,16648.0
2021-11-29,9,TEN,18211.0,16988.0
2021-11-29,10,TEN,18822.0,17543.0
2021-11-29,11,TEN,19806.0,18566.0
2021-11-29,12,TEN,21543.0,20254.0
2021-11-29,13,TEN,23245.0,21895.0
2021-11-29,14,TEN,23325.0,22038.0
2021-11-29,15,TEN,22306.0,20992.0
2021-11-29,16,TEN,21201.0,19771.0
2021-11-29,17,TEN,20417.0,18770.0
2021-11-29,18,TEN,19615.0,18181.0
2021-11-29,19,TEN,19026.0,17748.0
2021-11-29,20,TEN,18646.0,17338.0
2021-11-29,21,TEN,18383.0,17164.0
2021-11-29,22,TEN,18463.0,17283.0
2021-11-29,23,TEN,19648.0,18374.0
2021-11-30,0,TEN,21196.0,19933.0
2021-11-30,1,TEN,21607.0,20427.0
2021-11-30,2,TEN,21684.0,20468.0
2021-11-30,3,TEN,21452.0,20195.0
2021-11-30,4,TEN,20823.0,19561.0
2021-11-30,5,TEN,19950.0,18770.0
2021-11-30,6,TEN,19331.0,18132.0
2021-11-30,7,TEN,19013.0,17794.0
2021-11-30,8,TEN,18945.0,17708.0
2021-11-30,9,TEN,19000.0,17782.0
2021-11-30,10,TEN,19224.0,17915.0
2021-11-30,11,TEN,19723.0,18481.0
2021-11-30,12,TEN,21051.0,19814.0
2021-11-30,13,TEN,22303.0,20912.0
2021-11-30,14,TEN,22057.0,20747.0
2021-11-30,15,TEN,20805.0,19565.0
2021-11-30,16,TEN,19557.0,18369.0
2021-11-30,17,TEN,18796.0,17595.0
2021-11-30,18,TEN,18033.0,16814.0
2021-11-30,19,TEN,17637.0,16397.0
2021-11-30,20,TEN,17277.0,16085.0
2021-11-30,21,TEN,16859.0,15711.0
2021-11-30,22,TEN,16946.0,15851.0
2021-11-30,23,TEN,17753.0,16685.0
2021-12-01,0,TEN,18979.0,17877.0
2021-12-01,1,TEN,19145.0,18079.0
2021-12-01,2,TEN,19169.0,18089.0
2021-12-01,3,TEN,19048.0,17815.0
2021-12-01,4,TEN,18501.0,17250.0
2021-12-01,5,TEN,17725.0,16526.0
2021-12-01,6,TEN,17243.0,16051.0
2021-12-01,7,TEN,16945.0,15821.0
2021-12-01,8,TEN,16909.0,15737.0
2021-12-01,9,TEN,16960.0,15732.0
2021-12-01,10,TEN,17185.0,16092.0
2021-12-01,11,TEN,17686.0,16639.0
2021-12-01,12,TEN,19119.0,18004.0
2021-12-01,13,TEN,20258.0,19056.0
2021-12-01,14,TEN,20130.0,18943.0
2021-12-01,15,TEN,19249.0,18034.0
2021-12-01,16,TEN,18468.0,17313.0
2021-12-01,17,TEN,18074.0,16756.0
2021-12-01,18,TEN,17624.0,16386.0
2021-12-01,19,TEN,17385.0,16141.0
2021-12-01,20,TEN,17058.0,15818.0
2021-12-01,21,TEN,16946.0,15757.0
2021-12-01,22,TEN,17088.0,15921.0
2021-12-01,23,TEN,17796.0,16610.0
2021-12-02,0,TEN,18608.0,17471.0
2021-12-02,1,TEN,18738.0,17641.0
2021-12-02,2,TEN,18517.0,17430.0
2021-12-02,3,TEN,18198.0,17002.0
2021-12-02,4,TEN,17416.0,16289.0
2021-12-02,5,TEN,16478.0,15491.0
2021-12-02,6,TEN,15737.0,14677.0
2021-12-02,7,TEN,15292.0,14235.0
2021-12-02,8,TEN,15120.0,14045.0
2021-12-02,9,TEN,15156.0,14029.0
2021-12-02,10,TEN,15271.0,14142.0
2021-12-02,11,TEN,15808.0,14649.0
2021-12-02,12,TEN,17036.0,15923.0
2021-12-02,13,TEN,18335.0,17153.0
2021-12-02,14,TEN,18435.0,17408.0
2021-12-02,15,TEN,17849.0,16850.0
2021-12-02,16,TEN,17369.0,16317.0
2021-12-02,17,TEN,17123.0,15994.0
2021-12-02,18,TEN,16871.0,15739.0
2021-12-02,19,TEN,16676.0,15510.0
2021-12-02,20,TEN,16609.0,15441.0
2021-12-02,21,TEN,16387.0,15281.0
2021-12-02,22,TEN,16486.0,15569.0
2021-12-02,23,TEN,16858.0,16021.0
2021-12-03,0,TEN,17666.0,16923.0
2021-12-03,1,TEN,17742.0,16976.0
2021-12-03,2,TEN,17603.0,16857.0
2021-12-03,3,TEN,17413.0,16640.0
2021-12-03,4,TEN,16778.0,15963.0
2021-12-03,5,TEN,15981.0,14772.0
2021-12-03,6,TEN,15290.0,14689.0
2021-12-03,7,TEN,14917.0,14287.0
2021-12-03,8,TEN,14734.0,14148.0
2021-12-03,9,TEN,14837.0,14216.0
2021-12-03,10,TEN,15108.0,14478.0
2021-12-03,11,TEN,15750.0,15074.0
2021-12-03,12,TEN,17079.0,16002.0
2021-12-03,13,TEN,18338.0,17256.0
2021-12-03,14,TEN,18614.0,17518.0
2021-12-03,15,TEN,17963.0,16889.0
2021-12-03,16,TEN,17407.0,16348.0
2021-12-03,17,TEN,17182.0,16026.0
2021-12-03,18,TEN,17013.0,15877.0
2021-12-03,19,TEN,16797.0,15683.0
2021-12-03,20,TEN,16703.0,15567.0
2021-12-03,21,TEN,16531.0,15475.0
2021-12-03,22,TEN,16369.0,15541.0
2021-12-03,23,TEN,16846.0,16099.0
2021-12-04,0,TEN,17448.0,16642.0
2021-12-04,1,TEN,17295.0,16297.0
2021-12-04,2,TEN,16872.0,15853.0
2021-12-04,3,TEN,16598.0,15594.0
2021-12-04,4,TEN,16235.0,15087.0
2021-12-04,5,TEN,15424.0,14337.0
2021-12-04,6,TEN,14720.0,14026.0
2021-12-04,7,TEN,14411.0,13625.0
2021-12-04,8,TEN,14005.0,13340.0
2021-12-04,9,TEN,13868.0,13233.0
2021-12-04,10,TEN,13850.0,13214.0
2021-12-04,11,TEN,14066.0,13414.0
2021-12-04,12,TEN,14586.0,13490.0
2021-12-04,13,TEN,15253.0,14141.0
2021-12-04,14,TEN,15845.0,14745.0
2021-12-04,15,TEN,16273.0,15148.0
2021-12-04,16,TEN,16374.0,15196.0
2021-12-04,17,TEN,16313.0,15199.0
2021-12-04,18,TEN,16153.0,15040.0
2021-12-04,19,TEN,15912.0,14781.0
2021-12-04,20,TEN,15824.0,14699.0
2021-12-04,21,TEN,15654.0,14491.0
2021-12-04,22,TEN,15777.0,14676.0
2021-12-04,23,TEN,16203.0,15128.0
2021-12-05,0,TEN,16860.0,15722.0
2021-12-05,1,TEN,16635.0,15614.0
2021-12-05,2,TEN,16438.0,15855.0
2021-12-05,3,TEN,16156.0,15615.0
2021-12-05,4,TEN,15627.0,15108.0
2021-12-05,5,TEN,14984.0,14803.0
2021-12-05,6,TEN,14307.0,14214.0
2021-12-05,7,TEN,13809.0,13672.0
2021-12-05,8,TEN,13399.0,13268.0
2021-12-05,9,TEN,13306.0,13169.0
2021-12-05,10,TEN,13405.0,13266.0
2021-12-05,11,TEN,13620.0,13475.0
2021-12-05,12,TEN,13974.0,13800.0
2021-12-05,13,TEN,14578.0,14448.0
2021-12-05,14,TEN,15228.0,15050.0
2021-12-05,15,TEN,15737.0,15557.0
2021-12-05,16,TEN,15860.0,15606.0
2021-12-05,17,TEN,15793.0,15591.0
2021-12-05,18,TEN,15703.0,15529.0
2021-12-05,19,TEN,15703.0,15485.0
2021-12-05,20,TEN,15538.0,15316.0
2021-12-05,21,TEN,15563.0,15335.0
2021-12-05,22,TEN,15740.0,15536.0
2021-12-05,23,TEN,16455.0,16370.0
2021-12-06,0,TEN,17188.0,17068.0
2021-12-06,1,TEN,17154.0,17046.0
2021-12-06,2,TEN,16894.0,16776.0
2021-12-06,3,TEN,16531.0,16388.0
2021-12-06,4,TEN,15786.0,15634.0
2021-12-06,5,TEN,14910.0,14691.0
2021-12-06,6,TEN,14104.0,13877.0
2021-12-06,7,TEN,13538.0,13308.0
2021-12-06,8,TEN,13256.0,13029.0
2021-12-06,9,TEN,13146.0,12949.0
2021-12-06,10,TEN,13140.0,12995.0
2021-12-06,11,TEN,13626.0,13456.0
2021-12-06,12,TEN,14787.0,14558.0
2021-12-06,13,TEN,16076.0,15851.0
2021-12-06,14,TEN,16579.0,16051.0
2021-12-06,15,TEN,16887.0,15892.0
2021-12-06,16,TEN,17074.0,15825.0
2021-12-06,17,TEN,17457.0,16165.0
2021-12-06,18,TEN,17476.0,16185.0
2021-12-06,19,TEN,17464.0,16207.0
2021-12-06,20,TEN,17409.0,16205.0
2021-12-06,21,TEN,17335.0,16153.0
2021-12-06,22,TEN,17709.0,16430.0
2021-12-06,23,TEN,18816.0,17700.0
2021-12-07,0,TEN,20054.0,18797.0
2021-12-07,1,TEN,20316.0,19063.0
2021-12-07,2,TEN,20523.0,19265.0
2021-12-07,3,TEN,20502.0,19264.0
2021-12-07,4,TEN,20102.0,18793.0
2021-12-07,5,TEN,19457.0,18091.0
2021-12-07,6,TEN,18961.0,17519.0
2021-12-07,7,TEN,18861.0,17303.0
2021-12-07,8,TEN,18897.0,17418.0
2021-12-07,9,TEN,19144.0,17659.0
2021-12-07,10,TEN,19630.0,18196.0
2021-12-07,11,TEN,20442.0,19054.0
2021-12-07,12,TEN,22055.0,20671.0
2021-12-07,13,TEN,23650.0,22240.0
2021-12-07,14,TEN,23755.0,22476.0
2021-12-07,15,TEN,22802.0,21501.0
2021-12-07,16,TEN,21884.0,20485.0
2021-12-07,17,TEN,21189.0,19809.0
2021-12-07,18,TEN,20618.0,19263.0
2021-12-07,19,TEN,20213.0,18881.0
2021-12-07,20,TEN,19797.0,18509.0
2021-12-07,21,TEN,19615.0,18363.0
2021-12-07,22,TEN,19921.0,18618.0
2021-12-07,23,TEN,20989.0,19591.0
2021-12-08,0,TEN,21758.0,20589.0
2021-12-08,1,TEN,21589.0,20390.0
2021-12-08,2,TEN,21355.0,20156.0
2021-12-08,3,TEN,21206.0,19961.0
2021-12-08,4,TEN,20382.0,19090.0
2021-12-08,5,TEN,19339.0,18116.0
2021-12-08,6,TEN,18512.0,17175.0
2021-12-08,7,TEN,17917.0,16670.0
2021-12-08,8,TEN,17717.0,16426.0
2021-12-08,9,TEN,17610.0,16386.0
2021-12-08,10,TEN,17644.0,16287.0
2021-12-08,11,TEN,18032.0,16736.0
2021-12-08,12,TEN,19226.0,18004.0
2021-12-08,13,TEN,20730.0,19478.0
2021-12-08,14,TEN,20994.0,19821.0
2021-12-08,15,TEN,20706.0,19462.0
2021-12-08,16,TEN,19967.0,18729.0
2021-12-08,17,TEN,19350.0,18041.0
2021-12-08,18,TEN,18747.0,17534.0
2021-12-08,19,TEN,18146.0,16964.0
2021-12-08,20,TEN,17826.0,16600.0
2021-12-08,21,TEN,17453.0,16252.0
2021-12-08,22,TEN,17757.0,16642.0
2021-12-08,23,TEN,18704.0,17271.0
2021-12-09,0,TEN,20322.0,19117.0
2021-12-09,1,TEN,20838.0,19589.0
2021-12-09,2,TEN,20934.0,19814.0
2021-12-09,3,TEN,20928.0,19656.0
2021-12-09,4,TEN,20561.0,19217.0
2021-12-09,5,TEN,20032.0,18713.0
2021-12-09,6,TEN,19497.0,18200.0
2021-12-09,7,TEN,19498.0,18049.0
2021-12-09,8,TEN,19507.0,18016.0
2021-12-09,9,TEN,19616.0,18187.0
2021-12-09,10,TEN,19949.0,18744.0
2021-12-09,11,TEN,20531.0,19421.0
2021-12-09,12,TEN,21898.0,20635.0
2021-12-09,13,TEN,22978.0,21728.0
2021-12-09,14,TEN,22849.0,21668.0
2021-12-09,15,TEN,22468.0,21326.0
2021-12-09,16,TEN,21613.0,20591.0
2021-12-09,17,TEN,20702.0,19700.0
2021-12-09,18,TEN,19683.0,18567.0
2021-12-09,19,TEN,19100.0,17947.0
2021-12-09,20,TEN,18503.0,17411.0
2021-12-09,21,TEN,18104.0,16921.0
2021-12-09,22,TEN,18045.0,16900.0
2021-12-09,23,TEN,18871.0,17775.0
2021-12-10,0,TEN,19662.0,18574.0
2021-12-10,1,TEN,19559.0,18662.0
2021-12-10,2,TEN,19238.0,18174.0
2021-12-10,3,TEN,18762.0,17833.0
2021-12-10,4,TEN,17782.0,16831.0
2021-12-10,5,TEN,16800.0,15781.0
2021-12-10,6,TEN,15770.0,14911.0
2021-12-10,7,TEN,15275.0,14748.0
2021-12-10,8,TEN,14961.0,14381.0
2021-12-10,9,TEN,14806.0,14262.0
2021-12-10,10,TEN,14763.0,14266.0
2021-12-10,11,TEN,15083.0,14585.0
2021-12-10,12,TEN,16123.0,15659.0
2021-12-10,13,TEN,17319.0,16874.0
2021-12-10,14,TEN,17634.0,17266.0
2021-12-10,15,TEN,17780.0,17383.0
2021-12-10,16,TEN,17736.0,17356.0
2021-12-10,17,TEN,17715.0,17286.0
2021-12-10,18,TEN,17601.0,17083.0
2021-12-10,19,TEN,17472.0,16798.0
2021-12-10,20,TEN,17284.0,16626.0
2021-12-10,21,TEN,17207.0,16535.0
2021-12-10,22,TEN,17124.0,16589.0
2021-12-10,23,TEN,17701.0,17187.0
2021-12-11,0,TEN,18135.0,17595.0
2021-12-11,1,TEN,17880.0,17500.0
2021-12-11,2,TEN,17584.0,17355.0
2021-12-11,3,TEN,17125.0,17139.0
2021-12-11,4,TEN,16464.0,16484.0
2021-12-11,5,TEN,15393.0,15326.0
2021-12-11,6,TEN,14565.0,14420.0
2021-12-11,7,TEN,13768.0,13619.0
2021-12-11,8,TEN,13098.0,13025.0
2021-12-11,9,TEN,12803.0,12691.0
2021-12-11,10,TEN,12648.0,12570.0
2021-12-11,11,TEN,12468.0,12628.0
2021-12-11,12,TEN,12766.0,12709.0
2021-12-11,13,TEN,13186.0,13202.0
2021-12-11,14,TEN,13627.0,13746.0
2021-12-11,15,TEN,14325.0,14430.0
2021-12-11,16,TEN,14898.0,14923.0
2021-12-11,17,TEN,15266.0,15273.0
2021-12-11,18,TEN,15414.0,15463.0
2021-12-11,19,TEN,15400.0,15774.0
2021-12-11,20,TEN,15470.0,15836.0
2021-12-11,21,TEN,15540.0,15898.0
2021-12-11,22,TEN,15934.0,16112.0
2021-12-11,23,TEN,16747.0,17007.0
2021-12-12,0,TEN,17470.0,17703.0
2021-12-12,1,TEN,17660.0,17916.0
2021-12-12,2,TEN,17685.0,17938.0
2021-12-12,3,TEN,17728.0,17881.0
2021-12-12,4,TEN,17662.0,17724.0
2021-12-12,5,TEN,17321.0,17355.0
2021-12-12,6,TEN,17110.0,16921.0
2021-12-12,7,TEN,17098.0,16580.0
2021-12-12,8,TEN,17238.0,16275.0
2021-12-12,9,TEN,17542.0,16315.0
2021-12-12,10,TEN,18031.0,16825.0
2021-12-12,11,TEN,18444.0,17217.0
2021-12-12,12,TEN,19368.0,18143.0
2021-12-12,13,TEN,20202.0,18999.0
2021-12-12,14,TEN,20868.0,19535.0
2021-12-12,15,TEN,20373.0,19124.0
2021-12-12,16,TEN,19217.0,17959.0
2021-12-12,17,TEN,18257.0,17013.0
2021-12-12,18,TEN,17496.0,16307.0
2021-12-12,19,TEN,17040.0,15830.0
2021-12-12,20,TEN,16540.0,15330.0
2021-12-12,21,TEN,16184.0,15093.0
2021-12-12,22,TEN,16532.0,15389.0
2021-12-12,23,TEN,17677.0,16525.0
2021-12-13,0,TEN,19208.0,18036.0
2021-12-13,1,TEN,19714.0,18576.0
2021-12-13,2,TEN,20194.0,19013.0
2021-12-13,3,TEN,20400.0,19114.0
2021-12-13,4,TEN,20184.0,18904.0
2021-12-13,5,TEN,19633.0,18516.0
2021-12-13,6,TEN,19326.0,18096.0
2021-12-13,7,TEN,19290.0,18068.0
2021-12-13,8,TEN,19349.0,18132.0
2021-12-13,9,TEN,19610.0,18419.0
2021-12-13,10,TEN,20086.0,18937.0
2021-12-13,11,TEN,20740.0,19609.0
2021-12-13,12,TEN,22237.0,21049.0
2021-12-13,13,TEN,23609.0,22402.0
2021-12-13,14,TEN,23594.0,22384.0
2021-12-13,15,TEN,22286.0,21064.0
2021-12-13,16,TEN,20808.0,19525.0
2021-12-13,17,TEN,19701.0,18394.0
2021-12-13,18,TEN,18710.0,17469.0
2021-12-13,19,TEN,17991.0,16773.0
2021-12-13,20,TEN,17373.0,16267.0
2021-12-13,21,TEN,17168.0,16118.0
2021-12-13,22,TEN,17199.0,16192.0
2021-12-13,23,TEN,18065.0,17126.0
2021-12-14,0,TEN,19519.0,18661.0
2021-12-14,1,TEN,19888.0,19039.0
2021-12-14,2,TEN,20039.0,19176.0
2021-12-14,3,TEN,19954.0,19087.0
2021-12-14,4,TEN,19579.0,18647.0
2021-12-14,5,TEN,18931.0,17816.0
2021-12-14,6,TEN,18487.0,17363.0
2021-12-14,7,TEN,18402.0,17304.0
2021-12-14,8,TEN,18282.0,17212.0
2021-12-14,9,TEN,18583.0,17457.0
2021-12-14,10,TEN,18902.0,17813.0
2021-12-14,11,TEN,19594.0,18491.0
2021-12-14,12,TEN,20957.0,19993.0
2021-12-14,13,TEN,22272.0,21401.0
2021-12-14,14,TEN,22173.0,21195.0
2021-12-14,15,TEN,20989.0,20036.0
2021-12-14,16,TEN,19551.0,18905.0
2021-12-14,17,TEN,18497.0,17826.0
2021-12-14,18,TEN,17832.0,16969.0
2021-12-14,19,TEN,17215.0,16397.0
2021-12-14,20,TEN,16781.0,15972.0
2021-12-14,21,TEN,16684.0,15926.0
2021-12-14,22,TEN,16615.0,16041.0
2021-12-14,23,TEN,17353.0,16791.0
2021-12-15,0,TEN,18579.0,18042.0
2021-12-15,1,TEN,18790.0,18207.0
2021-12-15,2,TEN,18829.0,18254.0
2021-12-15,3,TEN,18617.0,18351.0
2021-12-15,4,TEN,18056.0,18006.0
2021-12-15,5,TEN,17154.0,17158.0
2021-12-15,6,TEN,16537.0,16511.0
2021-12-15,7,TEN,16128.0,16085.0
2021-12-15,8,TEN,15985.0,15937.0
2021-12-15,9,TEN,15782.0,15798.0
2021-12-15,10,TEN,16037.0,16037.0
2021-12-15,11,TEN,16628.0,16595.0
2021-12-15,12,TEN,17801.0,17798.0
2021-12-15,13,TEN,19123.0,19217.0
2021-12-15,14,TEN,19112.0,19156.0
2021-12-15,15,TEN,18538.0,18611.0
2021-12-15,16,TEN,17758.0,17773.0
2021-12-15,17,TEN,17303.0,17262.0
2021-12-15,18,TEN,16869.0,16819.0
2021-12-15,19,TEN,16576.0,16460.0
2021-12-15,20,TEN,16419.0,16230.0
2021-12-15,21,TEN,16400.0,16241.0
2021-12-15,22,TEN,16379.0,16295.0
2021-12-15,23,TEN,17109.0,17130.0
2021-12-16,0,TEN,18074.0,18127.0
2021-12-16,1,TEN,18225.0,18218.0
2021-12-16,2,TEN,18049.0,18012.0
2021-12-16,3,TEN,17738.0,17658.0
2021-12-16,4,TEN,17106.0,16971.0
2021-12-16,5,TEN,16141.0,15990.0
2021-12-16,6,TEN,15353.0,15229.0
2021-12-16,7,TEN,14815.0,14824.0
2021-12-16,8,TEN,14662.0,14696.0
2021-12-16,9,TEN,14514.0,14533.0
2021-12-16,10,TEN,14675.0,14749.0
2021-12-16,11,TEN,15123.0,15109.0
2021-12-16,12,TEN,16208.0,16231.0
2021-12-16,13,TEN,17469.0,17522.0
2021-12-16,14,TEN,17556.0,17615.0
2021-12-16,15,TEN,17336.0,17278.0
2021-12-16,16,TEN,17023.0,16904.0
2021-12-16,17,TEN,16721.0,16618.0
2021-12-16,18,TEN,16678.0,16583.0
2021-12-16,19,TEN,16561.0,16543.0
2021-12-16,20,TEN,16585.0,16433.0
2021-12-16,21,TEN,16492.0,16449.0
2021-12-16,22,TEN,16578.0,16511.0
2021-12-16,23,TEN,16980.0,17357.0
2021-12-17,0,TEN,17712.0,17873.0
2021-12-17,1,TEN,17638.0,17615.0
2021-12-17,2,TEN,17400.0,17389.0
2021-12-17,3,TEN,17045.0,16847.0
2021-12-17,4,TEN,16358.0,16142.0
2021-12-17,5,TEN,15404.0,15255.0
2021-12-17,6,TEN,14577.0,14443.0
2021-12-17,7,TEN,14112.0,13987.0
2021-12-17,8,TEN,13815.0,13722.0
2021-12-17,9,TEN,13703.0,13570.0
2021-12-17,10,TEN,13564.0,13384.0
2021-12-17,11,TEN,13975.0,13867.0
2021-12-17,12,TEN,14856.0,14803.0
2021-12-17,13,TEN,15885.0,15788.0
2021-12-17,14,TEN,16456.0,16279.0
2021-12-17,15,TEN,16839.0,16785.0
2021-12-17,16,TEN,17097.0,17094.0
2021-12-17,17,TEN,17435.0,17390.0
2021-12-17,18,TEN,17307.0,17240.0
2021-12-17,19,TEN,17276.0,17231.0
2021-12-17,20,TEN,17220.0,17200.0
2021-12-17,21,TEN,17037.0,17042.0
2021-12-17,22,TEN,17025.0,17103.0
2021-12-17,23,TEN,17339.0,17447.0
2021-12-18,0,TEN,17779.0,17863.0
2021-12-18,1,TEN,17523.0,17731.0
2021-12-18,2,TEN,17178.0,17346.0
2021-12-18,3,TEN,16720.0,16901.0
2021-12-18,4,TEN,16261.0,16207.0
2021-12-18,5,TEN,15387.0,15334.0
2021-12-18,6,TEN,14787.0,14733.0
2021-12-18,7,TEN,14118.0,14143.0
2021-12-18,8,TEN,13849.0,13771.0
2021-12-18,9,TEN,13709.0,13520.0
2021-12-18,10,TEN,13596.0,13468.0
2021-12-18,11,TEN,13723.0,13582.0
2021-12-18,12,TEN,13989.0,13885.0
2021-12-18,13,TEN,14608.0,14433.0
2021-12-18,14,TEN,15071.0,15088.0
2021-12-18,15,TEN,15750.0,15722.0
2021-12-18,16,TEN,16130.0,16021.0
2021-12-18,17,TEN,16278.0,16208.0
2021-12-18,18,TEN,16284.0,16255.0
2021-12-18,19,TEN,16170.0,16268.0
2021-12-18,20,TEN,16120.0,16260.0
2021-12-18,21,TEN,16092.0,16224.0
2021-12-18,22,TEN,16184.0,16364.0
2021-12-18,23,TEN,16817.0,16898.0
2021-12-19,0,TEN,17258.0,17405.0
2021-12-19,1,TEN,17072.0,17202.0
2021-12-19,2,TEN,17110.0,17156.0
2021-12-19,3,TEN,16865.0,16981.0
2021-12-19,4,TEN,16489.0,16593.0
2021-12-19,5,TEN,15942.0,15912.0
2021-12-19,6,TEN,15339.0,15324.0
2021-12-19,7,TEN,14982.0,14992.0
2021-12-19,8,TEN,14873.0,14841.0
2021-12-19,9,TEN,14849.0,14687.0
2021-12-19,10,TEN,14872.0,14510.0
2021-12-19,11,TEN,15160.0,14562.0
2021-12-19,12,TEN,15742.0,15102.0
2021-12-19,13,TEN,16507.0,15801.0
2021-12-19,14,TEN,17391.0,16446.0
2021-12-19,15,TEN,18350.0,17368.0
2021-12-19,16,TEN,18680.0,17711.0
2021-12-19,17,TEN,18771.0,17737.0
2021-12-19,18,TEN,18544.0,17556.0
2021-12-19,19,TEN,18354.0,17304.0
2021-12-19,20,TEN,18047.0,17042.0
2021-12-19,21,TEN,17834.0,16843.0
2021-12-19,22,TEN,18080.0,17150.0
2021-12-19,23,TEN,19117.0,18213.0
2021-12-20,0,TEN,20350.0,19362.0
2021-12-20,1,TEN,20696.0,19638.0
2021-12-20,2,TEN,20701.0,19477.0
2021-12-20,3,TEN,20848.0,19651.0
2021-12-20,4,TEN,20599.0,19366.0
2021-12-20,5,TEN,20162.0,18819.0
2021-12-20,6,TEN,19870.0,18506.0
2021-12-20,7,TEN,19779.0,18436.0
2021-12-20,8,TEN,19986.0,18632.0
2021-12-20,9,TEN,20120.0,18838.0
2021-12-20,10,TEN,20508.0,19185.0
2021-12-20,11,TEN,21145.0,19865.0
2021-12-20,12,TEN,22404.0,21145.0
2021-12-20,13,TEN,23557.0,22420.0
2021-12-20,14,TEN,24073.0,22821.0
2021-12-20,15,TEN,23378.0,22165.0
2021-12-20,16,TEN,22310.0,21090.0
2021-12-20,17,TEN,21514.0,20238.0
2021-12-20,18,TEN,20567.0,19308.0
2021-12-20,19,TEN,19785.0,18550.0
2021-12-20,20,TEN,19176.0,18013.0
2021-12-20,21,TEN,18974.0,17845.0
2021-12-20,22,TEN,18998.0,18271.0
2021-12-20,23,TEN,19819.0,18946.0
2021-12-21,0,TEN,21131.0,20263.0
2021-12-21,1,TEN,21350.0,20667.0
2021-12-21,2,TEN,21426.0,20716.0
2021-12-21,3,TEN,21226.0,20489.0
2021-12-21,4,TEN,20536.0,19679.0
2021-12-21,5,TEN,19908.0,19071.0
2021-12-21,6,TEN,19139.0,18038.0
2021-12-21,7,TEN,18775.0,17797.0
2021-12-21,8,TEN,18604.0,17608.0
2021-12-21,9,TEN,18448.0,17495.0
2021-12-21,10,TEN,18588.0,17643.0
2021-12-21,11,TEN,18919.0,18104.0
2021-12-21,12,TEN,19763.0,18767.0
2021-12-21,13,TEN,20769.0,19752.0
2021-12-21,14,TEN,21129.0,20071.0
2021-12-21,15,TEN,21077.0,20072.0
2021-12-21,16,TEN,20726.0,19869.0
2021-12-21,17,TEN,20296.0,19388.0
2021-12-21,18,TEN,19649.0,18857.0
2021-12-21,19,TEN,19332.0,18688.0
2021-12-21,20,TEN,19088.0,18437.0
2021-12-21,21,TEN,18766.0,18161.0
2021-12-21,22,TEN,18771.0,18174.0
2021-12-21,23,TEN,19410.0,18778.0
2021-12-22,0,TEN,20645.0,19925.0
2021-12-22,1,TEN,20798.0,20217.0
2021-12-22,2,TEN,20705.0,20048.0
2021-12-22,3,TEN,20688.0,20062.0
2021-12-22,4,TEN,20158.0,19500.0
2021-12-22,5,TEN,19546.0,18604.0
2021-12-22,6,TEN,19080.0,17793.0
2021-12-22,7,TEN,18818.0,17529.0
2021-12-22,8,TEN,18829.0,17530.0
2021-12-22,9,TEN,18930.0,17634.0
2021-12-22,10,TEN,19335.0,18012.0
2021-12-22,11,TEN,19894.0,18594.0
2021-12-22,12,TEN,20997.0,19723.0
2021-12-22,13,TEN,22002.0,21068.0
2021-12-22,14,TEN,22474.0,21544.0
2021-12-22,15,TEN,21849.0,20570.0
2021-12-22,16,TEN,20950.0,19658.0
2021-12-22,17,TEN,20232.0,18978.0
2021-12-22,18,TEN,19564.0,18393.0
2021-12-22,19,TEN,18959.0,17797.0
2021-12-22,20,TEN,18482.0,17239.0
2021-12-22,21,TEN,18294.0,17145.0
2021-12-22,22,TEN,18463.0,17377.0
2021-12-22,23,TEN,19580.0,18411.0
2021-12-23,0,TEN,21063.0,19896.0
2021-12-23,1,TEN,21548.0,20432.0
2021-12-23,2,TEN,21898.0,20755.0
2021-12-23,3,TEN,21919.0,20800.0
2021-12-23,4,TEN,21629.0,20395.0
2021-12-23,5,TEN,21205.0,19928.0
2021-12-23,6,TEN,20683.0,19497.0
2021-12-23,7,TEN,20503.0,19253.0
2021-12-23,8,TEN,20639.0,19259.0
2021-12-23,9,TEN,20874.0,19423.0
2021-12-23,10,TEN,21238.0,19983.0
2021-12-23,11,TEN,21754.0,20517.0
2021-12-23,12,TEN,22722.0,21501.0
2021-12-23,13,TEN,23670.0,22498.0
2021-12-23,14,TEN,23920.0,22745.0
2021-12-23,15,TEN,22942.0,21678.0
2021-12-23,16,TEN,21277.0,20133.0
2021-12-23,17,TEN,19909.0,18756.0
2021-12-23,18,TEN,18752.0,17692.0
2021-12-23,19,TEN,17725.0,16736.0
2021-12-23,20,TEN,16928.0,15941.0
2021-12-23,21,TEN,16625.0,15771.0
2021-12-23,22,TEN,16618.0,15803.0
2021-12-23,23,TEN,17391.0,16636.0
2021-12-24,0,TEN,18473.0,17673.0
2021-12-24,1,TEN,18658.0,17820.0
2021-12-24,2,TEN,18603.0,17738.0
2021-12-24,3,TEN,18465.0,17600.0
2021-12-24,4,TEN,18056.0,17039.0
2021-12-24,5,TEN,17495.0,16716.0
2021-12-24,6,TEN,16679.0,16371.0
2021-12-24,7,TEN,16180.0,16122.0
2021-12-24,8,TEN,15938.0,15933.0
2021-12-24,9,TEN,15770.0,15628.0
2021-12-24,10,TEN,15861.0,15704.0
2021-12-24,11,TEN,16090.0,15911.0
2021-12-24,12,TEN,16406.0,16234.0
2021-12-24,13,TEN,16817.0,16753.0
2021-12-24,14,TEN,17187.0,17104.0
2021-12-24,15,TEN,17406.0,17316.0
2021-12-24,16,TEN,17361.0,17259.0
2021-12-24,17,TEN,16965.0,16894.0
2021-12-24,18,TEN,16411.0,16255.0
2021-12-24,19,TEN,15810.0,15660.0
2021-12-24,20,TEN,15443.0,15295.0
2021-12-24,21,TEN,15148.0,15016.0
2021-12-24,22,TEN,15034.0,14932.0
2021-12-24,23,TEN,15330.0,15235.0
2021-12-25,0,TEN,15881.0,15762.0
2021-12-25,1,TEN,15695.0,15562.0
2021-12-25,2,TEN,15430.0,15286.0
2021-12-25,3,TEN,15138.0,14995.0
2021-12-25,4,TEN,14630.0,14483.0
2021-12-25,5,TEN,14042.0,13833.0
2021-12-25,6,TEN,13444.0,13248.0
2021-12-25,7,TEN,12691.0,12663.0
2021-12-25,8,TEN,12283.0,12249.0
2021-12-25,9,TEN,12043.0,11839.0
2021-12-25,10,TEN,11878.0,11705.0
2021-12-25,11,TEN,11912.0,11800.0
2021-12-25,12,TEN,12143.0,12016.0
2021-12-25,13,TEN,12625.0,12479.0
2021-12-25,14,TEN,13125.0,13015.0
2021-12-25,15,TEN,13823.0,13828.0
2021-12-25,16,TEN,14232.0,14250.0
2021-12-25,17,TEN,14454.0,14474.0
2021-12-25,18,TEN,14502.0,14478.0
2021-12-25,19,TEN,14331.0,14068.0
2021-12-25,20,TEN,14094.0,13835.0
2021-12-25,21,TEN,13927.0,13692.0
2021-12-25,22,TEN,13825.0,13617.0
2021-12-25,23,TEN,14009.0,13753.0
2021-12-26,0,TEN,14509.0,14435.0
2021-12-26,1,TEN,14330.0,14279.0
2021-12-26,2,TEN,14185.0,14120.0
2021-12-26,3,TEN,13918.0,13825.0
2021-12-26,4,TEN,13510.0,13437.0
2021-12-26,5,TEN,12944.0,12805.0
2021-12-26,6,TEN,12270.0,12143.0
2021-12-26,7,TEN,11808.0,11772.0
2021-12-26,8,TEN,11442.0,11379.0
2021-12-26,9,TEN,11299.0,11262.0
2021-12-26,10,TEN,11298.0,11083.0
2021-12-26,11,TEN,11452.0,11246.0
2021-12-26,12,TEN,11861.0,11645.0
2021-12-26,13,TEN,12449.0,12270.0
2021-12-26,14,TEN,13063.0,12807.0
2021-12-26,15,TEN,13794.0,13552.0
2021-12-26,16,TEN,14125.0,13915.0
2021-12-26,17,TEN,14250.0,14172.0
2021-12-26,18,TEN,14302.0,14217.0
2021-12-26,19,TEN,14348.0,14281.0
2021-12-26,20,TEN,14289.0,14225.0
2021-12-26,21,TEN,14221.0,14159.0
2021-12-26,22,TEN,14250.0,14226.0
2021-12-26,23,TEN,14732.0,14766.0
2021-12-27,0,TEN,15521.0,15540.0
2021-12-27,1,TEN,15507.0,15523.0
2021-12-27,2,TEN,15230.0,15221.0
2021-12-27,3,TEN,14950.0,14934.0
2021-12-27,4,TEN,14497.0,14457.0
2021-12-27,5,TEN,13852.0,13820.0
2021-12-27,6,TEN,13148.0,13099.0
2021-12-27,7,TEN,12699.0,12641.0
2021-12-27,8,TEN,12315.0,12305.0
2021-12-27,9,TEN,12253.0,12187.0
2021-12-27,10,TEN,12321.0,12126.0
2021-12-27,11,TEN,12593.0,12447.0
2021-12-27,12,TEN,13298.0,13182.0
2021-12-27,13,TEN,14181.0,14041.0
2021-12-27,14,TEN,14632.0,14656.0
2021-12-27,15,TEN,14998.0,15063.0
2021-12-27,16,TEN,15453.0,15477.0
2021-12-27,17,TEN,15820.0,15851.0
2021-12-27,18,TEN,15935.0,15834.0
2021-12-27,19,TEN,15924.0,15832.0
2021-12-27,20,TEN,15862.0,15776.0
2021-12-27,21,TEN,15714.0,15714.0
2021-12-27,22,TEN,15789.0,15807.0
2021-12-27,23,TEN,16210.0,16329.0
2021-12-28,0,TEN,16945.0,17059.0
2021-12-28,1,TEN,16802.0,16919.0
2021-12-28,2,TEN,16396.0,16464.0
2021-12-28,3,TEN,15830.0,15918.0
2021-12-28,4,TEN,15137.0,14978.0
2021-12-28,5,TEN,14392.0,14180.0
2021-12-28,6,TEN,13567.0,13279.0
2021-12-28,7,TEN,13013.0,12838.0
2021-12-28,8,TEN,12682.0,12606.0
2021-12-28,9,TEN,12508.0,12288.0
2021-12-28,10,TEN,12479.0,12303.0
2021-12-28,11,TEN,12760.0,12576.0
2021-12-28,12,TEN,13405.0,13324.0
2021-12-28,13,TEN,14280.0,14208.0
2021-12-28,14,TEN,14853.0,14730.0
2021-12-28,15,TEN,15356.0,15231.0
2021-12-28,16,TEN,15628.0,15573.0
2021-12-28,17,TEN,15866.0,15769.0
2021-12-28,18,TEN,16047.0,15939.0
2021-12-28,19,TEN,16107.0,15963.0
2021-12-28,20,TEN,16083.0,15937.0
2021-12-28,21,TEN,16027.0,15964.0
2021-12-28,22,TEN,15977.0,16088.0
2021-12-28,23,TEN,16338.0,16476.0
2021-12-29,0,TEN,17074.0,17179.0
2021-12-29,1,TEN,16969.0,17112.0
2021-12-29,2,TEN,16658.0,16812.0
2021-12-29,3,TEN,16222.0,16348.0
2021-12-29,4,TEN,15476.0,15558.0
2021-12-29,5,TEN,14730.0,14540.0
2021-12-29,6,TEN,13780.0,13565.0
2021-12-29,7,TEN,13110.0,12896.0
2021-12-29,8,TEN,12747.0,12721.0
2021-12-29,9,TEN,12516.0,12344.0
2021-12-29,10,TEN,12463.0,12364.0
2021-12-29,11,TEN,12679.0,12648.0
2021-12-29,12,TEN,13128.0,13128.0
2021-12-29,13,TEN,13862.0,13921.0
2021-12-29,14,TEN,14419.0,14315.0
2021-12-29,15,TEN,14873.0,14831.0
2021-12-29,16,TEN,15313.0,15259.0
2021-12-29,17,TEN,15528.0,15604.0
2021-12-29,18,TEN,15801.0,15852.0
2021-12-29,19,TEN,15837.0,15961.0
2021-12-29,20,TEN,15817.0,15974.0
2021-12-29,21,TEN,15858.0,16069.0
2021-12-29,22,TEN,15940.0,16120.0
2021-12-29,23,TEN,16498.0,16601.0
2021-12-30,0,TEN,17058.0,17229.0
2021-12-30,1,TEN,16861.0,16972.0
2021-12-30,2,TEN,16402.0,16489.0
2021-12-30,3,TEN,15930.0,15953.0
2021-12-30,4,TEN,15223.0,15137.0
2021-12-30,5,TEN,14423.0,14232.0
2021-12-30,6,TEN,13737.0,13541.0
2021-12-30,7,TEN,13234.0,13209.0
2021-12-30,8,TEN,12836.0,12882.0
2021-12-30,9,TEN,12709.0,12696.0
2021-12-30,10,TEN,12670.0,12736.0
2021-12-30,11,TEN,12939.0,12701.0
2021-12-30,12,TEN,13469.0,13337.0
2021-12-30,13,TEN,14324.0,14180.0
2021-12-30,14,TEN,14862.0,14802.0
2021-12-30,15,TEN,15247.0,15142.0
2021-12-30,16,TEN,15670.0,15561.0
2021-12-30,17,TEN,15766.0,15775.0
2021-12-30,18,TEN,15945.0,15846.0
2021-12-30,19,TEN,15849.0,15768.0
2021-12-30,20,TEN,15801.0,15695.0
2021-12-30,21,TEN,15687.0,15796.0
2021-12-30,22,TEN,15589.0,15807.0
2021-12-30,23,TEN,15754.0,15968.0
2021-12-31,0,TEN,16530.0,16680.0
2021-12-31,1,TEN,16419.0,16649.0
2021-12-31,2,TEN,16423.0,16590.0
2021-12-31,3,TEN,16120.0,16339.0
2021-12-31,4,TEN,15493.0,15726.0
2021-12-31,5,TEN,14837.0,15016.0
2021-12-31,6,TEN,14231.0,14412.0
2021-12-31,7,TEN,13643.0,13783.0
2021-12-31,8,TEN,13227.0,13359.0
2021-12-31,9,TEN,13079.0,13143.0
2021-12-31,10,TEN,12943.0,13067.0
2021-12-31,11,TEN,13136.0,13207.0
2021-12-31,12,TEN,13343.0,13536.0
2021-12-31,13,TEN,13918.0,14061.0
2021-12-31,14,TEN,14273.0,14455.0
2021-12-31,15,TEN,14787.0,15010.0
2021-12-31,16,TEN,15243.0,15393.0
2021-12-31,17,TEN,15388.0,15407.0
2021-12-31,18,TEN,15347.0,15367.0
2021-12-31,19,TEN,15485.0,15639.0
2021-12-31,20,TEN,15440.0,15623.0
2021-12-31,21,TEN,15317.0,15444.0
2021-12-31,22,TEN,15314.0,15400.0
2021-12-31,23,TEN,16014.0,16046.0
2022-01-01,0,TEN,16554.0,16592.0
2022-01-01,1,TEN,16213.0,16311.0
2022-01-01,2,TEN,15715.0,15812.0
2022-01-01,3,TEN,15174.0,15261.0
2022-01-01,4,TEN,14683.0,14770.0
2022-01-01,5,TEN,14106.0,14200.0
2022-01-01,6,TEN,13585.0,13605.0
2022-01-01,7,TEN,13162.0,13053.0
2022-01-01,8,TEN,12776.0,12849.0
2022-01-01,9,TEN,12426.0,12518.0
2022-01-01,10,TEN,12285.0,12406.0
2022-01-01,11,TEN,12207.0,12264.0
2022-01-01,12,TEN,12401.0,12423.0
2022-01-01,13,TEN,12614.0,12699.0
2022-01-01,14,TEN,12793.0,12871.0
2022-01-01,15,TEN,13522.0,13512.0
2022-01-01,16,TEN,14302.0,14259.0
2022-01-01,17,TEN,14982.0,14961.0
2022-01-01,18,TEN,15414.0,15372.0
2022-01-01,19,TEN,15452.0,15588.0
2022-01-01,20,TEN,15352.0,15413.0
2022-01-01,21,TEN,15118.0,15223.0
2022-01-01,22,TEN,15117.0,15170.0
2022-01-01,23,TEN,15556.0,15659.0
2022-01-02,0,TEN,15907.0,15932.0
2022-01-02,1,TEN,15521.0,15562.0
2022-01-02,2,TEN,15248.0,15283.0
2022-01-02,3,TEN,14816.0,14895.0
2022-01-02,4,TEN,14373.0,14413.0
2022-01-02,5,TEN,13738.0,13660.0
2022-01-02,6,TEN,13151.0,12959.0
2022-01-02,7,TEN,12560.0,12889.0
2022-01-02,8,TEN,12222.0,12536.0
2022-01-02,9,TEN,11952.0,12317.0
2022-01-02,10,TEN,11980.0,12324.0
2022-01-02,11,TEN,12218.0,12500.0
2022-01-02,12,TEN,12639.0,12927.0
2022-01-02,13,TEN,13217.0,13234.0
2022-01-02,14,TEN,13833.0,13889.0
2022-01-02,15,TEN,14807.0,14892.0
2022-01-02,16,TEN,15605.0,15272.0
2022-01-02,17,TEN,16071.0,15537.0
2022-01-02,18,TEN,16585.0,15830.0
2022-01-02,19,TEN,16962.0,16213.0
2022-01-02,20,TEN,17264.0,16572.0
2022-01-02,21,TEN,17444.0,16896.0
2022-01-02,22,TEN,18019.0,17232.0
2022-01-02,23,TEN,18692.0,17954.0
2022-01-03,0,TEN,19645.0,18787.0
2022-01-03,1,TEN,19841.0,18988.0
2022-01-03,2,TEN,19795.0,18903.0
2022-01-03,3,TEN,19743.0,18814.0
2022-01-03,4,TEN,19575.0,18670.0
2022-01-03,5,TEN,19085.0,18125.0
2022-01-03,6,TEN,18723.0,17668.0
2022-01-03,7,TEN,18582.0,17357.0
2022-01-03,8,TEN,18611.0,17229.0
2022-01-03,9,TEN,18908.0,17518.0
2022-01-03,10,TEN,19252.0,17890.0
2022-01-03,11,TEN,19862.0,18440.0
2022-01-03,12,TEN,20873.0,19595.0
2022-01-03,13,TEN,22049.0,20808.0
2022-01-03,14,TEN,22760.0,21355.0
2022-01-03,15,TEN,23119.0,21727.0
2022-01-03,16,TEN,23257.0,21919.0
2022-01-03,17,TEN,23394.0,22035.0
2022-01-03,18,TEN,23256.0,22048.0
2022-01-03,19,TEN,22881.0,21738.0
2022-01-03,20,TEN,22592.0,21552.0
2022-01-03,21,TEN,22179.0,21076.0
2022-01-03,22,TEN,22210.0,21150.0
2022-01-03,23,TEN,22991.0,21904.0
2022-01-04,0,TEN,24132.0,22991.0
2022-01-04,1,TEN,24450.0,23289.0
2022-01-04,2,TEN,24276.0,23177.0
2022-01-04,3,TEN,23945.0,22861.0
2022-01-04,4,TEN,23286.0,22221.0
2022-01-04,5,TEN,22580.0,21433.0
2022-01-04,6,TEN,22013.0,20910.0
2022-01-04,7,TEN,21837.0,20751.0
2022-01-04,8,TEN,21940.0,20852.0
2022-01-04,9,TEN,22136.0,21063.0
2022-01-04,10,TEN,22245.0,21175.0
2022-01-04,11,TEN,22873.0,21759.0
2022-01-04,12,TEN,24041.0,22910.0
2022-01-04,13,TEN,25270.0,24139.0
2022-01-04,14,TEN,25622.0,24537.0
2022-01-04,15,TEN,24909.0,23766.0
2022-01-04,16,TEN,23769.0,22597.0
2022-01-04,17,TEN,22959.0,22022.0
2022-01-04,18,TEN,21968.0,21507.0
2022-01-04,19,TEN,21076.0,20669.0
2022-01-04,20,TEN,20393.0,20035.0
2022-01-04,21,TEN,19889.0,19526.0
2022-01-04,22,TEN,19930.0,19640.0
2022-01-04,23,TEN,20774.0,20635.0
2022-01-05,0,TEN,22094.0,22065.0
2022-01-05,1,TEN,22472.0,22330.0
2022-01-05,2,TEN,22338.0,22240.0
2022-01-05,3,TEN,21857.0,21760.0
2022-01-05,4,TEN,21107.0,20847.0
2022-01-05,5,TEN,20091.0,20137.0
2022-01-05,6,TEN,19349.0,19400.0
2022-01-05,7,TEN,19031.0,19053.0
2022-01-05,8,TEN,18833.0,18880.0
2022-01-05,9,TEN,18774.0,18684.0
2022-01-05,10,TEN,18803.0,18755.0
2022-01-05,11,TEN,19082.0,19019.0
2022-01-05,12,TEN,20244.0,20404.0
2022-01-05,13,TEN,21358.0,21586.0
2022-01-05,14,TEN,21465.0,21803.0
2022-01-05,15,TEN,20910.0,21173.0
2022-01-05,16,TEN,20354.0,20502.0
2022-01-05,17,TEN,19858.0,20005.0
2022-01-05,18,TEN,19425.0,19567.0
2022-01-05,19,TEN,18918.0,19061.0
2022-01-05,20,TEN,18344.0,18520.0
2022-01-05,21,TEN,17938.0,18122.0
2022-01-05,22,TEN,18057.0,18306.0
2022-01-05,23,TEN,18618.0,18971.0
2022-01-06,0,TEN,19915.0,20267.0
2022-01-06,1,TEN,20409.0,20725.0
2022-01-06,2,TEN,20502.0,20788.0
2022-01-06,3,TEN,20379.0,20677.0
2022-01-06,4,TEN,20069.0,20289.0
2022-01-06,5,TEN,19534.0,19699.0
2022-01-06,6,TEN,19091.0,19276.0
2022-01-06,7,TEN,18906.0,19293.0
2022-01-06,8,TEN,19076.0,19437.0
2022-01-06,9,TEN,19150.0,19348.0
2022-01-06,10,TEN,19437.0,19613.0
2022-01-06,11,TEN,20001.0,19844.0
2022-01-06,12,TEN,21153.0,20589.0
2022-01-06,13,TEN,22299.0,21477.0
2022-01-06,14,TEN,22851.0,22149.0
2022-01-06,15,TEN,23066.0,22273.0
2022-01-06,16,TEN,23453.0,22713.0
2022-01-06,17,TEN,23867.0,23182.0
2022-01-06,18,TEN,24026.0,23311.0
2022-01-06,19,TEN,24104.0,23461.0
2022-01-06,20,TEN,24072.0,23367.0
2022-01-06,21,TEN,24038.0,23136.0
2022-01-06,22,TEN,24179.0,23132.0
2022-01-06,23,TEN,24682.0,23638.0
2022-01-07,0,TEN,25719.0,24664.0
2022-01-07,1,TEN,25723.0,24710.0
2022-01-07,2,TEN,25652.0,24600.0
2022-01-07,3,TEN,25369.0,24360.0
2022-01-07,4,TEN,24901.0,23878.0
2022-01-07,5,TEN,24279.0,23221.0
2022-01-07,6,TEN,23985.0,22910.0
2022-01-07,7,TEN,23982.0,22861.0
2022-01-07,8,TEN,24158.0,23065.0
2022-01-07,9,TEN,24501.0,23378.0
2022-01-07,10,TEN,24869.0,23825.0
2022-01-07,11,TEN,25358.0,24233.0
2022-01-07,12,TEN,26218.0,25185.0
2022-01-07,13,TEN,27211.0,26268.0
2022-01-07,14,TEN,27807.0,26699.0
2022-01-07,15,TEN,27777.0,26847.0
2022-01-07,16,TEN,27170.0,26141.0
2022-01-07,17,TEN,26336.0,25297.0
2022-01-07,18,TEN,25446.0,24399.0
2022-01-07,19,TEN,24537.0,23473.0
2022-01-07,20,TEN,23609.0,22833.0
2022-01-07,21,TEN,23022.0,22224.0
2022-01-07,22,TEN,22941.0,22235.0
2022-01-07,23,TEN,24083.0,23524.0
2022-01-08,0,TEN,25646.0,25042.0
2022-01-08,1,TEN,26020.0,25611.0
2022-01-08,2,TEN,25947.0,25507.0
2022-01-08,3,TEN,25885.0,25400.0
2022-01-08,4,TEN,25502.0,25039.0
2022-01-08,5,TEN,25064.0,24814.0
2022-01-08,6,TEN,24654.0,24488.0
2022-01-08,7,TEN,24508.0,24048.0
2022-01-08,8,TEN,24553.0,24053.0
2022-01-08,9,TEN,24588.0,24112.0
2022-01-08,10,TEN,24764.0,24284.0
2022-01-08,11,TEN,25042.0,24357.0
2022-01-08,12,TEN,25444.0,24532.0
2022-01-08,13,TEN,25726.0,25335.0
2022-01-08,14,TEN,25867.0,25426.0
2022-01-08,15,TEN,25265.0,24916.0
2022-01-08,16,TEN,24215.0,23623.0
2022-01-08,17,TEN,23183.0,22722.0
2022-01-08,18,TEN,21734.0,21720.0
2022-01-08,19,TEN,20539.0,20824.0
2022-01-08,20,TEN,19475.0,19707.0
2022-01-08,21,TEN,18812.0,19174.0
2022-01-08,22,TEN,18666.0,18952.0
2022-01-08,23,TEN,19210.0,19405.0
2022-01-09,0,TEN,20348.0,20491.0
2022-01-09,1,TEN,20346.0,20668.0
2022-01-09,2,TEN,20189.0,20505.0
2022-01-09,3,TEN,19780.0,20159.0
2022-01-09,4,TEN,19270.0,19603.0
2022-01-09,5,TEN,18575.0,18832.0
2022-01-09,6,TEN,17895.0,18365.0
2022-01-09,7,TEN,17349.0,17780.0
2022-01-09,8,TEN,17029.0,17482.0
2022-01-09,9,TEN,16706.0,17177.0
2022-01-09,10,TEN,16606.0,17078.0
2022-01-09,11,TEN,16587.0,17027.0
2022-01-09,12,TEN,16749.0,17222.0
2022-01-09,13,TEN,16948.0,17466.0
2022-01-09,14,TEN,17377.0,17885.0
2022-01-09,15,TEN,17811.0,18330.0
2022-01-09,16,TEN,17974.0,18520.0
2022-01-09,17,TEN,18138.0,18653.0
2022-01-09,18,TEN,18264.0,18810.0
2022-01-09,19,TEN,18211.0,18733.0
2022-01-09,20,TEN,18292.0,18773.0
2022-01-09,21,TEN,18279.0,18779.0
2022-01-09,22,TEN,18542.0,19059.0
2022-01-09,23,TEN,19133.0,19646.0
2022-01-10,0,TEN,19851.0,20660.0
2022-01-10,1,TEN,20178.0,20968.0
2022-01-10,2,TEN,20407.0,21160.0
2022-01-10,3,TEN,20173.0,20971.0
2022-01-10,4,TEN,19801.0,20303.0
2022-01-10,5,TEN,19394.0,19735.0
2022-01-10,6,TEN,19121.0,19384.0
2022-01-10,7,TEN,19088.0,19349.0
2022-01-10,8,TEN,19372.0,19656.0
2022-01-10,9,TEN,19866.0,20154.0
2022-01-10,10,TEN,20437.0,20683.0
2022-01-10,11,TEN,21504.0,21421.0
2022-01-10,12,TEN,23234.0,22597.0
2022-01-10,13,TEN,25056.0,24166.0
2022-01-10,14,TEN,25528.0,24505.0
2022-01-10,15,TEN,24470.0,23495.0
2022-01-10,16,TEN,23213.0,22273.0
2022-01-10,17,TEN,22231.0,21274.0
2022-01-10,18,TEN,21337.0,20365.0
2022-01-10,19,TEN,20595.0,19740.0
2022-01-10,20,TEN,19968.0,19220.0
2022-01-10,21,TEN,19552.0,18940.0
2022-01-10,22,TEN,19770.0,19249.0
2022-01-10,23,TEN,20809.0,20324.0
2022-01-11,0,TEN,22601.0,22072.0
2022-01-11,1,TEN,23220.0,22711.0
2022-01-11,2,TEN,23234.0,22734.0
2022-01-11,3,TEN,22965.0,22500.0
2022-01-11,4,TEN,22572.0,22135.0
2022-01-11,5,TEN,21888.0,21433.0
2022-01-11,6,TEN,21423.0,21013.0
2022-01-11,7,TEN,21226.0,20764.0
2022-01-11,8,TEN,21161.0,20625.0
2022-01-11,9,TEN,21394.0,20687.0
2022-01-11,10,TEN,21792.0,20770.0
2022-01-11,11,TEN,22646.0,21550.0
2022-01-11,12,TEN,24059.0,23035.0
2022-01-11,13,TEN,25668.0,24660.0
2022-01-11,14,TEN,25934.0,24850.0
2022-01-11,15,TEN,24749.0,23526.0
2022-01-11,16,TEN,23296.0,22080.0
2022-01-11,17,TEN,22164.0,20940.0
2022-01-11,18,TEN,21210.0,20039.0
2022-01-11,19,TEN,20377.0,19468.0
2022-01-11,20,TEN,19596.0,18850.0
2022-01-11,21,TEN,19213.0,18643.0
2022-01-11,22,TEN,19230.0,18708.0
2022-01-11,23,TEN,20344.0,19798.0
2022-01-12,0,TEN,22105.0,21466.0
2022-01-12,1,TEN,22827.0,22269.0
2022-01-12,2,TEN,23130.0,22567.0
2022-01-12,3,TEN,23025.0,22496.0
2022-01-12,4,TEN,22477.0,21931.0
2022-01-12,5,TEN,21851.0,21232.0
2022-01-12,6,TEN,21537.0,20953.0
2022-01-12,7,TEN,21374.0,20813.0
2022-01-12,8,TEN,21218.0,20680.0
2022-01-12,9,TEN,21428.0,20823.0
2022-01-12,10,TEN,21797.0,21236.0
2022-01-12,11,TEN,22467.0,21927.0
2022-01-12,12,TEN,23808.0,23244.0
2022-01-12,13,TEN,25014.0,24399.0
2022-01-12,14,TEN,24928.0,24044.0
2022-01-12,15,TEN,23562.0,22578.0
2022-01-12,16,TEN,22042.0,21229.0
2022-01-12,17,TEN,20818.0,20284.0
2022-01-12,18,TEN,19780.0,19793.0
2022-01-12,19,TEN,18984.0,19337.0
2022-01-12,20,TEN,18340.0,18756.0
2022-01-12,21,TEN,18021.0,18470.0
2022-01-12,22,TEN,17927.0,18474.0
2022-01-12,23,TEN,18665.0,19155.0
2022-01-13,0,TEN,20207.0,20699.0
2022-01-13,1,TEN,20780.0,21264.0
2022-01-13,2,TEN,20960.0,21471.0
2022-01-13,3,TEN,20815.0,21133.0
2022-01-13,4,TEN,20083.0,20282.0
2022-01-13,5,TEN,19304.0,19568.0
2022-01-13,6,TEN,18667.0,18963.0
2022-01-13,7,TEN,18336.0,18548.0
2022-01-13,8,TEN,18203.0,18489.0
2022-01-13,9,TEN,18230.0,18452.0
2022-01-13,10,TEN,18300.0,18598.0
2022-01-13,11,TEN,18742.0,18992.0
2022-01-13,12,TEN,19971.0,19819.0
2022-01-13,13,TEN,21410.0,21214.0
2022-01-13,14,TEN,21726.0,21459.0
2022-01-13,15,TEN,21263.0,21195.0
2022-01-13,16,TEN,20267.0,20035.0
2022-01-13,17,TEN,19584.0,19387.0
2022-01-13,18,TEN,18970.0,19069.0
2022-01-13,19,TEN,18666.0,18735.0
2022-01-13,20,TEN,18495.0,18497.0
2022-01-13,21,TEN,18190.0,18243.0
2022-01-13,22,TEN,18271.0,18338.0
2022-01-13,23,TEN,18660.0,18761.0
2022-01-14,0,TEN,19764.0,19585.0
2022-01-14,1,TEN,20131.0,19949.0
2022-01-14,2,TEN,20234.0,20058.0
2022-01-14,3,TEN,19958.0,20270.0
2022-01-14,4,TEN,19492.0,19791.0
2022-01-14,5,TEN,18783.0,19075.0
2022-01-14,6,TEN,18304.0,18552.0
2022-01-14,7,TEN,18238.0,18499.0
2022-01-14,8,TEN,18325.0,18602.0
2022-01-14,9,TEN,18558.0,18865.0
2022-01-14,10,TEN,19014.0,19334.0
2022-01-14,11,TEN,19838.0,20129.0
2022-01-14,12,TEN,21308.0,21503.0
2022-01-14,13,TEN,22906.0,22580.0
2022-01-14,14,TEN,23246.0,22896.0
2022-01-14,15,TEN,22615.0,22339.0
2022-01-14,16,TEN,21468.0,21225.0
2022-01-14,17,TEN,20456.0,20203.0
2022-01-14,18,TEN,19527.0,19294.0
2022-01-14,19,TEN,18804.0,18849.0
2022-01-14,20,TEN,18303.0,18369.0
2022-01-14,21,TEN,17878.0,17939.0
2022-01-14,22,TEN,17927.0,18050.0
2022-01-14,23,TEN,18484.0,18482.0
2022-01-15,0,TEN,19818.0,19626.0
2022-01-15,1,TEN,20139.0,20017.0
2022-01-15,2,TEN,20219.0,20053.0
2022-01-15,3,TEN,20161.0,19970.0
2022-01-15,4,TEN,19897.0,19727.0
2022-01-15,5,TEN,19294.0,19161.0
2022-01-15,6,TEN,18776.0,18672.0
2022-01-15,7,TEN,18428.0,18284.0
2022-01-15,8,TEN,18188.0,18098.0
2022-01-15,9,TEN,17994.0,17943.0
2022-01-15,10,TEN,18023.0,17858.0
2022-01-15,11,TEN,18241.0,18101.0
2022-01-15,12,TEN,18688.0,18604.0
2022-01-15,13,TEN,19240.0,19095.0
2022-01-15,14,TEN,19645.0,19584.0
2022-01-15,15,TEN,20420.0,20333.0
2022-01-15,16,TEN,20585.0,20434.0
2022-01-15,17,TEN,20427.0,20251.0
2022-01-15,18,TEN,20267.0,20119.0
2022-01-15,19,TEN,19969.0,19794.0
2022-01-15,20,TEN,19624.0,19463.0
2022-01-15,21,TEN,19593.0,19439.0
2022-01-15,22,TEN,19658.0,19526.0
2022-01-15,23,TEN,20168.0,20107.0
2022-01-16,0,TEN,20817.0,20636.0
2022-01-16,1,TEN,20778.0,20162.0
2022-01-16,2,TEN,20449.0,19858.0
2022-01-16,3,TEN,20017.0,19430.0
2022-01-16,4,TEN,19507.0,18903.0
2022-01-16,5,TEN,18882.0,18236.0
2022-01-16,6,TEN,18408.0,17868.0
2022-01-16,7,TEN,18120.0,17518.0
2022-01-16,8,TEN,18035.0,17440.0
2022-01-16,9,TEN,18155.0,17547.0
2022-01-16,10,TEN,18335.0,17749.0
2022-01-16,11,TEN,18605.0,18059.0
2022-01-16,12,TEN,19322.0,18677.0
2022-01-16,13,TEN,20122.0,19528.0
2022-01-16,14,TEN,20949.0,20281.0
2022-01-16,15,TEN,21778.0,20957.0
2022-01-16,16,TEN,22307.0,21580.0
2022-01-16,17,TEN,22633.0,22014.0
2022-01-16,18,TEN,22828.0,22164.0
2022-01-16,19,TEN,22801.0,22146.0
2022-01-16,20,TEN,22577.0,22038.0
2022-01-16,21,TEN,22482.0,21896.0
2022-01-16,22,TEN,22653.0,21854.0
2022-01-16,23,TEN,23069.0,22275.0
2022-01-17,0,TEN,23966.0,23061.0
2022-01-17,1,TEN,23728.0,22848.0
2022-01-17,2,TEN,23495.0,22689.0
2022-01-17,3,TEN,23055.0,22183.0
2022-01-17,4,TEN,22478.0,21620.0
2022-01-17,5,TEN,21916.0,20985.0
2022-01-17,6,TEN,21456.0,20406.0
2022-01-17,7,TEN,21203.0,20179.0
2022-01-17,8,TEN,21080.0,20024.0
2022-01-17,9,TEN,21192.0,20129.0
2022-01-17,10,TEN,21382.0,20290.0
2022-01-17,11,TEN,21649.0,20555.0
2022-01-17,12,TEN,22357.0,21170.0
2022-01-17,13,TEN,23301.0,22123.0
2022-01-17,14,TEN,23851.0,22659.0
2022-01-17,15,TEN,24307.0,23061.0
2022-01-17,16,TEN,24617.0,23448.0
2022-01-17,17,TEN,24797.0,23492.0
2022-01-17,18,TEN,24767.0,23513.0
2022-01-17,19,TEN,24550.0,23336.0
2022-01-17,20,TEN,24299.0,23102.0
2022-01-17,21,TEN,24101.0,22949.0
2022-01-17,22,TEN,24017.0,22938.0
2022-01-17,23,TEN,24332.0,23183.0
2022-01-18,0,TEN,24977.0,23912.0
2022-01-18,1,TEN,24911.0,23827.0
2022-01-18,2,TEN,24596.0,23549.0
2022-01-18,3,TEN,24230.0,23162.0
2022-01-18,4,TEN,23457.0,22428.0
2022-01-18,5,TEN,22699.0,21620.0
2022-01-18,6,TEN,22124.0,21069.0
2022-01-18,7,TEN,21920.0,20850.0
2022-01-18,8,TEN,21973.0,20904.0
2022-01-18,9,TEN,22013.0,20951.0
2022-01-18,10,TEN,22389.0,21313.0
2022-01-18,11,TEN,23052.0,21960.0
2022-01-18,12,TEN,24358.0,23321.0
2022-01-18,13,TEN,25746.0,24475.0
2022-01-18,14,TEN,26151.0,24985.0
2022-01-18,15,TEN,25169.0,24121.0
2022-01-18,16,TEN,23516.0,22468.0
2022-01-18,17,TEN,22367.0,21481.0
2022-01-18,18,TEN,21417.0,20758.0
2022-01-18,19,TEN,20617.0,20221.0
2022-01-18,20,TEN,19831.0,19639.0
2022-01-18,21,TEN,19308.0,19325.0
2022-01-18,22,TEN,19349.0,19463.0
2022-01-18,23,TEN,19955.0,20067.0
2022-01-19,0,TEN,21405.0,21497.0
2022-01-19,1,TEN,22005.0,22127.0
2022-01-19,2,TEN,21913.0,22067.0
2022-01-19,3,TEN,21591.0,21683.0
2022-01-19,4,TEN,20949.0,21027.0
2022-01-19,5,TEN,20122.0,20199.0
2022-01-19,6,TEN,19474.0,19517.0
2022-01-19,7,TEN,18947.0,18843.0
2022-01-19,8,TEN,18744.0,18739.0
2022-01-19,9,TEN,18569.0,18578.0
2022-01-19,10,TEN,18656.0,18662.0
2022-01-19,11,TEN,18856.0,18658.0
2022-01-19,12,TEN,19846.0,19718.0
2022-01-19,13,TEN,20927.0,20758.0
2022-01-19,14,TEN,21134.0,20912.0
2022-01-19,15,TEN,20901.0,20650.0
2022-01-19,16,TEN,20653.0,20443.0
2022-01-19,17,TEN,20426.0,20159.0
2022-01-19,18,TEN,20022.0,19758.0
2022-01-19,19,TEN,19636.0,19352.0
2022-01-19,20,TEN,19397.0,19107.0
2022-01-19,21,TEN,19148.0,18878.0
2022-01-19,22,TEN,19233.0,19007.0
2022-01-19,23,TEN,19638.0,19466.0
2022-01-20,0,TEN,20551.0,20342.0
2022-01-20,1,TEN,20814.0,20644.0
2022-01-20,2,TEN,20650.0,20502.0
2022-01-20,3,TEN,20481.0,20273.0
2022-01-20,4,TEN,19926.0,19718.0
2022-01-20,5,TEN,19331.0,19098.0
2022-01-20,6,TEN,18974.0,18688.0
2022-01-20,7,TEN,18795.0,18745.0
2022-01-20,8,TEN,18964.0,18906.0
2022-01-20,9,TEN,19283.0,18982.0
2022-01-20,10,TEN,19733.0,19191.0
2022-01-20,11,TEN,20537.0,19905.0
2022-01-20,12,TEN,22115.0,21261.0
2022-01-20,13,TEN,23761.0,22563.0
2022-01-20,14,TEN,24608.0,23363.0
2022-01-20,15,TEN,25162.0,23981.0
2022-01-20,16,TEN,25460.0,24374.0
2022-01-20,17,TEN,25749.0,24707.0
2022-01-20,18,TEN,25759.0,24627.0
2022-01-20,19,TEN,25576.0,24481.0
2022-01-20,20,TEN,25402.0,24332.0
2022-01-20,21,TEN,25406.0,24297.0
2022-01-20,22,TEN,25596.0,24449.0
2022-01-20,23,TEN,26228.0,24931.0
2022-01-21,0,TEN,27217.0,26000.0
2022-01-21,1,TEN,27503.0,26315.0
2022-01-21,2,TEN,27376.0,26322.0
2022-01-21,3,TEN,26972.0,25859.0
2022-01-21,4,TEN,26257.0,25115.0
2022-01-21,5,TEN,25541.0,24380.0
2022-01-21,6,TEN,24834.0,23725.0
2022-01-21,7,TEN,24655.0,23409.0
2022-01-21,8,TEN,24640.0,23322.0
2022-01-21,9,TEN,24699.0,23553.0
2022-01-21,10,TEN,25022.0,23799.0
2022-01-21,11,TEN,25527.0,24249.0
2022-01-21,12,TEN,26634.0,25440.0
2022-01-21,13,TEN,27856.0,26164.0
2022-01-21,14,TEN,28254.0,26556.0
2022-01-21,15,TEN,27940.0,26507.0
2022-01-21,16,TEN,27498.0,26126.0
2022-01-21,17,TEN,26934.0,25959.0
2022-01-21,18,TEN,26135.0,25231.0
2022-01-21,19,TEN,25575.0,24615.0
2022-01-21,20,TEN,24898.0,24026.0
2022-01-21,21,TEN,24681.0,23752.0
2022-01-21,22,TEN,24733.0,23748.0
2022-01-21,23,TEN,25194.0,23895.0
2022-01-22,0,TEN,26338.0,25012.0
2022-01-22,1,TEN,26473.0,24970.0
2022-01-22,2,TEN,26407.0,25007.0
2022-01-22,3,TEN,26259.0,24943.0
2022-01-22,4,TEN,25811.0,24666.0
2022-01-22,5,TEN,25351.0,24455.0
2022-01-22,6,TEN,24959.0,23913.0
2022-01-22,7,TEN,24913.0,23783.0
2022-01-22,8,TEN,25191.0,24128.0
2022-01-22,9,TEN,25398.0,24221.0
2022-01-22,10,TEN,25736.0,24580.0
2022-01-22,11,TEN,26254.0,25114.0
2022-01-22,12,TEN,26997.0,25885.0
2022-01-22,13,TEN,27812.0,26731.0
2022-01-22,14,TEN,28358.0,27180.0
2022-01-22,15,TEN,27668.0,26559.0
2022-01-22,16,TEN,26347.0,25198.0
2022-01-22,17,TEN,24941.0,23819.0
2022-01-22,18,TEN,23558.0,22537.0
2022-01-22,19,TEN,22255.0,21188.0
2022-01-22,20,TEN,21321.0,20213.0
2022-01-22,21,TEN,20585.0,19505.0
2022-01-22,22,TEN,20501.0,19493.0
2022-01-22,23,TEN,21230.0,20179.0
2022-01-23,0,TEN,22971.0,21973.0
2022-01-23,1,TEN,23738.0,22857.0
2022-01-23,2,TEN,24178.0,23368.0
2022-01-23,3,TEN,24233.0,23439.0
2022-01-23,4,TEN,24192.0,23324.0
2022-01-23,5,TEN,23853.0,23042.0
2022-01-23,6,TEN,23597.0,22817.0
2022-01-23,7,TEN,23623.0,22776.0
2022-01-23,8,TEN,23788.0,22938.0
2022-01-23,9,TEN,23982.0,23004.0
2022-01-23,10,TEN,24303.0,23393.0
2022-01-23,11,TEN,24691.0,23823.0
2022-01-23,12,TEN,25252.0,24386.0
2022-01-23,13,TEN,25918.0,25068.0
2022-01-23,14,TEN,26141.0,25313.0
2022-01-23,15,TEN,25245.0,24294.0
2022-01-23,16,TEN,23523.0,22662.0
2022-01-23,17,TEN,22071.0,21223.0
2022-01-23,18,TEN,20879.0,20107.0
2022-01-23,19,TEN,19833.0,18975.0
2022-01-23,20,TEN,19168.0,18226.0
2022-01-23,21,TEN,18597.0,17788.0
2022-01-23,22,TEN,18620.0,17734.0
2022-01-23,23,TEN,19319.0,18657.0
2022-01-24,0,TEN,20789.0,20381.0
2022-01-24,1,TEN,21293.0,21017.0
2022-01-24,2,TEN,21599.0,21462.0
2022-01-24,3,TEN,21403.0,21336.0
2022-01-24,4,TEN,21083.0,20915.0
2022-01-24,5,TEN,20657.0,20210.0
2022-01-24,6,TEN,20466.0,20466.0
2022-01-24,7,TEN,20498.0,20473.0
2022-01-24,8,TEN,20792.0,20464.0
2022-01-24,9,TEN,21270.0,20728.0
2022-01-24,10,TEN,21841.0,21102.0
2022-01-24,11,TEN,22576.0,21505.0
2022-01-24,12,TEN,23928.0,22815.0
2022-01-24,13,TEN,25387.0,24326.0
2022-01-24,14,TEN,25430.0,24328.0
2022-01-24,15,TEN,24362.0,23258.0
2022-01-24,16,TEN,22789.0,21720.0
2022-01-24,17,TEN,21811.0,20957.0
2022-01-24,18,TEN,20600.0,20090.0
2022-01-24,19,TEN,19867.0,19534.0
2022-01-24,20,TEN,19063.0,18887.0
2022-01-24,21,TEN,18477.0,18894.0
2022-01-24,22,TEN,18365.0,18772.0
2022-01-24,23,TEN,18797.0,19165.0
2022-01-25,0,TEN,20263.0,20660.0
2022-01-25,1,TEN,20722.0,21121.0
2022-01-25,2,TEN,20627.0,21042.0
2022-01-25,3,TEN,20319.0,20717.0
2022-01-25,4,TEN,19488.0,19648.0
2022-01-25,5,TEN,18641.0,18864.0
2022-01-25,6,TEN,17960.0,18347.0
2022-01-25,7,TEN,17742.0,18119.0
2022-01-25,8,TEN,17749.0,18078.0
2022-01-25,9,TEN,17739.0,18209.0
2022-01-25,10,TEN,17993.0,18406.0
2022-01-25,11,TEN,18675.0,18877.0
2022-01-25,12,TEN,20095.0,20321.0
2022-01-25,13,TEN,21682.0,21923.0
2022-01-25,14,TEN,22073.0,22253.0
2022-01-25,15,TEN,21842.0,22176.0
2022-01-25,16,TEN,21275.0,21465.0
2022-01-25,17,TEN,20699.0,20660.0
2022-01-25,18,TEN,20012.0,19947.0
2022-01-25,19,TEN,19539.0,19469.0
2022-01-25,20,TEN,19167.0,19066.0
2022-01-25,21,TEN,18862.0,18730.0
2022-01-25,22,TEN,19272.0,18720.0
2022-01-25,23,TEN,20212.0,19218.0
2022-01-26,0,TEN,22026.0,21073.0
2022-01-26,1,TEN,23028.0,21989.0
2022-01-26,2,TEN,23342.0,22328.0
2022-01-26,3,TEN,23371.0,22299.0
2022-01-26,4,TEN,23024.0,21965.0
2022-01-26,5,TEN,22467.0,21554.0
2022-01-26,6,TEN,22129.0,21194.0
2022-01-26,7,TEN,22196.0,21422.0
2022-01-26,8,TEN,22305.0,21394.0
2022-01-26,9,TEN,22685.0,21679.0
2022-01-26,10,TEN,23233.0,22165.0
2022-01-26,11,TEN,24037.0,22993.0
2022-01-26,12,TEN,25620.0,24579.0
2022-01-26,13,TEN,27157.0,25975.0
2022-01-26,14,TEN,27433.0,26244.0
2022-01-26,15,TEN,26689.0,25553.0
2022-01-26,16,TEN,25474.0,24422.0
2022-01-26,17,TEN,24322.0,23122.0
2022-01-26,18,TEN,23183.0,21975.0
2022-01-26,19,TEN,22221.0,21090.0
2022-01-26,20,TEN,21567.0,20392.0
2022-01-26,21,TEN,21033.0,19905.0
2022-01-26,22,TEN,21066.0,19981.0
2022-01-26,23,TEN,21988.0,20934.0
2022-01-27,0,TEN,23881.0,22768.0
2022-01-27,1,TEN,24938.0,23798.0
2022-01-27,2,TEN,25200.0,24023.0
2022-01-27,3,TEN,25211.0,24022.0
2022-01-27,4,TEN,24870.0,23622.0
2022-01-27,5,TEN,24287.0,23090.0
2022-01-27,6,TEN,23790.0,22649.0
2022-01-27,7,TEN,23901.0,22743.0
2022-01-27,8,TEN,23979.0,22857.0
2022-01-27,9,TEN,24138.0,22988.0
2022-01-27,10,TEN,24518.0,23359.0
2022-01-27,11,TEN,25084.0,23925.0
2022-01-27,12,TEN,26272.0,25355.0
2022-01-27,13,TEN,27322.0,26364.0
2022-01-27,14,TEN,27324.0,26382.0
2022-01-27,15,TEN,25909.0,24947.0
2022-01-27,16,TEN,24091.0,23451.0
2022-01-27,17,TEN,22803.0,22356.0
2022-01-27,18,TEN,21510.0,21655.0
2022-01-27,19,TEN,20451.0,20860.0
2022-01-27,20,TEN,19796.0,20227.0
2022-01-27,21,TEN,19264.0,19771.0
2022-01-27,22,TEN,19260.0,19776.0
2022-01-27,23,TEN,19894.0,20414.0
2022-01-28,0,TEN,21297.0,21706.0
2022-01-28,1,TEN,21848.0,22304.0
2022-01-28,2,TEN,21824.0,22314.0
2022-01-28,3,TEN,21559.0,22008.0
2022-01-28,4,TEN,20921.0,21400.0
2022-01-28,5,TEN,20183.0,20636.0
2022-01-28,6,TEN,19584.0,20046.0
2022-01-28,7,TEN,19397.0,19647.0
2022-01-28,8,TEN,19453.0,19392.0
2022-01-28,9,TEN,19492.0,19391.0
2022-01-28,10,TEN,19857.0,19749.0
2022-01-28,11,TEN,20417.0,20355.0
2022-01-28,12,TEN,21655.0,21647.0
2022-01-28,13,TEN,22972.0,22858.0
2022-01-28,14,TEN,23247.0,23089.0
2022-01-28,15,TEN,23065.0,22381.0
2022-01-28,16,TEN,22596.0,22011.0
2022-01-28,17,TEN,22169.0,21640.0
2022-01-28,18,TEN,21650.0,21074.0
2022-01-28,19,TEN,21325.0,20941.0
2022-01-28,20,TEN,21402.0,21156.0
2022-01-28,21,TEN,21450.0,21229.0
2022-01-28,22,TEN,22104.0,21971.0
2022-01-28,23,TEN,22574.0,22537.0
2022-01-29,0,TEN,23959.0,23929.0
2022-01-29,1,TEN,24385.0,24117.0
2022-01-29,2,TEN,24667.0,24356.0
2022-01-29,3,TEN,24570.0,24248.0
2022-01-29,4,TEN,24384.0,24013.0
2022-01-29,5,TEN,23898.0,23566.0
2022-01-29,6,TEN,23663.0,23342.0
2022-01-29,7,TEN,23621.0,23267.0
2022-01-29,8,TEN,23711.0,23271.0
2022-01-29,9,TEN,23950.0,23237.0
2022-01-29,10,TEN,24592.0,23819.0
2022-01-29,11,TEN,25267.0,24480.0
2022-01-29,12,TEN,26042.0,25374.0
2022-01-29,13,TEN,27059.0,26216.0
2022-01-29,14,TEN,27809.0,26803.0
2022-01-29,15,TEN,27389.0,26269.0
2022-01-29,16,TEN,26380.0,25303.0
2022-01-29,17,TEN,25283.0,24115.0
2022-01-29,18,TEN,24148.0,22947.0
2022-01-29,19,TEN,22870.0,21670.0
2022-01-29,20,TEN,21946.0,20763.0
2022-01-29,21,TEN,21186.0,20044.0
2022-01-29,22,TEN,21174.0,20044.0
2022-01-29,23,TEN,21870.0,20789.0
2022-01-30,0,TEN,23506.0,22322.0
2022-01-30,1,TEN,24420.0,23223.0
2022-01-30,2,TEN,24633.0,23418.0
2022-01-30,3,TEN,24636.0,23416.0
2022-01-30,4,TEN,24370.0,23193.0
2022-01-30,5,TEN,23977.0,22981.0
2022-01-30,6,TEN,23563.0,22780.0
2022-01-30,7,TEN,23249.0,22358.0
2022-01-30,8,TEN,23200.0,22259.0
2022-01-30,9,TEN,23152.0,22239.0
2022-01-30,10,TEN,23139.0,22209.0
2022-01-30,11,TEN,23299.0,22377.0
2022-01-30,12,TEN,23494.0,22630.0
2022-01-30,13,TEN,24084.0,23203.0
2022-01-30,14,TEN,24296.0,23442.0
2022-01-30,15,TEN,23471.0,22933.0
2022-01-30,16,TEN,22202.0,21263.0
2022-01-30,17,TEN,20897.0,20232.0
2022-01-30,18,TEN,19671.0,19387.0
2022-01-30,19,TEN,18888.0,18542.0
2022-01-30,20,TEN,18281.0,17965.0
2022-01-30,21,TEN,17639.0,17370.0
2022-01-30,22,TEN,17544.0,17288.0
2022-01-30,23,TEN,18220.0,17977.0
2022-01-31,0,TEN,19486.0,18946.0
2022-01-31,1,TEN,20334.0,19716.0
2022-01-31,2,TEN,20727.0,20052.0
2022-01-31,3,TEN,20835.0,20172.0
2022-01-31,4,TEN,20558.0,19769.0
2022-01-31,5,TEN,20038.0,19365.0
2022-01-31,6,TEN,19669.0,19069.0
2022-01-31,7,TEN,19733.0,19140.0
2022-01-31,8,TEN,19825.0,19251.0
2022-01-31,9,TEN,20209.0,19380.0
2022-01-31,10,TEN,20840.0,19996.0
2022-01-31,11,TEN,21495.0,20824.0
2022-01-31,12,TEN,23173.0,22719.0
2022-01-31,13,TEN,24908.0,24407.0
2022-01-31,14,TEN,25150.0,24578.0
2022-01-31,15,TEN,24010.0,23513.0
2022-01-31,16,TEN,22348.0,21549.0
2022-01-31,17,TEN,21335.0,20453.0
2022-01-31,18,TEN,20373.0,19541.0
2022-01-31,19,TEN,19451.0,18669.0
2022-01-31,20,TEN,18849.0,18088.0
2022-01-31,21,TEN,18252.0,17761.0
2022-01-31,22,TEN,18071.0,17887.0
2022-01-31,23,TEN,18554.0,18339.0
2022-02-01,0,TEN,19930.0,19728.0
2022-02-01,1,TEN,20963.0,21115.0
2022-02-01,2,TEN,21201.0,21615.0
2022-02-01,3,TEN,21208.0,21616.0
2022-02-01,4,TEN,20737.0,20903.0
2022-02-01,5,TEN,20085.0,20307.0
2022-02-01,6,TEN,19711.0,19877.0
2022-02-01,7,TEN,19284.0,19879.0
2022-02-01,8,TEN,19585.0,19879.0
2022-02-01,9,TEN,19963.0,20138.0
2022-02-01,10,TEN,20292.0,20618.0
2022-02-01,11,TEN,21028.0,21314.0
2022-02-01,12,TEN,22362.0,22729.0
2022-02-01,13,TEN,23764.0,23837.0
2022-02-01,14,TEN,23622.0,23712.0
2022-02-01,15,TEN,22118.0,22094.0
2022-02-01,16,TEN,20523.0,20652.0
2022-02-01,17,TEN,19519.0,19563.0
2022-02-01,18,TEN,18673.0,18776.0
2022-02-01,19,TEN,18022.0,18161.0
2022-02-01,20,TEN,17350.0,17522.0
2022-02-01,21,TEN,16941.0,17123.0
2022-02-01,22,TEN,17127.0,17533.0
2022-02-01,23,TEN,17475.0,17847.0
2022-02-02,0,TEN,18617.0,18959.0
2022-02-02,1,TEN,19271.0,19632.0
2022-02-02,2,TEN,19306.0,19586.0
2022-02-02,3,TEN,18977.0,19221.0
2022-02-02,4,TEN,18286.0,18744.0
2022-02-02,5,TEN,17534.0,17692.0
2022-02-02,6,TEN,16877.0,17023.0
2022-02-02,7,TEN,16405.0,16700.0
2022-02-02,8,TEN,16341.0,16653.0
2022-02-02,9,TEN,16451.0,16737.0
2022-02-02,10,TEN,16591.0,16920.0
2022-02-02,11,TEN,16985.0,17348.0
2022-02-02,12,TEN,18207.0,18727.0
2022-02-02,13,TEN,19493.0,20124.0
2022-02-02,14,TEN,19793.0,20284.0
2022-02-02,15,TEN,19716.0,20091.0
2022-02-02,16,TEN,19722.0,19835.0
2022-02-02,17,TEN,19848.0,19874.0
2022-02-02,18,TEN,19682.0,19742.0
2022-02-02,19,TEN,19466.0,19546.0
2022-02-02,20,TEN,19190.0,19306.0
2022-02-02,21,TEN,18944.0,19139.0
2022-02-02,22,TEN,18947.0,19185.0
2022-02-02,23,TEN,19357.0,19609.0
2022-02-03,0,TEN,20065.0,20234.0
2022-02-03,1,TEN,20185.0,20310.0
2022-02-03,2,TEN,19960.0,20141.0
2022-02-03,3,TEN,19506.0,19631.0
2022-02-03,4,TEN,18808.0,18919.0
2022-02-03,5,TEN,18005.0,18044.0
2022-02-03,6,TEN,17340.0,17411.0
2022-02-03,7,TEN,16917.0,16945.0
2022-02-03,8,TEN,16657.0,16708.0
2022-02-03,9,TEN,16666.0,16755.0
2022-02-03,10,TEN,16764.0,16826.0
2022-02-03,11,TEN,17137.0,17245.0
2022-02-03,12,TEN,18282.0,18467.0
2022-02-03,13,TEN,19545.0,19902.0
2022-02-03,14,TEN,20151.0,20275.0
2022-02-03,15,TEN,20441.0,20547.0
2022-02-03,16,TEN,20379.0,20545.0
2022-02-03,17,TEN,20620.0,20754.0
2022-02-03,18,TEN,20489.0,20648.0
2022-02-03,19,TEN,20396.0,20557.0
2022-02-03,20,TEN,20133.0,20373.0
2022-02-03,21,TEN,20246.0,20430.0
2022-02-03,22,TEN,20334.0,20485.0
2022-02-03,23,TEN,20622.0,20755.0
2022-02-04,0,TEN,21395.0,21510.0
2022-02-04,1,TEN,21470.0,21570.0
2022-02-04,2,TEN,21173.0,21274.0
2022-02-04,3,TEN,20773.0,20896.0
2022-02-04,4,TEN,19957.0,20048.0
2022-02-04,5,TEN,19312.0,19402.0
2022-02-04,6,TEN,18808.0,18955.0
2022-02-04,7,TEN,18607.0,18746.0
2022-02-04,8,TEN,18607.0,18725.0
2022-02-04,9,TEN,18853.0,18988.0
2022-02-04,10,TEN,19206.0,19312.0
2022-02-04,11,TEN,19844.0,20002.0
2022-02-04,12,TEN,21113.0,21245.0
2022-02-04,13,TEN,22425.0,22245.0
2022-02-04,14,TEN,23152.0,22742.0
2022-02-04,15,TEN,23650.0,23277.0
2022-02-04,16,TEN,23860.0,23491.0
2022-02-04,17,TEN,24105.0,23629.0
2022-02-04,18,TEN,24149.0,23746.0
2022-02-04,19,TEN,23968.0,23871.0
2022-02-04,20,TEN,23880.0,23721.0
2022-02-04,21,TEN,23903.0,23703.0
2022-02-04,22,TEN,24091.0,23854.0
2022-02-04,23,TEN,24561.0,23868.0
2022-02-05,0,TEN,25172.0,24058.0
2022-02-05,1,TEN,25453.0,24267.0
2022-02-05,2,TEN,25251.0,24091.0
2022-02-05,3,TEN,24942.0,23800.0
2022-02-05,4,TEN,24402.0,23296.0
2022-02-05,5,TEN,23965.0,22771.0
2022-02-05,6,TEN,23512.0,22374.0
2022-02-05,7,TEN,23433.0,22248.0
2022-02-05,8,TEN,23459.0,22267.0
2022-02-05,9,TEN,23643.0,22299.0
2022-02-05,10,TEN,24152.0,22924.0
2022-02-05,11,TEN,24691.0,23394.0
2022-02-05,12,TEN,25377.0,24034.0
2022-02-05,13,TEN,26200.0,24949.0
2022-02-05,14,TEN,26465.0,25021.0
2022-02-05,15,TEN,25911.0,24735.0
2022-02-05,16,TEN,24877.0,23661.0
2022-02-05,17,TEN,23826.0,22639.0
2022-02-05,18,TEN,22654.0,22075.0
2022-02-05,19,TEN,21545.0,21043.0
2022-02-05,20,TEN,20685.0,20345.0
2022-02-05,21,TEN,20159.0,19698.0
2022-02-05,22,TEN,20014.0,19785.0
2022-02-05,23,TEN,20639.0,20451.0
2022-02-06,0,TEN,22326.0,21674.0
2022-02-06,1,TEN,23210.0,22620.0
2022-02-06,2,TEN,23572.0,23006.0
2022-02-06,3,TEN,23790.0,23130.0
2022-02-06,4,TEN,23722.0,23065.0
2022-02-06,5,TEN,23492.0,22874.0
2022-02-06,6,TEN,23250.0,22706.0
2022-02-06,7,TEN,23259.0,22637.0
2022-02-06,8,TEN,23430.0,22727.0
2022-02-06,9,TEN,23659.0,23014.0
2022-02-06,10,TEN,23971.0,23367.0
2022-02-06,11,TEN,24390.0,23666.0
2022-02-06,12,TEN,24976.0,24280.0
2022-02-06,13,TEN,25630.0,24665.0
2022-02-06,14,TEN,25808.0,24527.0
2022-02-06,15,TEN,24576.0,23627.0
2022-02-06,16,TEN,22755.0,22117.0
2022-02-06,17,TEN,20992.0,20783.0
2022-02-06,18,TEN,19832.0,19879.0
2022-02-06,19,TEN,19050.0,19095.0
2022-02-06,20,TEN,18181.0,18281.0
2022-02-06,21,TEN,17765.0,17893.0
2022-02-06,22,TEN,17697.0,18131.0
2022-02-06,23,TEN,18195.0,18663.0
2022-02-07,0,TEN,19758.0,20093.0
2022-02-07,1,TEN,21042.0,21466.0
2022-02-07,2,TEN,21573.0,21978.0
2022-02-07,3,TEN,21763.0,22170.0
2022-02-07,4,TEN,21565.0,21939.0
2022-02-07,5,TEN,21313.0,21640.0
2022-02-07,6,TEN,21163.0,21525.0
2022-02-07,7,TEN,21189.0,21579.0
2022-02-07,8,TEN,21401.0,21597.0
2022-02-07,9,TEN,21954.0,22027.0
2022-02-07,10,TEN,22397.0,22332.0
2022-02-07,11,TEN,23261.0,23097.0
2022-02-07,12,TEN,24813.0,24183.0
2022-02-07,13,TEN,26334.0,25498.0
2022-02-07,14,TEN,26331.0,25686.0
2022-02-07,15,TEN,24970.0,24226.0
2022-02-07,16,TEN,23209.0,22279.0
2022-02-07,17,TEN,21964.0,21072.0
2022-02-07,18,TEN,20812.0,20137.0
2022-02-07,19,TEN,19954.0,19506.0
2022-02-07,20,TEN,19411.0,19005.0
2022-02-07,21,TEN,18952.0,18582.0
2022-02-07,22,TEN,18890.0,18555.0
2022-02-07,23,TEN,19288.0,18960.0
2022-02-08,0,TEN,20796.0,20446.0
2022-02-08,1,TEN,21882.0,21685.0
2022-02-08,2,TEN,22228.0,21989.0
2022-02-08,3,TEN,22291.0,22074.0
2022-02-08,4,TEN,21992.0,21966.0
2022-02-08,5,TEN,21505.0,21686.0
2022-02-08,6,TEN,21129.0,21026.0
2022-02-08,7,TEN,21135.0,21033.0
2022-02-08,8,TEN,21405.0,21247.0
2022-02-08,9,TEN,21793.0,21535.0
2022-02-08,10,TEN,22417.0,21702.0
2022-02-08,11,TEN,23200.0,22035.0
2022-02-08,12,TEN,24752.0,23571.0
2022-02-08,13,TEN,26281.0,25017.0
2022-02-08,14,TEN,25979.0,24709.0
2022-02-08,15,TEN,24216.0,22929.0
2022-02-08,16,TEN,22215.0,20992.0
2022-02-08,17,TEN,20993.0,20303.0
2022-02-08,18,TEN,19947.0,19901.0
2022-02-08,19,TEN,19092.0,19347.0
2022-02-08,20,TEN,18529.0,18660.0
2022-02-08,21,TEN,18074.0,18239.0
2022-02-08,22,TEN,17884.0,18301.0
2022-02-08,23,TEN,18316.0,18755.0
2022-02-09,0,TEN,19589.0,19999.0
2022-02-09,1,TEN,20629.0,21207.0
2022-02-09,2,TEN,20885.0,21511.0
2022-02-09,3,TEN,21084.0,21660.0
2022-02-09,4,TEN,20664.0,21273.0
2022-02-09,5,TEN,20113.0,20506.0
2022-02-09,6,TEN,19671.0,20043.0
2022-02-09,7,TEN,19477.0,19787.0
2022-02-09,8,TEN,19653.0,19854.0
2022-02-09,9,TEN,19981.0,20120.0
2022-02-09,10,TEN,20290.0,20505.0
2022-02-09,11,TEN,20963.0,21114.0
2022-02-09,12,TEN,22182.0,21907.0
2022-02-09,13,TEN,23452.0,23172.0
2022-02-09,14,TEN,23248.0,23193.0
2022-02-09,15,TEN,21673.0,21411.0
2022-02-09,16,TEN,20147.0,20287.0
2022-02-09,17,TEN,19184.0,19003.0
2022-02-09,18,TEN,18305.0,18325.0
2022-02-09,19,TEN,17682.0,17839.0
2022-02-09,20,TEN,17138.0,17331.0
2022-02-09,21,TEN,16796.0,16993.0
2022-02-09,22,TEN,16953.0,17379.0
2022-02-09,23,TEN,17330.0,17715.0
2022-02-10,0,TEN,18487.0,18854.0
2022-02-10,1,TEN,19273.0,19743.0
2022-02-10,2,TEN,19426.0,19951.0
2022-02-10,3,TEN,19438.0,19945.0
2022-02-10,4,TEN,18967.0,19562.0
2022-02-10,5,TEN,18339.0,18675.0
2022-02-10,6,TEN,17908.0,18247.0
2022-02-10,7,TEN,17826.0,17981.0
2022-02-10,8,TEN,17959.0,18105.0
2022-02-10,9,TEN,18262.0,18391.0
2022-02-10,10,TEN,18675.0,18823.0
2022-02-10,11,TEN,19380.0,19571.0
2022-02-10,12,TEN,21090.0,21235.0
2022-02-10,13,TEN,22575.0,22646.0
2022-02-10,14,TEN,22587.0,22533.0
2022-02-10,15,TEN,20999.0,21078.0
2022-02-10,16,TEN,19517.0,19575.0
2022-02-10,17,TEN,18527.0,18566.0
2022-02-10,18,TEN,17759.0,17626.0
2022-02-10,19,TEN,17300.0,17082.0
2022-02-10,20,TEN,16894.0,16822.0
2022-02-10,21,TEN,16594.0,16666.0
2022-02-10,22,TEN,16725.0,17158.0
2022-02-10,23,TEN,16947.0,17277.0
2022-02-11,0,TEN,18037.0,18343.0
2022-02-11,1,TEN,18738.0,19122.0
2022-02-11,2,TEN,19151.0,19475.0
2022-02-11,3,TEN,19279.0,19528.0
2022-02-11,4,TEN,18886.0,19147.0
2022-02-11,5,TEN,18393.0,18579.0
2022-02-11,6,TEN,17989.0,18148.0
2022-02-11,7,TEN,17923.0,17884.0
2022-02-11,8,TEN,17982.0,17939.0
2022-02-11,9,TEN,18080.0,18079.0
2022-02-11,10,TEN,18364.0,18362.0
2022-02-11,11,TEN,18977.0,18983.0
2022-02-11,12,TEN,20237.0,20178.0
2022-02-11,13,TEN,21463.0,21418.0
2022-02-11,14,TEN,21291.0,21199.0
2022-02-11,15,TEN,20113.0,20064.0
2022-02-11,16,TEN,18844.0,18762.0
2022-02-11,17,TEN,18039.0,17933.0
2022-02-11,18,TEN,17292.0,17455.0
2022-02-11,19,TEN,16888.0,17046.0
2022-02-11,20,TEN,16410.0,16579.0
2022-02-11,21,TEN,16156.0,16203.0
2022-02-11,22,TEN,16165.0,16245.0
2022-02-11,23,TEN,16466.0,16537.0
2022-02-12,0,TEN,17072.0,17284.0
2022-02-12,1,TEN,17512.0,17631.0
2022-02-12,2,TEN,17297.0,17456.0
2022-02-12,3,TEN,17115.0,17199.0
2022-02-12,4,TEN,16735.0,16739.0
2022-02-12,5,TEN,15957.0,15909.0
2022-02-12,6,TEN,15342.0,15141.0
2022-02-12,7,TEN,15134.0,14955.0
2022-02-12,8,TEN,14980.0,14840.0
2022-02-12,9,TEN,14946.0,14792.0
2022-02-12,10,TEN,14972.0,14828.0
2022-02-12,11,TEN,15313.0,15155.0
2022-02-12,12,TEN,15930.0,15733.0
2022-02-12,13,TEN,16874.0,16769.0
2022-02-12,14,TEN,17824.0,17654.0
2022-02-12,15,TEN,18474.0,18327.0
2022-02-12,16,TEN,18670.0,18452.0
2022-02-12,17,TEN,18722.0,18528.0
2022-02-12,18,TEN,18511.0,18300.0
2022-02-12,19,TEN,18235.0,18051.0
2022-02-12,20,TEN,18070.0,17956.0
2022-02-12,21,TEN,18136.0,17953.0
2022-02-12,22,TEN,18353.0,18275.0
2022-02-12,23,TEN,18983.0,18883.0
2022-02-13,0,TEN,20015.0,19941.0
2022-02-13,1,TEN,20671.0,20479.0
2022-02-13,2,TEN,20785.0,20581.0
2022-02-13,3,TEN,20876.0,20636.0
2022-02-13,4,TEN,20589.0,20456.0
2022-02-13,5,TEN,20256.0,20082.0
2022-02-13,6,TEN,19950.0,19724.0
2022-02-13,7,TEN,19768.0,19253.0
2022-02-13,8,TEN,20078.0,19115.0
2022-02-13,9,TEN,20332.0,19146.0
2022-02-13,10,TEN,20688.0,19478.0
2022-02-13,11,TEN,21346.0,20183.0
2022-02-13,12,TEN,22205.0,21069.0
2022-02-13,13,TEN,23019.0,21905.0
2022-02-13,14,TEN,23662.0,22519.0
2022-02-13,15,TEN,23501.0,22324.0
2022-02-13,16,TEN,22725.0,21546.0
2022-02-13,17,TEN,21561.0,20610.0
2022-02-13,18,TEN,20590.0,19768.0
2022-02-13,19,TEN,19704.0,18991.0
2022-02-13,20,TEN,19103.0,18363.0
2022-02-13,21,TEN,18422.0,17730.0
2022-02-13,22,TEN,18402.0,17647.0
2022-02-13,23,TEN,19076.0,18268.0
2022-02-14,0,TEN,20079.0,19103.0
2022-02-14,1,TEN,21067.0,19875.0
2022-02-14,2,TEN,21451.0,20217.0
2022-02-14,3,TEN,21668.0,20520.0
2022-02-14,4,TEN,21679.0,20573.0
2022-02-14,5,TEN,21210.0,20055.0
2022-02-14,6,TEN,20897.0,19753.0
2022-02-14,7,TEN,20966.0,19814.0
2022-02-14,8,TEN,21214.0,20081.0
2022-02-14,9,TEN,21715.0,20543.0
2022-02-14,10,TEN,22305.0,21102.0
2022-02-14,11,TEN,23184.0,22047.0
2022-02-14,12,TEN,24772.0,23563.0
2022-02-14,13,TEN,26238.0,25061.0
2022-02-14,14,TEN,26178.0,24932.0
2022-02-14,15,TEN,24540.0,23282.0
2022-02-14,16,TEN,22855.0,21539.0
2022-02-14,17,TEN,21865.0,20583.0
2022-02-14,18,TEN,20659.0,19394.0
2022-02-14,19,TEN,19844.0,18523.0
2022-02-14,20,TEN,18955.0,17713.0
2022-02-14,21,TEN,18237.0,17013.0
2022-02-14,22,TEN,18027.0,16813.0
2022-02-14,23,TEN,18469.0,17282.0
2022-02-15,0,TEN,19659.0,18549.0
2022-02-15,1,TEN,20986.0,19751.0
2022-02-15,2,TEN,21279.0,20097.0
2022-02-15,3,TEN,21349.0,20087.0
2022-02-15,4,TEN,21082.0,19861.0
2022-02-15,5,TEN,20555.0,19310.0
2022-02-15,6,TEN,20308.0,19043.0
2022-02-15,7,TEN,20271.0,19006.0
2022-02-15,8,TEN,20496.0,19244.0
2022-02-15,9,TEN,20669.0,19457.0
2022-02-15,10,TEN,21119.0,19867.0
2022-02-15,11,TEN,22028.0,20838.0
2022-02-15,12,TEN,23528.0,22272.0
2022-02-15,13,TEN,24830.0,23545.0
2022-02-15,14,TEN,24460.0,23131.0
2022-02-15,15,TEN,22609.0,21301.0
2022-02-15,16,TEN,20864.0,19580.0
2022-02-15,17,TEN,19695.0,18930.0
2022-02-15,18,TEN,18684.0,18154.0
2022-02-15,19,TEN,18047.0,17746.0
2022-02-15,20,TEN,17474.0,17213.0
2022-02-15,21,TEN,17040.0,16775.0
2022-02-15,22,TEN,16938.0,16744.0
2022-02-15,23,TEN,17193.0,16986.0
2022-02-16,0,TEN,18078.0,17873.0
2022-02-16,1,TEN,18969.0,18751.0
2022-02-16,2,TEN,19040.0,18815.0
2022-02-16,3,TEN,18710.0,18527.0
2022-02-16,4,TEN,18177.0,17919.0
2022-02-16,5,TEN,17380.0,17072.0
2022-02-16,6,TEN,16719.0,16491.0
2022-02-16,7,TEN,16439.0,16155.0
2022-02-16,8,TEN,16384.0,16143.0
2022-02-16,9,TEN,16194.0,15943.0
2022-02-16,10,TEN,16724.0,16444.0
2022-02-16,11,TEN,17275.0,17024.0
2022-02-16,12,TEN,18561.0,18330.0
2022-02-16,13,TEN,19817.0,19510.0
2022-02-16,14,TEN,19658.0,19413.0
2022-02-16,15,TEN,18939.0,18613.0
2022-02-16,16,TEN,18102.0,17834.0
2022-02-16,17,TEN,17742.0,17480.0
2022-02-16,18,TEN,17319.0,17093.0
2022-02-16,19,TEN,17036.0,16810.0
2022-02-16,20,TEN,16708.0,16385.0
2022-02-16,21,TEN,16549.0,16256.0
2022-02-16,22,TEN,16445.0,16199.0
2022-02-16,23,TEN,16727.0,16473.0
2022-02-17,0,TEN,17619.0,17333.0
2022-02-17,1,TEN,18092.0,17806.0
2022-02-17,2,TEN,17926.0,17680.0
2022-02-17,3,TEN,17513.0,17225.0
2022-02-17,4,TEN,16652.0,16405.0
2022-02-17,5,TEN,15772.0,15435.0
2022-02-17,6,TEN,14940.0,14652.0
2022-02-17,7,TEN,14390.0,14102.0
2022-02-17,8,TEN,14121.0,13820.0
2022-02-17,9,TEN,13874.0,13609.0
2022-02-17,10,TEN,13963.0,13715.0
2022-02-17,11,TEN,14284.0,14072.0
2022-02-17,12,TEN,15322.0,15126.0
2022-02-17,13,TEN,16528.0,16308.0
2022-02-17,14,TEN,16872.0,16679.0
2022-02-17,15,TEN,16694.0,16524.0
2022-02-17,16,TEN,16831.0,16661.0
2022-02-17,17,TEN,17074.0,16950.0
2022-02-17,18,TEN,16970.0,16835.0
2022-02-17,19,TEN,17008.0,16871.0
2022-02-17,20,TEN,16834.0,16659.0
2022-02-17,21,TEN,16859.0,16700.0
2022-02-17,22,TEN,16928.0,16819.0
2022-02-17,23,TEN,17366.0,17233.0
2022-02-18,0,TEN,17902.0,17786.0
2022-02-18,1,TEN,18095.0,17932.0
2022-02-18,2,TEN,17919.0,17743.0
2022-02-18,3,TEN,17525.0,17312.0
2022-02-18,4,TEN,17193.0,16917.0
2022-02-18,5,TEN,16733.0,16544.0
2022-02-18,6,TEN,16357.0,16246.0
2022-02-18,7,TEN,16254.0,16072.0
2022-02-18,8,TEN,16474.0,16256.0
2022-02-18,9,TEN,16766.0,16561.0
2022-02-18,10,TEN,17372.0,16858.0
2022-02-18,11,TEN,18459.0,17436.0
2022-02-18,12,TEN,20131.0,18807.0
2022-02-18,13,TEN,21982.0,20571.0
2022-02-18,14,TEN,22827.0,21583.0
2022-02-18,15,TEN,23003.0,21858.0
2022-02-18,16,TEN,22909.0,21771.0
2022-02-18,17,TEN,22274.0,21138.0
2022-02-18,18,TEN,21759.0,20682.0
2022-02-18,19,TEN,21137.0,19976.0
2022-02-18,20,TEN,20620.0,19483.0
2022-02-18,21,TEN,19941.0,18820.0
2022-02-18,22,TEN,19709.0,18578.0
2022-02-18,23,TEN,19964.0,18807.0
2022-02-19,0,TEN,21118.0,19869.0
2022-02-19,1,TEN,22167.0,21012.0
2022-02-19,2,TEN,22342.0,21107.0
2022-02-19,3,TEN,22489.0,21390.0
2022-02-19,4,TEN,22405.0,21283.0
2022-02-19,5,TEN,22091.0,20723.0
2022-02-19,6,TEN,21790.0,20638.0
2022-02-19,7,TEN,21834.0,20424.0
2022-02-19,8,TEN,21887.0,20485.0
2022-02-19,9,TEN,22115.0,20973.0
2022-02-19,10,TEN,22418.0,21186.0
2022-02-19,11,TEN,22906.0,21635.0
2022-02-19,12,TEN,23553.0,22359.0
2022-02-19,13,TEN,24014.0,22849.0
2022-02-19,14,TEN,23928.0,22726.0
2022-02-19,15,TEN,22710.0,21592.0
2022-02-19,16,TEN,21405.0,20160.0
2022-02-19,17,TEN,20273.0,19131.0
2022-02-19,18,TEN,19186.0,18513.0
2022-02-19,19,TEN,18364.0,17571.0
2022-02-19,20,TEN,17575.0,16907.0
2022-02-19,21,TEN,16998.0,16311.0
2022-02-19,22,TEN,16932.0,16244.0
2022-02-19,23,TEN,17179.0,16500.0
2022-02-20,0,TEN,18248.0,17514.0
2022-02-20,1,TEN,19564.0,18917.0
2022-02-20,2,TEN,19852.0,19229.0
2022-02-20,3,TEN,20129.0,19476.0
2022-02-20,4,TEN,20150.0,19465.0
2022-02-20,5,TEN,19940.0,19282.0
2022-02-20,6,TEN,19879.0,19216.0
2022-02-20,7,TEN,19975.0,19539.0
2022-02-20,8,TEN,20194.0,19800.0
2022-02-20,9,TEN,20533.0,20107.0
2022-02-20,10,TEN,20919.0,20483.0
2022-02-20,11,TEN,21403.0,20922.0
2022-02-20,12,TEN,22086.0,21192.0
2022-02-20,13,TEN,22694.0,21722.0
2022-02-20,14,TEN,22559.0,21649.0
2022-02-20,15,TEN,21209.0,20554.0
2022-02-20,16,TEN,19566.0,19505.0
2022-02-20,17,TEN,18202.0,18169.0
2022-02-20,18,TEN,17423.0,17241.0
2022-02-20,19,TEN,16551.0,16436.0
2022-02-20,20,TEN,15906.0,15803.0
2022-02-20,21,TEN,15581.0,15446.0
2022-02-20,22,TEN,15603.0,15438.0
2022-02-20,23,TEN,15926.0,15778.0
2022-02-21,0,TEN,16740.0,16612.0
2022-02-21,1,TEN,17761.0,17622.0
2022-02-21,2,TEN,17975.0,17776.0
2022-02-21,3,TEN,17841.0,17681.0
2022-02-21,4,TEN,17465.0,17229.0
2022-02-21,5,TEN,16828.0,16549.0
2022-02-21,6,TEN,16364.0,16218.0
2022-02-21,7,TEN,16063.0,16171.0
2022-02-21,8,TEN,16028.0,16117.0
2022-02-21,9,TEN,16085.0,16200.0
2022-02-21,10,TEN,16356.0,16472.0
2022-02-21,11,TEN,16959.0,17067.0
2022-02-21,12,TEN,18099.0,18175.0
2022-02-21,13,TEN,19091.0,19187.0
2022-02-21,14,TEN,19360.0,19376.0
2022-02-21,15,TEN,19031.0,19158.0
2022-02-21,16,TEN,18611.0,18637.0
2022-02-21,17,TEN,18330.0,18092.0
2022-02-21,18,TEN,17962.0,17768.0
2022-02-21,19,TEN,17690.0,17549.0
2022-02-21,20,TEN,17622.0,17409.0
2022-02-21,21,TEN,17680.0,17469.0
2022-02-21,22,TEN,17855.0,17594.0
2022-02-21,23,TEN,18213.0,18030.0
2022-02-22,0,TEN,18902.0,18662.0
2022-02-22,1,TEN,19180.0,18940.0
2022-02-22,2,TEN,18853.0,18603.0
2022-02-22,3,TEN,18332.0,18136.0
2022-02-22,4,TEN,17441.0,17278.0
2022-02-22,5,TEN,16381.0,16188.0
2022-02-22,6,TEN,15376.0,15270.0
2022-02-22,7,TEN,14933.0,14696.0
2022-02-22,8,TEN,14553.0,14419.0
2022-02-22,9,TEN,14441.0,14363.0
2022-02-22,10,TEN,14410.0,14311.0
2022-02-22,11,TEN,14760.0,14638.0
2022-02-22,12,TEN,15858.0,15715.0
2022-02-22,13,TEN,17085.0,16870.0
2022-02-22,14,TEN,17370.0,17170.0
2022-02-22,15,TEN,17356.0,17161.0
2022-02-22,16,TEN,17271.0,17042.0
2022-02-22,17,TEN,17357.0,17140.0
2022-02-22,18,TEN,17441.0,17188.0
2022-02-22,19,TEN,17107.0,16925.0
2022-02-22,20,TEN,17010.0,16768.0
2022-02-22,21,TEN,17129.0,16868.0
2022-02-22,22,TEN,17281.0,17070.0
2022-02-22,23,TEN,17542.0,17376.0
2022-02-23,0,TEN,18122.0,17951.0
2022-02-23,1,TEN,18376.0,18126.0
2022-02-23,2,TEN,17977.0,17788.0
2022-02-23,3,TEN,17457.0,17268.0
2022-02-23,4,TEN,16726.0,16541.0
2022-02-23,5,TEN,15692.0,15543.0
2022-02-23,6,TEN,15082.0,14875.0
2022-02-23,7,TEN,14653.0,14478.0
2022-02-23,8,TEN,14475.0,14318.0
2022-02-23,9,TEN,14440.0,14295.0
2022-02-23,10,TEN,14547.0,14402.0
2022-02-23,11,TEN,15129.0,14941.0
2022-02-23,12,TEN,16426.0,16243.0
2022-02-23,13,TEN,17842.0,17429.0
2022-02-23,14,TEN,18581.0,18139.0
2022-02-23,15,TEN,18782.0,18185.0
2022-02-23,16,TEN,18903.0,18282.0
2022-02-23,17,TEN,19035.0,18383.0
2022-02-23,18,TEN,19026.0,18413.0
2022-02-23,19,TEN,19165.0,18570.0
2022-02-23,20,TEN,19079.0,18533.0
2022-02-23,21,TEN,19064.0,18514.0
2022-02-23,22,TEN,19347.0,18798.0
2022-02-23,23,TEN,19978.0,19429.0
2022-02-24,0,TEN,20774.0,20139.0
2022-02-24,1,TEN,21244.0,20678.0
2022-02-24,2,TEN,21221.0,20601.0
2022-02-24,3,TEN,20816.0,20270.0
2022-02-24,4,TEN,19996.0,19520.0
2022-02-24,5,TEN,18989.0,18878.0
2022-02-24,6,TEN,18228.0,18097.0
2022-02-24,7,TEN,17802.0,17664.0
2022-02-24,8,TEN,17542.0,17424.0
2022-02-24,9,TEN,17493.0,17371.0
2022-02-24,10,TEN,17490.0,17365.0
2022-02-24,11,TEN,17909.0,17741.0
2022-02-24,12,TEN,19051.0,18874.0
2022-02-24,13,TEN,20427.0,19996.0
2022-02-24,14,TEN,20823.0,20355.0
2022-02-24,15,TEN,20830.0,20394.0
2022-02-24,16,TEN,20626.0,20202.0
2022-02-24,17,TEN,20581.0,20158.0
2022-02-24,18,TEN,20366.0,19940.0
2022-02-24,19,TEN,20119.0,19903.0
2022-02-24,20,TEN,19791.0,19588.0
2022-02-24,21,TEN,19410.0,19253.0
2022-02-24,22,TEN,19208.0,19046.0
2022-02-24,23,TEN,19291.0,19210.0
2022-02-25,0,TEN,19682.0,19594.0
2022-02-25,1,TEN,19914.0,19776.0
2022-02-25,2,TEN,19599.0,19466.0
2022-02-25,3,TEN,19034.0,18890.0
2022-02-25,4,TEN,18341.0,18439.0
2022-02-25,5,TEN,17454.0,17503.0
2022-02-25,6,TEN,16739.0,16728.0
2022-02-25,7,TEN,16368.0,16394.0
2022-02-25,8,TEN,16236.0,16255.0
2022-02-25,9,TEN,16385.0,16396.0
2022-02-25,10,TEN,16693.0,16714.0
2022-02-25,11,TEN,17146.0,17185.0
2022-02-25,12,TEN,18519.0,18033.0
2022-02-25,13,TEN,20067.0,19150.0
2022-02-25,14,TEN,20697.0,19601.0
2022-02-25,15,TEN,21041.0,19857.0
2022-02-25,16,TEN,21283.0,20174.0
2022-02-25,17,TEN,21303.0,20223.0
2022-02-25,18,TEN,21251.0,19980.0
2022-02-25,19,TEN,21108.0,19922.0
2022-02-25,20,TEN,20882.0,19811.0
2022-02-25,21,TEN,20650.0,19595.0
2022-02-25,22,TEN,20776.0,19684.0
2022-02-25,23,TEN,21180.0,19953.0
2022-02-26,0,TEN,21895.0,20588.0
2022-02-26,1,TEN,22652.0,21473.0
2022-02-26,2,TEN,22526.0,21304.0
2022-02-26,3,TEN,22332.0,21105.0
2022-02-26,4,TEN,21879.0,20613.0
2022-02-26,5,TEN,21225.0,20089.0
2022-02-26,6,TEN,20530.0,19368.0
2022-02-26,7,TEN,20184.0,18985.0
2022-02-26,8,TEN,19928.0,18801.0
2022-02-26,9,TEN,19983.0,18776.0
2022-02-26,10,TEN,20223.0,18971.0
2022-02-26,11,TEN,20470.0,19251.0
2022-02-26,12,TEN,21006.0,19765.0
2022-02-26,13,TEN,21603.0,20439.0
2022-02-26,14,TEN,22122.0,20706.0
2022-02-26,15,TEN,22510.0,21028.0
2022-02-26,16,TEN,22410.0,21170.0
2022-02-26,17,TEN,21898.0,20696.0
2022-02-26,18,TEN,21418.0,20187.0
2022-02-26,19,TEN,20937.0,20015.0
2022-02-26,20,TEN,20544.0,19659.0
2022-02-26,21,TEN,20356.0,19507.0
2022-02-26,22,TEN,20362.0,19522.0
2022-02-26,23,TEN,20632.0,19797.0
2022-02-27,0,TEN,21054.0,20195.0
2022-02-27,1,TEN,21291.0,20567.0
2022-02-27,2,TEN,21194.0,20409.0
2022-02-27,3,TEN,20796.0,19988.0
2022-02-27,4,TEN,20267.0,19448.0
2022-02-27,5,TEN,19578.0,18802.0
2022-02-27,6,TEN,18926.0,18140.0
2022-02-27,7,TEN,18472.0,17598.0
2022-02-27,8,TEN,18216.0,17401.0
2022-02-27,9,TEN,18002.0,17154.0
2022-02-27,10,TEN,17870.0,17032.0
2022-02-27,11,TEN,18104.0,17243.0
2022-02-27,12,TEN,18486.0,17657.0
2022-02-27,13,TEN,19065.0,18269.0
2022-02-27,14,TEN,19723.0,18937.0
2022-02-27,15,TEN,20215.0,19360.0
2022-02-27,16,TEN,19913.0,19101.0
2022-02-27,17,TEN,19401.0,18475.0
2022-02-27,18,TEN,18996.0,17954.0
2022-02-27,19,TEN,18627.0,17639.0
2022-02-27,20,TEN,18150.0,17108.0
2022-02-27,21,TEN,17832.0,16767.0
2022-02-27,22,TEN,17638.0,16782.0
2022-02-27,23,TEN,17893.0,17101.0
2022-02-28,0,TEN,18655.0,17903.0
2022-02-28,1,TEN,19859.0,19119.0
2022-02-28,2,TEN,20139.0,19302.0
2022-02-28,3,TEN,20024.0,19226.0
2022-02-28,4,TEN,19923.0,19131.0
2022-02-28,5,TEN,19422.0,18577.0
2022-02-28,6,TEN,19204.0,18310.0
2022-02-28,7,TEN,19222.0,18203.0
2022-02-28,8,TEN,19407.0,18196.0
2022-02-28,9,TEN,19777.0,18585.0
2022-02-28,10,TEN,20366.0,19154.0
2022-02-28,11,TEN,21382.0,20123.0
2022-02-28,12,TEN,23218.0,21789.0
2022-02-28,13,TEN,24600.0,23051.0
2022-02-28,14,TEN,23895.0,22602.0
2022-02-28,15,TEN,21975.0,20708.0
2022-02-28,16,TEN,20319.0,19137.0
2022-02-28,17,TEN,19308.0,18117.0
2022-02-28,18,TEN,18464.0,17336.0
2022-02-28,19,TEN,17875.0,16679.0
2022-02-28,20,TEN,17371.0,16158.0
2022-02-28,21,TEN,16996.0,15925.0
2022-02-28,22,TEN,16881.0,15921.0
2022-02-28,23,TEN,17025.0,16279.0
2022-03-01,0,TEN,17878.0,17059.0
2022-03-01,1,TEN,19154.0,18030.0
2022-03-01,2,TEN,19388.0,18571.0
2022-03-01,3,TEN,19391.0,18571.0
2022-03-01,4,TEN,19154.0,18321.0
2022-03-01,5,TEN,18619.0,17708.0
2022-03-01,6,TEN,18287.0,17386.0
2022-03-01,7,TEN,18187.0,17335.0
2022-03-01,8,TEN,18176.0,17323.0
2022-03-01,9,TEN,18424.0,17474.0
2022-03-01,10,TEN,19051.0,17867.0
2022-03-01,11,TEN,20010.0,18829.0
2022-03-01,12,TEN,21627.0,20394.0
2022-03-01,13,TEN,22974.0,21672.0
2022-03-01,14,TEN,22436.0,21347.0
2022-03-01,15,TEN,20617.0,19487.0
2022-03-01,16,TEN,19317.0,18169.0
2022-03-01,17,TEN,18308.0,17211.0
2022-03-01,18,TEN,17526.0,16464.0
2022-03-01,19,TEN,17024.0,15964.0
2022-03-01,20,TEN,16834.0,16084.0
2022-03-01,21,TEN,16563.0,15972.0
2022-03-01,22,TEN,16313.0,15760.0
2022-03-01,23,TEN,16523.0,16026.0
2022-03-02,0,TEN,17137.0,16335.0
2022-03-02,1,TEN,18125.0,17268.0
2022-03-02,2,TEN,18143.0,17340.0
2022-03-02,3,TEN,17945.0,17137.0
2022-03-02,4,TEN,17375.0,16518.0
2022-03-02,5,TEN,16774.0,15806.0
2022-03-02,6,TEN,16219.0,15298.0
2022-03-02,7,TEN,15908.0,14976.0
2022-03-02,8,TEN,16039.0,14991.0
2022-03-02,9,TEN,16233.0,15004.0
2022-03-02,10,TEN,16522.0,15309.0
2022-03-02,11,TEN,17254.0,16070.0
2022-03-02,12,TEN,18774.0,17584.0
2022-03-02,13,TEN,20032.0,18686.0
2022-03-02,14,TEN,19666.0,18441.0
2022-03-02,15,TEN,18489.0,17328.0
2022-03-02,16,TEN,17597.0,16491.0
2022-03-02,17,TEN,17211.0,16068.0
2022-03-02,18,TEN,16843.0,15675.0
2022-03-02,19,TEN,16583.0,15457.0
2022-03-02,20,TEN,16419.0,15298.0
2022-03-02,21,TEN,16396.0,15304.0
2022-03-02,22,TEN,16447.0,15357.0
2022-03-02,23,TEN,16533.0,15660.0
2022-03-03,0,TEN,16811.0,15886.0
2022-03-03,1,TEN,17396.0,16486.0
2022-03-03,2,TEN,17155.0,16221.0
2022-03-03,3,TEN,16693.0,15795.0
2022-03-03,4,TEN,16014.0,15163.0
2022-03-03,5,TEN,15161.0,14592.0
2022-03-03,6,TEN,14568.0,13992.0
2022-03-03,7,TEN,14222.0,13739.0
2022-03-03,8,TEN,14146.0,13672.0
2022-03-03,9,TEN,14242.0,13764.0
2022-03-03,10,TEN,14604.0,14072.0
2022-03-03,11,TEN,15269.0,14370.0
2022-03-03,12,TEN,16733.0,15786.0
2022-03-03,13,TEN,18149.0,17209.0
2022-03-03,14,TEN,18010.0,16990.0
2022-03-03,15,TEN,17267.0,16284.0
2022-03-03,16,TEN,16784.0,15738.0
2022-03-03,17,TEN,16542.0,15565.0
2022-03-03,18,TEN,16533.0,15385.0
2022-03-03,19,TEN,16458.0,15324.0
2022-03-03,20,TEN,16512.0,15399.0
2022-03-03,21,TEN,16470.0,15360.0
2022-03-03,22,TEN,16553.0,15377.0
2022-03-03,23,TEN,16619.0,15637.0
2022-03-04,0,TEN,16876.0,16049.0
2022-03-04,1,TEN,17463.0,16675.0
2022-03-04,2,TEN,17265.0,16465.0
2022-03-04,3,TEN,16921.0,16107.0
2022-03-04,4,TEN,16102.0,15666.0
2022-03-04,5,TEN,15138.0,14766.0
2022-03-04,6,TEN,14419.0,13969.0
2022-03-04,7,TEN,14000.0,13553.0
2022-03-04,8,TEN,13899.0,13439.0
2022-03-04,9,TEN,14060.0,13613.0
2022-03-04,10,TEN,14348.0,13764.0
2022-03-04,11,TEN,14992.0,14119.0
2022-03-04,12,TEN,16543.0,15666.0
2022-03-04,13,TEN,17950.0,17069.0
2022-03-04,14,TEN,18002.0,16943.0
2022-03-04,15,TEN,17394.0,16352.0
2022-03-04,16,TEN,16891.0,15847.0
2022-03-04,17,TEN,16718.0,15705.0
2022-03-04,18,TEN,16458.0,15449.0
2022-03-04,19,TEN,16472.0,15470.0
2022-03-04,20,TEN,16564.0,15567.0
2022-03-04,21,TEN,16560.0,15586.0
2022-03-04,22,TEN,16508.0,15630.0
2022-03-04,23,TEN,16583.0,15678.0
2022-03-05,0,TEN,16634.0,15724.0
2022-03-05,1,TEN,16933.0,16085.0
2022-03-05,2,TEN,16529.0,15593.0
2022-03-05,3,TEN,16147.0,15619.0
2022-03-05,4,TEN,15436.0,15253.0
2022-03-05,5,TEN,14608.0,14694.0
2022-03-05,6,TEN,13778.0,13777.0
2022-03-05,7,TEN,13329.0,13344.0
2022-03-05,8,TEN,13135.0,13148.0
2022-03-05,9,TEN,12888.0,12965.0
2022-03-05,10,TEN,12946.0,12965.0
2022-03-05,11,TEN,13169.0,13206.0
2022-03-05,12,TEN,13609.0,13503.0
2022-03-05,13,TEN,14149.0,14135.0
2022-03-05,14,TEN,14772.0,14820.0
2022-03-05,15,TEN,15228.0,15210.0
2022-03-05,16,TEN,15273.0,15184.0
2022-03-05,17,TEN,15336.0,15326.0
2022-03-05,18,TEN,15242.0,15278.0
2022-03-05,19,TEN,15295.0,15305.0
2022-03-05,20,TEN,15253.0,15220.0
2022-03-05,21,TEN,15300.0,15287.0
2022-03-05,22,TEN,15297.0,15275.0
2022-03-05,23,TEN,15434.0,15427.0
2022-03-06,0,TEN,15641.0,15576.0
2022-03-06,1,TEN,16129.0,16040.0
2022-03-06,2,TEN,15804.0,15752.0
2022-03-06,3,TEN,15403.0,15304.0
2022-03-06,4,TEN,14891.0,14773.0
2022-03-06,5,TEN,14210.0,14076.0
2022-03-06,6,TEN,13472.0,13285.0
2022-03-06,7,TEN,12925.0,12847.0
2022-03-06,8,TEN,12581.0,12574.0
2022-03-06,9,TEN,12393.0,12384.0
2022-03-06,10,TEN,12284.0,12322.0
2022-03-06,11,TEN,12416.0,12377.0
2022-03-06,12,TEN,12653.0,12649.0
2022-03-06,13,TEN,12958.0,12968.0
2022-03-06,14,TEN,13747.0,13658.0
2022-03-06,15,TEN,14454.0,14406.0
2022-03-06,16,TEN,14896.0,14630.0
2022-03-06,17,TEN,15194.0,14794.0
2022-03-06,18,TEN,15532.0,14818.0
2022-03-06,19,TEN,15752.0,15062.0
2022-03-06,20,TEN,15936.0,15283.0
2022-03-06,21,TEN,15984.0,15332.0
2022-03-06,22,TEN,16220.0,15569.0
2022-03-06,23,TEN,16403.0,15829.0
2022-03-07,0,TEN,16539.0,15868.0
2022-03-07,1,TEN,17108.0,16562.0
2022-03-07,2,TEN,16988.0,16374.0
2022-03-07,3,TEN,16415.0,15874.0
2022-03-07,4,TEN,15619.0,15087.0
2022-03-07,5,TEN,14649.0,14451.0
2022-03-07,6,TEN,13836.0,13714.0
2022-03-07,7,TEN,13260.0,13319.0
2022-03-07,8,TEN,12943.0,13056.0
2022-03-07,9,TEN,12842.0,12958.0
2022-03-07,10,TEN,12782.0,12874.0
2022-03-07,11,TEN,13171.0,13230.0
2022-03-07,12,TEN,14139.0,14068.0
2022-03-07,13,TEN,15284.0,14937.0
2022-03-07,14,TEN,15777.0,15210.0
2022-03-07,15,TEN,16061.0,15242.0
2022-03-07,16,TEN,16377.0,15521.0
2022-03-07,17,TEN,16706.0,15813.0
2022-03-07,18,TEN,16686.0,15865.0
2022-03-07,19,TEN,16795.0,15962.0
2022-03-07,20,TEN,16681.0,15906.0
2022-03-07,21,TEN,16530.0,15805.0
2022-03-07,22,TEN,16574.0,15989.0
2022-03-07,23,TEN,17136.0,16426.0
2022-03-08,0,TEN,17677.0,17053.0
2022-03-08,1,TEN,18339.0,17719.0
2022-03-08,2,TEN,18223.0,17582.0
2022-03-08,3,TEN,17879.0,17074.0
2022-03-08,4,TEN,17168.0,16552.0
2022-03-08,5,TEN,16336.0,15914.0
2022-03-08,6,TEN,15832.0,15455.0
2022-03-08,7,TEN,15516.0,15078.0
2022-03-08,8,TEN,15399.0,14967.0
2022-03-08,9,TEN,15512.0,15092.0
2022-03-08,10,TEN,15798.0,15145.0
2022-03-08,11,TEN,16342.0,15307.0
2022-03-08,12,TEN,17716.0,16636.0
2022-03-08,13,TEN,19317.0,18176.0
2022-03-08,14,TEN,19671.0,18494.0
2022-03-08,15,TEN,19538.0,18423.0
2022-03-08,16,TEN,19095.0,17964.0
2022-03-08,17,TEN,18609.0,17491.0
2022-03-08,18,TEN,17874.0,16842.0
2022-03-08,19,TEN,17501.0,16429.0
2022-03-08,20,TEN,17388.0,16584.0
2022-03-08,21,TEN,17358.0,16680.0
2022-03-08,22,TEN,17692.0,17071.0
2022-03-08,23,TEN,18226.0,17701.0
2022-03-09,0,TEN,18985.0,18394.0
2022-03-09,1,TEN,19480.0,18938.0
2022-03-09,2,TEN,19364.0,18796.0
2022-03-09,3,TEN,18985.0,18221.0
2022-03-09,4,TEN,18191.0,17250.0
2022-03-09,5,TEN,17251.0,16341.0
2022-03-09,6,TEN,16530.0,16124.0
2022-03-09,7,TEN,16185.0,15744.0
2022-03-09,8,TEN,16035.0,15583.0
2022-03-09,9,TEN,15943.0,15500.0
2022-03-09,10,TEN,16032.0,15590.0
2022-03-09,11,TEN,16699.0,16193.0
2022-03-09,12,TEN,17665.0,17043.0
2022-03-09,13,TEN,18851.0,17944.0
2022-03-09,14,TEN,19131.0,18101.0
2022-03-09,15,TEN,18996.0,17938.0
2022-03-09,16,TEN,18703.0,17678.0
2022-03-09,17,TEN,18415.0,17388.0
2022-03-09,18,TEN,17951.0,16910.0
2022-03-09,19,TEN,17455.0,16426.0
2022-03-09,20,TEN,17069.0,16050.0
2022-03-09,21,TEN,16721.0,15692.0
2022-03-09,22,TEN,16653.0,15645.0
2022-03-09,23,TEN,16930.0,16145.0
2022-03-10,0,TEN,17499.0,16723.0
2022-03-10,1,TEN,18583.0,17797.0
2022-03-10,2,TEN,18836.0,17990.0
2022-03-10,3,TEN,18759.0,17956.0
2022-03-10,4,TEN,18279.0,17443.0
2022-03-10,5,TEN,17453.0,17015.0
2022-03-10,6,TEN,16923.0,16494.0
2022-03-10,7,TEN,16657.0,16238.0
2022-03-10,8,TEN,16606.0,16179.0
2022-03-10,9,TEN,16577.0,16004.0
2022-03-10,10,TEN,16703.0,16207.0
2022-03-10,11,TEN,17335.0,16800.0
2022-03-10,12,TEN,18646.0,18079.0
2022-03-10,13,TEN,19712.0,18971.0
2022-03-10,14,TEN,19588.0,18821.0
2022-03-10,15,TEN,18716.0,18090.0
2022-03-10,16,TEN,17942.0,17343.0
2022-03-10,17,TEN,17493.0,16924.0
2022-03-10,18,TEN,16960.0,16499.0
2022-03-10,19,TEN,16587.0,16140.0
2022-03-10,20,TEN,16285.0,15955.0
2022-03-10,21,TEN,15995.0,15486.0
2022-03-10,22,TEN,15926.0,15413.0
2022-03-10,23,TEN,16011.0,15542.0
2022-03-11,0,TEN,16547.0,16104.0
2022-03-11,1,TEN,17461.0,16948.0
2022-03-11,2,TEN,17680.0,17202.0
2022-03-11,3,TEN,17579.0,17126.0
2022-03-11,4,TEN,17149.0,16731.0
2022-03-11,5,TEN,16531.0,16138.0
2022-03-11,6,TEN,16010.0,15615.0
2022-03-11,7,TEN,15899.0,15508.0
2022-03-11,8,TEN,15951.0,15508.0
2022-03-11,9,TEN,16168.0,15737.0
2022-03-11,10,TEN,16496.0,16045.0
2022-03-11,11,TEN,17283.0,16880.0
2022-03-11,12,TEN,18567.0,18161.0
2022-03-11,13,TEN,19762.0,19258.0
2022-03-11,14,TEN,19469.0,18972.0
2022-03-11,15,TEN,18542.0,18000.0
2022-03-11,16,TEN,17799.0,17260.0
2022-03-11,17,TEN,17373.0,16775.0
2022-03-11,18,TEN,16883.0,16280.0
2022-03-11,19,TEN,16717.0,16025.0
2022-03-11,20,TEN,16409.0,15825.0
2022-03-11,21,TEN,16309.0,15674.0
2022-03-11,22,TEN,16469.0,15854.0
2022-03-11,23,TEN,16802.0,16441.0
2022-03-12,0,TEN,17366.0,17102.0
2022-03-12,1,TEN,18138.0,17781.0
2022-03-12,2,TEN,18435.0,18127.0
2022-03-12,3,TEN,18483.0,18175.0
2022-03-12,4,TEN,18501.0,18193.0
2022-03-12,5,TEN,18394.0,18114.0
2022-03-12,6,TEN,18387.0,17736.0
2022-03-12,7,TEN,18492.0,17543.0
2022-03-12,8,TEN,18993.0,17904.0
2022-03-12,9,TEN,19530.0,18483.0
2022-03-12,10,TEN,20046.0,18950.0
2022-03-12,11,TEN,20733.0,19676.0
2022-03-12,12,TEN,21626.0,20636.0
2022-03-12,13,TEN,22519.0,21471.0
2022-03-12,14,TEN,23295.0,22308.0
2022-03-12,15,TEN,23756.0,22536.0
2022-03-12,16,TEN,23943.0,22691.0
2022-03-12,17,TEN,23635.0,22538.0
2022-03-12,18,TEN,23152.0,22042.0
2022-03-12,19,TEN,22544.0,21413.0
2022-03-12,20,TEN,21996.0,20804.0
2022-03-12,21,TEN,21422.0,20306.0
2022-03-12,22,TEN,20976.0,19925.0
2022-03-12,23,TEN,21224.0,20152.0
2022-03-13,0,TEN,22138.0,20568.0
2022-03-13,1,TEN,23578.0,21349.0
2022-03-13,2,TEN,23818.0,21495.0
2022-03-13,3,TEN,23837.0,21624.0
2022-03-13,4,TEN,23510.0,21698.0
2022-03-13,5,TEN,23188.0,21825.0
2022-03-13,6,TEN,23009.0,21965.0
2022-03-13,7,TEN,23012.0,21638.0
2022-03-13,8,TEN,23102.0,21536.0
2022-03-13,9,TEN,23329.0,21386.0
2022-03-13,10,TEN,23727.0,21627.0
2022-03-13,11,TEN,24151.0,22132.0
2022-03-13,12,TEN,24695.0,22399.0
2022-03-13,13,TEN,24990.0,22699.0
2022-03-13,14,TEN,24336.0,22528.0
2022-03-13,15,TEN,23041.0,21839.0
2022-03-13,16,TEN,21691.0,20534.0
2022-03-13,17,TEN,20606.0,19398.0
2022-03-13,18,TEN,19577.0,18416.0
2022-03-13,19,TEN,18564.0,17434.0
2022-03-13,20,TEN,17646.0,16491.0
2022-03-13,21,TEN,16929.0,15776.0
2022-03-13,22,TEN,16678.0,15609.0
2022-03-13,23,TEN,16702.0,15736.0
2022-03-14,0,TEN,17345.0,16471.0
2022-03-14,1,TEN,18621.0,17667.0
2022-03-14,2,TEN,18845.0,17814.0
2022-03-14,3,TEN,18542.0,17548.0
2022-03-14,4,TEN,18036.0,17221.0
2022-03-14,5,TEN,17559.0,17158.0
2022-03-14,6,TEN,17420.0,17126.0
2022-03-14,7,TEN,17444.0,17122.0
2022-03-14,8,TEN,17629.0,17336.0
2022-03-14,9,TEN,18132.0,17634.0
2022-03-14,10,TEN,18931.0,18314.0
2022-03-14,11,TEN,20267.0,19689.0
2022-03-14,12,TEN,21717.0,21119.0
2022-03-14,13,TEN,22158.0,21600.0
2022-03-14,14,TEN,21272.0,20644.0
2022-03-14,15,TEN,19931.0,19363.0
2022-03-14,16,TEN,18958.0,18376.0
2022-03-14,17,TEN,18123.0,17832.0
2022-03-14,18,TEN,17543.0,17480.0
2022-03-14,19,TEN,16935.0,16940.0
2022-03-14,20,TEN,16575.0,16503.0
2022-03-14,21,TEN,16239.0,16214.0
2022-03-14,22,TEN,16216.0,16163.0
2022-03-14,23,TEN,16350.0,16503.0
2022-03-15,0,TEN,16782.0,16923.0
2022-03-15,1,TEN,17558.0,17705.0
2022-03-15,2,TEN,17386.0,17556.0
2022-03-15,3,TEN,16781.0,16975.0
2022-03-15,4,TEN,15935.0,16087.0
2022-03-15,5,TEN,15282.0,15443.0
2022-03-15,6,TEN,14923.0,15113.0
2022-03-15,7,TEN,14701.0,14911.0
2022-03-15,8,TEN,14731.0,14864.0
2022-03-15,9,TEN,14927.0,15152.0
2022-03-15,10,TEN,15351.0,15493.0
2022-03-15,11,TEN,16516.0,16721.0
2022-03-15,12,TEN,17815.0,17945.0
2022-03-15,13,TEN,18240.0,18417.0
2022-03-15,14,TEN,18119.0,18288.0
2022-03-15,15,TEN,17833.0,18002.0
2022-03-15,16,TEN,17688.0,17876.0
2022-03-15,17,TEN,17280.0,17480.0
2022-03-15,18,TEN,17009.0,17232.0
2022-03-15,19,TEN,16678.0,16839.0
2022-03-15,20,TEN,16420.0,16614.0
2022-03-15,21,TEN,16370.0,16562.0
2022-03-15,22,TEN,16348.0,16621.0
2022-03-15,23,TEN,16546.0,16727.0
2022-03-16,0,TEN,16886.0,17077.0
2022-03-16,1,TEN,17398.0,17667.0
2022-03-16,2,TEN,17163.0,17510.0
2022-03-16,3,TEN,16485.0,16833.0
2022-03-16,4,TEN,15538.0,15906.0
2022-03-16,5,TEN,14780.0,15086.0
2022-03-16,6,TEN,14267.0,14598.0
2022-03-16,7,TEN,13956.0,14273.0
2022-03-16,8,TEN,13852.0,14192.0
2022-03-16,9,TEN,13909.0,14253.0
2022-03-16,10,TEN,14367.0,14721.0
2022-03-16,11,TEN,15464.0,15665.0
2022-03-16,12,TEN,16555.0,16785.0
2022-03-16,13,TEN,17009.0,17187.0
2022-03-16,14,TEN,17089.0,17049.0
2022-03-16,15,TEN,17228.0,17176.0
2022-03-16,16,TEN,17078.0,17017.0
2022-03-16,17,TEN,16834.0,16704.0
2022-03-16,18,TEN,16592.0,16504.0
2022-03-16,19,TEN,16324.0,16211.0
2022-03-16,20,TEN,16065.0,15980.0
2022-03-16,21,TEN,16048.0,15896.0
2022-03-16,22,TEN,16024.0,15911.0
2022-03-16,23,TEN,16132.0,16377.0
2022-03-17,0,TEN,16308.0,16555.0
2022-03-17,1,TEN,16794.0,16862.0
2022-03-17,2,TEN,16722.0,16930.0
2022-03-17,3,TEN,16125.0,16431.0
2022-03-17,4,TEN,15227.0,15409.0
2022-03-17,5,TEN,14476.0,14571.0
2022-03-17,6,TEN,13990.0,14058.0
2022-03-17,7,TEN,13840.0,13920.0
2022-03-17,8,TEN,13855.0,13938.0
2022-03-17,9,TEN,14034.0,13980.0
2022-03-17,10,TEN,14415.0,14355.0
2022-03-17,11,TEN,15572.0,15245.0
2022-03-17,12,TEN,16790.0,16406.0
2022-03-17,13,TEN,17132.0,16696.0
2022-03-17,14,TEN,17137.0,16542.0
2022-03-17,15,TEN,16888.0,16365.0
2022-03-17,16,TEN,16694.0,16334.0
2022-03-17,17,TEN,16400.0,16025.0
2022-03-17,18,TEN,16230.0,15882.0
2022-03-17,19,TEN,16141.0,15721.0
2022-03-17,20,TEN,16133.0,15726.0
2022-03-17,21,TEN,16357.0,16000.0
2022-03-17,22,TEN,16394.0,15972.0
2022-03-17,23,TEN,16353.0,15792.0
2022-03-18,0,TEN,16421.0,15783.0
2022-03-18,1,TEN,16910.0,16498.0
2022-03-18,2,TEN,16717.0,16267.0
2022-03-18,3,TEN,16085.0,15911.0
2022-03-18,4,TEN,14983.0,15028.0
2022-03-18,5,TEN,14083.0,14100.0
2022-03-18,6,TEN,13668.0,13693.0
2022-03-18,7,TEN,13362.0,13386.0
2022-03-18,8,TEN,13355.0,13390.0
2022-03-18,9,TEN,13504.0,13563.0
2022-03-18,10,TEN,13796.0,13913.0
2022-03-18,11,TEN,14802.0,14934.0
2022-03-18,12,TEN,15983.0,15811.0
2022-03-18,13,TEN,16536.0,16539.0
2022-03-18,14,TEN,16765.0,16663.0
2022-03-18,15,TEN,17009.0,16874.0
2022-03-18,16,TEN,17016.0,16857.0
2022-03-18,17,TEN,17096.0,16741.0
2022-03-18,18,TEN,16843.0,16478.0
2022-03-18,19,TEN,16587.0,16244.0
2022-03-18,20,TEN,16282.0,15949.0
2022-03-18,21,TEN,16218.0,15920.0
2022-03-18,22,TEN,16224.0,15890.0
2022-03-18,23,TEN,16079.0,15939.0
2022-03-19,0,TEN,16131.0,16052.0
2022-03-19,1,TEN,16440.0,16293.0
2022-03-19,2,TEN,16224.0,16076.0
2022-03-19,3,TEN,15703.0,15587.0
2022-03-19,4,TEN,14939.0,15031.0
2022-03-19,5,TEN,14197.0,14323.0
2022-03-19,6,TEN,13739.0,13723.0
2022-03-19,7,TEN,13536.0,13524.0
2022-03-19,8,TEN,13331.0,13362.0
2022-03-19,9,TEN,13483.0,13444.0
2022-03-19,10,TEN,13628.0,13622.0
2022-03-19,11,TEN,14139.0,14150.0
2022-03-19,12,TEN,14851.0,14915.0
2022-03-19,13,TEN,15483.0,15560.0
2022-03-19,14,TEN,16309.0,16243.0
2022-03-19,15,TEN,16696.0,16663.0
2022-03-19,16,TEN,16848.0,16764.0
2022-03-19,17,TEN,16613.0,16603.0
2022-03-19,18,TEN,16298.0,16264.0
2022-03-19,19,TEN,15882.0,15853.0
2022-03-19,20,TEN,15931.0,15808.0
2022-03-19,21,TEN,15879.0,15774.0
2022-03-19,22,TEN,15852.0,15798.0
2022-03-19,23,TEN,15951.0,16020.0
2022-03-20,0,TEN,16016.0,16109.0
2022-03-20,1,TEN,16639.0,16707.0
2022-03-20,2,TEN,16807.0,16882.0
2022-03-20,3,TEN,16690.0,16735.0
2022-03-20,4,TEN,16217.0,16287.0
2022-03-20,5,TEN,15638.0,15713.0
2022-03-20,6,TEN,15519.0,15572.0
2022-03-20,7,TEN,15346.0,15403.0
2022-03-20,8,TEN,15559.0,15587.0
2022-03-20,9,TEN,15835.0,15829.0
2022-03-20,10,TEN,16170.0,16156.0
2022-03-20,11,TEN,16744.0,16624.0
2022-03-20,12,TEN,17745.0,17542.0
2022-03-20,13,TEN,18384.0,18195.0
2022-03-20,14,TEN,18078.0,17761.0
2022-03-20,15,TEN,17084.0,16836.0
2022-03-20,16,TEN,16182.0,16012.0
2022-03-20,17,TEN,15645.0,15436.0
2022-03-20,18,TEN,15082.0,15054.0
2022-03-20,19,TEN,15005.0,14768.0
2022-03-20,20,TEN,14810.0,14553.0
2022-03-20,21,TEN,14873.0,14644.0
2022-03-20,22,TEN,14994.0,14872.0
2022-03-20,23,TEN,15280.0,15303.0
2022-03-21,0,TEN,15520.0,15581.0
2022-03-21,1,TEN,16421.0,16435.0
2022-03-21,2,TEN,16477.0,16566.0
2022-03-21,3,TEN,15884.0,16034.0
2022-03-21,4,TEN,15125.0,15175.0
2022-03-21,5,TEN,14556.0,14529.0
2022-03-21,6,TEN,14396.0,14402.0
2022-03-21,7,TEN,14384.0,14382.0
2022-03-21,8,TEN,14614.0,14608.0
2022-03-21,9,TEN,15146.0,15217.0
2022-03-21,10,TEN,16044.0,16092.0
2022-03-21,11,TEN,17667.0,17540.0
2022-03-21,12,TEN,19196.0,18556.0
2022-03-21,13,TEN,19407.0,18773.0
2022-03-21,14,TEN,18539.0,18022.0
2022-03-21,15,TEN,17665.0,17074.0
2022-03-21,16,TEN,17040.0,16629.0
2022-03-21,17,TEN,16536.0,16205.0
2022-03-21,18,TEN,16390.0,15971.0
2022-03-21,19,TEN,16206.0,15819.0
2022-03-21,20,TEN,16146.0,15719.0
2022-03-21,21,TEN,16192.0,15773.0
2022-03-21,22,TEN,16193.0,15882.0
2022-03-21,23,TEN,16310.0,16123.0
2022-03-22,0,TEN,16567.0,16170.0
2022-03-22,1,TEN,17273.0,16794.0
2022-03-22,2,TEN,17063.0,16613.0
2022-03-22,3,TEN,16212.0,16007.0
2022-03-22,4,TEN,15149.0,14956.0
2022-03-22,5,TEN,14311.0,14085.0
2022-03-22,6,TEN,13768.0,13586.0
2022-03-22,7,TEN,13403.0,13211.0
2022-03-22,8,TEN,13360.0,13211.0
2022-03-22,9,TEN,13364.0,13148.0
2022-03-22,10,TEN,13909.0,13704.0
2022-03-22,11,TEN,15109.0,15026.0
2022-03-22,12,TEN,16272.0,15941.0
2022-03-22,13,TEN,16642.0,16310.0
2022-03-22,14,TEN,16590.0,16277.0
2022-03-22,15,TEN,16395.0,16056.0
2022-03-22,16,TEN,16460.0,16122.0
2022-03-22,17,TEN,16408.0,16096.0
2022-03-22,18,TEN,16493.0,16177.0
2022-03-22,19,TEN,16644.0,16296.0
2022-03-22,20,TEN,16609.0,16309.0
2022-03-22,21,TEN,16630.0,16342.0
2022-03-22,22,TEN,16705.0,16344.0
2022-03-22,23,TEN,16913.0,16585.0
2022-03-23,0,TEN,17193.0,16855.0
2022-03-23,1,TEN,17319.0,16933.0
2022-03-23,2,TEN,17025.0,16619.0
2022-03-23,3,TEN,16261.0,15892.0
2022-03-23,4,TEN,15155.0,14977.0
2022-03-23,5,TEN,14293.0,14270.0
2022-03-23,6,TEN,13692.0,13672.0
2022-03-23,7,TEN,13288.0,13270.0
2022-03-23,8,TEN,13042.0,13023.0
2022-03-23,9,TEN,13196.0,13164.0
2022-03-23,10,TEN,13476.0,13464.0
2022-03-23,11,TEN,14383.0,14282.0
2022-03-23,12,TEN,15539.0,15205.0
2022-03-23,13,TEN,15918.0,15604.0
2022-03-23,14,TEN,16054.0,15732.0
2022-03-23,15,TEN,16259.0,15925.0
2022-03-23,16,TEN,16752.0,16343.0
2022-03-23,17,TEN,16765.0,16545.0
2022-03-23,18,TEN,16901.0,16467.0
2022-03-23,19,TEN,16856.0,16273.0
2022-03-23,20,TEN,16824.0,16127.0
2022-03-23,21,TEN,16755.0,16134.0
2022-03-23,22,TEN,16996.0,16356.0
2022-03-23,23,TEN,17366.0,16724.0
2022-03-24,0,TEN,17492.0,16815.0
2022-03-24,1,TEN,17836.0,17078.0
2022-03-24,2,TEN,17584.0,17106.0
2022-03-24,3,TEN,16801.0,16389.0
2022-03-24,4,TEN,15917.0,15674.0
2022-03-24,5,TEN,14996.0,14781.0
2022-03-24,6,TEN,14678.0,14412.0
2022-03-24,7,TEN,14465.0,14251.0
2022-03-24,8,TEN,14530.0,14319.0
2022-03-24,9,TEN,14793.0,14585.0
2022-03-24,10,TEN,15425.0,15062.0
2022-03-24,11,TEN,16772.0,16461.0
2022-03-24,12,TEN,18253.0,17907.0
2022-03-24,13,TEN,18487.0,17985.0
2022-03-24,14,TEN,18087.0,17586.0
2022-03-24,15,TEN,17512.0,16967.0
2022-03-24,16,TEN,17230.0,16595.0
2022-03-24,17,TEN,16894.0,16316.0
2022-03-24,18,TEN,16766.0,16206.0
2022-03-24,19,TEN,16381.0,15796.0
2022-03-24,20,TEN,16246.0,15685.0
2022-03-24,21,TEN,16145.0,15537.0
2022-03-24,22,TEN,16071.0,15434.0
2022-03-24,23,TEN,16302.0,15601.0
2022-03-25,0,TEN,16505.0,15872.0
2022-03-25,1,TEN,17497.0,16818.0
2022-03-25,2,TEN,17456.0,16705.0
2022-03-25,3,TEN,16990.0,16223.0
2022-03-25,4,TEN,16204.0,15719.0
2022-03-25,5,TEN,15519.0,15008.0
2022-03-25,6,TEN,15312.0,14735.0
2022-03-25,7,TEN,15085.0,14554.0
2022-03-25,8,TEN,15129.0,14581.0
2022-03-25,9,TEN,15383.0,14654.0
2022-03-25,10,TEN,15885.0,15206.0
2022-03-25,11,TEN,16994.0,16343.0
2022-03-25,12,TEN,18373.0,17778.0
2022-03-25,13,TEN,18572.0,17894.0
2022-03-25,14,TEN,18488.0,17754.0
2022-03-25,15,TEN,18134.0,17479.0
2022-03-25,16,TEN,18038.0,17289.0
2022-03-25,17,TEN,17792.0,17353.0
2022-03-25,18,TEN,17676.0,17188.0
2022-03-25,19,TEN,17524.0,17089.0
2022-03-25,20,TEN,17220.0,16778.0
2022-03-25,21,TEN,17095.0,16782.0
2022-03-25,22,TEN,17088.0,16710.0
2022-03-25,23,TEN,17031.0,16663.0
2022-03-26,0,TEN,17216.0,16878.0
2022-03-26,1,TEN,17837.0,17535.0
2022-03-26,2,TEN,17744.0,17316.0
2022-03-26,3,TEN,17422.0,16989.0
2022-03-26,4,TEN,16779.0,16487.0
2022-03-26,5,TEN,16102.0,15846.0
2022-03-26,6,TEN,15773.0,15515.0
2022-03-26,7,TEN,15679.0,15424.0
2022-03-26,8,TEN,15687.0,15471.0
2022-03-26,9,TEN,15716.0,15548.0
2022-03-26,10,TEN,16122.0,15910.0
2022-03-26,11,TEN,16783.0,16432.0
2022-03-26,12,TEN,17596.0,17237.0
2022-03-26,13,TEN,17897.0,17270.0
2022-03-26,14,TEN,17842.0,17279.0
2022-03-26,15,TEN,17639.0,17230.0
2022-03-26,16,TEN,17273.0,16852.0
2022-03-26,17,TEN,16746.0,16271.0
2022-03-26,18,TEN,16280.0,15864.0
2022-03-26,19,TEN,15788.0,15407.0
2022-03-26,20,TEN,15432.0,15108.0
2022-03-26,21,TEN,15212.0,14932.0
2022-03-26,22,TEN,15117.0,14904.0
2022-03-26,23,TEN,15161.0,14946.0
2022-03-27,0,TEN,15621.0,15313.0
2022-03-27,1,TEN,16491.0,16156.0
2022-03-27,2,TEN,16663.0,16278.0
2022-03-27,3,TEN,16365.0,15948.0
2022-03-27,4,TEN,16022.0,15550.0
2022-03-27,5,TEN,15693.0,15240.0
2022-03-27,6,TEN,15550.0,15127.0
2022-03-27,7,TEN,15732.0,15259.0
2022-03-27,8,TEN,15926.0,15487.0
2022-03-27,9,TEN,16125.0,15580.0
2022-03-27,10,TEN,16596.0,15964.0
2022-03-27,11,TEN,17308.0,16583.0
2022-03-27,12,TEN,18049.0,17369.0
2022-03-27,13,TEN,18644.0,17912.0
2022-03-27,14,TEN,18631.0,17903.0
2022-03-27,15,TEN,18112.0,17387.0
2022-03-27,16,TEN,17406.0,16723.0
2022-03-27,17,TEN,16848.0,16495.0
2022-03-27,18,TEN,16385.0,16046.0
2022-03-27,19,TEN,15892.0,15575.0
2022-03-27,20,TEN,15560.0,15239.0
2022-03-27,21,TEN,15330.0,15053.0
2022-03-27,22,TEN,15576.0,15246.0
2022-03-27,23,TEN,15819.0,15182.0
2022-03-28,0,TEN,16328.0,15700.0
2022-03-28,1,TEN,17377.0,16689.0
2022-03-28,2,TEN,17592.0,16873.0
2022-03-28,3,TEN,17257.0,16539.0
2022-03-28,4,TEN,16623.0,16116.0
2022-03-28,5,TEN,16090.0,15780.0
2022-03-28,6,TEN,15905.0,15883.0
2022-03-28,7,TEN,15854.0,15827.0
2022-03-28,8,TEN,16057.0,16009.0
2022-03-28,9,TEN,16287.0,16027.0
2022-03-28,10,TEN,16935.0,16463.0
2022-03-28,11,TEN,18403.0,17516.0
2022-03-28,12,TEN,19867.0,18729.0
2022-03-28,13,TEN,20252.0,19148.0
2022-03-28,14,TEN,19726.0,18505.0
2022-03-28,15,TEN,19092.0,17874.0
2022-03-28,16,TEN,18454.0,17352.0
2022-03-28,17,TEN,17876.0,17104.0
2022-03-28,18,TEN,17418.0,16697.0
2022-03-28,19,TEN,17122.0,16490.0
2022-03-28,20,TEN,16637.0,15972.0
2022-03-28,21,TEN,16428.0,15873.0
2022-03-28,22,TEN,16082.0,15787.0
2022-03-28,23,TEN,16718.0,15779.0
2022-03-29,0,TEN,17135.0,16162.0
2022-03-29,1,TEN,17976.0,16644.0
2022-03-29,2,TEN,17947.0,16711.0
2022-03-29,3,TEN,17455.0,16700.0
2022-03-29,4,TEN,16682.0,16388.0
2022-03-29,5,TEN,16017.0,16038.0
2022-03-29,6,TEN,15764.0,15821.0
2022-03-29,7,TEN,15684.0,15765.0
2022-03-29,8,TEN,15719.0,15774.0
2022-03-29,9,TEN,15851.0,15771.0
2022-03-29,10,TEN,16227.0,15647.0
2022-03-29,11,TEN,17448.0,16288.0
2022-03-29,12,TEN,18618.0,17374.0
2022-03-29,13,TEN,18840.0,17601.0
2022-03-29,14,TEN,18553.0,17351.0
2022-03-29,15,TEN,18100.0,16865.0
2022-03-29,16,TEN,17661.0,16404.0
2022-03-29,17,TEN,17061.0,15879.0
2022-03-29,18,TEN,16680.0,15611.0
2022-03-29,19,TEN,16646.0,15654.0
2022-03-29,20,TEN,16416.0,15421.0
2022-03-29,21,TEN,16502.0,15545.0
2022-03-29,22,TEN,16468.0,15486.0
2022-03-29,23,TEN,16633.0,15654.0
2022-03-30,0,TEN,16815.0,15924.0
2022-03-30,1,TEN,17365.0,15924.0
2022-03-30,2,TEN,17314.0,16106.0
2022-03-30,3,TEN,16646.0,15712.0
2022-03-30,4,TEN,15637.0,15125.0
2022-03-30,5,TEN,14770.0,14417.0
2022-03-30,6,TEN,14165.0,13857.0
2022-03-30,7,TEN,13859.0,13528.0
2022-03-30,8,TEN,13662.0,13337.0
2022-03-30,9,TEN,13712.0,13389.0
2022-03-30,10,TEN,13965.0,13482.0
2022-03-30,11,TEN,14984.0,14065.0
2022-03-30,12,TEN,16072.0,14901.0
2022-03-30,13,TEN,16419.0,15250.0
2022-03-30,14,TEN,16359.0,15258.0
2022-03-30,15,TEN,16201.0,14972.0
2022-03-30,16,TEN,16419.0,15171.0
2022-03-30,17,TEN,16583.0,15342.0
2022-03-30,18,TEN,16789.0,15595.0
2022-03-30,19,TEN,16953.0,15733.0
2022-03-30,20,TEN,17096.0,15893.0
2022-03-30,21,TEN,17116.0,15918.0
2022-03-30,22,TEN,17352.0,16174.0
2022-03-30,23,TEN,17184.0,16089.0
2022-03-31,0,TEN,17069.0,15995.0
2022-03-31,1,TEN,17248.0,16159.0
2022-03-31,2,TEN,16825.0,15714.0
2022-03-31,3,TEN,15911.0,14784.0
2022-03-31,4,TEN,14858.0,13781.0
2022-03-31,5,TEN,13934.0,12860.0
2022-03-31,6,TEN,13217.0,12183.0
2022-03-31,7,TEN,12785.0,12191.0
2022-03-31,8,TEN,12538.0,11982.0
2022-03-31,9,TEN,12578.0,11993.0
2022-03-31,10,TEN,12874.0,12281.0
2022-03-31,11,TEN,13864.0,12973.0
2022-03-31,12,TEN,15126.0,14071.0
2022-03-31,13,TEN,15720.0,14608.0
2022-03-31,14,TEN,16080.0,15029.0
2022-03-31,15,TEN,16375.0,15527.0
2022-03-31,16,TEN,16639.0,15776.0
2022-03-31,17,TEN,16670.0,15820.0
2022-03-31,18,TEN,16617.0,15738.0
2022-03-31,19,TEN,16564.0,15696.0
2022-03-31,20,TEN,16297.0,15415.0
2022-03-31,21,TEN,16340.0,15483.0
2022-03-31,22,TEN,16361.0,15344.0
2022-03-31,23,TEN,16542.0,15477.0
2022-04-01,0,TEN,16679.0,15640.0
2022-04-01,1,TEN,17363.0,16318.0
2022-04-01,2,TEN,17320.0,16218.0
2022-04-01,3,TEN,16704.0,15592.0
2022-04-01,4,TEN,15723.0,14499.0
2022-04-01,5,TEN,15166.0,14164.0
2022-04-01,6,TEN,14768.0,13744.0
2022-04-01,7,TEN,14553.0,13515.0
2022-04-01,8,TEN,14407.0,13400.0
2022-04-01,9,TEN,14793.0,13575.0
2022-04-01,10,TEN,15390.0,14219.0
2022-04-01,11,TEN,16779.0,15609.0
2022-04-01,12,TEN,18385.0,16375.0
2022-04-01,13,TEN,18817.0,16728.0
2022-04-01,14,TEN,18671.0,17368.0
2022-04-01,15,TEN,18315.0,17212.0
2022-04-01,16,TEN,17849.0,16730.0
2022-04-01,17,TEN,17269.0,16059.0
2022-04-01,18,TEN,16707.0,15525.0
2022-04-01,19,TEN,16286.0,15104.0
2022-04-01,20,TEN,15926.0,14767.0
2022-04-01,21,TEN,15629.0,14511.0
2022-04-01,22,TEN,15547.0,14392.0
2022-04-01,23,TEN,15581.0,14455.0
2022-04-02,0,TEN,15733.0,14542.0
2022-04-02,1,TEN,16504.0,15056.0
2022-04-02,2,TEN,16841.0,15496.0
2022-04-02,3,TEN,16627.0,15392.0
2022-04-02,4,TEN,16266.0,14996.0
2022-04-02,5,TEN,15756.0,14513.0
2022-04-02,6,TEN,15605.0,14353.0
2022-04-02,7,TEN,15612.0,14394.0
2022-04-02,8,TEN,15871.0,14561.0
2022-04-02,9,TEN,16238.0,14959.0
2022-04-02,10,TEN,16735.0,15291.0
2022-04-02,11,TEN,17353.0,15767.0
2022-04-02,12,TEN,18109.0,16046.0
2022-04-02,13,TEN,18502.0,16358.0
2022-04-02,14,TEN,18149.0,16110.0
2022-04-02,15,TEN,17705.0,15935.0
2022-04-02,16,TEN,17210.0,15745.0
2022-04-02,17,TEN,16635.0,15151.0
2022-04-02,18,TEN,16110.0,14699.0
2022-04-02,19,TEN,15581.0,14327.0
2022-04-02,20,TEN,15223.0,14274.0
2022-04-02,21,TEN,14959.0,14016.0
2022-04-02,22,TEN,14990.0,14052.0
2022-04-02,23,TEN,15058.0,14031.0
2022-04-03,0,TEN,15116.0,13716.0
2022-04-03,1,TEN,15673.0,14197.0
2022-04-03,2,TEN,15789.0,14506.0
2022-04-03,3,TEN,15415.0,14214.0
2022-04-03,4,TEN,15007.0,13781.0
2022-04-03,5,TEN,14324.0,13090.0
2022-04-03,6,TEN,13921.0,12771.0
2022-04-03,7,TEN,13877.0,12739.0
2022-04-03,8,TEN,13886.0,12781.0
2022-04-03,9,TEN,14017.0,13065.0
2022-04-03,10,TEN,14184.0,13070.0
2022-04-03,11,TEN,14825.0,13638.0
2022-04-03,12,TEN,15469.0,14169.0
2022-04-03,13,TEN,16056.0,14757.0
2022-04-03,14,TEN,16161.0,14976.0
2022-04-03,15,TEN,15813.0,14624.0
2022-04-03,16,TEN,15293.0,14058.0
2022-04-03,17,TEN,15074.0,13965.0
2022-04-03,18,TEN,14916.0,13848.0
2022-04-03,19,TEN,14731.0,13862.0
2022-04-03,20,TEN,14579.0,13735.0
2022-04-03,21,TEN,14627.0,13732.0
2022-04-03,22,TEN,14951.0,14047.0
2022-04-03,23,TEN,15199.0,14214.0
2022-04-04,0,TEN,15433.0,14229.0
2022-04-04,1,TEN,16121.0,14596.0
2022-04-04,2,TEN,16248.0,14829.0
2022-04-04,3,TEN,15708.0,14430.0
2022-04-04,4,TEN,15009.0,13779.0
2022-04-04,5,TEN,14461.0,13305.0
2022-04-04,6,TEN,14143.0,12993.0
2022-04-04,7,TEN,14265.0,13103.0
2022-04-04,8,TEN,14481.0,13309.0
2022-04-04,9,TEN,14952.0,13871.0
2022-04-04,10,TEN,15817.0,14568.0
2022-04-04,11,TEN,17333.0,16151.0
2022-04-04,12,TEN,18793.0,17088.0
2022-04-04,13,TEN,18925.0,16995.0
2022-04-04,14,TEN,18391.0,17154.0
2022-04-04,15,TEN,17799.0,16588.0
2022-04-04,16,TEN,17355.0,16094.0
2022-04-04,17,TEN,16929.0,15723.0
2022-04-04,18,TEN,16588.0,15359.0
2022-04-04,19,TEN,16376.0,15146.0
2022-04-04,20,TEN,16264.0,15025.0
2022-04-04,21,TEN,16242.0,15111.0
2022-04-04,22,TEN,16483.0,15276.0
2022-04-04,23,TEN,16580.0,15360.0
2022-04-05,0,TEN,16852.0,15690.0
2022-04-05,1,TEN,17234.0,15936.0
2022-04-05,2,TEN,17018.0,15735.0
2022-04-05,3,TEN,16252.0,14959.0
2022-04-05,4,TEN,15153.0,13801.0
2022-04-05,5,TEN,14364.0,12995.0
2022-04-05,6,TEN,13736.0,12509.0
2022-04-05,7,TEN,13501.0,12226.0
2022-04-05,8,TEN,13302.0,12064.0
2022-04-05,9,TEN,13543.0,12333.0
2022-04-05,10,TEN,14127.0,13065.0
2022-04-05,11,TEN,15295.0,14008.0
2022-04-05,12,TEN,16563.0,15370.0
2022-04-05,13,TEN,17041.0,15813.0
2022-04-05,14,TEN,17186.0,15904.0
2022-04-05,15,TEN,17356.0,16091.0
2022-04-05,16,TEN,17333.0,16160.0
2022-04-05,17,TEN,17260.0,15996.0
2022-04-05,18,TEN,17031.0,16025.0
2022-04-05,19,TEN,16876.0,15849.0
2022-04-05,20,TEN,16879.0,15858.0
2022-04-05,21,TEN,16858.0,15854.0
2022-04-05,22,TEN,16875.0,15915.0
2022-04-05,23,TEN,17020.0,16054.0
2022-04-06,0,TEN,17231.0,16202.0
2022-04-06,1,TEN,17558.0,16318.0
2022-04-06,2,TEN,17406.0,16056.0
2022-04-06,3,TEN,16619.0,15259.0
2022-04-06,4,TEN,15633.0,14908.0
2022-04-06,5,TEN,14819.0,14124.0
2022-04-06,6,TEN,14272.0,13924.0
2022-04-06,7,TEN,13823.0,13558.0
2022-04-06,8,TEN,13799.0,13500.0
2022-04-06,9,TEN,13769.0,13494.0
2022-04-06,10,TEN,14183.0,13684.0
2022-04-06,11,TEN,15291.0,14490.0
2022-04-06,12,TEN,16356.0,15387.0
2022-04-06,13,TEN,16660.0,15460.0
2022-04-06,14,TEN,16666.0,15445.0
2022-04-06,15,TEN,16580.0,15334.0
2022-04-06,16,TEN,16759.0,15535.0
2022-04-06,17,TEN,16683.0,15459.0
2022-04-06,18,TEN,16739.0,15514.0
2022-04-06,19,TEN,16654.0,15391.0
2022-04-06,20,TEN,16768.0,15546.0
2022-04-06,21,TEN,16834.0,15612.0
2022-04-06,22,TEN,16955.0,15774.0
2022-04-06,23,TEN,17054.0,15796.0
2022-04-07,0,TEN,16971.0,15769.0
2022-04-07,1,TEN,17252.0,16031.0
2022-04-07,2,TEN,17051.0,15776.0
2022-04-07,3,TEN,16297.0,15027.0
2022-04-07,4,TEN,15292.0,14197.0
2022-04-07,5,TEN,14495.0,13345.0
2022-04-07,6,TEN,13965.0,12838.0
2022-04-07,7,TEN,13678.0,12588.0
2022-04-07,8,TEN,13641.0,12557.0
2022-04-07,9,TEN,13801.0,12747.0
2022-04-07,10,TEN,14480.0,13431.0
2022-04-07,11,TEN,15705.0,14511.0
2022-04-07,12,TEN,17012.0,15838.0
2022-04-07,13,TEN,17344.0,16158.0
2022-04-07,14,TEN,17114.0,15891.0
2022-04-07,15,TEN,17026.0,15817.0
2022-04-07,16,TEN,16809.0,15588.0
2022-04-07,17,TEN,16551.0,15354.0
2022-04-07,18,TEN,16444.0,15233.0
2022-04-07,19,TEN,16138.0,14914.0
2022-04-07,20,TEN,15971.0,14791.0
2022-04-07,21,TEN,15812.0,14633.0
2022-04-07,22,TEN,15921.0,14701.0
2022-04-07,23,TEN,16025.0,14827.0
2022-04-08,0,TEN,16344.0,15136.0
2022-04-08,1,TEN,17057.0,15856.0
2022-04-08,2,TEN,17231.0,15953.0
2022-04-08,3,TEN,16681.0,15415.0
2022-04-08,4,TEN,15880.0,14618.0
2022-04-08,5,TEN,15108.0,14024.0
2022-04-08,6,TEN,14806.0,13688.0
2022-04-08,7,TEN,14671.0,13494.0
2022-04-08,8,TEN,14749.0,13435.0
2022-04-08,9,TEN,14987.0,13681.0
2022-04-08,10,TEN,15721.0,14441.0
2022-04-08,11,TEN,16843.0,15672.0
2022-04-08,12,TEN,18227.0,16984.0
2022-04-08,13,TEN,18600.0,17376.0
2022-04-08,14,TEN,18643.0,17412.0
2022-04-08,15,TEN,18700.0,17404.0
2022-04-08,16,TEN,18676.0,17221.0
2022-04-08,17,TEN,18693.0,17365.0
2022-04-08,18,TEN,18577.0,17473.0
2022-04-08,19,TEN,18412.0,17231.0
2022-04-08,20,TEN,18201.0,16851.0
2022-04-08,21,TEN,18341.0,16989.0
2022-04-08,22,TEN,18159.0,17340.0
2022-04-08,23,TEN,18980.0,17560.0
2022-04-09,0,TEN,18997.0,17355.0
2022-04-09,1,TEN,19511.0,17912.0
2022-04-09,2,TEN,19440.0,17971.0
2022-04-09,3,TEN,18919.0,17513.0
2022-04-09,4,TEN,18177.0,16925.0
2022-04-09,5,TEN,17465.0,16220.0
2022-04-09,6,TEN,16974.0,15716.0
2022-04-09,7,TEN,16693.0,15393.0
2022-04-09,8,TEN,16605.0,15312.0
2022-04-09,9,TEN,16604.0,15375.0
2022-04-09,10,TEN,16942.0,15720.0
2022-04-09,11,TEN,17473.0,16328.0
2022-04-09,12,TEN,18044.0,16774.0
2022-04-09,13,TEN,18613.0,17230.0
2022-04-09,14,TEN,18941.0,17652.0
2022-04-09,15,TEN,18947.0,17549.0
2022-04-09,16,TEN,18341.0,17081.0
2022-04-09,17,TEN,17947.0,16696.0
2022-04-09,18,TEN,17478.0,16168.0
2022-04-09,19,TEN,16775.0,15521.0
2022-04-09,20,TEN,16322.0,15069.0
2022-04-09,21,TEN,16020.0,14847.0
2022-04-09,22,TEN,15856.0,14670.0
2022-04-09,23,TEN,15852.0,14704.0
2022-04-10,0,TEN,16052.0,14849.0
2022-04-10,1,TEN,16732.0,15503.0
2022-04-10,2,TEN,17218.0,15792.0
2022-04-10,3,TEN,17045.0,15673.0
2022-04-10,4,TEN,16798.0,15425.0
2022-04-10,5,TEN,16466.0,15166.0
2022-04-10,6,TEN,16346.0,15064.0
2022-04-10,7,TEN,16502.0,15229.0
2022-04-10,8,TEN,16642.0,15420.0
2022-04-10,9,TEN,16891.0,15643.0
2022-04-10,10,TEN,17317.0,16082.0
2022-04-10,11,TEN,18002.0,16770.0
2022-04-10,12,TEN,18583.0,17354.0
2022-04-10,13,TEN,18721.0,17503.0
2022-04-10,14,TEN,17839.0,16615.0
2022-04-10,15,TEN,16979.0,15646.0
2022-04-10,16,TEN,16072.0,14784.0
2022-04-10,17,TEN,15479.0,14240.0
2022-04-10,18,TEN,15178.0,13912.0
2022-04-10,19,TEN,15014.0,13774.0
2022-04-10,20,TEN,14891.0,13755.0
2022-04-10,21,TEN,15010.0,13829.0
2022-04-10,22,TEN,15385.0,14215.0
2022-04-10,23,TEN,15658.0,14445.0
2022-04-11,0,TEN,15861.0,14638.0
2022-04-11,1,TEN,16415.0,15118.0
2022-04-11,2,TEN,16560.0,15099.0
2022-04-11,3,TEN,15799.0,14488.0
2022-04-11,4,TEN,14793.0,13996.0
2022-04-11,5,TEN,13926.0,13479.0
2022-04-11,6,TEN,13397.0,13481.0
2022-04-11,7,TEN,13176.0,13479.0
2022-04-11,8,TEN,13042.0,13353.0
2022-04-11,9,TEN,13258.0,13561.0
2022-04-11,10,TEN,13856.0,13876.0
2022-04-11,11,TEN,15063.0,14532.0
2022-04-11,12,TEN,16400.0,15251.0
2022-04-11,13,TEN,16689.0,15485.0
2022-04-11,14,TEN,16744.0,15549.0
2022-04-11,15,TEN,17017.0,15792.0
2022-04-11,16,TEN,16955.0,15762.0
2022-04-11,17,TEN,16895.0,15657.0
2022-04-11,18,TEN,16926.0,15700.0
2022-04-11,19,TEN,16636.0,15418.0
2022-04-11,20,TEN,16531.0,15312.0
2022-04-11,21,TEN,16434.0,15244.0
2022-04-11,22,TEN,16547.0,15326.0
2022-04-11,23,TEN,16581.0,15393.0
2022-04-12,0,TEN,16615.0,15412.0
2022-04-12,1,TEN,17023.0,15812.0
2022-04-12,2,TEN,16993.0,15704.0
2022-04-12,3,TEN,16258.0,15021.0
2022-04-12,4,TEN,15089.0,14008.0
2022-04-12,5,TEN,14232.0,13397.0
2022-04-12,6,TEN,13665.0,13153.0
2022-04-12,7,TEN,13439.0,13160.0
2022-04-12,8,TEN,13220.0,12969.0
2022-04-12,9,TEN,13237.0,12941.0
2022-04-12,10,TEN,13696.0,13468.0
2022-04-12,11,TEN,14740.0,14304.0
2022-04-12,12,TEN,15853.0,14890.0
2022-04-12,13,TEN,16370.0,15164.0
2022-04-12,14,TEN,16556.0,15349.0
2022-04-12,15,TEN,16754.0,15527.0
2022-04-12,16,TEN,16974.0,15767.0
2022-04-12,17,TEN,17043.0,15808.0
2022-04-12,18,TEN,17251.0,16025.0
2022-04-12,19,TEN,17231.0,16012.0
2022-04-12,20,TEN,17406.0,16193.0
2022-04-12,21,TEN,17606.0,16404.0
2022-04-12,22,TEN,17759.0,16594.0
2022-04-12,23,TEN,17652.0,16432.0
2022-04-13,0,TEN,17751.0,16536.0
2022-04-13,1,TEN,18164.0,17018.0
2022-04-13,2,TEN,17953.0,16671.0
2022-04-13,3,TEN,17058.0,15762.0
2022-04-13,4,TEN,15811.0,14773.0
2022-04-13,5,TEN,14848.0,13999.0
2022-04-13,6,TEN,13866.0,13542.0
2022-04-13,7,TEN,13745.0,13319.0
2022-04-13,8,TEN,13508.0,13032.0
2022-04-13,9,TEN,13356.0,12884.0
2022-04-13,10,TEN,13669.0,13187.0
2022-04-13,11,TEN,14593.0,13797.0
2022-04-13,12,TEN,15728.0,14734.0
2022-04-13,13,TEN,16145.0,14963.0
2022-04-13,14,TEN,16357.0,15190.0
2022-04-13,15,TEN,16597.0,15369.0
2022-04-13,16,TEN,16814.0,15605.0
2022-04-13,17,TEN,17166.0,15979.0
2022-04-13,18,TEN,17573.0,16431.0
2022-04-13,19,TEN,17955.0,16785.0
2022-04-13,20,TEN,18406.0,17245.0
2022-04-13,21,TEN,18502.0,17374.0
2022-04-13,22,TEN,18647.0,17492.0
2022-04-13,23,TEN,18610.0,17465.0
2022-04-14,0,TEN,18308.0,17170.0
2022-04-14,1,TEN,18359.0,17215.0
2022-04-14,2,TEN,17682.0,16472.0
2022-04-14,3,TEN,16542.0,15891.0
2022-04-14,4,TEN,15522.0,15459.0
2022-04-14,5,TEN,14467.0,14443.0
2022-04-14,6,TEN,13835.0,13869.0
2022-04-14,7,TEN,13361.0,13353.0
2022-04-14,8,TEN,12869.0,12896.0
2022-04-14,9,TEN,12844.0,12883.0
2022-04-14,10,TEN,13239.0,13225.0
2022-04-14,11,TEN,14286.0,14440.0
2022-04-14,12,TEN,15645.0,15349.0
2022-04-14,13,TEN,16053.0,15671.0
2022-04-14,14,TEN,16170.0,15806.0
2022-04-14,15,TEN,16368.0,15979.0
2022-04-14,16,TEN,16378.0,15955.0
2022-04-14,17,TEN,16376.0,15898.0
2022-04-14,18,TEN,16323.0,15936.0
2022-04-14,19,TEN,16316.0,15924.0
2022-04-14,20,TEN,16344.0,15977.0
2022-04-14,21,TEN,16318.0,15950.0
2022-04-14,22,TEN,16474.0,16057.0
2022-04-14,23,TEN,16382.0,16019.0
2022-04-15,0,TEN,16286.0,15979.0
2022-04-15,1,TEN,16377.0,16090.0
2022-04-15,2,TEN,16415.0,15990.0
2022-04-15,3,TEN,15805.0,15422.0
2022-04-15,4,TEN,14884.0,14976.0
2022-04-15,5,TEN,14078.0,14191.0
2022-04-15,6,TEN,13561.0,13692.0
2022-04-15,7,TEN,13372.0,13521.0
2022-04-15,8,TEN,13271.0,13403.0
2022-04-15,9,TEN,13374.0,13484.0
2022-04-15,10,TEN,13954.0,14101.0
2022-04-15,11,TEN,14970.0,15150.0
2022-04-15,12,TEN,15993.0,15908.0
2022-04-15,13,TEN,16398.0,16398.0
2022-04-15,14,TEN,16254.0,16193.0
2022-04-15,15,TEN,16000.0,15944.0
2022-04-15,16,TEN,15727.0,15699.0
2022-04-15,17,TEN,15567.0,15486.0
2022-04-15,18,TEN,15460.0,15404.0
2022-04-15,19,TEN,15294.0,15237.0
2022-04-15,20,TEN,15288.0,15290.0
2022-04-15,21,TEN,15419.0,15390.0
2022-04-15,22,TEN,15594.0,15544.0
2022-04-15,23,TEN,15641.0,15576.0
2022-04-16,0,TEN,15514.0,15399.0
2022-04-16,1,TEN,15680.0,15618.0
2022-04-16,2,TEN,15673.0,15546.0
2022-04-16,3,TEN,15077.0,14885.0
2022-04-16,4,TEN,14368.0,14367.0
2022-04-16,5,TEN,13450.0,13524.0
2022-04-16,6,TEN,12883.0,12958.0
2022-04-16,7,TEN,12479.0,12544.0
2022-04-16,8,TEN,12354.0,12231.0
2022-04-16,9,TEN,12290.0,12156.0
2022-04-16,10,TEN,12376.0,12300.0
2022-04-16,11,TEN,12745.0,12856.0
2022-04-16,12,TEN,12945.0,13112.0
2022-04-16,13,TEN,13555.0,13746.0
2022-04-16,14,TEN,14443.0,14572.0
2022-04-16,15,TEN,14844.0,14940.0
2022-04-16,16,TEN,15184.0,15262.0
2022-04-16,17,TEN,15219.0,15337.0
2022-04-16,18,TEN,15009.0,15118.0
2022-04-16,19,TEN,14897.0,14991.0
2022-04-16,20,TEN,14877.0,14971.0
2022-04-16,21,TEN,14913.0,15037.0
2022-04-16,22,TEN,14995.0,15120.0
2022-04-16,23,TEN,15004.0,15093.0
2022-04-17,0,TEN,15096.0,15226.0
2022-04-17,1,TEN,15432.0,15582.0
2022-04-17,2,TEN,15403.0,15445.0
2022-04-17,3,TEN,14861.0,14940.0
2022-04-17,4,TEN,14051.0,14088.0
2022-04-17,5,TEN,13225.0,13325.0
2022-04-17,6,TEN,12566.0,12678.0
2022-04-17,7,TEN,12128.0,12269.0
2022-04-17,8,TEN,11914.0,12030.0
2022-04-17,9,TEN,11897.0,12017.0
2022-04-17,10,TEN,12141.0,12269.0
2022-04-17,11,TEN,12535.0,12701.0
2022-04-17,12,TEN,13010.0,13153.0
2022-04-17,13,TEN,13916.0,14043.0
2022-04-17,14,TEN,14608.0,14727.0
2022-04-17,15,TEN,14786.0,14911.0
2022-04-17,16,TEN,14811.0,14912.0
2022-04-17,17,TEN,14749.0,14863.0
2022-04-17,18,TEN,14631.0,14693.0
2022-04-17,19,TEN,14346.0,14425.0
2022-04-17,20,TEN,14090.0,14219.0
2022-04-17,21,TEN,14122.0,14247.0
2022-04-17,22,TEN,14219.0,14359.0
2022-04-17,23,TEN,14463.0,14629.0
2022-04-18,0,TEN,14586.0,14747.0
2022-04-18,1,TEN,15221.0,15309.0
2022-04-18,2,TEN,15349.0,15383.0
2022-04-18,3,TEN,14856.0,14894.0
2022-04-18,4,TEN,14049.0,14108.0
2022-04-18,5,TEN,13338.0,13477.0
2022-04-18,6,TEN,12931.0,13029.0
2022-04-18,7,TEN,12768.0,12879.0
2022-04-18,8,TEN,12726.0,12823.0
2022-04-18,9,TEN,12959.0,13073.0
2022-04-18,10,TEN,13444.0,13534.0
2022-04-18,11,TEN,14664.0,14444.0
2022-04-18,12,TEN,16084.0,15356.0
2022-04-18,13,TEN,16702.0,15822.0
2022-04-18,14,TEN,17111.0,16227.0
2022-04-18,15,TEN,17467.0,16648.0
2022-04-18,16,TEN,17612.0,16695.0
2022-04-18,17,TEN,17666.0,16719.0
2022-04-18,18,TEN,17542.0,16603.0
2022-04-18,19,TEN,17115.0,16242.0
2022-04-18,20,TEN,16825.0,16144.0
2022-04-18,21,TEN,16663.0,16043.0
2022-04-18,22,TEN,16643.0,16073.0
2022-04-18,23,TEN,16757.0,16161.0
2022-04-19,0,TEN,17021.0,16357.0
2022-04-19,1,TEN,17681.0,16951.0
2022-04-19,2,TEN,18030.0,17331.0
2022-04-19,3,TEN,17475.0,16782.0
2022-04-19,4,TEN,16670.0,16249.0
2022-04-19,5,TEN,16066.0,16060.0
2022-04-19,6,TEN,15710.0,15857.0
2022-04-19,7,TEN,15526.0,15649.0
2022-04-19,8,TEN,15627.0,15676.0
2022-04-19,9,TEN,16126.0,15934.0
2022-04-19,10,TEN,16972.0,16460.0
2022-04-19,11,TEN,18489.0,17434.0
2022-04-19,12,TEN,19867.0,18587.0
2022-04-19,13,TEN,19703.0,18455.0
2022-04-19,14,TEN,19080.0,17956.0
2022-04-19,15,TEN,18515.0,17368.0
2022-04-19,16,TEN,17885.0,16748.0
2022-04-19,17,TEN,17317.0,16336.0
2022-04-19,18,TEN,16817.0,15816.0
2022-04-19,19,TEN,16254.0,15767.0
2022-04-19,20,TEN,15972.0,15643.0
2022-04-19,21,TEN,15989.0,15732.0
2022-04-19,22,TEN,15986.0,15773.0
2022-04-19,23,TEN,16115.0,15536.0
2022-04-20,0,TEN,16274.0,15232.0
2022-04-20,1,TEN,17047.0,15949.0
2022-04-20,2,TEN,17430.0,16207.0
2022-04-20,3,TEN,16883.0,16186.0
2022-04-20,4,TEN,16096.0,15865.0
2022-04-20,5,TEN,15470.0,15492.0
2022-04-20,6,TEN,15259.0,15349.0
2022-04-20,7,TEN,15155.0,15296.0
2022-04-20,8,TEN,15372.0,15434.0
2022-04-20,9,TEN,15635.0,15632.0
2022-04-20,10,TEN,16402.0,16243.0
2022-04-20,11,TEN,17685.0,16961.0
2022-04-20,12,TEN,18901.0,17856.0
2022-04-20,13,TEN,18946.0,17689.0
2022-04-20,14,TEN,18030.0,16963.0
2022-04-20,15,TEN,17356.0,16356.0
2022-04-20,16,TEN,16828.0,15800.0
2022-04-20,17,TEN,16435.0,15998.0
2022-04-20,18,TEN,16108.0,15889.0
2022-04-20,19,TEN,15917.0,15741.0
2022-04-20,20,TEN,15822.0,15642.0
2022-04-20,21,TEN,15843.0,15727.0
2022-04-20,22,TEN,16005.0,16126.0
2022-04-20,23,TEN,16182.0,16120.0
2022-04-21,0,TEN,16244.0,16197.0
2022-04-21,1,TEN,16816.0,16714.0
2022-04-21,2,TEN,16863.0,16693.0
2022-04-21,3,TEN,16038.0,15888.0
2022-04-21,4,TEN,14989.0,15081.0
2022-04-21,5,TEN,14079.0,14400.0
2022-04-21,6,TEN,13480.0,13951.0
2022-04-21,7,TEN,13157.0,13631.0
2022-04-21,8,TEN,13034.0,13504.0
2022-04-21,9,TEN,13099.0,13578.0
2022-04-21,10,TEN,13555.0,13920.0
2022-04-21,11,TEN,14691.0,15211.0
2022-04-21,12,TEN,15809.0,16187.0
2022-04-21,13,TEN,16156.0,16359.0
2022-04-21,14,TEN,16356.0,16023.0
2022-04-21,15,TEN,16325.0,15798.0
2022-04-21,16,TEN,16453.0,15835.0
2022-04-21,17,TEN,16635.0,15940.0
2022-04-21,18,TEN,16647.0,15992.0
2022-04-21,19,TEN,16769.0,16133.0
2022-04-21,20,TEN,17120.0,16425.0
2022-04-21,21,TEN,17300.0,16633.0
2022-04-21,22,TEN,17530.0,16863.0
2022-04-21,23,TEN,17715.0,17010.0
2022-04-22,0,TEN,17627.0,16959.0
2022-04-22,1,TEN,17926.0,17261.0
2022-04-22,2,TEN,17937.0,17198.0
2022-04-22,3,TEN,17005.0,16224.0
2022-04-22,4,TEN,15823.0,15391.0
2022-04-22,5,TEN,14611.0,14635.0
2022-04-22,6,TEN,13799.0,13974.0
2022-04-22,7,TEN,13308.0,13492.0
2022-04-22,8,TEN,12965.0,13200.0
2022-04-22,9,TEN,12957.0,13209.0
2022-04-22,10,TEN,13405.0,13657.0
2022-04-22,11,TEN,14303.0,14649.0
2022-04-22,12,TEN,15118.0,15500.0
2022-04-22,13,TEN,15657.0,15800.0
2022-04-22,14,TEN,16083.0,15666.0
2022-04-22,15,TEN,16659.0,15978.0
2022-04-22,16,TEN,17236.0,16565.0
2022-04-22,17,TEN,17805.0,17114.0
2022-04-22,18,TEN,18390.0,17709.0
2022-04-22,19,TEN,18870.0,18068.0
2022-04-22,20,TEN,19215.0,18229.0
2022-04-22,21,TEN,19753.0,18701.0
2022-04-22,22,TEN,20187.0,19095.0
2022-04-22,23,TEN,20231.0,19160.0
2022-04-23,0,TEN,19599.0,18602.0
2022-04-23,1,TEN,19130.0,18112.0
2022-04-23,2,TEN,18710.0,17915.0
2022-04-23,3,TEN,17524.0,17206.0
2022-04-23,4,TEN,16186.0,16097.0
2022-04-23,5,TEN,14988.0,15086.0
2022-04-23,6,TEN,14043.0,14070.0
2022-04-23,7,TEN,13311.0,13257.0
2022-04-23,8,TEN,12948.0,12817.0
2022-04-23,9,TEN,12749.0,12640.0
2022-04-23,10,TEN,12719.0,12638.0
2022-04-23,11,TEN,13029.0,12895.0
2022-04-23,12,TEN,13265.0,13163.0
2022-04-23,13,TEN,14115.0,14057.0
2022-04-23,14,TEN,14973.0,14976.0
2022-04-23,15,TEN,15721.0,15455.0
2022-04-23,16,TEN,16686.0,15925.0
2022-04-23,17,TEN,17369.0,16308.0
2022-04-23,18,TEN,18018.0,16757.0
2022-04-23,19,TEN,18593.0,17323.0
2022-04-23,20,TEN,19201.0,17919.0
2022-04-23,21,TEN,19781.0,18531.0
2022-04-23,22,TEN,19970.0,18682.0
2022-04-23,23,TEN,19921.0,18660.0
2022-04-24,0,TEN,19213.0,17905.0
2022-04-24,1,TEN,18546.0,17336.0
2022-04-24,2,TEN,18243.0,16999.0
2022-04-24,3,TEN,17165.0,16371.0
2022-04-24,4,TEN,15963.0,15602.0
2022-04-24,5,TEN,14743.0,14710.0
2022-04-24,6,TEN,13862.0,13814.0
2022-04-24,7,TEN,13259.0,13053.0
2022-04-24,8,TEN,12789.0,12629.0
2022-04-24,9,TEN,12530.0,12353.0
2022-04-24,10,TEN,12517.0,12358.0
2022-04-24,11,TEN,12526.0,12421.0
2022-04-24,12,TEN,12648.0,12620.0
2022-04-24,13,TEN,13528.0,13526.0
2022-04-24,14,TEN,14628.0,14573.0
2022-04-24,15,TEN,15588.0,15309.0
2022-04-24,16,TEN,16303.0,15590.0
2022-04-24,17,TEN,17161.0,16206.0
2022-04-24,18,TEN,17896.0,16933.0
2022-04-24,19,TEN,18562.0,17533.0
2022-04-24,20,TEN,19188.0,18083.0
2022-04-24,21,TEN,19741.0,18571.0
2022-04-24,22,TEN,20109.0,18895.0
2022-04-24,23,TEN,20280.0,19058.0
2022-04-25,0,TEN,19763.0,18511.0
2022-04-25,1,TEN,19190.0,17911.0
2022-04-25,2,TEN,18922.0,17636.0
2022-04-25,3,TEN,17633.0,16677.0
2022-04-25,4,TEN,16113.0,15565.0
2022-04-25,5,TEN,14799.0,14672.0
2022-04-25,6,TEN,13962.0,14032.0
2022-04-25,7,TEN,13485.0,13345.0
2022-04-25,8,TEN,13148.0,13026.0
2022-04-25,9,TEN,13127.0,13028.0
2022-04-25,10,TEN,13453.0,13440.0
2022-04-25,11,TEN,14498.0,14550.0
2022-04-25,12,TEN,15612.0,15469.0
2022-04-25,13,TEN,16297.0,15650.0
2022-04-25,14,TEN,16829.0,15846.0
2022-04-25,15,TEN,17456.0,16290.0
2022-04-25,16,TEN,17970.0,16788.0
2022-04-25,17,TEN,18488.0,17269.0
2022-04-25,18,TEN,18828.0,17750.0
2022-04-25,19,TEN,19021.0,17796.0
2022-04-25,20,TEN,19342.0,18123.0
2022-04-25,21,TEN,19416.0,18274.0
2022-04-25,22,TEN,19444.0,18243.0
2022-04-25,23,TEN,19469.0,18239.0
2022-04-26,0,TEN,18983.0,17840.0
2022-04-26,1,TEN,18750.0,17510.0
2022-04-26,2,TEN,18310.0,17098.0
2022-04-26,3,TEN,17267.0,16372.0
2022-04-26,4,TEN,15863.0,15499.0
2022-04-26,5,TEN,14683.0,14635.0
2022-04-26,6,TEN,13880.0,14007.0
2022-04-26,7,TEN,13372.0,13525.0
2022-04-26,8,TEN,13121.0,13128.0
2022-04-26,9,TEN,13044.0,13215.0
2022-04-26,10,TEN,13381.0,13542.0
2022-04-26,11,TEN,14215.0,14429.0
2022-04-26,12,TEN,15204.0,15130.0
2022-04-26,13,TEN,15783.0,15273.0
2022-04-26,14,TEN,16078.0,15337.0
2022-04-26,15,TEN,16137.0,15423.0
2022-04-26,16,TEN,16407.0,15520.0
2022-04-26,17,TEN,16351.0,15606.0
2022-04-26,18,TEN,16241.0,15471.0
2022-04-26,19,TEN,16202.0,15438.0
2022-04-26,20,TEN,16113.0,15379.0
2022-04-26,21,TEN,16297.0,15602.0
2022-04-26,22,TEN,16376.0,15731.0
2022-04-26,23,TEN,16310.0,15598.0
2022-04-27,0,TEN,16293.0,15511.0
2022-04-27,1,TEN,16532.0,15688.0
2022-04-27,2,TEN,16818.0,15947.0
2022-04-27,3,TEN,16017.0,15417.0
2022-04-27,4,TEN,14967.0,14847.0
2022-04-27,5,TEN,14144.0,14125.0
2022-04-27,6,TEN,13666.0,13625.0
2022-04-27,7,TEN,13450.0,13435.0
2022-04-27,8,TEN,13298.0,13284.0
2022-04-27,9,TEN,13546.0,13526.0
2022-04-27,10,TEN,14277.0,14087.0
2022-04-27,11,TEN,15551.0,15162.0
2022-04-27,12,TEN,16972.0,16282.0
2022-04-27,13,TEN,17302.0,16354.0
2022-04-27,14,TEN,17042.0,16096.0
2022-04-27,15,TEN,16696.0,15806.0
2022-04-27,16,TEN,16459.0,15542.0
2022-04-27,17,TEN,16316.0,15468.0
2022-04-27,18,TEN,16215.0,15362.0
2022-04-27,19,TEN,16125.0,15276.0
2022-04-27,20,TEN,16308.0,15470.0
2022-04-27,21,TEN,16334.0,15608.0
2022-04-27,22,TEN,16722.0,15912.0
2022-04-27,23,TEN,16871.0,16088.0
2022-04-28,0,TEN,16875.0,16051.0
2022-04-28,1,TEN,16909.0,16084.0
2022-04-28,2,TEN,16969.0,16102.0
2022-04-28,3,TEN,16222.0,15592.0
2022-04-28,4,TEN,15034.0,14740.0
2022-04-28,5,TEN,13700.0,14032.0
2022-04-28,6,TEN,13576.0,13574.0
2022-04-28,7,TEN,13264.0,13257.0
2022-04-28,8,TEN,13198.0,13020.0
2022-04-28,9,TEN,13329.0,13157.0
2022-04-28,10,TEN,13752.0,13645.0
2022-04-28,11,TEN,15006.0,14680.0
2022-04-28,12,TEN,16203.0,15794.0
2022-04-28,13,TEN,16323.0,15691.0
2022-04-28,14,TEN,16191.0,15270.0
2022-04-28,15,TEN,16018.0,15117.0
2022-04-28,16,TEN,16080.0,15132.0
2022-04-28,17,TEN,16189.0,15316.0
2022-04-28,18,TEN,16337.0,15638.0
2022-04-28,19,TEN,16590.0,15898.0
2022-04-28,20,TEN,16850.0,16171.0
2022-04-28,21,TEN,17316.0,16428.0
2022-04-28,22,TEN,17773.0,16562.0
2022-04-28,23,TEN,17829.0,16569.0
2022-04-29,0,TEN,17545.0,16248.0
2022-04-29,1,TEN,17444.0,16171.0
2022-04-29,2,TEN,17334.0,16007.0
2022-04-29,3,TEN,16303.0,14977.0
2022-04-29,4,TEN,15089.0,13951.0
2022-04-29,5,TEN,14033.0,13255.0
2022-04-29,6,TEN,13361.0,13178.0
2022-04-29,7,TEN,12966.0,12795.0
2022-04-29,8,TEN,12754.0,12621.0
2022-04-29,9,TEN,12886.0,12749.0
2022-04-29,10,TEN,13323.0,13440.0
2022-04-29,11,TEN,14309.0,14433.0
2022-04-29,12,TEN,15290.0,15377.0
2022-04-29,13,TEN,15711.0,15784.0
2022-04-29,14,TEN,15919.0,15730.0
2022-04-29,15,TEN,16095.0,15732.0
2022-04-29,16,TEN,16509.0,15912.0
2022-04-29,17,TEN,16863.0,16257.0
2022-04-29,18,TEN,17247.0,16592.0
2022-04-29,19,TEN,17707.0,17049.0
2022-04-29,20,TEN,18072.0,17253.0
2022-04-29,21,TEN,18615.0,17507.0
2022-04-29,22,TEN,18800.0,17602.0
2022-04-29,23,TEN,18773.0,17463.0
2022-04-30,0,TEN,18313.0,16987.0
2022-04-30,1,TEN,17959.0,16695.0
2022-04-30,2,TEN,17836.0,16494.0
2022-04-30,3,TEN,16933.0,15608.0
2022-04-30,4,TEN,15771.0,14689.0
2022-04-30,5,TEN,14671.0,14118.0
2022-04-30,6,TEN,13822.0,13720.0
2022-04-30,7,TEN,13265.0,13203.0
2022-04-30,8,TEN,12803.0,12795.0
2022-04-30,9,TEN,12655.0,12632.0
2022-04-30,10,TEN,12743.0,12739.0
2022-04-30,11,TEN,13009.0,13009.0
2022-04-30,12,TEN,13299.0,13373.0
2022-04-30,13,TEN,14109.0,14140.0
2022-04-30,14,TEN,14953.0,14689.0
2022-04-30,15,TEN,15697.0,15028.0
2022-04-30,16,TEN,16398.0,15605.0
2022-04-30,17,TEN,17001.0,16006.0
2022-04-30,18,TEN,17652.0,16407.0
2022-04-30,19,TEN,18230.0,16952.0
2022-04-30,20,TEN,18692.0,17457.0
2022-04-30,21,TEN,18981.0,17710.0
2022-04-30,22,TEN,19186.0,17876.0
2022-04-30,23,TEN,18942.0,17660.0
2022-05-01,0,TEN,18521.0,17132.0
2022-05-01,1,TEN,18063.0,16776.0
2022-05-01,2,TEN,17761.0,16408.0
2022-05-01,3,TEN,17001.0,15658.0
2022-05-01,4,TEN,15883.0,14874.0
2022-05-01,5,TEN,14756.0,14372.0
2022-05-01,6,TEN,13887.0,13848.0
2022-05-01,7,TEN,13355.0,13084.0
2022-05-01,8,TEN,12960.0,12715.0
2022-05-01,9,TEN,12645.0,12438.0
2022-05-01,10,TEN,12511.0,12330.0
2022-05-01,11,TEN,12416.0,12274.0
2022-05-01,12,TEN,12698.0,12733.0
2022-05-01,13,TEN,13545.0,13620.0
2022-05-01,14,TEN,14589.0,14281.0
2022-05-01,15,TEN,15319.0,14620.0
2022-05-01,16,TEN,15880.0,14941.0
2022-05-01,17,TEN,16589.0,15668.0
2022-05-01,18,TEN,17136.0,16272.0
2022-05-01,19,TEN,17848.0,16731.0
2022-05-01,20,TEN,18555.0,17381.0
2022-05-01,21,TEN,19220.0,17865.0
2022-05-01,22,TEN,19669.0,18403.0
2022-05-01,23,TEN,19755.0,18503.0
2022-05-02,0,TEN,19253.0,18020.0
2022-05-02,1,TEN,18659.0,17606.0
2022-05-02,2,TEN,18147.0,17018.0
2022-05-02,3,TEN,17029.0,16081.0
2022-05-02,4,TEN,15550.0,14736.0
2022-05-02,5,TEN,14196.0,13802.0
2022-05-02,6,TEN,13391.0,13348.0
2022-05-02,7,TEN,12910.0,12658.0
2022-05-02,8,TEN,12614.0,12465.0
2022-05-02,9,TEN,12534.0,12357.0
2022-05-02,10,TEN,13000.0,12971.0
2022-05-02,11,TEN,13963.0,14052.0
2022-05-02,12,TEN,15108.0,15343.0
2022-05-02,13,TEN,15794.0,15811.0
2022-05-02,14,TEN,16253.0,15751.0
2022-05-02,15,TEN,16880.0,15905.0
2022-05-02,16,TEN,17666.0,16510.0
2022-05-02,17,TEN,18480.0,17292.0
2022-05-02,18,TEN,19215.0,18087.0
2022-05-02,19,TEN,19943.0,18755.0
2022-05-02,20,TEN,20659.0,19490.0
2022-05-02,21,TEN,21305.0,19401.0
2022-05-02,22,TEN,21291.0,19243.0
2022-05-02,23,TEN,21231.0,19160.0
2022-05-03,0,TEN,20702.0,19125.0
2022-05-03,1,TEN,20353.0,19107.0
2022-05-03,2,TEN,19824.0,18510.0
2022-05-03,3,TEN,18478.0,17237.0
2022-05-03,4,TEN,17029.0,16118.0
2022-05-03,5,TEN,15690.0,15385.0
2022-05-03,6,TEN,14898.0,14953.0
2022-05-03,7,TEN,14302.0,14292.0
2022-05-03,8,TEN,13950.0,14024.0
2022-05-03,9,TEN,13843.0,13940.0
2022-05-03,10,TEN,14173.0,14212.0
2022-05-03,11,TEN,15112.0,15179.0
2022-05-03,12,TEN,15923.0,15593.0
2022-05-03,13,TEN,16650.0,16480.0
2022-05-03,14,TEN,17358.0,16914.0
2022-05-03,15,TEN,18150.0,17249.0
2022-05-03,16,TEN,19045.0,17897.0
2022-05-03,17,TEN,19965.0,18672.0
2022-05-03,18,TEN,20608.0,19394.0
2022-05-03,19,TEN,21105.0,19557.0
2022-05-03,20,TEN,21512.0,19892.0
2022-05-03,21,TEN,21761.0,20439.0
2022-05-03,22,TEN,21828.0,20617.0
2022-05-03,23,TEN,21519.0,20054.0
2022-05-04,0,TEN,20919.0,19648.0
2022-05-04,1,TEN,20480.0,19234.0
2022-05-04,2,TEN,20249.0,18946.0
2022-05-04,3,TEN,19102.0,17777.0
2022-05-04,4,TEN,17691.0,16456.0
2022-05-04,5,TEN,16225.0,15276.0
2022-05-04,6,TEN,15147.0,14904.0
2022-05-04,7,TEN,14451.0,14468.0
2022-05-04,8,TEN,13957.0,13979.0
2022-05-04,9,TEN,13803.0,13784.0
2022-05-04,10,TEN,14057.0,14127.0
2022-05-04,11,TEN,14787.0,14869.0
2022-05-04,12,TEN,15603.0,15714.0
2022-05-04,13,TEN,16293.0,16377.0
2022-05-04,14,TEN,16769.0,16606.0
2022-05-04,15,TEN,17219.0,16907.0
2022-05-04,16,TEN,17879.0,17165.0
2022-05-04,17,TEN,18535.0,17598.0
2022-05-04,18,TEN,19240.0,18290.0
2022-05-04,19,TEN,19798.0,18697.0
2022-05-04,20,TEN,20191.0,19174.0
2022-05-04,21,TEN,20611.0,19669.0
2022-05-04,22,TEN,20771.0,19674.0
2022-05-04,23,TEN,20631.0,19523.0
2022-05-05,0,TEN,19869.0,18888.0
2022-05-05,1,TEN,19399.0,18426.0
2022-05-05,2,TEN,19180.0,18116.0
2022-05-05,3,TEN,17965.0,16916.0
2022-05-05,4,TEN,16444.0,15864.0
2022-05-05,5,TEN,15124.0,14807.0
2022-05-05,6,TEN,14264.0,14233.0
2022-05-05,7,TEN,13656.0,13971.0
2022-05-05,8,TEN,13339.0,13643.0
2022-05-05,9,TEN,13313.0,13654.0
2022-05-05,10,TEN,13617.0,13990.0
2022-05-05,11,TEN,14470.0,14517.0
2022-05-05,12,TEN,15500.0,15519.0
2022-05-05,13,TEN,16148.0,16196.0
2022-05-05,14,TEN,16610.0,16466.0
2022-05-05,15,TEN,17197.0,16521.0
2022-05-05,16,TEN,18005.0,16993.0
2022-05-05,17,TEN,18846.0,17607.0
2022-05-05,18,TEN,19772.0,18263.0
2022-05-05,19,TEN,20491.0,18787.0
2022-05-05,20,TEN,20957.0,19224.0
2022-05-05,21,TEN,21121.0,19472.0
2022-05-05,22,TEN,20868.0,19166.0
2022-05-05,23,TEN,20419.0,18711.0
2022-05-06,0,TEN,19816.0,18124.0
2022-05-06,1,TEN,19709.0,18021.0
2022-05-06,2,TEN,19392.0,18048.0
2022-05-06,3,TEN,18096.0,17001.0
2022-05-06,4,TEN,16720.0,15982.0
2022-05-06,5,TEN,15513.0,15391.0
2022-05-06,6,TEN,14640.0,14672.0
2022-05-06,7,TEN,14032.0,14135.0
2022-05-06,8,TEN,13672.0,13766.0
2022-05-06,9,TEN,13673.0,13744.0
2022-05-06,10,TEN,13887.0,13955.0
2022-05-06,11,TEN,14775.0,14924.0
2022-05-06,12,TEN,15809.0,16162.0
2022-05-06,13,TEN,16322.0,16684.0
2022-05-06,14,TEN,16783.0,17049.0
2022-05-06,15,TEN,17072.0,17144.0
2022-05-06,16,TEN,17423.0,17251.0
2022-05-06,17,TEN,17684.0,17497.0
2022-05-06,18,TEN,17817.0,17646.0
2022-05-06,19,TEN,17776.0,17602.0
2022-05-06,20,TEN,17531.0,17384.0
2022-05-06,21,TEN,17043.0,17000.0
2022-05-06,22,TEN,16805.0,16761.0
2022-05-06,23,TEN,16689.0,16652.0
2022-05-07,0,TEN,16393.0,16445.0
2022-05-07,1,TEN,16265.0,16182.0
2022-05-07,2,TEN,16334.0,16233.0
2022-05-07,3,TEN,15773.0,15600.0
2022-05-07,4,TEN,14933.0,14515.0
2022-05-07,5,TEN,13758.0,13609.0
2022-05-07,6,TEN,13253.0,13306.0
2022-05-07,7,TEN,12808.0,12943.0
2022-05-07,8,TEN,12229.0,12637.0
2022-05-07,9,TEN,12388.0,12487.0
2022-05-07,10,TEN,12453.0,12532.0
2022-05-07,11,TEN,12735.0,12795.0
2022-05-07,12,TEN,13059.0,13130.0
2022-05-07,13,TEN,13684.0,13782.0
2022-05-07,14,TEN,14459.0,14444.0
2022-05-07,15,TEN,14926.0,14939.0
2022-05-07,16,TEN,15174.0,15287.0
2022-05-07,17,TEN,15196.0,15234.0
2022-05-07,18,TEN,15132.0,15174.0
2022-05-07,19,TEN,15108.0,15114.0
2022-05-07,20,TEN,15015.0,15065.0
2022-05-07,21,TEN,15135.0,15137.0
2022-05-07,22,TEN,15232.0,15680.0
2022-05-07,23,TEN,15336.0,15879.0
2022-05-08,0,TEN,15208.0,15811.0
2022-05-08,1,TEN,15341.0,15815.0
2022-05-08,2,TEN,15475.0,15934.0
2022-05-08,3,TEN,14941.0,15409.0
2022-05-08,4,TEN,14144.0,14430.0
2022-05-08,5,TEN,13404.0,13477.0
2022-05-08,6,TEN,12907.0,13300.0
2022-05-08,7,TEN,12473.0,12988.0
2022-05-08,8,TEN,12343.0,12789.0
2022-05-08,9,TEN,12225.0,12703.0
2022-05-08,10,TEN,12386.0,12798.0
2022-05-08,11,TEN,12457.0,12863.0
2022-05-08,12,TEN,12865.0,12941.0
2022-05-08,13,TEN,13560.0,13639.0
2022-05-08,14,TEN,14239.0,14528.0
2022-05-08,15,TEN,14572.0,14859.0
2022-05-08,16,TEN,14713.0,14766.0
2022-05-08,17,TEN,14820.0,14626.0
2022-05-08,18,TEN,15023.0,14822.0
2022-05-08,19,TEN,15308.0,14934.0
2022-05-08,20,TEN,15720.0,15345.0
2022-05-08,21,TEN,16114.0,15715.0
2022-05-08,22,TEN,16524.0,16119.0
2022-05-08,23,TEN,16642.0,16253.0
2022-05-09,0,TEN,16668.0,16249.0
2022-05-09,1,TEN,16421.0,16036.0
2022-05-09,2,TEN,16660.0,16224.0
2022-05-09,3,TEN,15964.0,15505.0
2022-05-09,4,TEN,14896.0,14773.0
2022-05-09,5,TEN,13851.0,13871.0
2022-05-09,6,TEN,13257.0,13313.0
2022-05-09,7,TEN,12863.0,12925.0
2022-05-09,8,TEN,12708.0,12772.0
2022-05-09,9,TEN,12792.0,12911.0
2022-05-09,10,TEN,13216.0,13344.0
2022-05-09,11,TEN,14202.0,14253.0
2022-05-09,12,TEN,15228.0,14800.0
2022-05-09,13,TEN,15776.0,15179.0
2022-05-09,14,TEN,16158.0,15584.0
2022-05-09,15,TEN,16466.0,15648.0
2022-05-09,16,TEN,16865.0,15710.0
2022-05-09,17,TEN,17409.0,15974.0
2022-05-09,18,TEN,17967.0,16537.0
2022-05-09,19,TEN,18613.0,17163.0
2022-05-09,20,TEN,19253.0,17827.0
2022-05-09,21,TEN,19988.0,18541.0
2022-05-09,22,TEN,20578.0,19161.0
2022-05-09,23,TEN,20840.0,19369.0
2022-05-10,0,TEN,20590.0,19325.0
2022-05-10,1,TEN,19945.0,18707.0
2022-05-10,2,TEN,19615.0,18477.0
2022-05-10,3,TEN,18381.0,17317.0
2022-05-10,4,TEN,16801.0,16267.0
2022-05-10,5,TEN,15473.0,15533.0
2022-05-10,6,TEN,14614.0,14753.0
2022-05-10,7,TEN,13876.0,14189.0
2022-05-10,8,TEN,13567.0,13882.0
2022-05-10,9,TEN,13427.0,13760.0
2022-05-10,10,TEN,13715.0,14051.0
2022-05-10,11,TEN,14643.0,15017.0
2022-05-10,12,TEN,15607.0,15426.0
2022-05-10,13,TEN,16229.0,15973.0
2022-05-10,14,TEN,16591.0,16327.0
2022-05-10,15,TEN,17402.0,16997.0
2022-05-10,16,TEN,18120.0,17450.0
2022-05-10,17,TEN,18930.0,17931.0
2022-05-10,18,TEN,19881.0,18809.0
2022-05-10,19,TEN,20827.0,19760.0
2022-05-10,20,TEN,21817.0,20271.0
2022-05-10,21,TEN,22535.0,20702.0
2022-05-10,22,TEN,23193.0,21318.0
2022-05-10,23,TEN,23336.0,21388.0
2022-05-11,0,TEN,22744.0,20871.0
2022-05-11,1,TEN,21886.0,20071.0
2022-05-11,2,TEN,21278.0,19721.0
2022-05-11,3,TEN,19747.0,18681.0
2022-05-11,4,TEN,17954.0,17708.0
2022-05-11,5,TEN,16320.0,16426.0
2022-05-11,6,TEN,15202.0,15326.0
2022-05-11,7,TEN,14402.0,14556.0
2022-05-11,8,TEN,13981.0,14148.0
2022-05-11,9,TEN,13822.0,14003.0
2022-05-11,10,TEN,14030.0,14215.0
2022-05-11,11,TEN,14888.0,15039.0
2022-05-11,12,TEN,15904.0,15557.0
2022-05-11,13,TEN,16531.0,16078.0
2022-05-11,14,TEN,17264.0,16723.0
2022-05-11,15,TEN,18439.0,17525.0
2022-05-11,16,TEN,19606.0,17892.0
2022-05-11,17,TEN,20844.0,18723.0
2022-05-11,18,TEN,22120.0,19923.0
2022-05-11,19,TEN,23186.0,21028.0
2022-05-11,20,TEN,24120.0,21545.0
2022-05-11,21,TEN,24786.0,22171.0
2022-05-11,22,TEN,25280.0,22664.0
2022-05-11,23,TEN,25225.0,22576.0
2022-05-12,0,TEN,24503.0,21872.0
2022-05-12,1,TEN,23740.0,21582.0
2022-05-12,2,TEN,23045.0,20909.0
2022-05-12,3,TEN,21424.0,19506.0
2022-05-12,4,TEN,19448.0,18479.0
2022-05-12,5,TEN,17747.0,17594.0
2022-05-12,6,TEN,16506.0,16687.0
2022-05-12,7,TEN,15603.0,15836.0
2022-05-12,8,TEN,15001.0,15190.0
2022-05-12,9,TEN,14646.0,14920.0
2022-05-12,10,TEN,14803.0,15060.0
2022-05-12,11,TEN,15563.0,15809.0
2022-05-12,12,TEN,16564.0,16364.0
2022-05-12,13,TEN,17493.0,17118.0
2022-05-12,14,TEN,18477.0,17578.0
2022-05-12,15,TEN,19689.0,18003.0
2022-05-12,16,TEN,21050.0,19002.0
2022-05-12,17,TEN,22297.0,20251.0
2022-05-12,18,TEN,23333.0,21116.0
2022-05-12,19,TEN,24100.0,21295.0
2022-05-12,20,TEN,24853.0,21937.0
2022-05-12,21,TEN,25420.0,22426.0
2022-05-12,22,TEN,25517.0,22711.0
2022-05-12,23,TEN,25105.0,22405.0
2022-05-13,0,TEN,24237.0,21824.0
2022-05-13,1,TEN,23232.0,21156.0
2022-05-13,2,TEN,22372.0,20254.0
2022-05-13,3,TEN,20774.0,19024.0
2022-05-13,4,TEN,18896.0,17903.0
2022-05-13,5,TEN,17371.0,16912.0
2022-05-13,6,TEN,16191.0,16099.0
2022-05-13,7,TEN,15457.0,15592.0
2022-05-13,8,TEN,15044.0,15314.0
2022-05-13,9,TEN,14713.0,15174.0
2022-05-13,10,TEN,14890.0,15181.0
2022-05-13,11,TEN,15603.0,15803.0
2022-05-13,12,TEN,16672.0,16477.0
2022-05-13,13,TEN,17471.0,17077.0
2022-05-13,14,TEN,18270.0,17853.0
2022-05-13,15,TEN,19263.0,18806.0
2022-05-13,16,TEN,20238.0,19386.0
2022-05-13,17,TEN,21308.0,19766.0
2022-05-13,18,TEN,22236.0,20334.0
2022-05-13,19,TEN,23012.0,20986.0
2022-05-13,20,TEN,23371.0,21306.0
2022-05-13,21,TEN,23442.0,21334.0
2022-05-13,22,TEN,23140.0,21132.0
2022-05-13,23,TEN,22315.0,20341.0
2022-05-14,0,TEN,21347.0,19356.0
2022-05-14,1,TEN,20377.0,18577.0
2022-05-14,2,TEN,19796.0,18164.0
2022-05-14,3,TEN,18712.0,17884.0
2022-05-14,4,TEN,17394.0,17244.0
2022-05-14,5,TEN,16037.0,16342.0
2022-05-14,6,TEN,14966.0,15190.0
2022-05-14,7,TEN,14143.0,14397.0
2022-05-14,8,TEN,13562.0,13859.0
2022-05-14,9,TEN,13518.0,13755.0
2022-05-14,10,TEN,13497.0,13754.0
2022-05-14,11,TEN,13665.0,13942.0
2022-05-14,12,TEN,13810.0,14112.0
2022-05-14,13,TEN,14784.0,15066.0
2022-05-14,14,TEN,16080.0,16375.0
2022-05-14,15,TEN,17257.0,17187.0
2022-05-14,16,TEN,18394.0,17703.0
2022-05-14,17,TEN,19596.0,18601.0
2022-05-14,18,TEN,20563.0,19543.0
2022-05-14,19,TEN,21420.0,20195.0
2022-05-14,20,TEN,22190.0,20868.0
2022-05-14,21,TEN,22826.0,21543.0
2022-05-14,22,TEN,23098.0,21755.0
2022-05-14,23,TEN,22815.0,21548.0
2022-05-15,0,TEN,22041.0,20754.0
2022-05-15,1,TEN,20915.0,19696.0
2022-05-15,2,TEN,20243.0,18930.0
2022-05-15,3,TEN,19063.0,18108.0
2022-05-15,4,TEN,17667.0,17408.0
2022-05-15,5,TEN,16257.0,16496.0
2022-05-15,6,TEN,15157.0,15503.0
2022-05-15,7,TEN,14488.0,14675.0
2022-05-15,8,TEN,13932.0,14164.0
2022-05-15,9,TEN,13541.0,13760.0
2022-05-15,10,TEN,13463.0,13711.0
2022-05-15,11,TEN,13456.0,13686.0
2022-05-15,12,TEN,13535.0,13835.0
2022-05-15,13,TEN,14522.0,14858.0
2022-05-15,14,TEN,15600.0,15948.0
2022-05-15,15,TEN,16804.0,16841.0
2022-05-15,16,TEN,18088.0,17567.0
2022-05-15,17,TEN,19517.0,18517.0
2022-05-15,18,TEN,20866.0,19629.0
2022-05-15,19,TEN,22008.0,20597.0
2022-05-15,20,TEN,22817.0,20995.0
2022-05-15,21,TEN,23635.0,21434.0
2022-05-15,22,TEN,23775.0,21662.0
2022-05-15,23,TEN,23431.0,21598.0
2022-05-16,0,TEN,22246.0,20793.0
2022-05-16,1,TEN,21050.0,19862.0
2022-05-16,2,TEN,20433.0,19210.0
2022-05-16,3,TEN,19177.0,18084.0
2022-05-16,4,TEN,17525.0,17113.0
2022-05-16,5,TEN,16210.0,16244.0
2022-05-16,6,TEN,15069.0,15284.0
2022-05-16,7,TEN,14454.0,14633.0
2022-05-16,8,TEN,13978.0,14225.0
2022-05-16,9,TEN,13872.0,14084.0
2022-05-16,10,TEN,14115.0,14372.0
2022-05-16,11,TEN,15007.0,15297.0
2022-05-16,12,TEN,16082.0,16347.0
2022-05-16,13,TEN,16795.0,17103.0
2022-05-16,14,TEN,17552.0,17562.0
2022-05-16,15,TEN,18375.0,17895.0
2022-05-16,16,TEN,19306.0,18414.0
2022-05-16,17,TEN,20097.0,19222.0
2022-05-16,18,TEN,20813.0,19896.0
2022-05-16,19,TEN,21343.0,20448.0
2022-05-16,20,TEN,21850.0,20971.0
2022-05-16,21,TEN,22198.0,21243.0
2022-05-16,22,TEN,22497.0,21509.0
2022-05-16,23,TEN,22253.0,21376.0
2022-05-17,0,TEN,21575.0,20637.0
2022-05-17,1,TEN,20491.0,19663.0
2022-05-17,2,TEN,19778.0,18933.0
2022-05-17,3,TEN,18459.0,17556.0
2022-05-17,4,TEN,16825.0,16430.0
2022-05-17,5,TEN,15307.0,15545.0
2022-05-17,6,TEN,14386.0,14609.0
2022-05-17,7,TEN,13604.0,13972.0
2022-05-17,8,TEN,13371.0,13618.0
2022-05-17,9,TEN,13256.0,13583.0
2022-05-17,10,TEN,13502.0,13795.0
2022-05-17,11,TEN,14391.0,14705.0
2022-05-17,12,TEN,15259.0,15616.0
2022-05-17,13,TEN,15911.0,16210.0
2022-05-17,14,TEN,16607.0,16838.0
2022-05-17,15,TEN,17525.0,17451.0
2022-05-17,16,TEN,18383.0,17679.0
2022-05-17,17,TEN,19248.0,18053.0
2022-05-17,18,TEN,20144.0,18912.0
2022-05-17,19,TEN,21050.0,19715.0
2022-05-17,20,TEN,21833.0,20159.0
2022-05-17,21,TEN,22611.0,20809.0
2022-05-17,22,TEN,23041.0,21234.0
2022-05-17,23,TEN,22914.0,21206.0
2022-05-18,0,TEN,22128.0,20436.0
2022-05-18,1,TEN,21123.0,19861.0
2022-05-18,2,TEN,20486.0,19244.0
2022-05-18,3,TEN,18981.0,17666.0
2022-05-18,4,TEN,17229.0,16316.0
2022-05-18,5,TEN,15811.0,15589.0
2022-05-18,6,TEN,14651.0,14695.0
2022-05-18,7,TEN,13988.0,14073.0
2022-05-18,8,TEN,13669.0,13756.0
2022-05-18,9,TEN,13543.0,13673.0
2022-05-18,10,TEN,13658.0,13821.0
2022-05-18,11,TEN,14549.0,14671.0
2022-05-18,12,TEN,15340.0,14968.0
2022-05-18,13,TEN,15902.0,15103.0
2022-05-18,14,TEN,16652.0,15340.0
2022-05-18,15,TEN,17433.0,15744.0
2022-05-18,16,TEN,18468.0,16584.0
2022-05-18,17,TEN,19630.0,17613.0
2022-05-18,18,TEN,20812.0,18595.0
2022-05-18,19,TEN,21746.0,18683.0
2022-05-18,20,TEN,22783.0,20021.0
2022-05-18,21,TEN,23518.0,20397.0
2022-05-18,22,TEN,23962.0,20678.0
2022-05-18,23,TEN,24087.0,20762.0
2022-05-19,0,TEN,23600.0,20181.0
2022-05-19,1,TEN,22777.0,19788.0
2022-05-19,2,TEN,22326.0,19778.0
2022-05-19,3,TEN,20783.0,18352.0
2022-05-19,4,TEN,19081.0,17685.0
2022-05-19,5,TEN,17651.0,16613.0
2022-05-19,6,TEN,16507.0,16317.0
2022-05-19,7,TEN,15815.0,15585.0
2022-05-19,8,TEN,15342.0,15138.0
2022-05-19,9,TEN,15168.0,15020.0
2022-05-19,10,TEN,15350.0,15236.0
2022-05-19,11,TEN,16206.0,15899.0
2022-05-19,12,TEN,17247.0,16057.0
2022-05-19,13,TEN,18094.0,16265.0
2022-05-19,14,TEN,19545.0,17331.0
2022-05-19,15,TEN,20993.0,18680.0
2022-05-19,16,TEN,22641.0,19907.0
2022-05-19,17,TEN,23851.0,20835.0
2022-05-19,18,TEN,24914.0,21401.0
2022-05-19,19,TEN,25718.0,21762.0
2022-05-19,20,TEN,26353.0,22415.0
2022-05-19,21,TEN,26704.0,22782.0
2022-05-19,22,TEN,26788.0,22854.0
2022-05-19,23,TEN,26255.0,22358.0
2022-05-20,0,TEN,25265.0,21334.0
2022-05-20,1,TEN,24152.0,20678.0
2022-05-20,2,TEN,23594.0,20317.0
2022-05-20,3,TEN,22235.0,19425.0
2022-05-20,4,TEN,20483.0,18755.0
2022-05-20,5,TEN,18823.0,17556.0
2022-05-20,6,TEN,17599.0,16949.0
2022-05-20,7,TEN,16785.0,16153.0
2022-05-20,8,TEN,16241.0,15629.0
2022-05-20,9,TEN,15982.0,15380.0
2022-05-20,10,TEN,16142.0,15567.0
2022-05-20,11,TEN,16726.0,16144.0
2022-05-20,12,TEN,17936.0,16257.0
2022-05-20,13,TEN,19007.0,16988.0
2022-05-20,14,TEN,20104.0,17784.0
2022-05-20,15,TEN,21282.0,18808.0
2022-05-20,16,TEN,22631.0,19689.0
2022-05-20,17,TEN,23704.0,20460.0
2022-05-20,18,TEN,24619.0,21078.0
2022-05-20,19,TEN,25379.0,21253.0
2022-05-20,20,TEN,26190.0,22002.0
2022-05-20,21,TEN,26399.0,22272.0
2022-05-20,22,TEN,26578.0,22293.0
2022-05-20,23,TEN,26123.0,21969.0
2022-05-21,0,TEN,25008.0,20840.0
2022-05-21,1,TEN,23775.0,19676.0
2022-05-21,2,TEN,22907.0,19363.0
2022-05-21,3,TEN,21532.0,18700.0
2022-05-21,4,TEN,20072.0,18406.0
2022-05-21,5,TEN,18512.0,17148.0
2022-05-21,6,TEN,17258.0,16538.0
2022-05-21,7,TEN,16528.0,16071.0
2022-05-21,8,TEN,15832.0,15581.0
2022-05-21,9,TEN,15406.0,15270.0
2022-05-21,10,TEN,15283.0,15140.0
2022-05-21,11,TEN,15393.0,15240.0
2022-05-21,12,TEN,15839.0,15745.0
2022-05-21,13,TEN,17089.0,16692.0
2022-05-21,14,TEN,18609.0,17895.0
2022-05-21,15,TEN,20137.0,19152.0
2022-05-21,16,TEN,21627.0,20524.0
2022-05-21,17,TEN,22780.0,21483.0
2022-05-21,18,TEN,23882.0,22038.0
2022-05-21,19,TEN,24619.0,22147.0
2022-05-21,20,TEN,25079.0,21980.0
2022-05-21,21,TEN,25058.0,21743.0
2022-05-21,22,TEN,24847.0,21542.0
2022-05-21,23,TEN,24260.0,21039.0
2022-05-22,0,TEN,23290.0,20539.0
2022-05-22,1,TEN,21914.0,20047.0
2022-05-22,2,TEN,20952.0,19609.0
2022-05-22,3,TEN,19600.0,18454.0
2022-05-22,4,TEN,18167.0,17279.0
2022-05-22,5,TEN,16776.0,16528.0
2022-05-22,6,TEN,15641.0,15678.0
2022-05-22,7,TEN,14900.0,14971.0
2022-05-22,8,TEN,14410.0,14456.0
2022-05-22,9,TEN,14091.0,14163.0
2022-05-22,10,TEN,13903.0,14003.0
2022-05-22,11,TEN,13891.0,14036.0
2022-05-22,12,TEN,14115.0,14543.0
2022-05-22,13,TEN,14988.0,15612.0
2022-05-22,14,TEN,16374.0,16810.0
2022-05-22,15,TEN,17248.0,17946.0
2022-05-22,16,TEN,18309.0,19135.0
2022-05-22,17,TEN,19109.0,20227.0
2022-05-22,18,TEN,19797.0,20516.0
2022-05-22,19,TEN,20207.0,20876.0
2022-05-22,20,TEN,20270.0,21100.0
2022-05-22,21,TEN,20377.0,21037.0
2022-05-22,22,TEN,20135.0,20838.0
2022-05-22,23,TEN,19788.0,20687.0
2022-05-23,0,TEN,19098.0,20145.0
2022-05-23,1,TEN,18740.0,19779.0
2022-05-23,2,TEN,18457.0,19522.0
2022-05-23,3,TEN,17633.0,18565.0
2022-05-23,4,TEN,16419.0,16746.0
2022-05-23,5,TEN,15353.0,15508.0
2022-05-23,6,TEN,14539.0,14596.0
2022-05-23,7,TEN,14084.0,14134.0
2022-05-23,8,TEN,13832.0,13914.0
2022-05-23,9,TEN,13773.0,13889.0
2022-05-23,10,TEN,14269.0,14390.0
2022-05-23,11,TEN,15167.0,15433.0
2022-05-23,12,TEN,15915.0,16464.0
2022-05-23,13,TEN,16715.0,17262.0
2022-05-23,14,TEN,17148.0,17758.0
2022-05-23,15,TEN,17626.0,18368.0
2022-05-23,16,TEN,17853.0,18776.0
2022-05-23,17,TEN,18072.0,18827.0
2022-05-23,18,TEN,18078.0,19032.0
2022-05-23,19,TEN,18180.0,19135.0
2022-05-23,20,TEN,18080.0,19163.0
2022-05-23,21,TEN,18241.0,19204.0
2022-05-23,22,TEN,18346.0,19300.0
2022-05-23,23,TEN,18287.0,19270.0
2022-05-24,0,TEN,18054.0,19310.0
2022-05-24,1,TEN,17928.0,19346.0
2022-05-24,2,TEN,17998.0,19424.0
2022-05-24,3,TEN,17299.0,18580.0
2022-05-24,4,TEN,16209.0,16747.0
2022-05-24,5,TEN,14971.0,15565.0
2022-05-24,6,TEN,14367.0,14981.0
2022-05-24,7,TEN,13875.0,14534.0
2022-05-24,8,TEN,13592.0,14290.0
2022-05-24,9,TEN,13614.0,14300.0
2022-05-24,10,TEN,13935.0,14616.0
2022-05-24,11,TEN,14812.0,15570.0
2022-05-24,12,TEN,15674.0,16825.0
2022-05-24,13,TEN,16341.0,17254.0
2022-05-24,14,TEN,16817.0,17876.0
2022-05-24,15,TEN,17390.0,18653.0
2022-05-24,16,TEN,17928.0,19036.0
2022-05-24,17,TEN,18565.0,19407.0
2022-05-24,18,TEN,19073.0,20118.0
2022-05-24,19,TEN,19698.0,20671.0
2022-05-24,20,TEN,20231.0,21243.0
2022-05-24,21,TEN,20748.0,21771.0
2022-05-24,22,TEN,20891.0,21715.0
2022-05-24,23,TEN,20565.0,21464.0
2022-05-25,0,TEN,20242.0,21117.0
2022-05-25,1,TEN,19919.0,20810.0
2022-05-25,2,TEN,19595.0,20506.0
2022-05-25,3,TEN,18802.0,19612.0
2022-05-25,4,TEN,17483.0,18362.0
2022-05-25,5,TEN,16147.0,17406.0
2022-05-25,6,TEN,15377.0,15953.0
2022-05-25,7,TEN,14800.0,15451.0
2022-05-25,8,TEN,14458.0,15167.0
2022-05-25,9,TEN,14388.0,15135.0
2022-05-25,10,TEN,14633.0,15477.0
2022-05-25,11,TEN,15337.0,16528.0
2022-05-25,12,TEN,16232.0,17305.0
2022-05-25,13,TEN,17057.0,17813.0
2022-05-25,14,TEN,17841.0,18455.0
2022-05-25,15,TEN,18799.0,19346.0
2022-05-25,16,TEN,19631.0,20077.0
2022-05-25,17,TEN,20478.0,20931.0
2022-05-25,18,TEN,20887.0,21366.0
2022-05-25,19,TEN,20984.0,21424.0
2022-05-25,20,TEN,21045.0,21515.0
2022-05-25,21,TEN,20987.0,21452.0
2022-05-25,22,TEN,20735.0,21181.0
2022-05-25,23,TEN,20413.0,20851.0
2022-05-26,0,TEN,19882.0,20328.0
2022-05-26,1,TEN,19300.0,19699.0
2022-05-26,2,TEN,19156.0,19448.0
2022-05-26,3,TEN,18404.0,18654.0
2022-05-26,4,TEN,17341.0,17453.0
2022-05-26,5,TEN,16190.0,16880.0
2022-05-26,6,TEN,15422.0,15875.0
2022-05-26,7,TEN,14781.0,15262.0
2022-05-26,8,TEN,14555.0,15244.0
2022-05-26,9,TEN,14234.0,15095.0
2022-05-26,10,TEN,14517.0,15054.0
2022-05-26,11,TEN,15227.0,15762.0
2022-05-26,12,TEN,15948.0,16325.0
2022-05-26,13,TEN,16712.0,17159.0
2022-05-26,14,TEN,17378.0,17810.0
2022-05-26,15,TEN,17917.0,18441.0
2022-05-26,16,TEN,18291.0,18790.0
2022-05-26,17,TEN,18672.0,19254.0
2022-05-26,18,TEN,18852.0,19523.0
2022-05-26,19,TEN,18935.0,19685.0
2022-05-26,20,TEN,19046.0,19805.0
2022-05-26,21,TEN,19002.0,19797.0
2022-05-26,22,TEN,18978.0,19788.0
2022-05-26,23,TEN,18890.0,19688.0
2022-05-27,0,TEN,18432.0,19236.0
2022-05-27,1,TEN,18126.0,19281.0
2022-05-27,2,TEN,18038.0,19085.0
2022-05-27,3,TEN,17360.0,18371.0
2022-05-27,4,TEN,16353.0,16667.0
2022-05-27,5,TEN,15105.0,15561.0
2022-05-27,6,TEN,14341.0,14425.0
2022-05-27,7,TEN,13865.0,13946.0
2022-05-27,8,TEN,13537.0,13679.0
2022-05-27,9,TEN,13435.0,13592.0
2022-05-27,10,TEN,13735.0,13874.0
2022-05-27,11,TEN,14248.0,14355.0
2022-05-27,12,TEN,15002.0,15386.0
2022-05-27,13,TEN,15843.0,16163.0
2022-05-27,14,TEN,16262.0,16701.0
2022-05-27,15,TEN,16747.0,17198.0
2022-05-27,16,TEN,17353.0,17793.0
2022-05-27,17,TEN,17669.0,18136.0
2022-05-27,18,TEN,17855.0,18578.0
2022-05-27,19,TEN,17972.0,18741.0
2022-05-27,20,TEN,17976.0,18774.0
2022-05-27,21,TEN,18051.0,18718.0
2022-05-27,22,TEN,17963.0,18606.0
2022-05-27,23,TEN,17815.0,18608.0
2022-05-28,0,TEN,17428.0,18422.0
2022-05-28,1,TEN,17033.0,18339.0
2022-05-28,2,TEN,17042.0,18521.0
2022-05-28,3,TEN,16411.0,17416.0
2022-05-28,4,TEN,15429.0,16375.0
2022-05-28,5,TEN,14252.0,14969.0
2022-05-28,6,TEN,13469.0,13815.0
2022-05-28,7,TEN,12843.0,13220.0
2022-05-28,8,TEN,12579.0,12736.0
2022-05-28,9,TEN,12484.0,12666.0
2022-05-28,10,TEN,12444.0,12627.0
2022-05-28,11,TEN,12520.0,12763.0
2022-05-28,12,TEN,12786.0,13239.0
2022-05-28,13,TEN,13383.0,13807.0
2022-05-28,14,TEN,14309.0,14741.0
2022-05-28,15,TEN,15012.0,15457.0
2022-05-28,16,TEN,15611.0,15990.0
2022-05-28,17,TEN,16178.0,16610.0
2022-05-28,18,TEN,16669.0,17033.0
2022-05-28,19,TEN,17093.0,17522.0
2022-05-28,20,TEN,17700.0,18134.0
2022-05-28,21,TEN,18208.0,18710.0
2022-05-28,22,TEN,18599.0,19075.0
2022-05-28,23,TEN,18725.0,19193.0
2022-05-29,0,TEN,18427.0,19027.0
2022-05-29,1,TEN,17576.0,18233.0
2022-05-29,2,TEN,17241.0,17883.0
2022-05-29,3,TEN,16460.0,17050.0
2022-05-29,4,TEN,15432.0,16029.0
2022-05-29,5,TEN,14334.0,14646.0
2022-05-29,6,TEN,13538.0,13666.0
2022-05-29,7,TEN,12909.0,13434.0
2022-05-29,8,TEN,12529.0,13224.0
2022-05-29,9,TEN,12317.0,13225.0
2022-05-29,10,TEN,12397.0,13221.0
2022-05-29,11,TEN,12422.0,13236.0
2022-05-29,12,TEN,12710.0,13753.0
2022-05-29,13,TEN,13568.0,14489.0
2022-05-29,14,TEN,14693.0,15156.0
2022-05-29,15,TEN,15733.0,16185.0
2022-05-29,16,TEN,16860.0,17182.0
2022-05-29,17,TEN,17995.0,18347.0
2022-05-29,18,TEN,19015.0,19332.0
2022-05-29,19,TEN,19976.0,20366.0
2022-05-29,20,TEN,20820.0,20965.0
2022-05-29,21,TEN,21569.0,21600.0
2022-05-29,22,TEN,21969.0,21975.0
2022-05-29,23,TEN,22026.0,22035.0
2022-05-30,0,TEN,21377.0,21726.0
2022-05-30,1,TEN,20253.0,21006.0
2022-05-30,2,TEN,19416.0,20389.0
2022-05-30,3,TEN,18337.0,19241.0
2022-05-30,4,TEN,16976.0,17804.0
2022-05-30,5,TEN,15569.0,16360.0
2022-05-30,6,TEN,14543.0,15028.0
2022-05-30,7,TEN,13879.0,14382.0
2022-05-30,8,TEN,13416.0,14038.0
2022-05-30,9,TEN,13175.0,13922.0
2022-05-30,10,TEN,13011.0,13895.0
2022-05-30,11,TEN,13015.0,13806.0
2022-05-30,12,TEN,13319.0,14153.0
2022-05-30,13,TEN,14389.0,14853.0
2022-05-30,14,TEN,15963.0,16456.0
2022-05-30,15,TEN,17632.0,18077.0
2022-05-30,16,TEN,19340.0,19654.0
2022-05-30,17,TEN,20931.0,21001.0
2022-05-30,18,TEN,21938.0,21753.0
2022-05-30,19,TEN,22929.0,22453.0
2022-05-30,20,TEN,23550.0,23070.0
2022-05-30,21,TEN,24100.0,23661.0
2022-05-30,22,TEN,24382.0,23824.0
2022-05-30,23,TEN,24198.0,23418.0
2022-05-31,0,TEN,23696.0,22615.0
2022-05-31,1,TEN,22672.0,21885.0
2022-05-31,2,TEN,21801.0,21278.0
2022-05-31,3,TEN,20436.0,20193.0
2022-05-31,4,TEN,18783.0,18683.0
2022-05-31,5,TEN,17197.0,17081.0
2022-05-31,6,TEN,16048.0,16187.0
2022-05-31,7,TEN,15259.0,15256.0
2022-05-31,8,TEN,14528.0,14557.0
2022-05-31,9,TEN,14469.0,14556.0
2022-05-31,10,TEN,14676.0,14815.0
2022-05-31,11,TEN,15235.0,15481.0
2022-05-31,12,TEN,16276.0,16546.0
2022-05-31,13,TEN,17737.0,17688.0
2022-05-31,14,TEN,19334.0,18971.0
2022-05-31,15,TEN,20890.0,20305.0
2022-05-31,16,TEN,22640.0,21851.0
2022-05-31,17,TEN,24125.0,23258.0
2022-05-31,18,TEN,25293.0,24160.0
2022-05-31,19,TEN,26146.0,24966.0
2022-05-31,20,TEN,26832.0,25244.0
2022-05-31,21,TEN,27272.0,25485.0
2022-05-31,22,TEN,27380.0,25794.0
2022-05-31,23,TEN,27270.0,25653.0
2022-06-01,0,TEN,26527.0,24883.0
2022-06-01,1,TEN,25252.0,24083.0
2022-06-01,2,TEN,24275.0,23081.0
2022-06-01,3,TEN,22552.0,21345.0
2022-06-01,4,TEN,20671.0,19836.0
2022-06-01,5,TEN,18832.0,18890.0
2022-06-01,6,TEN,17391.0,17756.0
2022-06-01,7,TEN,16401.0,16883.0
2022-06-01,8,TEN,15738.0,16209.0
2022-06-01,9,TEN,15425.0,15967.0
2022-06-01,10,TEN,15477.0,16023.0
2022-06-01,11,TEN,15781.0,16467.0
2022-06-01,12,TEN,16691.0,17018.0
2022-06-01,13,TEN,17977.0,18318.0
2022-06-01,14,TEN,19611.0,19856.0
2022-06-01,15,TEN,21436.0,21379.0
2022-06-01,16,TEN,23437.0,22903.0
2022-06-01,17,TEN,25022.0,24326.0
2022-06-01,18,TEN,26090.0,24987.0
2022-06-01,19,TEN,26974.0,25641.0
2022-06-01,20,TEN,27499.0,26208.0
2022-06-01,21,TEN,27752.0,26418.0
2022-06-01,22,TEN,27716.0,26394.0
2022-06-01,23,TEN,27361.0,26025.0
2022-06-02,0,TEN,26570.0,25220.0
2022-06-02,1,TEN,25229.0,23979.0
2022-06-02,2,TEN,24102.0,22850.0
2022-06-02,3,TEN,22490.0,21519.0
2022-06-02,4,TEN,20742.0,20323.0
2022-06-02,5,TEN,19031.0,18948.0
2022-06-02,6,TEN,17646.0,17805.0
2022-06-02,7,TEN,16694.0,16802.0
2022-06-02,8,TEN,15972.0,16134.0
2022-06-02,9,TEN,15583.0,15770.0
2022-06-02,10,TEN,15498.0,15824.0
2022-06-02,11,TEN,16334.0,16552.0
2022-06-02,12,TEN,16981.0,17298.0
2022-06-02,13,TEN,18210.0,18490.0
2022-06-02,14,TEN,19349.0,19671.0
2022-06-02,15,TEN,20843.0,20781.0
2022-06-02,16,TEN,22235.0,22124.0
2022-06-02,17,TEN,23324.0,22739.0
2022-06-02,18,TEN,23920.0,23294.0
2022-06-02,19,TEN,24184.0,23463.0
2022-06-02,20,TEN,24105.0,23022.0
2022-06-02,21,TEN,23615.0,22562.0
2022-06-02,22,TEN,23087.0,22084.0
2022-06-02,23,TEN,22375.0,21313.0
2022-06-03,0,TEN,21676.0,20663.0
2022-06-03,1,TEN,20809.0,19914.0
2022-06-03,2,TEN,20589.0,19989.0
2022-06-03,3,TEN,19646.0,19222.0
2022-06-03,4,TEN,18246.0,18023.0
2022-06-03,5,TEN,16878.0,17090.0
2022-06-03,6,TEN,15945.0,16053.0
2022-06-03,7,TEN,15337.0,15436.0
2022-06-03,8,TEN,14817.0,14900.0
2022-06-03,9,TEN,14614.0,14686.0
2022-06-03,10,TEN,14805.0,14931.0
2022-06-03,11,TEN,15306.0,15600.0
2022-06-03,12,TEN,15954.0,16272.0
2022-06-03,13,TEN,16845.0,17148.0
2022-06-03,14,TEN,17861.0,17652.0
2022-06-03,15,TEN,18750.0,18170.0
2022-06-03,16,TEN,19715.0,18890.0
2022-06-03,17,TEN,20572.0,19575.0
2022-06-03,18,TEN,21364.0,20337.0
2022-06-03,19,TEN,22007.0,20949.0
2022-06-03,20,TEN,22596.0,21604.0
2022-06-03,21,TEN,22863.0,21804.0
2022-06-03,22,TEN,22949.0,21916.0
2022-06-03,23,TEN,22667.0,21623.0
2022-06-04,0,TEN,21949.0,20890.0
2022-06-04,1,TEN,20659.0,19610.0
2022-06-04,2,TEN,19699.0,18625.0
2022-06-04,3,TEN,18568.0,17845.0
2022-06-04,4,TEN,17229.0,17048.0
2022-06-04,5,TEN,15774.0,15554.0
2022-06-04,6,TEN,14703.0,14535.0
2022-06-04,7,TEN,13987.0,13829.0
2022-06-04,8,TEN,13467.0,13333.0
2022-06-04,9,TEN,13241.0,13079.0
2022-06-04,10,TEN,13123.0,12996.0
2022-06-04,11,TEN,13262.0,13097.0
2022-06-04,12,TEN,13509.0,13403.0
2022-06-04,13,TEN,14455.0,14470.0
2022-06-04,14,TEN,15465.0,15568.0
2022-06-04,15,TEN,16651.0,16731.0
2022-06-04,16,TEN,17761.0,17226.0
2022-06-04,17,TEN,18778.0,18069.0
2022-06-04,18,TEN,19835.0,18727.0
2022-06-04,19,TEN,20669.0,19716.0
2022-06-04,20,TEN,21385.0,20619.0
2022-06-04,21,TEN,22015.0,21026.0
2022-06-04,22,TEN,22433.0,21404.0
2022-06-04,23,TEN,22291.0,21146.0
2022-06-05,0,TEN,21602.0,20487.0
2022-06-05,1,TEN,20370.0,19281.0
2022-06-05,2,TEN,19169.0,18205.0
2022-06-05,3,TEN,18102.0,17316.0
2022-06-05,4,TEN,16630.0,15968.0
2022-06-05,5,TEN,15491.0,14641.0
2022-06-05,6,TEN,14439.0,13980.0
2022-06-05,7,TEN,13808.0,13229.0
2022-06-05,8,TEN,13333.0,12781.0
2022-06-05,9,TEN,12943.0,12437.0
2022-06-05,10,TEN,12870.0,12323.0
2022-06-05,11,TEN,12849.0,12257.0
2022-06-05,12,TEN,13139.0,12482.0
2022-06-05,13,TEN,14051.0,13221.0
2022-06-05,14,TEN,15183.0,14348.0
2022-06-05,15,TEN,16383.0,15641.0
2022-06-05,16,TEN,17798.0,16949.0
2022-06-05,17,TEN,19345.0,18285.0
2022-06-05,18,TEN,20585.0,19502.0
2022-06-05,19,TEN,21660.0,20649.0
2022-06-05,20,TEN,22584.0,21550.0
2022-06-05,21,TEN,23052.0,21997.0
2022-06-05,22,TEN,23442.0,22146.0
2022-06-05,23,TEN,23578.0,22073.0
2022-06-06,0,TEN,22962.0,21752.0
2022-06-06,1,TEN,21840.0,20759.0
2022-06-06,2,TEN,21090.0,20005.0
2022-06-06,3,TEN,19828.0,18741.0
2022-06-06,4,TEN,18215.0,16996.0
2022-06-06,5,TEN,16562.0,15308.0
2022-06-06,6,TEN,15448.0,14687.0
2022-06-06,7,TEN,14859.0,14144.0
2022-06-06,8,TEN,14439.0,13697.0
2022-06-06,9,TEN,14349.0,13695.0
2022-06-06,10,TEN,14581.0,13937.0
2022-06-06,11,TEN,15069.0,14542.0
2022-06-06,12,TEN,16084.0,15066.0
2022-06-06,13,TEN,17423.0,15786.0
2022-06-06,14,TEN,18604.0,16902.0
2022-06-06,15,TEN,19784.0,18049.0
2022-06-06,16,TEN,20917.0,19203.0
2022-06-06,17,TEN,22028.0,20357.0
2022-06-06,18,TEN,22859.0,21122.0
2022-06-06,19,TEN,23365.0,21477.0
2022-06-06,20,TEN,23761.0,21545.0
2022-06-06,21,TEN,23620.0,21181.0
2022-06-06,22,TEN,23465.0,20986.0
2022-06-06,23,TEN,23066.0,20665.0
2022-06-07,0,TEN,22327.0,20347.0
2022-06-07,1,TEN,21657.0,19968.0
2022-06-07,2,TEN,21472.0,19792.0
2022-06-07,3,TEN,20439.0,18515.0
2022-06-07,4,TEN,19060.0,17645.0
2022-06-07,5,TEN,17721.0,16469.0
2022-06-07,6,TEN,16875.0,15860.0
2022-06-07,7,TEN,16191.0,15206.0
2022-06-07,8,TEN,15868.0,14980.0
2022-06-07,9,TEN,15709.0,14821.0
2022-06-07,10,TEN,15828.0,14760.0
2022-06-07,11,TEN,16478.0,15275.0
2022-06-07,12,TEN,17320.0,15816.0
2022-06-07,13,TEN,18242.0,16423.0
2022-06-07,14,TEN,19229.0,17451.0
2022-06-07,15,TEN,20297.0,18443.0
2022-06-07,16,TEN,21354.0,19442.0
2022-06-07,17,TEN,22454.0,20332.0
2022-06-07,18,TEN,23597.0,21311.0
2022-06-07,19,TEN,24415.0,22168.0
2022-06-07,20,TEN,24910.0,22521.0
2022-06-07,21,TEN,25020.0,22717.0
2022-06-07,22,TEN,24585.0,22364.0
2022-06-07,23,TEN,23681.0,21567.0
2022-06-08,0,TEN,22622.0,20560.0
2022-06-08,1,TEN,21782.0,19538.0
2022-06-08,2,TEN,21302.0,18980.0
2022-06-08,3,TEN,20442.0,18449.0
2022-06-08,4,TEN,18878.0,17588.0
2022-06-08,5,TEN,17675.0,16347.0
2022-06-08,6,TEN,16781.0,15479.0
2022-06-08,7,TEN,16101.0,14832.0
2022-06-08,8,TEN,15684.0,14395.0
2022-06-08,9,TEN,15457.0,14123.0
2022-06-08,10,TEN,15602.0,14268.0
2022-06-08,11,TEN,16315.0,15194.0
2022-06-08,12,TEN,17184.0,15668.0
2022-06-08,13,TEN,18134.0,16588.0
2022-06-08,14,TEN,19080.0,17132.0
2022-06-08,15,TEN,20093.0,18213.0
2022-06-08,16,TEN,21263.0,19331.0
2022-06-08,17,TEN,22234.0,20174.0
2022-06-08,18,TEN,23086.0,20855.0
2022-06-08,19,TEN,24028.0,21813.0
2022-06-08,20,TEN,24776.0,22442.0
2022-06-08,21,TEN,25244.0,22845.0
2022-06-08,22,TEN,25328.0,22964.0
2022-06-08,23,TEN,24766.0,22434.0
2022-06-09,0,TEN,23845.0,21877.0
2022-06-09,1,TEN,22780.0,20812.0
2022-06-09,2,TEN,21970.0,20116.0
2022-06-09,3,TEN,20796.0,18937.0
2022-06-09,4,TEN,19418.0,18135.0
2022-06-09,5,TEN,17939.0,16947.0
2022-06-09,6,TEN,16769.0,15986.0
2022-06-09,7,TEN,15995.0,15210.0
2022-06-09,8,TEN,15640.0,14993.0
2022-06-09,9,TEN,15319.0,14699.0
2022-06-09,10,TEN,15397.0,14840.0
2022-06-09,11,TEN,15941.0,15501.0
2022-06-09,12,TEN,16798.0,16447.0
2022-06-09,13,TEN,17797.0,17486.0
2022-06-09,14,TEN,18680.0,18089.0
2022-06-09,15,TEN,19663.0,18860.0
2022-06-09,16,TEN,20750.0,19839.0
2022-06-09,17,TEN,21767.0,20713.0
2022-06-09,18,TEN,22568.0,21608.0
2022-06-09,19,TEN,23187.0,22152.0
2022-06-09,20,TEN,23673.0,22551.0
2022-06-09,21,TEN,24117.0,23040.0
2022-06-09,22,TEN,24164.0,23093.0
2022-06-09,23,TEN,23971.0,22861.0
2022-06-10,0,TEN,23119.0,22109.0
2022-06-10,1,TEN,21927.0,20902.0
2022-06-10,2,TEN,20982.0,20210.0
2022-06-10,3,TEN,19746.0,19376.0
2022-06-10,4,TEN,18154.0,17965.0
2022-06-10,5,TEN,16752.0,16951.0
2022-06-10,6,TEN,15502.0,15503.0
2022-06-10,7,TEN,14858.0,14750.0
2022-06-10,8,TEN,14420.0,14361.0
2022-06-10,9,TEN,14172.0,14063.0
2022-06-10,10,TEN,14343.0,14309.0
2022-06-10,11,TEN,14781.0,14924.0
2022-06-10,12,TEN,15538.0,15472.0
2022-06-10,13,TEN,16470.0,16413.0
2022-06-10,14,TEN,17309.0,16788.0
2022-06-10,15,TEN,17999.0,17342.0
2022-06-10,16,TEN,18884.0,18061.0
2022-06-10,17,TEN,19511.0,18683.0
2022-06-10,18,TEN,19944.0,19075.0
2022-06-10,19,TEN,20371.0,19479.0
2022-06-10,20,TEN,20591.0,19725.0
2022-06-10,21,TEN,21069.0,20135.0
2022-06-10,22,TEN,21430.0,20513.0
2022-06-10,23,TEN,21426.0,20522.0
2022-06-11,0,TEN,20874.0,19951.0
2022-06-11,1,TEN,20147.0,19270.0
2022-06-11,2,TEN,19585.0,18795.0
2022-06-11,3,TEN,18779.0,18170.0
2022-06-11,4,TEN,17375.0,17129.0
2022-06-11,5,TEN,16008.0,16061.0
2022-06-11,6,TEN,15040.0,14881.0
2022-06-11,7,TEN,14255.0,14182.0
2022-06-11,8,TEN,13896.0,13800.0
2022-06-11,9,TEN,13635.0,13552.0
2022-06-11,10,TEN,13513.0,13408.0
2022-06-11,11,TEN,13638.0,13472.0
2022-06-11,12,TEN,13892.0,13880.0
2022-06-11,13,TEN,14797.0,15040.0
2022-06-11,14,TEN,15980.0,16268.0
2022-06-11,15,TEN,17390.0,17576.0
2022-06-11,16,TEN,18762.0,18455.0
2022-06-11,17,TEN,20068.0,19408.0
2022-06-11,18,TEN,21292.0,20350.0
2022-06-11,19,TEN,22269.0,21190.0
2022-06-11,20,TEN,23208.0,21944.0
2022-06-11,21,TEN,23880.0,22700.0
2022-06-11,22,TEN,24348.0,23195.0
2022-06-11,23,TEN,24313.0,23301.0
2022-06-12,0,TEN,23701.0,22609.0
2022-06-12,1,TEN,22454.0,21436.0
2022-06-12,2,TEN,21515.0,20435.0
2022-06-12,3,TEN,20270.0,19532.0
2022-06-12,4,TEN,18783.0,18265.0
2022-06-12,5,TEN,17213.0,16933.0
2022-06-12,6,TEN,15997.0,15766.0
2022-06-12,7,TEN,15234.0,15047.0
2022-06-12,8,TEN,14767.0,14545.0
2022-06-12,9,TEN,14391.0,14210.0
2022-06-12,10,TEN,14070.0,13872.0
2022-06-12,11,TEN,14051.0,13864.0
2022-06-12,12,TEN,14267.0,14151.0
2022-06-12,13,TEN,15481.0,15312.0
2022-06-12,14,TEN,17125.0,16343.0
2022-06-12,15,TEN,18970.0,17856.0
2022-06-12,16,TEN,20940.0,19821.0
2022-06-12,17,TEN,22757.0,21440.0
2022-06-12,18,TEN,24210.0,23008.0
2022-06-12,19,TEN,25330.0,23661.0
2022-06-12,20,TEN,26084.0,24552.0
2022-06-12,21,TEN,26658.0,24727.0
2022-06-12,22,TEN,27021.0,24930.0
2022-06-12,23,TEN,26787.0,24306.0
2022-06-13,0,TEN,26406.0,24031.0
2022-06-13,1,TEN,25785.0,23595.0
2022-06-13,2,TEN,24873.0,23048.0
2022-06-13,3,TEN,23593.0,22474.0
2022-06-13,4,TEN,21976.0,21054.0
2022-06-13,5,TEN,20379.0,19508.0
2022-06-13,6,TEN,19288.0,18212.0
2022-06-13,7,TEN,18353.0,17569.0
2022-06-13,8,TEN,17716.0,17165.0
2022-06-13,9,TEN,17366.0,16835.0
2022-06-13,10,TEN,17487.0,16973.0
2022-06-13,11,TEN,18021.0,17730.0
2022-06-13,12,TEN,19086.0,17820.0
2022-06-13,13,TEN,20634.0,18672.0
2022-06-13,14,TEN,22595.0,20196.0
2022-06-13,15,TEN,24607.0,21824.0
2022-06-13,16,TEN,26599.0,23539.0
2022-06-13,17,TEN,28327.0,24892.0
2022-06-13,18,TEN,29568.0,25326.0
2022-06-13,19,TEN,30466.0,26041.0
2022-06-13,20,TEN,31021.0,26490.0
2022-06-13,21,TEN,31274.0,26874.0
2022-06-13,22,TEN,31311.0,26955.0
2022-06-13,23,TEN,31012.0,26613.0
2022-06-14,0,TEN,30443.0,26302.0
2022-06-14,1,TEN,29497.0,25990.0
2022-06-14,2,TEN,28677.0,25371.0
2022-06-14,3,TEN,27201.0,24432.0
2022-06-14,4,TEN,25292.0,23637.0
2022-06-14,5,TEN,23347.0,21900.0
2022-06-14,6,TEN,21821.0,20420.0
2022-06-14,7,TEN,20732.0,19437.0
2022-06-14,8,TEN,19848.0,18543.0
2022-06-14,9,TEN,19345.0,18088.0
2022-06-14,10,TEN,19258.0,17977.0
2022-06-14,11,TEN,19487.0,18133.0
2022-06-14,12,TEN,20253.0,18110.0
2022-06-14,13,TEN,21695.0,19397.0
2022-06-14,14,TEN,23241.0,20800.0
2022-06-14,15,TEN,24799.0,22042.0
2022-06-14,16,TEN,26600.0,23685.0
2022-06-14,17,TEN,28109.0,24588.0
2022-06-14,18,TEN,29300.0,25729.0
2022-06-14,19,TEN,29847.0,26407.0
2022-06-14,20,TEN,29726.0,26218.0
2022-06-14,21,TEN,30031.0,26527.0
2022-06-14,22,TEN,30072.0,26563.0
2022-06-14,23,TEN,29773.0,26250.0
2022-06-15,0,TEN,29399.0,25869.0
2022-06-15,1,TEN,28618.0,25037.0
2022-06-15,2,TEN,27738.0,24128.0
2022-06-15,3,TEN,26330.0,23615.0
2022-06-15,4,TEN,24309.0,22722.0
2022-06-15,5,TEN,22634.0,21116.0
2022-06-15,6,TEN,21040.0,19692.0
2022-06-15,7,TEN,19989.0,18805.0
2022-06-15,8,TEN,19086.0,18094.0
2022-06-15,9,TEN,18277.0,17284.0
2022-06-15,10,TEN,18379.0,17269.0
2022-06-15,11,TEN,18605.0,17579.0
2022-06-15,12,TEN,19407.0,17916.0
2022-06-15,13,TEN,21104.0,19005.0
2022-06-15,14,TEN,23088.0,20802.0
2022-06-15,15,TEN,25161.0,22434.0
2022-06-15,16,TEN,27087.0,24368.0
2022-06-15,17,TEN,28723.0,25584.0
2022-06-15,18,TEN,29854.0,26132.0
2022-06-15,19,TEN,30392.0,26565.0
2022-06-15,20,TEN,30544.0,26878.0
2022-06-15,21,TEN,30724.0,27076.0
2022-06-15,22,TEN,30784.0,27028.0
2022-06-15,23,TEN,30424.0,26621.0
2022-06-16,0,TEN,30056.0,25999.0
2022-06-16,1,TEN,29120.0,25236.0
2022-06-16,2,TEN,28249.0,24436.0
2022-06-16,3,TEN,26756.0,23779.0
2022-06-16,4,TEN,24816.0,22895.0
2022-06-16,5,TEN,23084.0,21537.0
2022-06-16,6,TEN,21491.0,20092.0
2022-06-16,7,TEN,20440.0,19009.0
2022-06-16,8,TEN,19452.0,18045.0
2022-06-16,9,TEN,18956.0,17659.0
2022-06-16,10,TEN,18668.0,17402.0
2022-06-16,11,TEN,18849.0,17567.0
2022-06-16,12,TEN,19792.0,18015.0
2022-06-16,13,TEN,21232.0,19140.0
2022-06-16,14,TEN,23083.0,20457.0
2022-06-16,15,TEN,25060.0,22229.0
2022-06-16,16,TEN,26925.0,23942.0
2022-06-16,17,TEN,28517.0,25182.0
2022-06-16,18,TEN,29819.0,26084.0
2022-06-16,19,TEN,30635.0,26710.0
2022-06-16,20,TEN,31213.0,27175.0
2022-06-16,21,TEN,31586.0,27470.0
2022-06-16,22,TEN,31617.0,27553.0
2022-06-16,23,TEN,31190.0,27195.0
2022-06-17,0,TEN,30512.0,26637.0
2022-06-17,1,TEN,29340.0,25674.0
2022-06-17,2,TEN,28511.0,25051.0
2022-06-17,3,TEN,27095.0,24361.0
2022-06-17,4,TEN,25161.0,23461.0
2022-06-17,5,TEN,23271.0,21990.0
2022-06-17,6,TEN,21698.0,20487.0
2022-06-17,7,TEN,20478.0,19513.0
2022-06-17,8,TEN,19476.0,18377.0
2022-06-17,9,TEN,19075.0,17903.0
2022-06-17,10,TEN,19137.0,18006.0
2022-06-17,11,TEN,19315.0,18209.0
2022-06-17,12,TEN,20197.0,18716.0
2022-06-17,13,TEN,21776.0,20204.0
2022-06-17,14,TEN,23449.0,21296.0
2022-06-17,15,TEN,25573.0,23248.0
2022-06-17,16,TEN,26138.0,23717.0
2022-06-17,17,TEN,26665.0,23855.0
2022-06-17,18,TEN,26960.0,24189.0
2022-06-17,19,TEN,26294.0,23680.0
2022-06-17,20,TEN,25829.0,23352.0
2022-06-17,21,TEN,25756.0,23248.0
2022-06-17,22,TEN,25990.0,23386.0
2022-06-17,23,TEN,25949.0,23436.0
2022-06-18,0,TEN,25518.0,22898.0
2022-06-18,1,TEN,24683.0,22215.0
2022-06-18,2,TEN,23937.0,21447.0
2022-06-18,3,TEN,22791.0,20474.0
2022-06-18,4,TEN,21172.0,19763.0
2022-06-18,5,TEN,19553.0,18458.0
2022-06-18,6,TEN,18392.0,17348.0
2022-06-18,7,TEN,17298.0,16033.0
2022-06-18,8,TEN,16590.0,15711.0
2022-06-18,9,TEN,16207.0,15383.0
2022-06-18,10,TEN,15873.0,15080.0
2022-06-18,11,TEN,15888.0,15045.0
2022-06-18,12,TEN,16307.0,15456.0
2022-06-18,13,TEN,17484.0,16663.0
2022-06-18,14,TEN,19242.0,18381.0
2022-06-18,15,TEN,20900.0,19968.0
2022-06-18,16,TEN,22266.0,21099.0
2022-06-18,17,TEN,23413.0,22261.0
2022-06-18,18,TEN,24170.0,23070.0
2022-06-18,19,TEN,24857.0,23677.0
2022-06-18,20,TEN,25277.0,24112.0
2022-06-18,21,TEN,25713.0,24566.0
2022-06-18,22,TEN,25640.0,24505.0
2022-06-18,23,TEN,25092.0,23968.0
2022-06-19,0,TEN,24226.0,23053.0
2022-06-19,1,TEN,22646.0,21400.0
2022-06-19,2,TEN,21419.0,20121.0
2022-06-19,3,TEN,20132.0,18737.0
2022-06-19,4,TEN,18494.0,17739.0
2022-06-19,5,TEN,16985.0,16803.0
2022-06-19,6,TEN,15590.0,15499.0
2022-06-19,7,TEN,14612.0,14581.0
2022-06-19,8,TEN,13947.0,13966.0
2022-06-19,9,TEN,13465.0,13379.0
2022-06-19,10,TEN,13201.0,13180.0
2022-06-19,11,TEN,13085.0,13013.0
2022-06-19,12,TEN,13394.0,13309.0
2022-06-19,13,TEN,14274.0,14212.0
2022-06-19,14,TEN,15577.0,15498.0
2022-06-19,15,TEN,16765.0,16692.0
2022-06-19,16,TEN,17880.0,17562.0
2022-06-19,17,TEN,19008.0,18305.0
2022-06-19,18,TEN,20107.0,19089.0
2022-06-19,19,TEN,21095.0,20029.0
2022-06-19,20,TEN,22124.0,21090.0
2022-06-19,21,TEN,23015.0,21999.0
2022-06-19,22,TEN,23573.0,22573.0
2022-06-19,23,TEN,23667.0,22686.0
2022-06-20,0,TEN,22988.0,21988.0
2022-06-20,1,TEN,21618.0,20522.0
2022-06-20,2,TEN,20442.0,19138.0
2022-06-20,3,TEN,19267.0,17996.0
2022-06-20,4,TEN,17887.0,16845.0
2022-06-20,5,TEN,16163.0,15787.0
2022-06-20,6,TEN,15177.0,15115.0
2022-06-20,7,TEN,14382.0,14412.0
2022-06-20,8,TEN,13848.0,13796.0
2022-06-20,9,TEN,13789.0,13715.0
2022-06-20,10,TEN,13892.0,13847.0
2022-06-20,11,TEN,14454.0,14337.0
2022-06-20,12,TEN,15245.0,14653.0
2022-06-20,13,TEN,16268.0,15374.0
2022-06-20,14,TEN,17387.0,15853.0
2022-06-20,15,TEN,18822.0,16792.0
2022-06-20,16,TEN,20440.0,18256.0
2022-06-20,17,TEN,22032.0,19583.0
2022-06-20,18,TEN,23623.0,21132.0
2022-06-20,19,TEN,25030.0,22346.0
2022-06-20,20,TEN,26223.0,23687.0
2022-06-20,21,TEN,27002.0,24102.0
2022-06-20,22,TEN,27372.0,24246.0
2022-06-20,23,TEN,27323.0,24182.0
2022-06-21,0,TEN,26548.0,23035.0
2022-06-21,1,TEN,25256.0,22062.0
2022-06-21,2,TEN,23920.0,21027.0
2022-06-21,3,TEN,22091.0,19525.0
2022-06-21,4,TEN,20082.0,18036.0
2022-06-21,5,TEN,18455.0,17132.0
2022-06-21,6,TEN,16991.0,15974.0
2022-06-21,7,TEN,16096.0,15059.0
2022-06-21,8,TEN,15532.0,14539.0
2022-06-21,9,TEN,15175.0,14119.0
2022-06-21,10,TEN,15410.0,14368.0
2022-06-21,11,TEN,15892.0,14836.0
2022-06-21,12,TEN,16706.0,15045.0
2022-06-21,13,TEN,17942.0,15838.0
2022-06-21,14,TEN,19509.0,17167.0
2022-06-21,15,TEN,21303.0,18892.0
2022-06-21,16,TEN,23445.0,21030.0
2022-06-21,17,TEN,25482.0,22214.0
2022-06-21,18,TEN,27018.0,23474.0
2022-06-21,19,TEN,28216.0,24318.0
2022-06-21,20,TEN,29244.0,25261.0
2022-06-21,21,TEN,29975.0,25777.0
2022-06-21,22,TEN,30413.0,26104.0
2022-06-21,23,TEN,30092.0,25820.0
2022-06-22,0,TEN,29349.0,24715.0
2022-06-22,1,TEN,28055.0,24032.0
2022-06-22,2,TEN,26709.0,23073.0
2022-06-22,3,TEN,24990.0,21958.0
2022-06-22,4,TEN,23040.0,20997.0
2022-06-22,5,TEN,20876.0,19558.0
2022-06-22,6,TEN,19479.0,18178.0
2022-06-22,7,TEN,18446.0,17173.0
2022-06-22,8,TEN,17514.0,16287.0
2022-06-22,9,TEN,16943.0,15701.0
2022-06-22,10,TEN,16983.0,15705.0
2022-06-22,11,TEN,17428.0,16193.0
2022-06-22,12,TEN,18228.0,16401.0
2022-06-22,13,TEN,19749.0,17664.0
2022-06-22,14,TEN,21482.0,19177.0
2022-06-22,15,TEN,23776.0,21184.0
2022-06-22,16,TEN,26017.0,23036.0
2022-06-22,17,TEN,27772.0,24095.0
2022-06-22,18,TEN,29192.0,25150.0
2022-06-22,19,TEN,30082.0,25562.0
2022-06-22,20,TEN,30232.0,25612.0
2022-06-22,21,TEN,30606.0,25812.0
2022-06-22,22,TEN,30725.0,25942.0
2022-06-22,23,TEN,30308.0,25543.0
2022-06-23,0,TEN,29809.0,24997.0
2022-06-23,1,TEN,28723.0,24123.0
2022-06-23,2,TEN,27558.0,23654.0
2022-06-23,3,TEN,26172.0,23369.0
2022-06-23,4,TEN,24058.0,22346.0
2022-06-23,5,TEN,22207.0,20252.0
2022-06-23,6,TEN,20631.0,18893.0
2022-06-23,7,TEN,19448.0,17718.0
2022-06-23,8,TEN,18758.0,17527.0
2022-06-23,9,TEN,18128.0,16933.0
2022-06-23,10,TEN,17953.0,16745.0
2022-06-23,11,TEN,18316.0,17153.0
2022-06-23,12,TEN,19019.0,17194.0
2022-06-23,13,TEN,20345.0,17691.0
2022-06-23,14,TEN,22134.0,19516.0
2022-06-23,15,TEN,23940.0,21176.0
2022-06-23,16,TEN,25699.0,22205.0
2022-06-23,17,TEN,27247.0,23158.0
2022-06-23,18,TEN,28379.0,23924.0
2022-06-23,19,TEN,29062.0,24616.0
2022-06-23,20,TEN,29442.0,24926.0
2022-06-23,21,TEN,29672.0,25091.0
2022-06-23,22,TEN,29677.0,25071.0
2022-06-23,23,TEN,29340.0,24805.0
2022-06-24,0,TEN,28386.0,23767.0
2022-06-24,1,TEN,27027.0,22586.0
2022-06-24,2,TEN,25645.0,21468.0
2022-06-24,3,TEN,23817.0,20796.0
2022-06-24,4,TEN,21766.0,20170.0
2022-06-24,5,TEN,19867.0,18831.0
2022-06-24,6,TEN,18497.0,17515.0
2022-06-24,7,TEN,17230.0,16309.0
2022-06-24,8,TEN,16475.0,15581.0
2022-06-24,9,TEN,16025.0,15099.0
2022-06-24,10,TEN,16022.0,15108.0
2022-06-24,11,TEN,16266.0,15327.0
2022-06-24,12,TEN,17053.0,15295.0
2022-06-24,13,TEN,18467.0,16710.0
2022-06-24,14,TEN,20036.0,18083.0
2022-06-24,15,TEN,21938.0,19989.0
2022-06-24,16,TEN,23873.0,21528.0
2022-06-24,17,TEN,25528.0,23331.0
2022-06-24,18,TEN,26783.0,24175.0
2022-06-24,19,TEN,27692.0,24664.0
2022-06-24,20,TEN,28514.0,25462.0
2022-06-24,21,TEN,29013.0,25694.0
2022-06-24,22,TEN,29200.0,25627.0
2022-06-24,23,TEN,28913.0,25310.0
2022-06-25,0,TEN,28012.0,24453.0
2022-06-25,1,TEN,26677.0,23790.0
2022-06-25,2,TEN,25465.0,22751.0
2022-06-25,3,TEN,23944.0,21254.0
2022-06-25,4,TEN,22181.0,20515.0
2022-06-25,5,TEN,20325.0,18917.0
2022-06-25,6,TEN,19026.0,17773.0
2022-06-25,7,TEN,17947.0,16629.0
2022-06-25,8,TEN,17150.0,15873.0
2022-06-25,9,TEN,16591.0,15274.0
2022-06-25,10,TEN,16349.0,15090.0
2022-06-25,11,TEN,16179.0,14942.0
2022-06-25,12,TEN,16620.0,15302.0
2022-06-25,13,TEN,17962.0,16656.0
2022-06-25,14,TEN,19910.0,18433.0
2022-06-25,15,TEN,22032.0,20549.0
2022-06-25,16,TEN,23907.0,22140.0
2022-06-25,17,TEN,25507.0,23361.0
2022-06-25,18,TEN,26602.0,24202.0
2022-06-25,19,TEN,27469.0,24482.0
2022-06-25,20,TEN,28133.0,24896.0
2022-06-25,21,TEN,28479.0,25161.0
2022-06-25,22,TEN,28681.0,25266.0
2022-06-25,23,TEN,28513.0,25020.0
2022-06-26,0,TEN,27745.0,24491.0
2022-06-26,1,TEN,26559.0,23789.0
2022-06-26,2,TEN,25525.0,23227.0
2022-06-26,3,TEN,24278.0,22579.0
2022-06-26,4,TEN,22622.0,21577.0
2022-06-26,5,TEN,21073.0,20097.0
2022-06-26,6,TEN,19752.0,18862.0
2022-06-26,7,TEN,18770.0,17696.0
2022-06-26,8,TEN,17954.0,16963.0
2022-06-26,9,TEN,17239.0,16294.0
2022-06-26,10,TEN,16743.0,15780.0
2022-06-26,11,TEN,16757.0,15763.0
2022-06-26,12,TEN,16747.0,15634.0
2022-06-26,13,TEN,17901.0,16633.0
2022-06-26,14,TEN,19475.0,18172.0
2022-06-26,15,TEN,21054.0,19693.0
2022-06-26,16,TEN,22607.0,21160.0
2022-06-26,17,TEN,24049.0,22736.0
2022-06-26,18,TEN,25045.0,23709.0
2022-06-26,19,TEN,25498.0,23982.0
2022-06-26,20,TEN,25508.0,23881.0
2022-06-26,21,TEN,25457.0,23915.0
2022-06-26,22,TEN,25233.0,23787.0
2022-06-26,23,TEN,24541.0,23106.0
2022-06-27,0,TEN,23602.0,22185.0
2022-06-27,1,TEN,22692.0,21488.0
2022-06-27,2,TEN,22239.0,20635.0
2022-06-27,3,TEN,21246.0,19886.0
2022-06-27,4,TEN,19941.0,18831.0
2022-06-27,5,TEN,18653.0,17558.0
2022-06-27,6,TEN,17569.0,16560.0
2022-06-27,7,TEN,16772.0,15761.0
2022-06-27,8,TEN,16291.0,15212.0
2022-06-27,9,TEN,16132.0,15055.0
2022-06-27,10,TEN,16309.0,15257.0
2022-06-27,11,TEN,16883.0,15796.0
2022-06-27,12,TEN,17632.0,16088.0
2022-06-27,13,TEN,18724.0,16936.0
2022-06-27,14,TEN,19601.0,17615.0
2022-06-27,15,TEN,20574.0,18610.0
2022-06-27,16,TEN,21788.0,19935.0
2022-06-27,17,TEN,23048.0,20822.0
2022-06-27,18,TEN,24174.0,21916.0
2022-06-27,19,TEN,24863.0,22421.0
2022-06-27,20,TEN,25647.0,23400.0
2022-06-27,21,TEN,25947.0,23734.0
2022-06-27,22,TEN,26117.0,23893.0
2022-06-27,23,TEN,25904.0,23745.0
2022-06-28,0,TEN,24877.0,22794.0
2022-06-28,1,TEN,23599.0,21464.0
2022-06-28,2,TEN,22597.0,20678.0
2022-06-28,3,TEN,21147.0,19244.0
2022-06-28,4,TEN,19428.0,18152.0
2022-06-28,5,TEN,17446.0,16277.0
2022-06-28,6,TEN,16361.0,15327.0
2022-06-28,7,TEN,15508.0,14358.0
2022-06-28,8,TEN,15048.0,14320.0
2022-06-28,9,TEN,14863.0,14141.0
2022-06-28,10,TEN,14875.0,14178.0
2022-06-28,11,TEN,15371.0,14247.0
2022-06-28,12,TEN,16153.0,14981.0
2022-06-28,13,TEN,17135.0,16121.0
2022-06-28,14,TEN,18129.0,17066.0
2022-06-28,15,TEN,19272.0,17996.0
2022-06-28,16,TEN,20584.0,19083.0
2022-06-28,17,TEN,21795.0,20520.0
2022-06-28,18,TEN,23115.0,21706.0
2022-06-28,19,TEN,24115.0,22350.0
2022-06-28,20,TEN,24911.0,23210.0
2022-06-28,21,TEN,25578.0,23885.0
2022-06-28,22,TEN,25594.0,23889.0
2022-06-28,23,TEN,25056.0,23407.0
2022-06-29,0,TEN,24399.0,22581.0
2022-06-29,1,TEN,23333.0,21731.0
2022-06-29,2,TEN,22513.0,21062.0
2022-06-29,3,TEN,21274.0,19835.0
2022-06-29,4,TEN,19579.0,18456.0
2022-06-29,5,TEN,17928.0,17049.0
2022-06-29,6,TEN,16769.0,15748.0
2022-06-29,7,TEN,15964.0,15206.0
2022-06-29,8,TEN,15387.0,14705.0
2022-06-29,9,TEN,15138.0,14472.0
2022-06-29,10,TEN,15084.0,14409.0
2022-06-29,11,TEN,15451.0,14576.0
2022-06-29,12,TEN,16230.0,15010.0
2022-06-29,13,TEN,17298.0,15876.0
2022-06-29,14,TEN,18509.0,16944.0
2022-06-29,15,TEN,19838.0,18052.0
2022-06-29,16,TEN,21420.0,19492.0
2022-06-29,17,TEN,23075.0,20654.0
2022-06-29,18,TEN,24478.0,22045.0
2022-06-29,19,TEN,25623.0,23334.0
2022-06-29,20,TEN,26747.0,24547.0
2022-06-29,21,TEN,27423.0,25083.0
2022-06-29,22,TEN,27861.0,25235.0
2022-06-29,23,TEN,27801.0,25300.0
2022-06-30,0,TEN,27030.0,24534.0
2022-06-30,1,TEN,25803.0,23338.0
2022-06-30,2,TEN,24699.0,22321.0
2022-06-30,3,TEN,23334.0,21468.0
2022-06-30,4,TEN,21479.0,20229.0
2022-06-30,5,TEN,19732.0,18686.0
2022-06-30,6,TEN,18316.0,17273.0
2022-06-30,7,TEN,17343.0,16260.0
2022-06-30,8,TEN,16746.0,15862.0
2022-06-30,9,TEN,16455.0,15554.0
2022-06-30,10,TEN,16473.0,15589.0
2022-06-30,11,TEN,16984.0,15999.0
2022-06-30,12,TEN,17705.0,16183.0
2022-06-30,13,TEN,19260.0,17712.0
2022-06-30,14,TEN,20909.0,19364.0
2022-06-30,15,TEN,22702.0,20852.0
2022-06-30,16,TEN,24571.0,22129.0
2022-06-30,17,TEN,26095.0,23226.0
2022-06-30,18,TEN,27395.0,24146.0
2022-06-30,19,TEN,28288.0,25038.0
2022-06-30,20,TEN,28813.0,25190.0
2022-06-30,21,TEN,28944.0,25320.0
2022-06-30,22,TEN,28721.0,25153.0
2022-06-30,23,TEN,28182.0,24750.0
2022-07-01,0,TEN,27428.0,24448.0
2022-07-01,1,TEN,26291.0,23649.0
2022-07-01,2,TEN,25314.0,22723.0
2022-07-01,3,TEN,24078.0,21595.0
2022-07-01,4,TEN,22256.0,20337.0
2022-07-01,5,TEN,20537.0,18821.0
2022-07-01,6,TEN,19178.0,17832.0
2022-07-01,7,TEN,18050.0,17090.0
2022-07-01,8,TEN,17130.0,16350.0
2022-07-01,9,TEN,16738.0,15934.0
2022-07-01,10,TEN,16786.0,16004.0
2022-07-01,11,TEN,17062.0,16297.0
2022-07-01,12,TEN,17889.0,16726.0
2022-07-01,13,TEN,19199.0,17796.0
2022-07-01,14,TEN,20911.0,19035.0
2022-07-01,15,TEN,22796.0,20679.0
2022-07-01,16,TEN,24388.0,22094.0
2022-07-01,17,TEN,25925.0,23552.0
2022-07-01,18,TEN,26925.0,24523.0
2022-07-01,19,TEN,27619.0,25198.0
2022-07-01,20,TEN,28299.0,25972.0
2022-07-01,21,TEN,28741.0,26102.0
2022-07-01,22,TEN,28921.0,26249.0
2022-07-01,23,TEN,27998.0,25526.0
2022-07-02,0,TEN,27579.0,24304.0
2022-07-02,1,TEN,26436.0,23236.0
2022-07-02,2,TEN,25329.0,22377.0
2022-07-02,3,TEN,24070.0,21378.0
2022-07-02,4,TEN,22453.0,20199.0
2022-07-02,5,TEN,20767.0,18948.0
2022-07-02,6,TEN,19367.0,17983.0
2022-07-02,7,TEN,18115.0,17281.0
2022-07-02,8,TEN,17293.0,16654.0
2022-07-02,9,TEN,16655.0,15997.0
2022-07-02,10,TEN,16323.0,15646.0
2022-07-02,11,TEN,16160.0,15485.0
2022-07-02,12,TEN,16459.0,15807.0
2022-07-02,13,TEN,17674.0,17021.0
2022-07-02,14,TEN,19440.0,18336.0
2022-07-02,15,TEN,21507.0,20290.0
2022-07-02,16,TEN,23388.0,22136.0
2022-07-02,17,TEN,24835.0,23526.0
2022-07-02,18,TEN,25903.0,24607.0
2022-07-02,19,TEN,26307.0,25080.0
2022-07-02,20,TEN,26598.0,25181.0
2022-07-02,21,TEN,27067.0,25660.0
2022-07-02,22,TEN,27308.0,25997.0
2022-07-02,23,TEN,27153.0,25815.0
2022-07-03,0,TEN,26201.0,24853.0
2022-07-03,1,TEN,24889.0,23514.0
2022-07-03,2,TEN,23963.0,22550.0
2022-07-03,3,TEN,22765.0,21450.0
2022-07-03,4,TEN,21202.0,20042.0
2022-07-03,5,TEN,19799.0,18792.0
2022-07-03,6,TEN,18609.0,18125.0
2022-07-03,7,TEN,17389.0,16979.0
2022-07-03,8,TEN,16811.0,16282.0
2022-07-03,9,TEN,16287.0,15808.0
2022-07-03,10,TEN,15971.0,15505.0
2022-07-03,11,TEN,15827.0,15369.0
2022-07-03,12,TEN,16086.0,15481.0
2022-07-03,13,TEN,17251.0,16824.0
2022-07-03,14,TEN,19129.0,18185.0
2022-07-03,15,TEN,21037.0,19969.0
2022-07-03,16,TEN,22794.0,21574.0
2022-07-03,17,TEN,24216.0,22974.0
2022-07-03,18,TEN,25047.0,23738.0
2022-07-03,19,TEN,25634.0,24383.0
2022-07-03,20,TEN,25669.0,24427.0
2022-07-03,21,TEN,25439.0,24165.0
2022-07-03,22,TEN,25171.0,23904.0
2022-07-03,23,TEN,24794.0,23468.0
2022-07-04,0,TEN,24108.0,22791.0
2022-07-04,1,TEN,23115.0,21816.0
2022-07-04,2,TEN,22470.0,21114.0
2022-07-04,3,TEN,21508.0,20165.0
2022-07-04,4,TEN,20395.0,19294.0
2022-07-04,5,TEN,19129.0,18236.0
2022-07-04,6,TEN,17931.0,17501.0
2022-07-04,7,TEN,16919.0,17230.0
2022-07-04,8,TEN,16311.0,16611.0
2022-07-04,9,TEN,15959.0,16271.0
2022-07-04,10,TEN,15738.0,16091.0
2022-07-04,11,TEN,15565.0,15793.0
2022-07-04,12,TEN,15697.0,15922.0
2022-07-04,13,TEN,16977.0,17184.0
2022-07-04,14,TEN,18848.0,18793.0
2022-07-04,15,TEN,21000.0,20366.0
2022-07-04,16,TEN,23058.0,21731.0
2022-07-04,17,TEN,24828.0,23422.0
2022-07-04,18,TEN,26135.0,24578.0
2022-07-04,19,TEN,27070.0,25547.0
2022-07-04,20,TEN,27754.0,26367.0
2022-07-04,21,TEN,28211.0,26794.0
2022-07-04,22,TEN,28493.0,26920.0
2022-07-04,23,TEN,28376.0,26902.0
2022-07-05,0,TEN,27671.0,26117.0
2022-07-05,1,TEN,26464.0,24861.0
2022-07-05,2,TEN,25285.0,23538.0
2022-07-05,3,TEN,24009.0,22336.0
2022-07-05,4,TEN,22870.0,21848.0
2022-07-05,5,TEN,21307.0,20456.0
2022-07-05,6,TEN,19925.0,19530.0
2022-07-05,7,TEN,18855.0,18395.0
2022-07-05,8,TEN,18178.0,17759.0
2022-07-05,9,TEN,17707.0,17264.0
2022-07-05,10,TEN,17621.0,17209.0
2022-07-05,11,TEN,18002.0,17528.0
2022-07-05,12,TEN,18675.0,17617.0
2022-07-05,13,TEN,20453.0,19144.0
2022-07-05,14,TEN,22304.0,20247.0
2022-07-05,15,TEN,24579.0,22354.0
2022-07-05,16,TEN,26619.0,24277.0
2022-07-05,17,TEN,28318.0,24680.0
2022-07-05,18,TEN,29361.0,25435.0
2022-07-05,19,TEN,30251.0,26425.0
2022-07-05,20,TEN,30753.0,27424.0
2022-07-05,21,TEN,30947.0,27501.0
2022-07-05,22,TEN,30875.0,26953.0
2022-07-05,23,TEN,30425.0,26383.0
2022-07-06,0,TEN,29521.0,25995.0
2022-07-06,1,TEN,28432.0,25329.0
2022-07-06,2,TEN,27215.0,24660.0
2022-07-06,3,TEN,26004.0,23933.0
2022-07-06,4,TEN,24210.0,23076.0
2022-07-06,5,TEN,22377.0,21499.0
2022-07-06,6,TEN,20886.0,20010.0
2022-07-06,7,TEN,19836.0,19043.0
2022-07-06,8,TEN,19189.0,18398.0
2022-07-06,9,TEN,18582.0,17786.0
2022-07-06,10,TEN,18528.0,17728.0
2022-07-06,11,TEN,18782.0,17963.0
2022-07-06,12,TEN,19594.0,18018.0
2022-07-06,13,TEN,20996.0,19022.0
2022-07-06,14,TEN,22763.0,20297.0
2022-07-06,15,TEN,24986.0,22298.0
2022-07-06,16,TEN,27036.0,24264.0
2022-07-06,17,TEN,28819.0,25617.0
2022-07-06,18,TEN,29910.0,26516.0
2022-07-06,19,TEN,30425.0,26450.0
2022-07-06,20,TEN,30465.0,26539.0
2022-07-06,21,TEN,30050.0,26331.0
2022-07-06,22,TEN,29371.0,26021.0
2022-07-06,23,TEN,28717.0,25705.0
2022-07-07,0,TEN,27765.0,25049.0
2022-07-07,1,TEN,26928.0,24476.0
2022-07-07,2,TEN,26078.0,23515.0
2022-07-07,3,TEN,24818.0,22295.0
2022-07-07,4,TEN,23291.0,21392.0
2022-07-07,5,TEN,21629.0,20271.0
2022-07-07,6,TEN,20459.0,19214.0
2022-07-07,7,TEN,19524.0,18242.0
2022-07-07,8,TEN,18878.0,17634.0
2022-07-07,9,TEN,18508.0,17291.0
2022-07-07,10,TEN,18371.0,17222.0
2022-07-07,11,TEN,18697.0,17481.0
2022-07-07,12,TEN,19363.0,17407.0
2022-07-07,13,TEN,20575.0,18527.0
2022-07-07,14,TEN,22106.0,19665.0
2022-07-07,15,TEN,23974.0,21280.0
2022-07-07,16,TEN,25770.0,22398.0
2022-07-07,17,TEN,27381.0,23257.0
2022-07-07,18,TEN,28396.0,24530.0
2022-07-07,19,TEN,28711.0,24809.0
2022-07-07,20,TEN,28701.0,25307.0
2022-07-07,21,TEN,28473.0,25163.0
2022-07-07,22,TEN,28122.0,24998.0
2022-07-07,23,TEN,27451.0,24360.0
2022-07-08,0,TEN,26555.0,23421.0
2022-07-08,1,TEN,25468.0,22460.0
2022-07-08,2,TEN,24861.0,22114.0
2022-07-08,3,TEN,23799.0,21361.0
2022-07-08,4,TEN,22495.0,21077.0
2022-07-08,5,TEN,20977.0,19692.0
2022-07-08,6,TEN,19806.0,18562.0
2022-07-08,7,TEN,18992.0,17737.0
2022-07-08,8,TEN,18408.0,17176.0
2022-07-08,9,TEN,18024.0,16809.0
2022-07-08,10,TEN,18003.0,16774.0
2022-07-08,11,TEN,18426.0,17189.0
2022-07-08,12,TEN,19182.0,17235.0
2022-07-08,13,TEN,20632.0,18692.0
2022-07-08,14,TEN,22393.0,20210.0
2022-07-08,15,TEN,24508.0,22140.0
2022-07-08,16,TEN,26512.0,23816.0
2022-07-08,17,TEN,28253.0,24861.0
2022-07-08,18,TEN,29410.0,25967.0
2022-07-08,19,TEN,29816.0,26683.0
2022-07-08,20,TEN,30483.0,27254.0
2022-07-08,21,TEN,30627.0,27498.0
2022-07-08,22,TEN,30285.0,27193.0
2022-07-08,23,TEN,29439.0,26035.0
2022-07-09,0,TEN,28269.0,25336.0
2022-07-09,1,TEN,26894.0,23922.0
2022-07-09,2,TEN,25970.0,23486.0
2022-07-09,3,TEN,24747.0,22304.0
2022-07-09,4,TEN,23148.0,21717.0
2022-07-09,5,TEN,21687.0,20448.0
2022-07-09,6,TEN,20371.0,19610.0
2022-07-09,7,TEN,19393.0,18683.0
2022-07-09,8,TEN,18857.0,18243.0
2022-07-09,9,TEN,18256.0,17666.0
2022-07-09,10,TEN,17891.0,17335.0
2022-07-09,11,TEN,17748.0,17175.0
2022-07-09,12,TEN,17657.0,17042.0
2022-07-09,13,TEN,18094.0,17535.0
2022-07-09,14,TEN,19032.0,18455.0
2022-07-09,15,TEN,20256.0,19500.0
2022-07-09,16,TEN,21676.0,20443.0
2022-07-09,17,TEN,22924.0,21760.0
2022-07-09,18,TEN,24268.0,23082.0
2022-07-09,19,TEN,25498.0,24400.0
2022-07-09,20,TEN,26413.0,25419.0
2022-07-09,21,TEN,26746.0,25717.0
2022-07-09,22,TEN,26786.0,25750.0
2022-07-09,23,TEN,26251.0,25270.0
2022-07-10,0,TEN,25161.0,24139.0
2022-07-10,1,TEN,24014.0,22773.0
2022-07-10,2,TEN,23018.0,21746.0
2022-07-10,3,TEN,21916.0,20681.0
2022-07-10,4,TEN,20559.0,19896.0
2022-07-10,5,TEN,19205.0,19086.0
2022-07-10,6,TEN,18141.0,18419.0
2022-07-10,7,TEN,17236.0,17523.0
2022-07-10,8,TEN,16687.0,16801.0
2022-07-10,9,TEN,16255.0,16385.0
2022-07-10,10,TEN,15986.0,16100.0
2022-07-10,11,TEN,15951.0,16068.0
2022-07-10,12,TEN,16051.0,16192.0
2022-07-10,13,TEN,16783.0,16670.0
2022-07-10,14,TEN,17751.0,17156.0
2022-07-10,15,TEN,18758.0,17673.0
2022-07-10,16,TEN,19898.0,18642.0
2022-07-10,17,TEN,21148.0,19882.0
2022-07-10,18,TEN,22413.0,21367.0
2022-07-10,19,TEN,23504.0,22420.0
2022-07-10,20,TEN,24193.0,23151.0
2022-07-10,21,TEN,25023.0,23967.0
2022-07-10,22,TEN,25454.0,24401.0
2022-07-10,23,TEN,25615.0,24490.0
2022-07-11,0,TEN,25151.0,24022.0
2022-07-11,1,TEN,24049.0,22731.0
2022-07-11,2,TEN,23062.0,21717.0
2022-07-11,3,TEN,21869.0,20517.0
2022-07-11,4,TEN,20295.0,19299.0
2022-07-11,5,TEN,18544.0,18188.0
2022-07-11,6,TEN,17253.0,17293.0
2022-07-11,7,TEN,16346.0,16311.0
2022-07-11,8,TEN,15804.0,15774.0
2022-07-11,9,TEN,15574.0,15490.0
2022-07-11,10,TEN,15691.0,15647.0
2022-07-11,11,TEN,16263.0,16321.0
2022-07-11,12,TEN,17019.0,16593.0
2022-07-11,13,TEN,18354.0,17785.0
2022-07-11,14,TEN,19814.0,18251.0
2022-07-11,15,TEN,21615.0,19289.0
2022-07-11,16,TEN,23294.0,20710.0
2022-07-11,17,TEN,24830.0,22396.0
2022-07-11,18,TEN,25930.0,23644.0
2022-07-11,19,TEN,26883.0,24669.0
2022-07-11,20,TEN,27688.0,25465.0
2022-07-11,21,TEN,28454.0,26165.0
2022-07-11,22,TEN,28784.0,26589.0
2022-07-11,23,TEN,28609.0,26403.0
2022-07-12,0,TEN,27971.0,25723.0
2022-07-12,1,TEN,26878.0,24458.0
2022-07-12,2,TEN,25729.0,23202.0
2022-07-12,3,TEN,24264.0,22070.0
2022-07-12,4,TEN,22279.0,21085.0
2022-07-12,5,TEN,20496.0,19527.0
2022-07-12,6,TEN,19266.0,18349.0
2022-07-12,7,TEN,18152.0,17502.0
2022-07-12,8,TEN,17403.0,16713.0
2022-07-12,9,TEN,17074.0,16378.0
2022-07-12,10,TEN,17157.0,16486.0
2022-07-12,11,TEN,17509.0,16892.0
2022-07-12,12,TEN,18136.0,16897.0
2022-07-12,13,TEN,19716.0,18072.0
2022-07-12,14,TEN,21312.0,19154.0
2022-07-12,15,TEN,23005.0,20452.0
2022-07-12,16,TEN,24758.0,22123.0
2022-07-12,17,TEN,26392.0,23876.0
2022-07-12,18,TEN,27749.0,25112.0
2022-07-12,19,TEN,28745.0,26096.0
2022-07-12,20,TEN,29151.0,26455.0
2022-07-12,21,TEN,29438.0,26728.0
2022-07-12,22,TEN,29418.0,26708.0
2022-07-12,23,TEN,29151.0,26468.0
2022-07-13,0,TEN,28445.0,26078.0
2022-07-13,1,TEN,27177.0,24896.0
2022-07-13,2,TEN,26047.0,23712.0
2022-07-13,3,TEN,24518.0,22283.0
2022-07-13,4,TEN,22595.0,21109.0
2022-07-13,5,TEN,20825.0,19477.0
2022-07-13,6,TEN,19588.0,18911.0
2022-07-13,7,TEN,18449.0,18290.0
2022-07-13,8,TEN,17646.0,17559.0
2022-07-13,9,TEN,17150.0,17011.0
2022-07-13,10,TEN,17257.0,17036.0
2022-07-13,11,TEN,17540.0,17232.0
2022-07-13,12,TEN,18195.0,17289.0
2022-07-13,13,TEN,18927.0,18074.0
2022-07-13,14,TEN,19933.0,18883.0
2022-07-13,15,TEN,21125.0,19533.0
2022-07-13,16,TEN,22355.0,20328.0
2022-07-13,17,TEN,23381.0,21154.0
2022-07-13,18,TEN,24342.0,22208.0
2022-07-13,19,TEN,25081.0,22874.0
2022-07-13,20,TEN,25814.0,23626.0
2022-07-13,21,TEN,26384.0,24157.0
2022-07-13,22,TEN,26656.0,24542.0
2022-07-13,23,TEN,26646.0,24460.0
2022-07-14,0,TEN,26005.0,23811.0
2022-07-14,1,TEN,24837.0,22496.0
2022-07-14,2,TEN,23863.0,21300.0
2022-07-14,3,TEN,22413.0,20016.0
2022-07-14,4,TEN,20741.0,19827.0
2022-07-14,5,TEN,19112.0,18910.0
2022-07-14,6,TEN,17738.0,17912.0
2022-07-14,7,TEN,16830.0,16865.0
2022-07-14,8,TEN,16145.0,16210.0
2022-07-14,9,TEN,15936.0,15982.0
2022-07-14,10,TEN,15975.0,16024.0
2022-07-14,11,TEN,16283.0,16504.0
2022-07-14,12,TEN,17192.0,16610.0
2022-07-14,13,TEN,18514.0,18100.0
2022-07-14,14,TEN,20111.0,19370.0
2022-07-14,15,TEN,21781.0,20128.0
2022-07-14,16,TEN,23749.0,21347.0
2022-07-14,17,TEN,25189.0,22980.0
2022-07-14,18,TEN,26386.0,24174.0
2022-07-14,19,TEN,27092.0,24859.0
2022-07-14,20,TEN,27860.0,25601.0
2022-07-14,21,TEN,28315.0,25968.0
2022-07-14,22,TEN,28430.0,26140.0
2022-07-14,23,TEN,28124.0,25875.0
2022-07-15,0,TEN,27495.0,25207.0
2022-07-15,1,TEN,26156.0,23629.0
2022-07-15,2,TEN,25088.0,22485.0
2022-07-15,3,TEN,23599.0,21380.0
2022-07-15,4,TEN,21629.0,21101.0
2022-07-15,5,TEN,19928.0,19915.0
2022-07-15,6,TEN,18473.0,18646.0
2022-07-15,7,TEN,17445.0,17501.0
2022-07-15,8,TEN,16760.0,16747.0
2022-07-15,9,TEN,16384.0,16364.0
2022-07-15,10,TEN,16455.0,16495.0
2022-07-15,11,TEN,16913.0,16925.0
2022-07-15,12,TEN,17399.0,16933.0
2022-07-15,13,TEN,18795.0,18364.0
2022-07-15,14,TEN,20482.0,19626.0
2022-07-15,15,TEN,22228.0,20823.0
2022-07-15,16,TEN,24600.0,22678.0
2022-07-15,17,TEN,26042.0,23949.0
2022-07-15,18,TEN,27239.0,25018.0
2022-07-15,19,TEN,28110.0,25839.0
2022-07-15,20,TEN,28661.0,26188.0
2022-07-15,21,TEN,29015.0,26457.0
2022-07-15,22,TEN,28972.0,26755.0
2022-07-15,23,TEN,28481.0,26175.0
2022-07-16,0,TEN,27557.0,25251.0
2022-07-16,1,TEN,26219.0,23823.0
2022-07-16,2,TEN,25012.0,22424.0
2022-07-16,3,TEN,23471.0,21302.0
2022-07-16,4,TEN,21711.0,20522.0
2022-07-16,5,TEN,19987.0,19503.0
2022-07-16,6,TEN,18769.0,18879.0
2022-07-16,7,TEN,17563.0,17566.0
2022-07-16,8,TEN,16830.0,16788.0
2022-07-16,9,TEN,16128.0,16079.0
2022-07-16,10,TEN,16208.0,16179.0
2022-07-16,11,TEN,16216.0,16181.0
2022-07-16,12,TEN,16375.0,16325.0
2022-07-16,13,TEN,17566.0,17535.0
2022-07-16,14,TEN,19400.0,18846.0
2022-07-16,15,TEN,21652.0,20317.0
2022-07-16,16,TEN,23681.0,22456.0
2022-07-16,17,TEN,25294.0,24024.0
2022-07-16,18,TEN,26475.0,24712.0
2022-07-16,19,TEN,27330.0,25513.0
2022-07-16,20,TEN,28005.0,25970.0
2022-07-16,21,TEN,28531.0,26304.0
2022-07-16,22,TEN,28830.0,26420.0
2022-07-16,23,TEN,28803.0,26405.0
2022-07-17,0,TEN,27974.0,25602.0
2022-07-17,1,TEN,26573.0,24402.0
2022-07-17,2,TEN,25457.0,23693.0
2022-07-17,3,TEN,24087.0,22684.0
2022-07-17,4,TEN,22415.0,21147.0
2022-07-17,5,TEN,20778.0,19664.0
2022-07-17,6,TEN,19467.0,18705.0
2022-07-17,7,TEN,18319.0,17567.0
2022-07-17,8,TEN,17730.0,17169.0
2022-07-17,9,TEN,17037.0,16531.0
2022-07-17,10,TEN,16712.0,16158.0
2022-07-17,11,TEN,16596.0,16048.0
2022-07-17,12,TEN,16738.0,16233.0
2022-07-17,13,TEN,17877.0,17547.0
2022-07-17,14,TEN,19631.0,18803.0
2022-07-17,15,TEN,21343.0,20084.0
2022-07-17,16,TEN,23001.0,21728.0
2022-07-17,17,TEN,24791.0,23173.0
2022-07-17,18,TEN,25599.0,24401.0
2022-07-17,19,TEN,26803.0,25697.0
2022-07-17,20,TEN,27162.0,26148.0
2022-07-17,21,TEN,27318.0,26306.0
2022-07-17,22,TEN,27288.0,26232.0
2022-07-17,23,TEN,26863.0,25790.0
2022-07-18,0,TEN,26083.0,25001.0
2022-07-18,1,TEN,25270.0,23948.0
2022-07-18,2,TEN,24698.0,23317.0
2022-07-18,3,TEN,23640.0,22271.0
2022-07-18,4,TEN,22200.0,20939.0
2022-07-18,5,TEN,20716.0,19748.0
2022-07-18,6,TEN,19636.0,18937.0
2022-07-18,7,TEN,18581.0,17896.0
2022-07-18,8,TEN,17937.0,17424.0
2022-07-18,9,TEN,17518.0,17039.0
2022-07-18,10,TEN,17591.0,17092.0
2022-07-18,11,TEN,18152.0,17670.0
2022-07-18,12,TEN,18741.0,17795.0
2022-07-18,13,TEN,19702.0,18766.0
2022-07-18,14,TEN,20815.0,19578.0
2022-07-18,15,TEN,21991.0,20368.0
2022-07-18,16,TEN,22810.0,21028.0
2022-07-18,17,TEN,23679.0,21484.0
2022-07-18,18,TEN,24300.0,22088.0
2022-07-18,19,TEN,24750.0,22640.0
2022-07-18,20,TEN,24971.0,23016.0
2022-07-18,21,TEN,24931.0,23035.0
2022-07-18,22,TEN,24971.0,23110.0
2022-07-18,23,TEN,24917.0,23030.0
2022-07-19,0,TEN,24457.0,22360.0
2022-07-19,1,TEN,23980.0,21748.0
2022-07-19,2,TEN,23400.0,20971.0
2022-07-19,3,TEN,22271.0,20295.0
2022-07-19,4,TEN,20853.0,19877.0
2022-07-19,5,TEN,19321.0,18735.0
2022-07-19,6,TEN,18322.0,17830.0
2022-07-19,7,TEN,17439.0,16942.0
2022-07-19,8,TEN,16772.0,16281.0
2022-07-19,9,TEN,16506.0,16020.0
2022-07-19,10,TEN,16659.0,16181.0
2022-07-19,11,TEN,17324.0,16821.0
2022-07-19,12,TEN,18113.0,17067.0
2022-07-19,13,TEN,19182.0,18103.0
2022-07-19,14,TEN,20446.0,19212.0
2022-07-19,15,TEN,21709.0,19977.0
2022-07-19,16,TEN,23266.0,20924.0
2022-07-19,17,TEN,24459.0,22252.0
2022-07-19,18,TEN,25445.0,23332.0
2022-07-19,19,TEN,26337.0,24156.0
2022-07-19,20,TEN,27250.0,25119.0
2022-07-19,21,TEN,28059.0,25807.0
2022-07-19,22,TEN,28469.0,26345.0
2022-07-19,23,TEN,28159.0,25948.0
2022-07-20,0,TEN,27535.0,25366.0
2022-07-20,1,TEN,26612.0,24352.0
2022-07-20,2,TEN,25856.0,23312.0
2022-07-20,3,TEN,24593.0,22148.0
2022-07-20,4,TEN,22970.0,21560.0
2022-07-20,5,TEN,21422.0,20071.0
2022-07-20,6,TEN,20220.0,18980.0
2022-07-20,7,TEN,19139.0,17893.0
2022-07-20,8,TEN,18759.0,17502.0
2022-07-20,9,TEN,18282.0,17102.0
2022-07-20,10,TEN,18444.0,17189.0
2022-07-20,11,TEN,19022.0,17793.0
2022-07-20,12,TEN,19702.0,17936.0
2022-07-20,13,TEN,20824.0,19069.0
2022-07-20,14,TEN,22462.0,20462.0
2022-07-20,15,TEN,24178.0,21733.0
2022-07-20,16,TEN,25915.0,23619.0
2022-07-20,17,TEN,27568.0,25221.0
2022-07-20,18,TEN,28874.0,26028.0
2022-07-20,19,TEN,29885.0,26631.0
2022-07-20,20,TEN,30442.0,26912.0
2022-07-20,21,TEN,30963.0,27307.0
2022-07-20,22,TEN,31161.0,27297.0
2022-07-20,23,TEN,30871.0,27002.0
2022-07-21,0,TEN,30315.0,26393.0
2022-07-21,1,TEN,29513.0,26004.0
2022-07-21,2,TEN,28697.0,25028.0
2022-07-21,3,TEN,27240.0,24215.0
2022-07-21,4,TEN,25580.0,23548.0
2022-07-21,5,TEN,24013.0,22550.0
2022-07-21,6,TEN,22680.0,21470.0
2022-07-21,7,TEN,21720.0,20527.0
2022-07-21,8,TEN,20771.0,19582.0
2022-07-21,9,TEN,20120.0,18880.0
2022-07-21,10,TEN,19715.0,18527.0
2022-07-21,11,TEN,19927.0,18626.0
2022-07-21,12,TEN,20143.0,18348.0
2022-07-21,13,TEN,20870.0,19002.0
2022-07-21,14,TEN,22115.0,20180.0
2022-07-21,15,TEN,23540.0,21195.0
2022-07-21,16,TEN,25297.0,22629.0
2022-07-21,17,TEN,26698.0,23693.0
2022-07-21,18,TEN,27721.0,24471.0
2022-07-21,19,TEN,28553.0,25190.0
2022-07-21,20,TEN,29298.0,26116.0
2022-07-21,21,TEN,29712.0,26477.0
2022-07-21,22,TEN,29808.0,26448.0
2022-07-21,23,TEN,29408.0,26392.0
2022-07-22,0,TEN,28546.0,25776.0
2022-07-22,1,TEN,27484.0,24675.0
2022-07-22,2,TEN,26373.0,23946.0
2022-07-22,3,TEN,24838.0,22455.0
2022-07-22,4,TEN,22869.0,21577.0
2022-07-22,5,TEN,20998.0,19665.0
2022-07-22,6,TEN,19629.0,18393.0
2022-07-22,7,TEN,18649.0,17422.0
2022-07-22,8,TEN,17842.0,16639.0
2022-07-22,9,TEN,17385.0,16220.0
2022-07-22,10,TEN,17368.0,16140.0
2022-07-22,11,TEN,17771.0,16501.0
2022-07-22,12,TEN,18220.0,16240.0
2022-07-22,13,TEN,19427.0,17103.0
2022-07-22,14,TEN,21178.0,18698.0
2022-07-22,15,TEN,23069.0,20561.0
2022-07-22,16,TEN,25187.0,22730.0
2022-07-22,17,TEN,27049.0,24781.0
2022-07-22,18,TEN,28447.0,26174.0
2022-07-22,19,TEN,29484.0,26943.0
2022-07-22,20,TEN,30213.0,27324.0
2022-07-22,21,TEN,30702.0,27550.0
2022-07-22,22,TEN,30724.0,27623.0
2022-07-22,23,TEN,30227.0,27291.0
2022-07-23,0,TEN,29479.0,26810.0
2022-07-23,1,TEN,28147.0,25897.0
2022-07-23,2,TEN,27035.0,24561.0
2022-07-23,3,TEN,25549.0,23300.0
2022-07-23,4,TEN,23644.0,22349.0
2022-07-23,5,TEN,21963.0,20564.0
2022-07-23,6,TEN,20442.0,19978.0
2022-07-23,7,TEN,19163.0,18730.0
2022-07-23,8,TEN,18253.0,17816.0
2022-07-23,9,TEN,17579.0,17120.0
2022-07-23,10,TEN,17449.0,16991.0
2022-07-23,11,TEN,17271.0,16841.0
2022-07-23,12,TEN,17389.0,16927.0
2022-07-23,13,TEN,18552.0,17814.0
2022-07-23,14,TEN,20519.0,19377.0
2022-07-23,15,TEN,22623.0,21356.0
2022-07-23,16,TEN,24731.0,23515.0
2022-07-23,17,TEN,26416.0,25193.0
2022-07-23,18,TEN,27669.0,26277.0
2022-07-23,19,TEN,28484.0,26731.0
2022-07-23,20,TEN,28657.0,26628.0
2022-07-23,21,TEN,29123.0,27021.0
2022-07-23,22,TEN,29263.0,27086.0
2022-07-23,23,TEN,28981.0,26868.0
2022-07-24,0,TEN,28324.0,26174.0
2022-07-24,1,TEN,27281.0,25708.0
2022-07-24,2,TEN,26243.0,24915.0
2022-07-24,3,TEN,24778.0,23538.0
2022-07-24,4,TEN,23009.0,21980.0
2022-07-24,5,TEN,21441.0,20827.0
2022-07-24,6,TEN,20070.0,19322.0
2022-07-24,7,TEN,18897.0,18170.0
2022-07-24,8,TEN,18161.0,17583.0
2022-07-24,9,TEN,17493.0,17116.0
2022-07-24,10,TEN,17208.0,16799.0
2022-07-24,11,TEN,16866.0,16520.0
2022-07-24,12,TEN,16914.0,16490.0
2022-07-24,13,TEN,18187.0,17569.0
2022-07-24,14,TEN,20115.0,18974.0
2022-07-24,15,TEN,22190.0,20868.0
2022-07-24,16,TEN,24044.0,22725.0
2022-07-24,17,TEN,25607.0,24464.0
2022-07-24,18,TEN,26734.0,25642.0
2022-07-24,19,TEN,27687.0,26423.0
2022-07-24,20,TEN,28359.0,26820.0
2022-07-24,21,TEN,28897.0,27218.0
2022-07-24,22,TEN,29147.0,27250.0
2022-07-24,23,TEN,28982.0,27178.0
2022-07-25,0,TEN,28123.0,26547.0
2022-07-25,1,TEN,27046.0,25800.0
2022-07-25,2,TEN,26298.0,25042.0
2022-07-25,3,TEN,25078.0,23769.0
2022-07-25,4,TEN,23364.0,22126.0
2022-07-25,5,TEN,21770.0,20517.0
2022-07-25,6,TEN,20572.0,19377.0
2022-07-25,7,TEN,19731.0,18991.0
2022-07-25,8,TEN,19082.0,18325.0
2022-07-25,9,TEN,18790.0,18059.0
2022-07-25,10,TEN,18858.0,18170.0
2022-07-25,11,TEN,19415.0,18633.0
2022-07-25,12,TEN,19912.0,18543.0
2022-07-25,13,TEN,20744.0,18893.0
2022-07-25,14,TEN,21790.0,19853.0
2022-07-25,15,TEN,23103.0,21069.0
2022-07-25,16,TEN,24592.0,22084.0
2022-07-25,17,TEN,25816.0,23189.0
2022-07-25,18,TEN,26971.0,24627.0
2022-07-25,19,TEN,27829.0,25484.0
2022-07-25,20,TEN,28358.0,26165.0
2022-07-25,21,TEN,28544.0,26323.0
2022-07-25,22,TEN,28382.0,26173.0
2022-07-25,23,TEN,28126.0,25899.0
2022-07-26,0,TEN,27342.0,25058.0
2022-07-26,1,TEN,26501.0,24148.0
2022-07-26,2,TEN,25532.0,22953.0
2022-07-26,3,TEN,24246.0,21737.0
2022-07-26,4,TEN,22563.0,21196.0
2022-07-26,5,TEN,21015.0,19788.0
2022-07-26,6,TEN,19912.0,19101.0
2022-07-26,7,TEN,19048.0,18314.0
2022-07-26,8,TEN,18291.0,17599.0
2022-07-26,9,TEN,17988.0,17300.0
2022-07-26,10,TEN,18178.0,17522.0
2022-07-26,11,TEN,18711.0,18048.0
2022-07-26,12,TEN,19474.0,18185.0
2022-07-26,13,TEN,20640.0,19201.0
2022-07-26,14,TEN,21975.0,20417.0
2022-07-26,15,TEN,23491.0,21644.0
2022-07-26,16,TEN,25095.0,22619.0
2022-07-26,17,TEN,26707.0,24146.0
2022-07-26,18,TEN,27931.0,25491.0
2022-07-26,19,TEN,28747.0,26454.0
2022-07-26,20,TEN,29078.0,26871.0
2022-07-26,21,TEN,28752.0,26529.0
2022-07-26,22,TEN,28161.0,25991.0
2022-07-26,23,TEN,27382.0,25177.0
2022-07-27,0,TEN,26520.0,24065.0
2022-07-27,1,TEN,25842.0,23234.0
2022-07-27,2,TEN,25439.0,22804.0
2022-07-27,3,TEN,24244.0,21827.0
2022-07-27,4,TEN,22692.0,21223.0
2022-07-27,5,TEN,21257.0,19832.0
2022-07-27,6,TEN,20184.0,18964.0
2022-07-27,7,TEN,19306.0,18472.0
2022-07-27,8,TEN,18724.0,17804.0
2022-07-27,9,TEN,18438.0,17516.0
2022-07-27,10,TEN,18392.0,17506.0
2022-07-27,11,TEN,19060.0,18130.0
2022-07-27,12,TEN,19647.0,18012.0
2022-07-27,13,TEN,21001.0,19218.0
2022-07-27,14,TEN,22563.0,20806.0
2022-07-27,15,TEN,23963.0,22025.0
2022-07-27,16,TEN,25772.0,23365.0
2022-07-27,17,TEN,27189.0,24740.0
2022-07-27,18,TEN,28528.0,26017.0
2022-07-27,19,TEN,29429.0,26800.0
2022-07-27,20,TEN,29870.0,27111.0
2022-07-27,21,TEN,30220.0,27420.0
2022-07-27,22,TEN,30336.0,27618.0
2022-07-27,23,TEN,29912.0,27311.0
2022-07-28,0,TEN,29257.0,26764.0
2022-07-28,1,TEN,28092.0,25589.0
2022-07-28,2,TEN,27228.0,24674.0
2022-07-28,3,TEN,25636.0,23255.0
2022-07-28,4,TEN,23868.0,22489.0
2022-07-28,5,TEN,22215.0,20810.0
2022-07-28,6,TEN,20841.0,19731.0
2022-07-28,7,TEN,19899.0,18738.0
2022-07-28,8,TEN,19206.0,18051.0
2022-07-28,9,TEN,18924.0,17769.0
2022-07-28,10,TEN,18851.0,17716.0
2022-07-28,11,TEN,19207.0,18071.0
2022-07-28,12,TEN,19819.0,17923.0
2022-07-28,13,TEN,21099.0,19168.0
2022-07-28,14,TEN,22559.0,20563.0
2022-07-28,15,TEN,24135.0,21860.0
2022-07-28,16,TEN,25792.0,23330.0
2022-07-28,17,TEN,27099.0,24530.0
2022-07-28,18,TEN,27926.0,25455.0
2022-07-28,19,TEN,28341.0,26004.0
2022-07-28,20,TEN,28818.0,26404.0
2022-07-28,21,TEN,28788.0,26495.0
2022-07-28,22,TEN,28194.0,25869.0
2022-07-28,23,TEN,27409.0,25114.0
2022-07-29,0,TEN,26438.0,24163.0
2022-07-29,1,TEN,25560.0,22936.0
2022-07-29,2,TEN,25020.0,22462.0
2022-07-29,3,TEN,23643.0,21169.0
2022-07-29,4,TEN,22137.0,20711.0
2022-07-29,5,TEN,20685.0,19347.0
2022-07-29,6,TEN,19600.0,18475.0
2022-07-29,7,TEN,18829.0,17627.0
2022-07-29,8,TEN,18244.0,17251.0
2022-07-29,9,TEN,17949.0,16999.0
2022-07-29,10,TEN,18038.0,17098.0
2022-07-29,11,TEN,18521.0,17589.0
2022-07-29,12,TEN,19084.0,17421.0
2022-07-29,13,TEN,19989.0,18305.0
2022-07-29,14,TEN,20769.0,18952.0
2022-07-29,15,TEN,21541.0,19342.0
2022-07-29,16,TEN,22269.0,19884.0
2022-07-29,17,TEN,22998.0,20462.0
2022-07-29,18,TEN,23689.0,21335.0
2022-07-29,19,TEN,24401.0,22110.0
2022-07-29,20,TEN,25160.0,22919.0
2022-07-29,21,TEN,25651.0,23385.0
2022-07-29,22,TEN,25885.0,23593.0
2022-07-29,23,TEN,25689.0,23572.0
2022-07-30,0,TEN,24679.0,22571.0
2022-07-30,1,TEN,23683.0,21335.0
2022-07-30,2,TEN,23088.0,20947.0
2022-07-30,3,TEN,22040.0,20558.0
2022-07-30,4,TEN,20641.0,20014.0
2022-07-30,5,TEN,19219.0,18890.0
2022-07-30,6,TEN,18140.0,18028.0
2022-07-30,7,TEN,17343.0,17107.0
2022-07-30,8,TEN,16804.0,16616.0
2022-07-30,9,TEN,16353.0,16181.0
2022-07-30,10,TEN,16242.0,16029.0
2022-07-30,11,TEN,16319.0,16137.0
2022-07-30,12,TEN,16335.0,16147.0
2022-07-30,13,TEN,17072.0,17009.0
2022-07-30,14,TEN,18298.0,18370.0
2022-07-30,15,TEN,19732.0,19247.0
2022-07-30,16,TEN,21214.0,20504.0
2022-07-30,17,TEN,22534.0,21805.0
2022-07-30,18,TEN,23645.0,22960.0
2022-07-30,19,TEN,24300.0,23647.0
2022-07-30,20,TEN,24487.0,23966.0
2022-07-30,21,TEN,24311.0,23813.0
2022-07-30,22,TEN,24018.0,23490.0
2022-07-30,23,TEN,23713.0,23228.0
2022-07-31,0,TEN,22936.0,22385.0
2022-07-31,1,TEN,22230.0,21512.0
2022-07-31,2,TEN,21586.0,21007.0
2022-07-31,3,TEN,20747.0,20375.0
2022-07-31,4,TEN,19572.0,19683.0
2022-07-31,5,TEN,18403.0,18554.0
2022-07-31,6,TEN,17493.0,17477.0
2022-07-31,7,TEN,16698.0,16532.0
2022-07-31,8,TEN,16195.0,16009.0
2022-07-31,9,TEN,15991.0,15816.0
2022-07-31,10,TEN,15880.0,15793.0
2022-07-31,11,TEN,16001.0,15902.0
2022-07-31,12,TEN,16119.0,15974.0
2022-07-31,13,TEN,16917.0,16902.0
2022-07-31,14,TEN,17906.0,17677.0
2022-07-31,15,TEN,18947.0,18207.0
2022-07-31,16,TEN,19883.0,19156.0
2022-07-31,17,TEN,20920.0,20149.0
2022-07-31,18,TEN,21843.0,21089.0
2022-07-31,19,TEN,22618.0,21913.0
2022-07-31,20,TEN,23074.0,22508.0
2022-07-31,21,TEN,23464.0,22900.0
2022-07-31,22,TEN,23498.0,22989.0
2022-07-31,23,TEN,23196.0,22647.0
2022-08-01,0,TEN,22611.0,22052.0
2022-08-01,1,TEN,21866.0,21106.0
2022-08-01,2,TEN,21496.0,20732.0
2022-08-01,3,TEN,20562.0,20047.0
2022-08-01,4,TEN,19329.0,19176.0
2022-08-01,5,TEN,18090.0,18087.0
2022-08-01,6,TEN,17265.0,17013.0
2022-08-01,7,TEN,16696.0,16480.0
2022-08-01,8,TEN,16279.0,16114.0
2022-08-01,9,TEN,16160.0,16018.0
2022-08-01,10,TEN,16633.0,16647.0
2022-08-01,11,TEN,17320.0,17338.0
2022-08-01,12,TEN,18236.0,17477.0
2022-08-01,13,TEN,19060.0,18314.0
2022-08-01,14,TEN,19816.0,18993.0
2022-08-01,15,TEN,20462.0,19319.0
2022-08-01,16,TEN,21454.0,19925.0
2022-08-01,17,TEN,22355.0,20738.0
2022-08-01,18,TEN,23221.0,21707.0
2022-08-01,19,TEN,23890.0,22347.0
2022-08-01,20,TEN,24614.0,23015.0
2022-08-01,21,TEN,25035.0,23454.0
2022-08-01,22,TEN,25531.0,23911.0
2022-08-01,23,TEN,25630.0,24000.0
2022-08-02,0,TEN,25213.0,23550.0
2022-08-02,1,TEN,24459.0,22609.0
2022-08-02,2,TEN,23831.0,22024.0
2022-08-02,3,TEN,22491.0,20881.0
2022-08-02,4,TEN,20957.0,20408.0
2022-08-02,5,TEN,19538.0,19432.0
2022-08-02,6,TEN,18246.0,18067.0
2022-08-02,7,TEN,17466.0,17353.0
2022-08-02,8,TEN,16977.0,16873.0
2022-08-02,9,TEN,16778.0,16608.0
2022-08-02,10,TEN,16865.0,16743.0
2022-08-02,11,TEN,17512.0,17456.0
2022-08-02,12,TEN,18118.0,17410.0
2022-08-02,13,TEN,19059.0,18268.0
2022-08-02,14,TEN,20502.0,19507.0
2022-08-02,15,TEN,22203.0,21178.0
2022-08-02,16,TEN,23895.0,22535.0
2022-08-02,17,TEN,25679.0,23642.0
2022-08-02,18,TEN,27129.0,24782.0
2022-08-02,19,TEN,28330.0,25894.0
2022-08-02,20,TEN,29132.0,26922.0
2022-08-02,21,TEN,29555.0,27261.0
2022-08-02,22,TEN,29541.0,27279.0
2022-08-02,23,TEN,29090.0,26918.0
2022-08-03,0,TEN,28317.0,26021.0
2022-08-03,1,TEN,27052.0,24576.0
2022-08-03,2,TEN,26199.0,23680.0
2022-08-03,3,TEN,24434.0,22336.0
2022-08-03,4,TEN,22658.0,21886.0
2022-08-03,5,TEN,20693.0,20633.0
2022-08-03,6,TEN,19459.0,19360.0
2022-08-03,7,TEN,18441.0,18241.0
2022-08-03,8,TEN,17748.0,17525.0
2022-08-03,9,TEN,17226.0,17099.0
2022-08-03,10,TEN,17054.0,16966.0
2022-08-03,11,TEN,17737.0,17585.0
2022-08-03,12,TEN,18588.0,17948.0
2022-08-03,13,TEN,19624.0,19175.0
2022-08-03,14,TEN,20970.0,20412.0
2022-08-03,15,TEN,22761.0,21717.0
2022-08-03,16,TEN,24623.0,23076.0
2022-08-03,17,TEN,26322.0,24317.0
2022-08-03,18,TEN,27768.0,25551.0
2022-08-03,19,TEN,28732.0,26500.0
2022-08-03,20,TEN,29558.0,27259.0
2022-08-03,21,TEN,29893.0,27236.0
2022-08-03,22,TEN,29796.0,26913.0
2022-08-03,23,TEN,29145.0,26234.0
2022-08-04,0,TEN,27878.0,25056.0
2022-08-04,1,TEN,26620.0,24294.0
2022-08-04,2,TEN,25518.0,23003.0
2022-08-04,3,TEN,24144.0,21766.0
2022-08-04,4,TEN,22260.0,21176.0
2022-08-04,5,TEN,20499.0,19978.0
2022-08-04,6,TEN,19382.0,19377.0
2022-08-04,7,TEN,18309.0,18185.0
2022-08-04,8,TEN,17642.0,17443.0
2022-08-04,9,TEN,17157.0,16984.0
2022-08-04,10,TEN,17064.0,16907.0
2022-08-04,11,TEN,17600.0,17417.0
2022-08-04,12,TEN,18293.0,17697.0
2022-08-04,13,TEN,19408.0,19004.0
2022-08-04,14,TEN,20788.0,20433.0
2022-08-04,15,TEN,22194.0,21778.0
2022-08-04,16,TEN,23553.0,22695.0
2022-08-04,17,TEN,24809.0,23076.0
2022-08-04,18,TEN,25822.0,24081.0
2022-08-04,19,TEN,26520.0,24647.0
2022-08-04,20,TEN,27003.0,25293.0
2022-08-04,21,TEN,27413.0,25540.0
2022-08-04,22,TEN,27606.0,25701.0
2022-08-04,23,TEN,27027.0,25118.0
2022-08-05,0,TEN,26123.0,24294.0
2022-08-05,1,TEN,25144.0,23336.0
2022-08-05,2,TEN,24723.0,23028.0
2022-08-05,3,TEN,23490.0,22022.0
2022-08-05,4,TEN,21878.0,20904.0
2022-08-05,5,TEN,20344.0,19336.0
2022-08-05,6,TEN,19216.0,18284.0
2022-08-05,7,TEN,18413.0,17507.0
2022-08-05,8,TEN,17760.0,16865.0
2022-08-05,9,TEN,17435.0,16594.0
2022-08-05,10,TEN,17643.0,17017.0
2022-08-05,11,TEN,18357.0,18375.0
2022-08-05,12,TEN,18956.0,18698.0
2022-08-05,13,TEN,19940.0,19432.0
2022-08-05,14,TEN,20939.0,20203.0
2022-08-05,15,TEN,22283.0,21292.0
2022-08-05,16,TEN,23738.0,22946.0
2022-08-05,17,TEN,24930.0,23689.0
2022-08-05,18,TEN,25745.0,24269.0
2022-08-05,19,TEN,26295.0,24682.0
2022-08-05,20,TEN,26575.0,25088.0
2022-08-05,21,TEN,26793.0,25243.0
2022-08-05,22,TEN,26600.0,25056.0
2022-08-05,23,TEN,25887.0,24360.0
2022-08-06,0,TEN,25005.0,23446.0
2022-08-06,1,TEN,24413.0,22805.0
2022-08-06,2,TEN,23758.0,22502.0
2022-08-06,3,TEN,22485.0,21531.0
2022-08-06,4,TEN,21048.0,20622.0
2022-08-06,5,TEN,19682.0,19604.0
2022-08-06,6,TEN,18502.0,18447.0
2022-08-06,7,TEN,17506.0,17390.0
2022-08-06,8,TEN,16848.0,16743.0
2022-08-06,9,TEN,16404.0,16325.0
2022-08-06,10,TEN,16254.0,16178.0
2022-08-06,11,TEN,16294.0,16192.0
2022-08-06,12,TEN,16407.0,16320.0
2022-08-06,13,TEN,17586.0,17347.0
2022-08-06,14,TEN,19481.0,19132.0
2022-08-06,15,TEN,21451.0,20379.0
2022-08-06,16,TEN,23423.0,21942.0
2022-08-06,17,TEN,25190.0,23768.0
2022-08-06,18,TEN,26212.0,24820.0
2022-08-06,19,TEN,26738.0,25702.0
2022-08-06,20,TEN,27032.0,25157.0
2022-08-06,21,TEN,27017.0,25297.0
2022-08-06,22,TEN,26697.0,25168.0
2022-08-06,23,TEN,26288.0,24769.0
2022-08-07,0,TEN,25409.0,24254.0
2022-08-07,1,TEN,24177.0,23039.0
2022-08-07,2,TEN,23306.0,21985.0
2022-08-07,3,TEN,22044.0,20688.0
2022-08-07,4,TEN,20552.0,19745.0
2022-08-07,5,TEN,19211.0,19052.0
2022-08-07,6,TEN,18080.0,18070.0
2022-08-07,7,TEN,17091.0,17020.0
2022-08-07,8,TEN,16495.0,16321.0
2022-08-07,9,TEN,15957.0,15780.0
2022-08-07,10,TEN,15764.0,15612.0
2022-08-07,11,TEN,15721.0,15551.0
2022-08-07,12,TEN,15824.0,15634.0
2022-08-07,13,TEN,17003.0,16853.0
2022-08-07,14,TEN,18776.0,18740.0
2022-08-07,15,TEN,20629.0,20330.0
2022-08-07,16,TEN,22519.0,21498.0
2022-08-07,17,TEN,24353.0,23182.0
2022-08-07,18,TEN,25939.0,24715.0
2022-08-07,19,TEN,26642.0,25235.0
2022-08-07,20,TEN,26424.0,24805.0
2022-08-07,21,TEN,25992.0,24308.0
2022-08-07,22,TEN,25928.0,24826.0
2022-08-07,23,TEN,25914.0,24841.0
2022-08-08,0,TEN,25257.0,24106.0
2022-08-08,1,TEN,24680.0,23563.0
2022-08-08,2,TEN,23993.0,22730.0
2022-08-08,3,TEN,22535.0,21260.0
2022-08-08,4,TEN,20863.0,20303.0
2022-08-08,5,TEN,19332.0,19363.0
2022-08-08,6,TEN,18229.0,18254.0
2022-08-08,7,TEN,17295.0,17159.0
2022-08-08,8,TEN,16766.0,16641.0
2022-08-08,9,TEN,16529.0,16423.0
2022-08-08,10,TEN,16752.0,16674.0
2022-08-08,11,TEN,17617.0,17675.0
2022-08-08,12,TEN,18510.0,18005.0
2022-08-08,13,TEN,19612.0,18866.0
2022-08-08,14,TEN,21224.0,19931.0
2022-08-08,15,TEN,23014.0,21305.0
2022-08-08,16,TEN,25189.0,23013.0
2022-08-08,17,TEN,26890.0,24354.0
2022-08-08,18,TEN,28113.0,24860.0
2022-08-08,19,TEN,28376.0,24674.0
2022-08-08,20,TEN,28136.0,25193.0
2022-08-08,21,TEN,28162.0,25641.0
2022-08-08,22,TEN,28005.0,25486.0
2022-08-08,23,TEN,27781.0,25061.0
2022-08-09,0,TEN,27215.0,24189.0
2022-08-09,1,TEN,26248.0,23457.0
2022-08-09,2,TEN,25328.0,23097.0
2022-08-09,3,TEN,23715.0,21860.0
2022-08-09,4,TEN,21917.0,20973.0
2022-08-09,5,TEN,20529.0,19922.0
2022-08-09,6,TEN,19309.0,18824.0
2022-08-09,7,TEN,18309.0,18103.0
2022-08-09,8,TEN,17798.0,17538.0
2022-08-09,9,TEN,17488.0,17218.0
2022-08-09,10,TEN,17575.0,17442.0
2022-08-09,11,TEN,18381.0,18380.0
2022-08-09,12,TEN,19098.0,18531.0
2022-08-09,13,TEN,20088.0,19452.0
2022-08-09,14,TEN,21439.0,20334.0
2022-08-09,15,TEN,22912.0,21325.0
2022-08-09,16,TEN,24588.0,22787.0
2022-08-09,17,TEN,26163.0,23842.0
2022-08-09,18,TEN,27529.0,25159.0
2022-08-09,19,TEN,28012.0,25521.0
2022-08-09,20,TEN,28059.0,25297.0
2022-08-09,21,TEN,27819.0,25094.0
2022-08-09,22,TEN,26976.0,24454.0
2022-08-09,23,TEN,26087.0,23896.0
2022-08-10,0,TEN,24854.0,22635.0
2022-08-10,1,TEN,24039.0,21732.0
2022-08-10,2,TEN,23232.0,20974.0
2022-08-10,3,TEN,21833.0,20220.0
2022-08-10,4,TEN,20282.0,19415.0
2022-08-10,5,TEN,18939.0,18403.0
2022-08-10,6,TEN,17920.0,17551.0
2022-08-10,7,TEN,17185.0,16923.0
2022-08-10,8,TEN,16767.0,16589.0
2022-08-10,9,TEN,16566.0,16459.0
2022-08-10,10,TEN,16834.0,16773.0
2022-08-10,11,TEN,17596.0,17695.0
2022-08-10,12,TEN,18570.0,17999.0
2022-08-10,13,TEN,19255.0,18451.0
2022-08-10,14,TEN,20014.0,18709.0
2022-08-10,15,TEN,21130.0,18952.0
2022-08-10,16,TEN,22402.0,20112.0
2022-08-10,17,TEN,23412.0,21267.0
2022-08-10,18,TEN,24102.0,22016.0
2022-08-10,19,TEN,24058.0,22036.0
2022-08-10,20,TEN,23951.0,21942.0
2022-08-10,21,TEN,23895.0,21902.0
2022-08-10,22,TEN,23860.0,21931.0
2022-08-10,23,TEN,23711.0,21809.0
2022-08-11,0,TEN,23296.0,21408.0
2022-08-11,1,TEN,22788.0,20881.0
2022-08-11,2,TEN,22339.0,20474.0
2022-08-11,3,TEN,21225.0,19969.0
2022-08-11,4,TEN,19724.0,19616.0
2022-08-11,5,TEN,18360.0,18457.0
2022-08-11,6,TEN,17482.0,17586.0
2022-08-11,7,TEN,16746.0,16787.0
2022-08-11,8,TEN,16354.0,16409.0
2022-08-11,9,TEN,16223.0,16335.0
2022-08-11,10,TEN,16457.0,16613.0
2022-08-11,11,TEN,17215.0,17299.0
2022-08-11,12,TEN,18278.0,17551.0
2022-08-11,13,TEN,18855.0,18079.0
2022-08-11,14,TEN,19674.0,18703.0
2022-08-11,15,TEN,20663.0,19098.0
2022-08-11,16,TEN,21812.0,20221.0
2022-08-11,17,TEN,23047.0,21123.0
2022-08-11,18,TEN,24189.0,22140.0
2022-08-11,19,TEN,25237.0,23119.0
2022-08-11,20,TEN,25964.0,23639.0
2022-08-11,21,TEN,26532.0,24007.0
2022-08-11,22,TEN,26609.0,23983.0
2022-08-11,23,TEN,26172.0,23579.0
2022-08-12,0,TEN,25349.0,23171.0
2022-08-12,1,TEN,24463.0,22311.0
2022-08-12,2,TEN,23875.0,22025.0
2022-08-12,3,TEN,22320.0,20799.0
2022-08-12,4,TEN,20591.0,20463.0
2022-08-12,5,TEN,19036.0,19054.0
2022-08-12,6,TEN,17298.0,19054.0
2022-08-12,7,TEN,16474.0,16787.0
2022-08-12,8,TEN,15965.0,16409.0
2022-08-12,9,TEN,15623.0,16335.0
2022-08-12,10,TEN,15708.0,16613.0
2022-08-12,11,TEN,16476.0,17299.0
2022-08-12,12,TEN,17294.0,17551.0
2022-08-12,13,TEN,18180.0,18079.0
2022-08-12,14,TEN,19325.0,18703.0
2022-08-12,15,TEN,20579.0,19098.0
2022-08-12,16,TEN,21997.0,20221.0
2022-08-12,17,TEN,23271.0,21123.0
2022-08-12,18,TEN,24407.0,22140.0
2022-08-12,19,TEN,24894.0,23119.0
2022-08-12,20,TEN,25241.0,23639.0
2022-08-12,21,TEN,25328.0,24007.0
2022-08-12,22,TEN,25130.0,23983.0
2022-08-12,23,TEN,24484.0,23579.0
2022-08-13,0,TEN,23471.0,23171.0
2022-08-13,1,TEN,22464.0,22311.0
2022-08-13,2,TEN,21667.0,22025.0
2022-08-13,3,TEN,20329.0,20799.0
2022-08-13,4,TEN,18820.0,20463.0
2022-08-13,5,TEN,17361.0,19054.0
2022-08-13,6,TEN,16113.0,16165.0
2022-08-13,7,TEN,15231.0,15148.0
2022-08-13,8,TEN,14664.0,14603.0
2022-08-13,9,TEN,14344.0,14271.0
2022-08-13,10,TEN,14245.0,14164.0
2022-08-13,11,TEN,14324.0,14270.0
2022-08-13,12,TEN,14421.0,14259.0
2022-08-13,13,TEN,15151.0,15036.0
2022-08-13,14,TEN,16471.0,16378.0
2022-08-13,15,TEN,17898.0,17720.0
2022-08-13,16,TEN,19375.0,18839.0
2022-08-13,17,TEN,20740.0,19996.0
2022-08-13,18,TEN,21978.0,21113.0
2022-08-13,19,TEN,23137.0,22216.0
2022-08-13,20,TEN,24054.0,23041.0
2022-08-13,21,TEN,24737.0,23427.0
2022-08-13,22,TEN,25106.0,23710.0
2022-08-13,23,TEN,24924.0,23640.0
2022-08-14,0,TEN,23980.0,22859.0
2022-08-14,1,TEN,22625.0,21324.0
2022-08-14,2,TEN,21452.0,20163.0
2022-08-14,3,TEN,20052.0,19207.0
2022-08-14,4,TEN,18549.0,18483.0
2022-08-14,5,TEN,17129.0,17223.0
2022-08-14,6,TEN,16157.0,16149.0
2022-08-14,7,TEN,15202.0,15122.0
2022-08-14,8,TEN,14712.0,14625.0
2022-08-14,9,TEN,14296.0,14228.0
2022-08-14,10,TEN,14203.0,14184.0
2022-08-14,11,TEN,14155.0,14128.0
2022-08-14,12,TEN,14179.0,14082.0
2022-08-14,13,TEN,15213.0,15137.0
2022-08-14,14,TEN,16785.0,16592.0
2022-08-14,15,TEN,18294.0,17616.0
2022-08-14,16,TEN,19894.0,19014.0
2022-08-14,17,TEN,21564.0,20444.0
2022-08-14,18,TEN,22969.0,21265.0
2022-08-14,19,TEN,24156.0,22446.0
2022-08-14,20,TEN,25242.0,23380.0
2022-08-14,21,TEN,25976.0,23973.0
2022-08-14,22,TEN,26332.0,24052.0
2022-08-14,23,TEN,26275.0,24074.0
2022-08-15,0,TEN,25538.0,23499.0
2022-08-15,1,TEN,24437.0,22930.0
2022-08-15,2,TEN,23601.0,22390.0
2022-08-15,3,TEN,22117.0,20817.0
2022-08-15,4,TEN,20376.0,19688.0
2022-08-15,5,TEN,18797.0,18620.0
2022-08-15,6,TEN,17702.0,17709.0
2022-08-15,7,TEN,16919.0,16972.0
2022-08-15,8,TEN,16359.0,16393.0
2022-08-15,9,TEN,16145.0,16208.0
2022-08-15,10,TEN,16399.0,16504.0
2022-08-15,11,TEN,17317.0,17461.0
2022-08-15,12,TEN,18277.0,17831.0
2022-08-15,13,TEN,19081.0,18262.0
2022-08-15,14,TEN,20364.0,19100.0
2022-08-15,15,TEN,21755.0,20167.0
2022-08-15,16,TEN,23439.0,21402.0
2022-08-15,17,TEN,24812.0,22815.0
2022-08-15,18,TEN,26114.0,23829.0
2022-08-15,19,TEN,26925.0,24638.0
2022-08-15,20,TEN,27333.0,24743.0
2022-08-15,21,TEN,27341.0,24819.0
2022-08-15,22,TEN,27367.0,24733.0
2022-08-15,23,TEN,26860.0,24155.0
2022-08-16,0,TEN,26114.0,23762.0
2022-08-16,1,TEN,24985.0,22765.0
2022-08-16,2,TEN,24093.0,21968.0
2022-08-16,3,TEN,22434.0,20393.0
2022-08-16,4,TEN,20571.0,19557.0
2022-08-16,5,TEN,18951.0,18311.0
2022-08-16,6,TEN,17809.0,17063.0
2022-08-16,7,TEN,16921.0,16139.0
2022-08-16,8,TEN,16195.0,15418.0
2022-08-16,9,TEN,15983.0,15217.0
2022-08-16,10,TEN,16075.0,15354.0
2022-08-16,11,TEN,16988.0,16400.0
2022-08-16,12,TEN,17764.0,16649.0
2022-08-16,13,TEN,18404.0,17199.0
2022-08-16,14,TEN,18999.0,17764.0
2022-08-16,15,TEN,19962.0,18487.0
2022-08-16,16,TEN,21018.0,19284.0
2022-08-16,17,TEN,21711.0,19983.0
2022-08-16,18,TEN,22154.0,20138.0
2022-08-16,19,TEN,22273.0,20289.0
2022-08-16,20,TEN,22362.0,20572.0
2022-08-16,21,TEN,22438.0,20595.0
2022-08-16,22,TEN,22612.0,20825.0
2022-08-16,23,TEN,22487.0,20725.0
2022-08-17,0,TEN,21977.0,20210.0
2022-08-17,1,TEN,21664.0,20028.0
2022-08-17,2,TEN,21261.0,19102.0
2022-08-17,3,TEN,20252.0,18419.0
2022-08-17,4,TEN,18663.0,17881.0
2022-08-17,5,TEN,17292.0,16958.0
2022-08-17,6,TEN,16388.0,16376.0
2022-08-17,7,TEN,15628.0,15821.0
2022-08-17,8,TEN,15197.0,15264.0
2022-08-17,9,TEN,15061.0,15087.0
2022-08-17,10,TEN,15437.0,15487.0
2022-08-17,11,TEN,16189.0,16380.0
2022-08-17,12,TEN,17065.0,17354.0
2022-08-17,13,TEN,17686.0,17988.0
2022-08-17,14,TEN,18253.0,18108.0
2022-08-17,15,TEN,19198.0,18496.0
2022-08-17,16,TEN,20111.0,19407.0
2022-08-17,17,TEN,20991.0,20376.0
2022-08-17,18,TEN,21600.0,21132.0
2022-08-17,19,TEN,22006.0,21609.0
2022-08-17,20,TEN,22393.0,21940.0
2022-08-17,21,TEN,22797.0,22300.0
2022-08-17,22,TEN,23108.0,22664.0
2022-08-17,23,TEN,23049.0,22663.0
2022-08-18,0,TEN,22481.0,22101.0
2022-08-18,1,TEN,21750.0,21571.0
2022-08-18,2,TEN,21158.0,21128.0
2022-08-18,3,TEN,19899.0,20093.0
2022-08-18,4,TEN,18381.0,18574.0
2022-08-18,5,TEN,16964.0,17079.0
2022-08-18,6,TEN,15994.0,15963.0
2022-08-18,7,TEN,15346.0,15325.0
2022-08-18,8,TEN,14904.0,14854.0
2022-08-18,9,TEN,14592.0,14590.0
2022-08-18,10,TEN,14821.0,14819.0
2022-08-18,11,TEN,15622.0,15590.0
2022-08-18,12,TEN,16506.0,15991.0
2022-08-18,13,TEN,17249.0,16766.0
2022-08-18,14,TEN,18270.0,17821.0
2022-08-18,15,TEN,19547.0,18905.0
2022-08-18,16,TEN,20935.0,19768.0
2022-08-18,17,TEN,22337.0,21128.0
2022-08-18,18,TEN,23504.0,22192.0
2022-08-18,19,TEN,24304.0,22794.0
2022-08-18,20,TEN,25053.0,23402.0
2022-08-18,21,TEN,25533.0,23813.0
2022-08-18,22,TEN,25704.0,24024.0
2022-08-18,23,TEN,25256.0,23545.0
2022-08-19,0,TEN,24280.0,22539.0
2022-08-19,1,TEN,23170.0,21367.0
2022-08-19,2,TEN,22491.0,20436.0
2022-08-19,3,TEN,20976.0,19406.0
2022-08-19,4,TEN,19119.0,19053.0
2022-08-19,5,TEN,17525.0,17763.0
2022-08-19,6,TEN,16442.0,16527.0
2022-08-19,7,TEN,15740.0,15878.0
2022-08-19,8,TEN,15383.0,15349.0
2022-08-19,9,TEN,15009.0,14990.0
2022-08-19,10,TEN,15342.0,15320.0
2022-08-19,11,TEN,16123.0,16283.0
2022-08-19,12,TEN,16978.0,16728.0
2022-08-19,13,TEN,17706.0,16832.0
2022-08-19,14,TEN,18762.0,17566.0
2022-08-19,15,TEN,20265.0,19098.0
2022-08-19,16,TEN,21836.0,20805.0
2022-08-19,17,TEN,23067.0,21863.0
2022-08-19,18,TEN,24157.0,22725.0
2022-08-19,19,TEN,24764.0,23321.0
2022-08-19,20,TEN,25106.0,23613.0
2022-08-19,21,TEN,25295.0,23799.0
2022-08-19,22,TEN,25462.0,23877.0
2022-08-19,23,TEN,24876.0,23405.0
2022-08-20,0,TEN,23837.0,22456.0
2022-08-20,1,TEN,22777.0,21331.0
2022-08-20,2,TEN,21878.0,20311.0
2022-08-20,3,TEN,20667.0,19237.0
2022-08-20,4,TEN,19213.0,18395.0
2022-08-20,5,TEN,17929.0,17467.0
2022-08-20,6,TEN,16749.0,16703.0
2022-08-20,7,TEN,16076.0,16070.0
2022-08-20,8,TEN,15508.0,15567.0
2022-08-20,9,TEN,15178.0,15204.0
2022-08-20,10,TEN,15200.0,15231.0
2022-08-20,11,TEN,15457.0,15467.0
2022-08-20,12,TEN,15631.0,15614.0
2022-08-20,13,TEN,16438.0,16356.0
2022-08-20,14,TEN,17802.0,17360.0
2022-08-20,15,TEN,19212.0,18565.0
2022-08-20,16,TEN,20665.0,19849.0
2022-08-20,17,TEN,21768.0,20747.0
2022-08-20,18,TEN,22357.0,21299.0
2022-08-20,19,TEN,22805.0,21664.0
2022-08-20,20,TEN,23207.0,22123.0
2022-08-20,21,TEN,23414.0,22315.0
2022-08-20,22,TEN,23471.0,22408.0
2022-08-20,23,TEN,23380.0,22272.0
2022-08-21,0,TEN,22677.0,21622.0
2022-08-21,1,TEN,21726.0,20490.0
2022-08-21,2,TEN,21198.0,19894.0
2022-08-21,3,TEN,20053.0,18734.0
2022-08-21,4,TEN,18931.0,17908.0
2022-08-21,5,TEN,17761.0,17415.0
2022-08-21,6,TEN,16619.0,16673.0
2022-08-21,7,TEN,15996.0,15979.0
2022-08-21,8,TEN,15593.0,15520.0
2022-08-21,9,TEN,15237.0,15175.0
2022-08-21,10,TEN,15237.0,15191.0
2022-08-21,11,TEN,15334.0,15332.0
2022-08-21,12,TEN,15504.0,15482.0
2022-08-21,13,TEN,16135.0,16280.0
2022-08-21,14,TEN,17305.0,17048.0
2022-08-21,15,TEN,18052.0,17704.0
2022-08-21,16,TEN,18749.0,18152.0
2022-08-21,17,TEN,19562.0,19080.0
2022-08-21,18,TEN,20489.0,19965.0
2022-08-21,19,TEN,21375.0,20950.0
2022-08-21,20,TEN,22043.0,21615.0
2022-08-21,21,TEN,22752.0,22224.0
2022-08-21,22,TEN,23218.0,22493.0
2022-08-21,23,TEN,23110.0,22568.0
2022-08-22,0,TEN,22396.0,21685.0
2022-08-22,1,TEN,21837.0,21099.0
2022-08-22,2,TEN,21344.0,20619.0
2022-08-22,3,TEN,20183.0,19313.0
2022-08-22,4,TEN,18714.0,18019.0
2022-08-22,5,TEN,17443.0,17244.0
2022-08-22,6,TEN,16564.0,16780.0
2022-08-22,7,TEN,15946.0,16128.0
2022-08-22,8,TEN,15521.0,15582.0
2022-08-22,9,TEN,15492.0,15569.0
2022-08-22,10,TEN,15891.0,16047.0
2022-08-22,11,TEN,16950.0,17121.0
2022-08-22,12,TEN,17847.0,17421.0
2022-08-22,13,TEN,18544.0,18207.0
2022-08-22,14,TEN,19366.0,18775.0
2022-08-22,15,TEN,20249.0,19837.0
2022-08-22,16,TEN,21344.0,20590.0
2022-08-22,17,TEN,22354.0,21365.0
2022-08-22,18,TEN,23403.0,22208.0
2022-08-22,19,TEN,24175.0,22725.0
2022-08-22,20,TEN,24983.0,23357.0
2022-08-22,21,TEN,25511.0,23755.0
2022-08-22,22,TEN,25688.0,24038.0
2022-08-22,23,TEN,25389.0,23672.0
2022-08-23,0,TEN,24574.0,22886.0
2022-08-23,1,TEN,23664.0,21957.0
2022-08-23,2,TEN,22919.0,21214.0
2022-08-23,3,TEN,21159.0,19495.0
2022-08-23,4,TEN,19429.0,18837.0
2022-08-23,5,TEN,18058.0,17848.0
2022-08-23,6,TEN,16922.0,17301.0
2022-08-23,7,TEN,16233.0,16519.0
2022-08-23,8,TEN,15664.0,15993.0
2022-08-23,9,TEN,15411.0,15786.0
2022-08-23,10,TEN,15503.0,15924.0
2022-08-23,11,TEN,16439.0,16756.0
2022-08-23,12,TEN,17374.0,16921.0
2022-08-23,13,TEN,18119.0,17855.0
2022-08-23,14,TEN,18780.0,18396.0
2022-08-23,15,TEN,20299.0,19728.0
2022-08-23,16,TEN,21658.0,20637.0
2022-08-23,17,TEN,22812.0,21376.0
2022-08-23,18,TEN,23719.0,22151.0
2022-08-23,19,TEN,24390.0,22630.0
2022-08-23,20,TEN,24889.0,22651.0
2022-08-23,21,TEN,25068.0,22830.0
2022-08-23,22,TEN,25102.0,22839.0
2022-08-23,23,TEN,24745.0,22453.0
2022-08-24,0,TEN,23910.0,21647.0
2022-08-24,1,TEN,23201.0,21392.0
2022-08-24,2,TEN,22476.0,20925.0
2022-08-24,3,TEN,20971.0,19648.0
2022-08-24,4,TEN,19254.0,18771.0
2022-08-24,5,TEN,17684.0,17693.0
2022-08-24,6,TEN,16646.0,16849.0
2022-08-24,7,TEN,15998.0,16125.0
2022-08-24,8,TEN,15575.0,15736.0
2022-08-24,9,TEN,15284.0,15475.0
2022-08-24,10,TEN,15615.0,15782.0
2022-08-24,11,TEN,16252.0,16477.0
2022-08-24,12,TEN,17157.0,16672.0
2022-08-24,13,TEN,17745.0,17390.0
2022-08-24,14,TEN,18717.0,18188.0
2022-08-24,15,TEN,20042.0,19144.0
2022-08-24,16,TEN,21412.0,20153.0
2022-08-24,17,TEN,22783.0,21233.0
2022-08-24,18,TEN,23852.0,22170.0
2022-08-24,19,TEN,24558.0,22717.0
2022-08-24,20,TEN,25218.0,22886.0
2022-08-24,21,TEN,25744.0,23322.0
2022-08-24,22,TEN,25903.0,23456.0
2022-08-24,23,TEN,25608.0,23311.0
2022-08-25,0,TEN,24678.0,22372.0
2022-08-25,1,TEN,23895.0,21666.0
2022-08-25,2,TEN,22963.0,21393.0
2022-08-25,3,TEN,21496.0,20128.0
2022-08-25,4,TEN,19750.0,19228.0
2022-08-25,5,TEN,18351.0,18219.0
2022-08-25,6,TEN,17275.0,17054.0
2022-08-25,7,TEN,16451.0,16057.0
2022-08-25,8,TEN,15833.0,15603.0
2022-08-25,9,TEN,15729.0,15385.0
2022-08-25,10,TEN,15859.0,15583.0
2022-08-25,11,TEN,16822.0,16565.0
2022-08-25,12,TEN,17707.0,16688.0
2022-08-25,13,TEN,18436.0,17436.0
2022-08-25,14,TEN,19438.0,18439.0
2022-08-25,15,TEN,20807.0,19678.0
2022-08-25,16,TEN,22254.0,20900.0
2022-08-25,17,TEN,23618.0,21769.0
2022-08-25,18,TEN,24767.0,22840.0
2022-08-25,19,TEN,25744.0,23431.0
2022-08-25,20,TEN,26523.0,24026.0
2022-08-25,21,TEN,26959.0,24425.0
2022-08-25,22,TEN,27173.0,24769.0
2022-08-25,23,TEN,26825.0,24600.0
2022-08-26,0,TEN,25777.0,23511.0
2022-08-26,1,TEN,25019.0,22776.0
2022-08-26,2,TEN,24136.0,21874.0
2022-08-26,3,TEN,22670.0,20846.0
2022-08-26,4,TEN,20802.0,20252.0
2022-08-26,5,TEN,19279.0,18973.0
2022-08-26,6,TEN,18010.0,18146.0
2022-08-26,7,TEN,17016.0,17065.0
2022-08-26,8,TEN,16544.0,16554.0
2022-08-26,9,TEN,16335.0,16364.0
2022-08-26,10,TEN,16477.0,16532.0
2022-08-26,11,TEN,17193.0,17391.0
2022-08-26,12,TEN,18056.0,17686.0
2022-08-26,13,TEN,18759.0,18363.0
2022-08-26,14,TEN,19892.0,19030.0
2022-08-26,15,TEN,21147.0,19620.0
2022-08-26,16,TEN,22579.0,20722.0
2022-08-26,17,TEN,24042.0,22018.0
2022-08-26,18,TEN,25215.0,22989.0
2022-08-26,19,TEN,25782.0,23607.0
2022-08-26,20,TEN,26136.0,23939.0
2022-08-26,21,TEN,26096.0,23900.0
2022-08-26,22,TEN,26135.0,23947.0
2022-08-26,23,TEN,25568.0,23287.0
2022-08-27,0,TEN,24546.0,22309.0
2022-08-27,1,TEN,23555.0,21452.0
2022-08-27,2,TEN,22663.0,20684.0
2022-08-27,3,TEN,21240.0,19388.0
2022-08-27,4,TEN,19805.0,18738.0
2022-08-27,5,TEN,18494.0,17674.0
2022-08-27,6,TEN,17388.0,16533.0
2022-08-27,7,TEN,16414.0,15691.0
2022-08-27,8,TEN,15835.0,15315.0
2022-08-27,9,TEN,15455.0,14955.0
2022-08-27,10,TEN,15355.0,14806.0
2022-08-27,11,TEN,15474.0,14966.0
2022-08-27,12,TEN,15527.0,14997.0
2022-08-27,13,TEN,16409.0,15680.0
2022-08-27,14,TEN,18099.0,17268.0
2022-08-27,15,TEN,20084.0,18954.0
2022-08-27,16,TEN,22175.0,20771.0
2022-08-27,17,TEN,23849.0,22456.0
2022-08-27,18,TEN,25120.0,23517.0
2022-08-27,19,TEN,26170.0,24503.0
2022-08-27,20,TEN,26662.0,24562.0
2022-08-27,21,TEN,26663.0,24283.0
2022-08-27,22,TEN,26918.0,24405.0
2022-08-27,23,TEN,26513.0,24009.0
2022-08-28,0,TEN,25470.0,23848.0
2022-08-28,1,TEN,24615.0,23335.0
2022-08-28,2,TEN,23412.0,22089.0
2022-08-28,3,TEN,22003.0,20768.0
2022-08-28,4,TEN,20252.0,19353.0
2022-08-28,5,TEN,18961.0,18017.0
2022-08-28,6,TEN,17904.0,16904.0
2022-08-28,7,TEN,16919.0,16432.0
2022-08-28,8,TEN,16296.0,15766.0
2022-08-28,9,TEN,15793.0,15296.0
2022-08-28,10,TEN,15543.0,15010.0
2022-08-28,11,TEN,15549.0,14994.0
2022-08-28,12,TEN,15603.0,14972.0
2022-08-28,13,TEN,16615.0,15813.0
2022-08-28,14,TEN,18547.0,17478.0
2022-08-28,15,TEN,20624.0,19261.0
2022-08-28,16,TEN,22779.0,21504.0
2022-08-28,17,TEN,24533.0,23372.0
2022-08-28,18,TEN,25853.0,23986.0
2022-08-28,19,TEN,26629.0,24305.0
2022-08-28,20,TEN,26805.0,24525.0
2022-08-28,21,TEN,26931.0,24652.0
2022-08-28,22,TEN,26908.0,24391.0
2022-08-28,23,TEN,26502.0,24159.0
2022-08-29,0,TEN,25843.0,24430.0
2022-08-29,1,TEN,25044.0,23722.0
2022-08-29,2,TEN,24061.0,22720.0
2022-08-29,3,TEN,22674.0,21371.0
2022-08-29,4,TEN,20966.0,19774.0
2022-08-29,5,TEN,19576.0,18443.0
2022-08-29,6,TEN,18432.0,17265.0
2022-08-29,7,TEN,17596.0,16626.0
2022-08-29,8,TEN,17076.0,16285.0
2022-08-29,9,TEN,16838.0,16066.0
2022-08-29,10,TEN,17134.0,16446.0
2022-08-29,11,TEN,18004.0,17040.0
2022-08-29,12,TEN,18845.0,17068.0
2022-08-29,13,TEN,19855.0,17980.0
2022-08-29,14,TEN,21262.0,19346.0
2022-08-29,15,TEN,23020.0,20955.0
2022-08-29,16,TEN,24820.0,22540.0
2022-08-29,17,TEN,26361.0,24074.0
2022-08-29,18,TEN,27391.0,24694.0
2022-08-29,19,TEN,28174.0,25027.0
2022-08-29,20,TEN,28357.0,25223.0
2022-08-29,21,TEN,27969.0,24785.0
2022-08-29,22,TEN,27655.0,24486.0
2022-08-29,23,TEN,27195.0,24438.0
2022-08-30,0,TEN,26187.0,23763.0
2022-08-30,1,TEN,25440.0,23278.0
2022-08-30,2,TEN,24411.0,22116.0
2022-08-30,3,TEN,22809.0,20549.0
2022-08-30,4,TEN,20983.0,19829.0
2022-08-30,5,TEN,19456.0,18391.0
2022-08-30,6,TEN,18475.0,17384.0
2022-08-30,7,TEN,17635.0,16558.0
2022-08-30,8,TEN,16983.0,15929.0
2022-08-30,9,TEN,16703.0,15671.0
2022-08-30,10,TEN,16900.0,15919.0
2022-08-30,11,TEN,17712.0,16737.0
2022-08-30,12,TEN,18419.0,16745.0
2022-08-30,13,TEN,19121.0,17554.0
2022-08-30,14,TEN,20101.0,18664.0
2022-08-30,15,TEN,21050.0,19401.0
2022-08-30,16,TEN,22361.0,20145.0
2022-08-30,17,TEN,23685.0,21664.0
2022-08-30,18,TEN,24627.0,22536.0
2022-08-30,19,TEN,25284.0,22996.0
2022-08-30,20,TEN,25865.0,23340.0
2022-08-30,21,TEN,26381.0,23670.0
2022-08-30,22,TEN,26679.0,24174.0
2022-08-30,23,TEN,26437.0,24083.0
2022-08-31,0,TEN,25589.0,23379.0
2022-08-31,1,TEN,24717.0,22752.0
2022-08-31,2,TEN,23803.0,21728.0
2022-08-31,3,TEN,22051.0,20590.0
2022-08-31,4,TEN,20104.0,19521.0
2022-08-31,5,TEN,18451.0,18195.0
2022-08-31,6,TEN,17459.0,17681.0
2022-08-31,7,TEN,16658.0,16822.0
2022-08-31,8,TEN,15993.0,16099.0
2022-08-31,9,TEN,15643.0,15776.0
2022-08-31,10,TEN,15758.0,15913.0
2022-08-31,11,TEN,16405.0,16681.0
2022-08-31,12,TEN,17138.0,16808.0
2022-08-31,13,TEN,18012.0,17660.0
2022-08-31,14,TEN,19110.0,18849.0
2022-08-31,15,TEN,20463.0,20034.0
2022-08-31,16,TEN,21816.0,20866.0
2022-08-31,17,TEN,23041.0,21531.0
2022-08-31,18,TEN,24316.0,22715.0
2022-08-31,19,TEN,25150.0,23040.0
2022-08-31,20,TEN,26036.0,23744.0
2022-08-31,21,TEN,26563.0,24266.0
2022-08-31,22,TEN,26748.0,24578.0
2022-08-31,23,TEN,26128.0,24099.0
2022-09-01,0,TEN,24826.0,22818.0
2022-09-01,1,TEN,23673.0,21598.0
2022-09-01,2,TEN,22164.0,20511.0
2022-09-01,3,TEN,20308.0,19534.0
2022-09-01,4,TEN,18487.0,18287.0
2022-09-01,5,TEN,16972.0,17301.0
2022-09-01,6,TEN,15941.0,16109.0
2022-09-01,7,TEN,15174.0,15300.0
2022-09-01,8,TEN,14761.0,14857.0
2022-09-01,9,TEN,14478.0,14615.0
2022-09-01,10,TEN,14675.0,14814.0
2022-09-01,11,TEN,15494.0,15818.0
2022-09-01,12,TEN,16294.0,16040.0
2022-09-01,13,TEN,16939.0,16696.0
2022-09-01,14,TEN,17881.0,17901.0
2022-09-01,15,TEN,19069.0,19082.0
2022-09-01,16,TEN,20417.0,20116.0
2022-09-01,17,TEN,21820.0,21177.0
2022-09-01,18,TEN,23275.0,21926.0
2022-09-01,19,TEN,24435.0,23181.0
2022-09-01,20,TEN,25375.0,23731.0
2022-09-01,21,TEN,26070.0,23964.0
2022-09-01,22,TEN,26233.0,24448.0
2022-09-01,23,TEN,25760.0,24073.0
2022-09-02,0,TEN,24497.0,22995.0
2022-09-02,1,TEN,23535.0,22536.0
2022-09-02,2,TEN,22414.0,21256.0
2022-09-02,3,TEN,20773.0,20237.0
2022-09-02,4,TEN,18997.0,18933.0
2022-09-02,5,TEN,17507.0,17808.0
2022-09-02,6,TEN,16305.0,16446.0
2022-09-02,7,TEN,15377.0,15566.0
2022-09-02,8,TEN,15017.0,15067.0
2022-09-02,9,TEN,14796.0,14855.0
2022-09-02,10,TEN,14965.0,15098.0
2022-09-02,11,TEN,15759.0,16104.0
2022-09-02,12,TEN,16494.0,16276.0
2022-09-02,13,TEN,17291.0,17094.0
2022-09-02,14,TEN,18237.0,18149.0
2022-09-02,15,TEN,19613.0,19335.0
2022-09-02,16,TEN,21179.0,20393.0
2022-09-02,17,TEN,22763.0,21714.0
2022-09-02,18,TEN,24075.0,22755.0
2022-09-02,19,TEN,25059.0,23635.0
2022-09-02,20,TEN,25597.0,23655.0
2022-09-02,21,TEN,25863.0,23974.0
2022-09-02,22,TEN,25777.0,23809.0
2022-09-02,23,TEN,25129.0,23215.0
2022-09-03,0,TEN,23956.0,22460.0
2022-09-03,1,TEN,23194.0,21728.0
2022-09-03,2,TEN,22303.0,20767.0
2022-09-03,3,TEN,20924.0,19729.0
2022-09-03,4,TEN,19673.0,19061.0
2022-09-03,5,TEN,18373.0,18419.0
2022-09-03,6,TEN,17373.0,17622.0
2022-09-03,7,TEN,16481.0,16578.0
2022-09-03,8,TEN,15986.0,16068.0
2022-09-03,9,TEN,15507.0,15650.0
2022-09-03,10,TEN,15431.0,15571.0
2022-09-03,11,TEN,15534.0,15663.0
2022-09-03,12,TEN,15691.0,15874.0
2022-09-03,13,TEN,16198.0,16420.0
2022-09-03,14,TEN,17434.0,17557.0
2022-09-03,15,TEN,18861.0,18307.0
2022-09-03,16,TEN,20231.0,19342.0
2022-09-03,17,TEN,21566.0,20547.0
2022-09-03,18,TEN,22605.0,21764.0
2022-09-03,19,TEN,23436.0,22580.0
2022-09-03,20,TEN,23712.0,22979.0
2022-09-03,21,TEN,23529.0,22765.0
2022-09-03,22,TEN,23257.0,22510.0
2022-09-03,23,TEN,22607.0,21861.0
2022-09-04,0,TEN,21583.0,20880.0
2022-09-04,1,TEN,21002.0,20268.0
2022-09-04,2,TEN,20229.0,19502.0
2022-09-04,3,TEN,19276.0,18901.0
2022-09-04,4,TEN,18146.0,17739.0
2022-09-04,5,TEN,16932.0,16897.0
2022-09-04,6,TEN,16094.0,15893.0
2022-09-04,7,TEN,15455.0,15107.0
2022-09-04,8,TEN,15113.0,14711.0
2022-09-04,9,TEN,14805.0,14447.0
2022-09-04,10,TEN,14616.0,14268.0
2022-09-04,11,TEN,14760.0,14404.0
2022-09-04,12,TEN,14923.0,14631.0
2022-09-04,13,TEN,15494.0,15292.0
2022-09-04,14,TEN,16573.0,16579.0
2022-09-04,15,TEN,17614.0,17454.0
2022-09-04,16,TEN,18459.0,18395.0
2022-09-04,17,TEN,19484.0,19483.0
2022-09-04,18,TEN,20535.0,20484.0
2022-09-04,19,TEN,21275.0,21066.0
2022-09-04,20,TEN,21722.0,21526.0
2022-09-04,21,TEN,21754.0,21504.0
2022-09-04,22,TEN,21552.0,21418.0
2022-09-04,23,TEN,21148.0,21018.0
2022-09-05,0,TEN,20543.0,20376.0
2022-09-05,1,TEN,20155.0,19994.0
2022-09-05,2,TEN,19590.0,19377.0
2022-09-05,3,TEN,18589.0,18325.0
2022-09-05,4,TEN,17626.0,17334.0
2022-09-05,5,TEN,16623.0,16761.0
2022-09-05,6,TEN,15675.0,15923.0
2022-09-05,7,TEN,15017.0,15071.0
2022-09-05,8,TEN,14583.0,14602.0
2022-09-05,9,TEN,14531.0,14542.0
2022-09-05,10,TEN,14312.0,14345.0
2022-09-05,11,TEN,14410.0,14470.0
2022-09-05,12,TEN,14657.0,14947.0
2022-09-05,13,TEN,15102.0,15411.0
2022-09-05,14,TEN,16158.0,16693.0
2022-09-05,15,TEN,17359.0,18038.0
2022-09-05,16,TEN,18425.0,18908.0
2022-09-05,17,TEN,19484.0,19654.0
2022-09-05,18,TEN,20475.0,20574.0
2022-09-05,19,TEN,21314.0,21440.0
2022-09-05,20,TEN,21910.0,21699.0
2022-09-05,21,TEN,22344.0,22083.0
2022-09-05,22,TEN,22470.0,22145.0
2022-09-05,23,TEN,22298.0,21991.0
2022-09-06,0,TEN,21720.0,21486.0
2022-09-06,1,TEN,21340.0,21052.0
2022-09-06,2,TEN,20527.0,20243.0
2022-09-06,3,TEN,19180.0,19263.0
2022-09-06,4,TEN,17758.0,17836.0
2022-09-06,5,TEN,16581.0,16894.0
2022-09-06,6,TEN,15738.0,15827.0
2022-09-06,7,TEN,15116.0,15059.0
2022-09-06,8,TEN,14858.0,14849.0
2022-09-06,9,TEN,14868.0,14842.0
2022-09-06,10,TEN,15088.0,15115.0
2022-09-06,11,TEN,16095.0,16331.0
2022-09-06,12,TEN,17167.0,17055.0
2022-09-06,13,TEN,17805.0,17639.0
2022-09-06,14,TEN,18587.0,18506.0
2022-09-06,15,TEN,19811.0,19171.0
2022-09-06,16,TEN,21208.0,20282.0
2022-09-06,17,TEN,22579.0,21272.0
2022-09-06,18,TEN,23824.0,21962.0
2022-09-06,19,TEN,24534.0,22686.0
2022-09-06,20,TEN,24833.0,23013.0
2022-09-06,21,TEN,24511.0,22690.0
2022-09-06,22,TEN,24028.0,22435.0
2022-09-06,23,TEN,23268.0,21685.0
2022-09-07,0,TEN,22479.0,20881.0
2022-09-07,1,TEN,22055.0,20436.0
2022-09-07,2,TEN,21407.0,20254.0
2022-09-07,3,TEN,20086.0,19186.0
2022-09-07,4,TEN,18532.0,18310.0
2022-09-07,5,TEN,17330.0,17478.0
2022-09-07,6,TEN,16381.0,16610.0
2022-09-07,7,TEN,15624.0,15949.0
2022-09-07,8,TEN,15283.0,15566.0
2022-09-07,9,TEN,15042.0,15371.0
2022-09-07,10,TEN,15258.0,15604.0
2022-09-07,11,TEN,16180.0,16539.0
2022-09-07,12,TEN,17142.0,16903.0
2022-09-07,13,TEN,17652.0,17446.0
2022-09-07,14,TEN,18306.0,18008.0
2022-09-07,15,TEN,19174.0,18441.0
2022-09-07,16,TEN,20252.0,19085.0
2022-09-07,17,TEN,21293.0,19954.0
2022-09-07,18,TEN,22322.0,20839.0
2022-09-07,19,TEN,23143.0,21646.0
2022-09-07,20,TEN,23622.0,22035.0
2022-09-07,21,TEN,24128.0,22505.0
2022-09-07,22,TEN,24100.0,22594.0
2022-09-07,23,TEN,23620.0,22094.0
2022-09-08,0,TEN,22583.0,21258.0
2022-09-08,1,TEN,21982.0,20538.0
2022-09-08,2,TEN,20855.0,19846.0
2022-09-08,3,TEN,19386.0,18718.0
2022-09-08,4,TEN,17857.0,17649.0
2022-09-08,5,TEN,16476.0,16511.0
2022-09-08,6,TEN,15564.0,15815.0
2022-09-08,7,TEN,14803.0,15116.0
2022-09-08,8,TEN,14433.0,14696.0
2022-09-08,9,TEN,14182.0,14402.0
2022-09-08,10,TEN,14454.0,14693.0
2022-09-08,11,TEN,15273.0,15530.0
2022-09-08,12,TEN,16171.0,16458.0
2022-09-08,13,TEN,16627.0,17030.0
2022-09-08,14,TEN,17492.0,17851.0
2022-09-08,15,TEN,18471.0,18747.0
2022-09-08,16,TEN,19615.0,19496.0
2022-09-08,17,TEN,20659.0,20014.0
2022-09-08,18,TEN,21748.0,20879.0
2022-09-08,19,TEN,22631.0,21439.0
2022-09-08,20,TEN,23190.0,21738.0
2022-09-08,21,TEN,23784.0,22246.0
2022-09-08,22,TEN,23982.0,22464.0
2022-09-08,23,TEN,23482.0,21976.0
2022-09-09,0,TEN,22482.0,21232.0
2022-09-09,1,TEN,21725.0,20699.0
2022-09-09,2,TEN,20815.0,20113.0
2022-09-09,3,TEN,19211.0,18870.0
2022-09-09,4,TEN,17738.0,17366.0
2022-09-09,5,TEN,16388.0,16391.0
2022-09-09,6,TEN,15451.0,15738.0
2022-09-09,7,TEN,14701.0,15032.0
2022-09-09,8,TEN,14353.0,14673.0
2022-09-09,9,TEN,14158.0,14609.0
2022-09-09,10,TEN,14400.0,14855.0
2022-09-09,11,TEN,15256.0,15654.0
2022-09-09,12,TEN,16084.0,16478.0
2022-09-09,13,TEN,16576.0,17062.0
2022-09-09,14,TEN,17415.0,17908.0
2022-09-09,15,TEN,18555.0,18827.0
2022-09-09,16,TEN,19705.0,19499.0
2022-09-09,17,TEN,20911.0,20465.0
2022-09-09,18,TEN,22110.0,21447.0
2022-09-09,19,TEN,22953.0,22146.0
2022-09-09,20,TEN,23585.0,22779.0
2022-09-09,21,TEN,23763.0,22975.0
2022-09-09,22,TEN,23514.0,22695.0
2022-09-09,23,TEN,22712.0,21956.0
2022-09-10,0,TEN,21776.0,20893.0
2022-09-10,1,TEN,21306.0,20549.0
2022-09-10,2,TEN,20384.0,19796.0
2022-09-10,3,TEN,19289.0,19033.0
2022-09-10,4,TEN,18122.0,18063.0
2022-09-10,5,TEN,17004.0,17101.0
2022-09-10,6,TEN,16081.0,16306.0
2022-09-10,7,TEN,15397.0,15714.0
2022-09-10,8,TEN,14865.0,15185.0
2022-09-10,9,TEN,14577.0,14870.0
2022-09-10,10,TEN,14516.0,14879.0
2022-09-10,11,TEN,14681.0,15077.0
2022-09-10,12,TEN,15046.0,15473.0
2022-09-10,13,TEN,15484.0,16175.0
2022-09-10,14,TEN,16301.0,16979.0
2022-09-10,15,TEN,17055.0,17638.0
2022-09-10,16,TEN,17556.0,17900.0
2022-09-10,17,TEN,17911.0,18109.0
2022-09-10,18,TEN,18065.0,18550.0
2022-09-10,19,TEN,18126.0,18627.0
2022-09-10,20,TEN,18299.0,18541.0
2022-09-10,21,TEN,18503.0,19121.0
2022-09-10,22,TEN,18561.0,19267.0
2022-09-10,23,TEN,18567.0,19264.0
2022-09-11,0,TEN,18379.0,19304.0
2022-09-11,1,TEN,18515.0,19187.0
2022-09-11,2,TEN,18048.0,18174.0
2022-09-11,3,TEN,17370.0,17872.0
2022-09-11,4,TEN,16568.0,17093.0
2022-09-11,5,TEN,15670.0,16006.0
2022-09-11,6,TEN,14885.0,15254.0
2022-09-11,7,TEN,14325.0,14754.0
2022-09-11,8,TEN,13969.0,14333.0
2022-09-11,9,TEN,13807.0,14137.0
2022-09-11,10,TEN,13772.0,14162.0
2022-09-11,11,TEN,13957.0,14521.0
2022-09-11,12,TEN,14210.0,14884.0
2022-09-11,13,TEN,14902.0,15586.0
2022-09-11,14,TEN,16007.0,16727.0
2022-09-11,15,TEN,16842.0,17576.0
2022-09-11,16,TEN,17661.0,18336.0
2022-09-11,17,TEN,18705.0,19115.0
2022-09-11,18,TEN,19779.0,20146.0
2022-09-11,19,TEN,20584.0,20949.0
2022-09-11,20,TEN,21081.0,21219.0
2022-09-11,21,TEN,21223.0,21368.0
2022-09-11,22,TEN,21404.0,21514.0
2022-09-11,23,TEN,21200.0,21316.0
2022-09-12,0,TEN,20575.0,21108.0
2022-09-12,1,TEN,20245.0,20738.0
2022-09-12,2,TEN,19453.0,20121.0
2022-09-12,3,TEN,18248.0,19122.0
2022-09-12,4,TEN,16999.0,17668.0
2022-09-12,5,TEN,15682.0,16137.0
2022-09-12,6,TEN,14761.0,15256.0
2022-09-12,7,TEN,14165.0,14585.0
2022-09-12,8,TEN,13888.0,14369.0
2022-09-12,9,TEN,13809.0,14279.0
2022-09-12,10,TEN,14102.0,14592.0
2022-09-12,11,TEN,15064.0,15689.0
2022-09-12,12,TEN,15884.0,16386.0
2022-09-12,13,TEN,16378.0,17098.0
2022-09-12,14,TEN,17040.0,17765.0
2022-09-12,15,TEN,17631.0,18123.0
2022-09-12,16,TEN,18223.0,18551.0
2022-09-12,17,TEN,18913.0,19283.0
2022-09-12,18,TEN,19477.0,20053.0
2022-09-12,19,TEN,20141.0,20702.0
2022-09-12,20,TEN,20602.0,20524.0
2022-09-12,21,TEN,21032.0,21059.0
2022-09-12,22,TEN,21146.0,21080.0
2022-09-12,23,TEN,20775.0,20710.0
2022-09-13,0,TEN,19774.0,19789.0
2022-09-13,1,TEN,19321.0,19508.0
2022-09-13,2,TEN,18696.0,18961.0
2022-09-13,3,TEN,17270.0,17606.0
2022-09-13,4,TEN,15826.0,16240.0
2022-09-13,5,TEN,14657.0,15018.0
2022-09-13,6,TEN,13895.0,14381.0
2022-09-13,7,TEN,13401.0,13911.0
2022-09-13,8,TEN,12906.0,13474.0
2022-09-13,9,TEN,12984.0,13517.0
2022-09-13,10,TEN,13305.0,13897.0
2022-09-13,11,TEN,14288.0,14847.0
2022-09-13,12,TEN,15171.0,15813.0
2022-09-13,13,TEN,15616.0,16520.0
2022-09-13,14,TEN,16065.0,16831.0
2022-09-13,15,TEN,16581.0,17296.0
2022-09-13,16,TEN,17246.0,17845.0
2022-09-13,17,TEN,17938.0,18539.0
2022-09-13,18,TEN,18771.0,19376.0
2022-09-13,19,TEN,19557.0,20272.0
2022-09-13,20,TEN,20408.0,20816.0
2022-09-13,21,TEN,21123.0,21117.0
2022-09-13,22,TEN,21467.0,21437.0
2022-09-13,23,TEN,21246.0,21150.0
2022-09-14,0,TEN,20395.0,20317.0
2022-09-14,1,TEN,20059.0,19916.0
2022-09-14,2,TEN,19148.0,19120.0
2022-09-14,3,TEN,17827.0,18330.0
2022-09-14,4,TEN,16438.0,17022.0
2022-09-14,5,TEN,15066.0,15697.0
2022-09-14,6,TEN,14161.0,14364.0
2022-09-14,7,TEN,13616.0,13679.0
2022-09-14,8,TEN,13324.0,13377.0
2022-09-14,9,TEN,13225.0,13315.0
2022-09-14,10,TEN,13479.0,13600.0
2022-09-14,11,TEN,14328.0,14527.0
2022-09-14,12,TEN,15236.0,15761.0
2022-09-14,13,TEN,15694.0,16516.0
2022-09-14,14,TEN,16290.0,17039.0
2022-09-14,15,TEN,17051.0,17522.0
2022-09-14,16,TEN,17921.0,17958.0
2022-09-14,17,TEN,18864.0,19254.0
2022-09-14,18,TEN,19834.0,20288.0
2022-09-14,19,TEN,20772.0,21224.0
2022-09-14,20,TEN,21439.0,21739.0
2022-09-14,21,TEN,21952.0,22334.0
2022-09-14,22,TEN,22289.0,22549.0
2022-09-14,23,TEN,21992.0,22170.0
2022-09-15,0,TEN,20979.0,21146.0
2022-09-15,1,TEN,20312.0,20515.0
2022-09-15,2,TEN,19465.0,19697.0
2022-09-15,3,TEN,18069.0,18414.0
2022-09-15,4,TEN,16540.0,17151.0
2022-09-15,5,TEN,15225.0,15336.0
2022-09-15,6,TEN,14337.0,14353.0
2022-09-15,7,TEN,13767.0,13770.0
2022-09-15,8,TEN,13451.0,13508.0
2022-09-15,9,TEN,13355.0,13404.0
2022-09-15,10,TEN,13702.0,13806.0
2022-09-15,11,TEN,14551.0,14739.0
2022-09-15,12,TEN,15445.0,16055.0
2022-09-15,13,TEN,15837.0,16627.0
2022-09-15,14,TEN,16486.0,17300.0
2022-09-15,15,TEN,17308.0,17821.0
2022-09-15,16,TEN,18230.0,18549.0
2022-09-15,17,TEN,19297.0,19294.0
2022-09-15,18,TEN,20386.0,19998.0
2022-09-15,19,TEN,21483.0,20879.0
2022-09-15,20,TEN,22439.0,21778.0
2022-09-15,21,TEN,23018.0,22473.0
2022-09-15,22,TEN,23275.0,22702.0
2022-09-15,23,TEN,22776.0,22314.0
2022-09-16,0,TEN,21739.0,21129.0
2022-09-16,1,TEN,21225.0,20571.0
2022-09-16,2,TEN,20189.0,20022.0
2022-09-16,3,TEN,18655.0,19041.0
2022-09-16,4,TEN,17215.0,17639.0
2022-09-16,5,TEN,15876.0,16096.0
2022-09-16,6,TEN,14918.0,15116.0
2022-09-16,7,TEN,14284.0,14479.0
2022-09-16,8,TEN,13888.0,14331.0
2022-09-16,9,TEN,13762.0,14284.0
2022-09-16,10,TEN,13840.0,14353.0
2022-09-16,11,TEN,14729.0,15021.0
2022-09-16,12,TEN,15641.0,15957.0
2022-09-16,13,TEN,16000.0,16431.0
2022-09-16,14,TEN,16770.0,17375.0
2022-09-16,15,TEN,17733.0,18532.0
2022-09-16,16,TEN,18934.0,19444.0
2022-09-16,17,TEN,20169.0,20451.0
2022-09-16,18,TEN,21188.0,21158.0
2022-09-16,19,TEN,22066.0,21805.0
2022-09-16,20,TEN,22698.0,22030.0
2022-09-16,21,TEN,23284.0,22570.0
2022-09-16,22,TEN,23271.0,22376.0
2022-09-16,23,TEN,22777.0,22089.0
2022-09-17,0,TEN,21327.0,20900.0
2022-09-17,1,TEN,20521.0,20358.0
2022-09-17,2,TEN,19462.0,19528.0
2022-09-17,3,TEN,18292.0,18672.0
2022-09-17,4,TEN,17118.0,17408.0
2022-09-17,5,TEN,15730.0,15976.0
2022-09-17,6,TEN,14651.0,14687.0
2022-09-17,7,TEN,13910.0,13932.0
2022-09-17,8,TEN,13603.0,13644.0
2022-09-17,9,TEN,13238.0,13318.0
2022-09-17,10,TEN,13283.0,13339.0
2022-09-17,11,TEN,13394.0,13486.0
2022-09-17,12,TEN,13655.0,13862.0
2022-09-17,13,TEN,14277.0,14568.0
2022-09-17,14,TEN,15294.0,15596.0
2022-09-17,15,TEN,16486.0,16986.0
2022-09-17,16,TEN,17729.0,18340.0
2022-09-17,17,TEN,18978.0,19447.0
2022-09-17,18,TEN,20012.0,20128.0
2022-09-17,19,TEN,20898.0,20786.0
2022-09-17,20,TEN,21611.0,21560.0
2022-09-17,21,TEN,22205.0,22032.0
2022-09-17,22,TEN,22357.0,22331.0
2022-09-17,23,TEN,21853.0,21764.0
2022-09-18,0,TEN,20721.0,21232.0
2022-09-18,1,TEN,19904.0,20459.0
2022-09-18,2,TEN,18768.0,19131.0
2022-09-18,3,TEN,17644.0,17771.0
2022-09-18,4,TEN,16439.0,16702.0
2022-09-18,5,TEN,15153.0,15360.0
2022-09-18,6,TEN,14362.0,14427.0
2022-09-18,7,TEN,13771.0,13844.0
2022-09-18,8,TEN,13306.0,13402.0
2022-09-18,9,TEN,13078.0,13148.0
2022-09-18,10,TEN,12930.0,13036.0
2022-09-18,11,TEN,13121.0,13240.0
2022-09-18,12,TEN,13384.0,13629.0
2022-09-18,13,TEN,14053.0,14424.0
2022-09-18,14,TEN,15232.0,15756.0
2022-09-18,15,TEN,16482.0,17240.0
2022-09-18,16,TEN,17862.0,18509.0
2022-09-18,17,TEN,19353.0,19695.0
2022-09-18,18,TEN,20596.0,20576.0
2022-09-18,19,TEN,21921.0,21494.0
2022-09-18,20,TEN,22779.0,22152.0
2022-09-18,21,TEN,23324.0,22560.0
2022-09-18,22,TEN,23596.0,22734.0
2022-09-18,23,TEN,23318.0,22422.0
2022-09-19,0,TEN,22215.0,21545.0
2022-09-19,1,TEN,21488.0,21055.0
2022-09-19,2,TEN,20179.0,19984.0
2022-09-19,3,TEN,18682.0,18740.0
2022-09-19,4,TEN,17134.0,17409.0
2022-09-19,5,TEN,15971.0,16307.0
2022-09-19,6,TEN,14955.0,15162.0
2022-09-19,7,TEN,14272.0,14379.0
2022-09-19,8,TEN,13892.0,13989.0
2022-09-19,9,TEN,13780.0,13938.0
2022-09-19,10,TEN,14050.0,14303.0
2022-09-19,11,TEN,15074.0,15570.0
2022-09-19,12,TEN,16182.0,16075.0
2022-09-19,13,TEN,16701.0,16605.0
2022-09-19,14,TEN,17459.0,17393.0
2022-09-19,15,TEN,18609.0,18567.0
2022-09-19,16,TEN,20086.0,19766.0
2022-09-19,17,TEN,21582.0,21060.0
2022-09-19,18,TEN,23048.0,22145.0
2022-09-19,19,TEN,24335.0,22849.0
2022-09-19,20,TEN,25234.0,23237.0
2022-09-19,21,TEN,26075.0,24016.0
2022-09-19,22,TEN,26492.0,24349.0
2022-09-19,23,TEN,26106.0,23912.0
2022-09-20,0,TEN,25050.0,22943.0
2022-09-20,1,TEN,24312.0,22195.0
2022-09-20,2,TEN,22956.0,21891.0
2022-09-20,3,TEN,21331.0,20523.0
2022-09-20,4,TEN,19506.0,19337.0
2022-09-20,5,TEN,18155.0,18259.0
2022-09-20,6,TEN,16956.0,17477.0
2022-09-20,7,TEN,16155.0,16410.0
2022-09-20,8,TEN,15622.0,15861.0
2022-09-20,9,TEN,15387.0,15694.0
2022-09-20,10,TEN,15545.0,16067.0
2022-09-20,11,TEN,16470.0,17145.0
2022-09-20,12,TEN,17407.0,17070.0
2022-09-20,13,TEN,17898.0,17535.0
2022-09-20,14,TEN,18974.0,18418.0
2022-09-20,15,TEN,20617.0,19495.0
2022-09-20,16,TEN,22685.0,20835.0
2022-09-20,17,TEN,24819.0,22286.0
2022-09-20,18,TEN,26478.0,24091.0
2022-09-20,19,TEN,27550.0,25105.0
2022-09-20,20,TEN,27903.0,25402.0
2022-09-20,21,TEN,28346.0,25741.0
2022-09-20,22,TEN,28335.0,25755.0
2022-09-20,23,TEN,27630.0,25116.0
2022-09-21,0,TEN,26745.0,24318.0
2022-09-21,1,TEN,25818.0,23351.0
2022-09-21,2,TEN,24093.0,21702.0
2022-09-21,3,TEN,22330.0,20303.0
2022-09-21,4,TEN,20459.0,19704.0
2022-09-21,5,TEN,18833.0,18477.0
2022-09-21,6,TEN,17533.0,17227.0
2022-09-21,7,TEN,16573.0,16287.0
2022-09-21,8,TEN,15958.0,15683.0
2022-09-21,9,TEN,15769.0,15489.0
2022-09-21,10,TEN,15867.0,15584.0
2022-09-21,11,TEN,16545.0,16278.0
2022-09-21,12,TEN,17318.0,16140.0
2022-09-21,13,TEN,17972.0,16994.0
2022-09-21,14,TEN,19159.0,18099.0
2022-09-21,15,TEN,20642.0,19317.0
2022-09-21,16,TEN,22554.0,20449.0
2022-09-21,17,TEN,24618.0,21779.0
2022-09-21,18,TEN,26443.0,23688.0
2022-09-21,19,TEN,27587.0,24794.0
2022-09-21,20,TEN,28115.0,25344.0
2022-09-21,21,TEN,28542.0,25534.0
2022-09-21,22,TEN,28529.0,25450.0
2022-09-21,23,TEN,27991.0,25052.0
2022-09-22,0,TEN,26898.0,24079.0
2022-09-22,1,TEN,26047.0,23241.0
2022-09-22,2,TEN,24400.0,21640.0
2022-09-22,3,TEN,22546.0,20052.0
2022-09-22,4,TEN,20641.0,19681.0
2022-09-22,5,TEN,18969.0,18390.0
2022-09-22,6,TEN,17707.0,17365.0
2022-09-22,7,TEN,16857.0,16542.0
2022-09-22,8,TEN,16285.0,15940.0
2022-09-22,9,TEN,15993.0,15722.0
2022-09-22,10,TEN,16102.0,15883.0
2022-09-22,11,TEN,16966.0,16955.0
2022-09-22,12,TEN,17948.0,17720.0
2022-09-22,13,TEN,18491.0,18313.0
2022-09-22,14,TEN,19253.0,19041.0
2022-09-22,15,TEN,20163.0,19767.0
2022-09-22,16,TEN,21069.0,20649.0
2022-09-22,17,TEN,21892.0,21425.0
2022-09-22,18,TEN,22577.0,22162.0
2022-09-22,19,TEN,22940.0,22517.0
2022-09-22,20,TEN,22976.0,22488.0
2022-09-22,21,TEN,22817.0,22324.0
2022-09-22,22,TEN,22225.0,21714.0
2022-09-22,23,TEN,21212.0,20906.0
2022-09-23,0,TEN,20190.0,20263.0
2022-09-23,1,TEN,19940.0,20473.0
2022-09-23,2,TEN,19072.0,19776.0
2022-09-23,3,TEN,17829.0,18393.0
2022-09-23,4,TEN,16753.0,17388.0
2022-09-23,5,TEN,15348.0,15563.0
2022-09-23,6,TEN,14385.0,14510.0
2022-09-23,7,TEN,13720.0,13895.0
2022-09-23,8,TEN,13318.0,13538.0
2022-09-23,9,TEN,13287.0,13559.0
2022-09-23,10,TEN,13527.0,13809.0
2022-09-23,11,TEN,14365.0,14665.0
2022-09-23,12,TEN,15198.0,15490.0
2022-09-23,13,TEN,15552.0,15841.0
2022-09-23,14,TEN,16037.0,16443.0
2022-09-23,15,TEN,16368.0,16713.0
2022-09-23,16,TEN,16809.0,17313.0
2022-09-23,17,TEN,17109.0,17590.0
2022-09-23,18,TEN,17548.0,18089.0
2022-09-23,19,TEN,18050.0,18592.0
2022-09-23,20,TEN,18572.0,19137.0
2022-09-23,21,TEN,19139.0,19710.0
2022-09-23,22,TEN,19358.0,19948.0
2022-09-23,23,TEN,19027.0,19583.0
2022-09-24,0,TEN,18164.0,18694.0
2022-09-24,1,TEN,17837.0,18369.0
2022-09-24,2,TEN,17065.0,17536.0
2022-09-24,3,TEN,16259.0,16727.0
2022-09-24,4,TEN,15358.0,15637.0
2022-09-24,5,TEN,14342.0,14476.0
2022-09-24,6,TEN,13595.0,13640.0
2022-09-24,7,TEN,13209.0,13196.0
2022-09-24,8,TEN,12794.0,12799.0
2022-09-24,9,TEN,12675.0,12659.0
2022-09-24,10,TEN,12794.0,12729.0
2022-09-24,11,TEN,13111.0,13209.0
2022-09-24,12,TEN,13392.0,13504.0
2022-09-24,13,TEN,14090.0,14175.0
2022-09-24,14,TEN,14831.0,14938.0
2022-09-24,15,TEN,15422.0,15659.0
2022-09-24,16,TEN,15925.0,16225.0
2022-09-24,17,TEN,16593.0,16790.0
2022-09-24,18,TEN,17497.0,17422.0
2022-09-24,19,TEN,18446.0,18324.0
2022-09-24,20,TEN,19335.0,19293.0
2022-09-24,21,TEN,20226.0,19965.0
2022-09-24,22,TEN,20851.0,20533.0
2022-09-24,23,TEN,20681.0,20353.0
2022-09-25,0,TEN,20090.0,19923.0
2022-09-25,1,TEN,19676.0,19721.0
2022-09-25,2,TEN,18844.0,18930.0
2022-09-25,3,TEN,17660.0,17539.0
2022-09-25,4,TEN,16394.0,16563.0
2022-09-25,5,TEN,15460.0,15656.0
2022-09-25,6,TEN,14670.0,14651.0
2022-09-25,7,TEN,14132.0,14119.0
2022-09-25,8,TEN,13883.0,13882.0
2022-09-25,9,TEN,13714.0,13706.0
2022-09-25,10,TEN,13601.0,13512.0
2022-09-25,11,TEN,13735.0,13723.0
2022-09-25,12,TEN,13944.0,14102.0
2022-09-25,13,TEN,14572.0,14725.0
2022-09-25,14,TEN,15440.0,15589.0
2022-09-25,15,TEN,16139.0,16162.0
2022-09-25,16,TEN,16842.0,16763.0
2022-09-25,17,TEN,17624.0,17638.0
2022-09-25,18,TEN,18407.0,18347.0
2022-09-25,19,TEN,19335.0,19549.0
2022-09-25,20,TEN,20090.0,20291.0
2022-09-25,21,TEN,20735.0,20916.0
2022-09-25,22,TEN,21093.0,21215.0
2022-09-25,23,TEN,20931.0,21086.0
2022-09-26,0,TEN,20061.0,20519.0
2022-09-26,1,TEN,19616.0,20033.0
2022-09-26,2,TEN,18542.0,19030.0
2022-09-26,3,TEN,17165.0,17731.0
2022-09-26,4,TEN,15823.0,15983.0
2022-09-26,5,TEN,14625.0,14486.0
2022-09-26,6,TEN,13726.0,13617.0
2022-09-26,7,TEN,13185.0,13112.0
2022-09-26,8,TEN,12892.0,12841.0
2022-09-26,9,TEN,12990.0,12907.0
2022-09-26,10,TEN,13366.0,13506.0
2022-09-26,11,TEN,14277.0,14562.0
2022-09-26,12,TEN,15214.0,15631.0
2022-09-26,13,TEN,15709.0,16222.0
2022-09-26,14,TEN,16140.0,16692.0
2022-09-26,15,TEN,16716.0,17273.0
2022-09-26,16,TEN,17268.0,17837.0
2022-09-26,17,TEN,17883.0,18612.0
2022-09-26,18,TEN,18494.0,19472.0
2022-09-26,19,TEN,18851.0,19655.0
2022-09-26,20,TEN,19118.0,19898.0
2022-09-26,21,TEN,19497.0,20269.0
2022-09-26,22,TEN,19582.0,20397.0
2022-09-26,23,TEN,19233.0,20009.0
2022-09-27,0,TEN,18497.0,19301.0
2022-09-27,1,TEN,18344.0,19279.0
2022-09-27,2,TEN,17495.0,18435.0
2022-09-27,3,TEN,16304.0,17122.0
2022-09-27,4,TEN,15126.0,15749.0
2022-09-27,5,TEN,14038.0,13965.0
2022-09-27,6,TEN,13268.0,13133.0
2022-09-27,7,TEN,12795.0,12686.0
2022-09-27,8,TEN,12665.0,12650.0
2022-09-27,9,TEN,12673.0,12743.0
2022-09-27,10,TEN,13140.0,13201.0
2022-09-27,11,TEN,14076.0,14231.0
2022-09-27,12,TEN,15144.0,15432.0
2022-09-27,13,TEN,15518.0,15824.0
2022-09-27,14,TEN,15649.0,15933.0
2022-09-27,15,TEN,15801.0,16072.0
2022-09-27,16,TEN,16239.0,16512.0
2022-09-27,17,TEN,16533.0,16857.0
2022-09-27,18,TEN,16728.0,17066.0
2022-09-27,19,TEN,16936.0,17273.0
2022-09-27,20,TEN,17227.0,17570.0
2022-09-27,21,TEN,17491.0,17866.0
2022-09-27,22,TEN,17707.0,18064.0
2022-09-27,23,TEN,17686.0,18013.0
2022-09-28,0,TEN,17537.0,18013.0
2022-09-28,1,TEN,17649.0,18093.0
2022-09-28,2,TEN,16979.0,17220.0
2022-09-28,3,TEN,16033.0,16286.0
2022-09-28,4,TEN,14980.0,15071.0
2022-09-28,5,TEN,14080.0,14037.0
2022-09-28,6,TEN,13582.0,13637.0
2022-09-28,7,TEN,13238.0,13331.0
2022-09-28,8,TEN,13012.0,13103.0
2022-09-28,9,TEN,13099.0,13235.0
2022-09-28,10,TEN,13522.0,13787.0
2022-09-28,11,TEN,14663.0,15062.0
2022-09-28,12,TEN,15833.0,16319.0
2022-09-28,13,TEN,16080.0,16586.0
2022-09-28,14,TEN,16039.0,16536.0
2022-09-28,15,TEN,16137.0,16585.0
2022-09-28,16,TEN,16307.0,16785.0
2022-09-28,17,TEN,16314.0,16842.0
2022-09-28,18,TEN,16269.0,16812.0
2022-09-28,19,TEN,16405.0,16904.0
2022-09-28,20,TEN,16589.0,17068.0
2022-09-28,21,TEN,16759.0,17284.0
2022-09-28,22,TEN,16919.0,17453.0
2022-09-28,23,TEN,16863.0,17429.0
2022-09-29,0,TEN,16894.0,17359.0
2022-09-29,1,TEN,17178.0,17655.0
2022-09-29,2,TEN,16675.0,17193.0
2022-09-29,3,TEN,15853.0,16358.0
2022-09-29,4,TEN,14865.0,15178.0
2022-09-29,5,TEN,14080.0,14212.0
2022-09-29,6,TEN,13650.0,13772.0
2022-09-29,7,TEN,13317.0,13444.0
2022-09-29,8,TEN,13135.0,13279.0
2022-09-29,9,TEN,13208.0,13347.0
2022-09-29,10,TEN,13588.0,13851.0
2022-09-29,11,TEN,14720.0,15107.0
2022-09-29,12,TEN,15885.0,16303.0
2022-09-29,13,TEN,16001.0,16530.0
2022-09-29,14,TEN,16067.0,16571.0
2022-09-29,15,TEN,16021.0,16581.0
2022-09-29,16,TEN,16146.0,16572.0
2022-09-29,17,TEN,16223.0,16643.0
2022-09-29,18,TEN,16347.0,16774.0
2022-09-29,19,TEN,16450.0,16911.0
2022-09-29,20,TEN,16552.0,17010.0
2022-09-29,21,TEN,16769.0,17297.0
2022-09-29,22,TEN,16849.0,17369.0
2022-09-29,23,TEN,16753.0,17251.0
2022-09-30,0,TEN,16803.0,17203.0
2022-09-30,1,TEN,17043.0,17507.0
2022-09-30,2,TEN,16730.0,17141.0
2022-09-30,3,TEN,15844.0,16198.0
2022-09-30,4,TEN,15030.0,15247.0
2022-09-30,5,TEN,14073.0,14103.0
2022-09-30,6,TEN,13502.0,13541.0
2022-09-30,7,TEN,13215.0,13280.0
2022-09-30,8,TEN,13072.0,13150.0
2022-09-30,9,TEN,13075.0,13137.0
2022-09-30,10,TEN,13531.0,13805.0
2022-09-30,11,TEN,14423.0,14848.0
2022-09-30,12,TEN,15624.0,15990.0
2022-09-30,13,TEN,15937.0,16302.0
2022-09-30,14,TEN,16018.0,16436.0
2022-09-30,15,TEN,16015.0,16415.0
2022-09-30,16,TEN,16058.0,16446.0
2022-09-30,17,TEN,16220.0,16567.0
2022-09-30,18,TEN,16474.0,16854.0
2022-09-30,19,TEN,16539.0,16957.0
2022-09-30,20,TEN,16915.0,17284.0
2022-09-30,21,TEN,17089.0,17466.0
2022-09-30,22,TEN,17314.0,17719.0
2022-09-30,23,TEN,17081.0,17711.0
2022-10-01,0,TEN,16699.0,17302.0
2022-10-01,1,TEN,16627.0,17172.0
2022-10-01,2,TEN,16050.0,16372.0
2022-10-01,3,TEN,15315.0,15634.0
2022-10-01,4,TEN,14497.0,14852.0
2022-10-01,5,TEN,13740.0,13808.0
2022-10-01,6,TEN,13025.0,13126.0
2022-10-01,7,TEN,12665.0,12735.0
2022-10-01,8,TEN,12340.0,12403.0
2022-10-01,9,TEN,12475.0,12557.0
2022-10-01,10,TEN,12589.0,12719.0
2022-10-01,11,TEN,12874.0,13103.0
2022-10-01,12,TEN,13450.0,13691.0
2022-10-01,13,TEN,13928.0,14272.0
2022-10-01,14,TEN,14562.0,14947.0
2022-10-01,15,TEN,14995.0,15361.0
2022-10-01,16,TEN,15134.0,15541.0
2022-10-01,17,TEN,15224.0,15658.0
2022-10-01,18,TEN,15466.0,15870.0
2022-10-01,19,TEN,15531.0,15972.0
2022-10-01,20,TEN,15948.0,16357.0
2022-10-01,21,TEN,16289.0,16769.0
2022-10-01,22,TEN,16558.0,17022.0
2022-10-01,23,TEN,16440.0,16894.0
2022-10-02,0,TEN,16286.0,16750.0
2022-10-02,1,TEN,16119.0,16667.0
2022-10-02,2,TEN,15636.0,16179.0
2022-10-02,3,TEN,14924.0,15459.0
2022-10-02,4,TEN,14126.0,14436.0
2022-10-02,5,TEN,13289.0,13393.0
2022-10-02,6,TEN,12757.0,12863.0
2022-10-02,7,TEN,12403.0,12509.0
2022-10-02,8,TEN,12197.0,12341.0
2022-10-02,9,TEN,12111.0,12249.0
2022-10-02,10,TEN,12297.0,12421.0
2022-10-02,11,TEN,12471.0,12669.0
2022-10-02,12,TEN,12929.0,13202.0
2022-10-02,13,TEN,13448.0,13872.0
2022-10-02,14,TEN,14036.0,14500.0
2022-10-02,15,TEN,14329.0,14591.0
2022-10-02,16,TEN,14517.0,14437.0
2022-10-02,17,TEN,14768.0,14707.0
2022-10-02,18,TEN,15150.0,15082.0
2022-10-02,19,TEN,15534.0,15463.0
2022-10-02,20,TEN,15987.0,15886.0
2022-10-02,21,TEN,16488.0,16728.0
2022-10-02,22,TEN,16858.0,17093.0
2022-10-02,23,TEN,16960.0,17199.0
2022-10-03,0,TEN,16644.0,16859.0
2022-10-03,1,TEN,16830.0,17041.0
2022-10-03,2,TEN,16081.0,16299.0
2022-10-03,3,TEN,15194.0,15506.0
2022-10-03,4,TEN,14255.0,14528.0
2022-10-03,5,TEN,13406.0,13446.0
2022-10-03,6,TEN,12996.0,12757.0
2022-10-03,7,TEN,12531.0,12321.0
2022-10-03,8,TEN,12283.0,12094.0
2022-10-03,9,TEN,12550.0,12328.0
2022-10-03,10,TEN,13144.0,13099.0
2022-10-03,11,TEN,14078.0,14291.0
2022-10-03,12,TEN,15050.0,14835.0
2022-10-03,13,TEN,15646.0,15335.0
2022-10-03,14,TEN,16135.0,15654.0
2022-10-03,15,TEN,16079.0,15376.0
2022-10-03,16,TEN,16591.0,15602.0
2022-10-03,17,TEN,16824.0,15863.0
2022-10-03,18,TEN,17103.0,16137.0
2022-10-03,19,TEN,17243.0,16291.0
2022-10-03,20,TEN,17544.0,16825.0
2022-10-03,21,TEN,17792.0,17097.0
2022-10-03,22,TEN,17952.0,17277.0
2022-10-03,23,TEN,17700.0,17037.0
2022-10-04,0,TEN,17608.0,17181.0
2022-10-04,1,TEN,17678.0,17239.0
2022-10-04,2,TEN,16967.0,16572.0
2022-10-04,3,TEN,15858.0,15681.0
2022-10-04,4,TEN,14797.0,14937.0
2022-10-04,5,TEN,13991.0,13781.0
2022-10-04,6,TEN,13491.0,13318.0
2022-10-04,7,TEN,13255.0,13079.0
2022-10-04,8,TEN,13045.0,12892.0
2022-10-04,9,TEN,13133.0,12994.0
2022-10-04,10,TEN,13637.0,13524.0
2022-10-04,11,TEN,14510.0,14479.0
2022-10-04,12,TEN,15718.0,15177.0
2022-10-04,13,TEN,16086.0,15568.0
2022-10-04,14,TEN,16226.0,15759.0
2022-10-04,15,TEN,16439.0,15960.0
2022-10-04,16,TEN,16446.0,16005.0
2022-10-04,17,TEN,16626.0,16230.0
2022-10-04,18,TEN,16823.0,16404.0
2022-10-04,19,TEN,17065.0,16793.0
2022-10-04,20,TEN,17449.0,17243.0
2022-10-04,21,TEN,17653.0,17491.0
2022-10-04,22,TEN,17892.0,17694.0
2022-10-04,23,TEN,17754.0,17629.0
2022-10-05,0,TEN,17558.0,17590.0
2022-10-05,1,TEN,17521.0,17523.0
2022-10-05,2,TEN,16946.0,17033.0
2022-10-05,3,TEN,15931.0,15877.0
2022-10-05,4,TEN,14762.0,14670.0
2022-10-05,5,TEN,13998.0,13973.0
2022-10-05,6,TEN,13518.0,13451.0
2022-10-05,7,TEN,13278.0,13204.0
2022-10-05,8,TEN,13215.0,13158.0
2022-10-05,9,TEN,13290.0,13269.0
2022-10-05,10,TEN,13716.0,13787.0
2022-10-05,11,TEN,14677.0,14889.0
2022-10-05,12,TEN,15867.0,15346.0
2022-10-05,13,TEN,16347.0,15602.0
2022-10-05,14,TEN,16264.0,15509.0
2022-10-05,15,TEN,16355.0,15571.0
2022-10-05,16,TEN,16104.0,15353.0
2022-10-05,17,TEN,16292.0,15514.0
2022-10-05,18,TEN,16522.0,15737.0
2022-10-05,19,TEN,16817.0,16056.0
2022-10-05,20,TEN,17092.0,16348.0
2022-10-05,21,TEN,17574.0,16774.0
2022-10-05,22,TEN,17715.0,17015.0
2022-10-05,23,TEN,17679.0,16981.0
2022-10-06,0,TEN,17522.0,16795.0
2022-10-06,1,TEN,17319.0,16591.0
2022-10-06,2,TEN,16858.0,16149.0
2022-10-06,3,TEN,15737.0,15056.0
2022-10-06,4,TEN,14834.0,14572.0
2022-10-06,5,TEN,14020.0,13709.0
2022-10-06,6,TEN,13475.0,13247.0
2022-10-06,7,TEN,13146.0,12821.0
2022-10-06,8,TEN,13022.0,12661.0
2022-10-06,9,TEN,13093.0,12740.0
2022-10-06,10,TEN,13832.0,13477.0
2022-10-06,11,TEN,14820.0,14880.0
2022-10-06,12,TEN,15772.0,15631.0
2022-10-06,13,TEN,16104.0,15875.0
2022-10-06,14,TEN,16292.0,16097.0
2022-10-06,15,TEN,16258.0,16035.0
2022-10-06,16,TEN,16457.0,16143.0
2022-10-06,17,TEN,16814.0,16270.0
2022-10-06,18,TEN,17115.0,16340.0
2022-10-06,19,TEN,17430.0,16693.0
2022-10-06,20,TEN,17826.0,17075.0
2022-10-06,21,TEN,18238.0,17495.0
2022-10-06,22,TEN,18586.0,18011.0
2022-10-06,23,TEN,18306.0,17613.0
2022-10-07,0,TEN,17993.0,17400.0
2022-10-07,1,TEN,18091.0,17441.0
2022-10-07,2,TEN,17364.0,16778.0
2022-10-07,3,TEN,16192.0,15655.0
2022-10-07,4,TEN,15217.0,14759.0
2022-10-07,5,TEN,14227.0,13974.0
2022-10-07,6,TEN,13480.0,12971.0
2022-10-07,7,TEN,13120.0,12762.0
2022-10-07,8,TEN,12937.0,12695.0
2022-10-07,9,TEN,13065.0,12790.0
2022-10-07,10,TEN,13389.0,13132.0
2022-10-07,11,TEN,14272.0,13931.0
2022-10-07,12,TEN,15313.0,14980.0
2022-10-07,13,TEN,15672.0,15494.0
2022-10-07,14,TEN,16013.0,15623.0
2022-10-07,15,TEN,16281.0,15769.0
2022-10-07,16,TEN,16579.0,15984.0
2022-10-07,17,TEN,16943.0,16106.0
2022-10-07,18,TEN,17340.0,16440.0
2022-10-07,19,TEN,17648.0,16852.0
2022-10-07,20,TEN,17947.0,17121.0
2022-10-07,21,TEN,18057.0,17241.0
2022-10-07,22,TEN,18042.0,17247.0
2022-10-07,23,TEN,17522.0,16702.0
2022-10-08,0,TEN,17198.0,16361.0
2022-10-08,1,TEN,17002.0,15984.0
2022-10-08,2,TEN,16415.0,15376.0
2022-10-08,3,TEN,15733.0,14886.0
2022-10-08,4,TEN,14621.0,13846.0
2022-10-08,5,TEN,13849.0,12958.0
2022-10-08,6,TEN,13165.0,12459.0
2022-10-08,7,TEN,12779.0,12500.0
2022-10-08,8,TEN,12492.0,12221.0
2022-10-08,9,TEN,12436.0,12161.0
2022-10-08,10,TEN,12610.0,12295.0
2022-10-08,11,TEN,12951.0,12462.0
2022-10-08,12,TEN,13464.0,12860.0
2022-10-08,13,TEN,14106.0,13527.0
2022-10-08,14,TEN,14535.0,14003.0
2022-10-08,15,TEN,14848.0,14348.0
2022-10-08,16,TEN,15041.0,14491.0
2022-10-08,17,TEN,14922.0,14480.0
2022-10-08,18,TEN,14886.0,14471.0
2022-10-08,19,TEN,14775.0,14363.0
2022-10-08,20,TEN,14929.0,14579.0
2022-10-08,21,TEN,15118.0,15184.0
2022-10-08,22,TEN,15334.0,15464.0
2022-10-08,23,TEN,15236.0,15338.0
2022-10-09,0,TEN,15411.0,15484.0
2022-10-09,1,TEN,15369.0,15292.0
2022-10-09,2,TEN,15152.0,14792.0
2022-10-09,3,TEN,14564.0,14003.0
2022-10-09,4,TEN,14102.0,13384.0
2022-10-09,5,TEN,13552.0,12909.0
2022-10-09,6,TEN,13337.0,12723.0
2022-10-09,7,TEN,13074.0,12529.0
2022-10-09,8,TEN,12976.0,12425.0
2022-10-09,9,TEN,13066.0,12521.0
2022-10-09,10,TEN,13250.0,12723.0
2022-10-09,11,TEN,13602.0,13091.0
2022-10-09,12,TEN,14450.0,13909.0
2022-10-09,13,TEN,15074.0,14561.0
2022-10-09,14,TEN,15573.0,15042.0
2022-10-09,15,TEN,15336.0,14859.0
2022-10-09,16,TEN,14923.0,14431.0
2022-10-09,17,TEN,14727.0,14348.0
2022-10-09,18,TEN,14687.0,14452.0
2022-10-09,19,TEN,14506.0,14253.0
2022-10-09,20,TEN,14766.0,14424.0
2022-10-09,21,TEN,15002.0,14857.0
2022-10-09,22,TEN,15399.0,15439.0
2022-10-09,23,TEN,15443.0,15549.0
2022-10-10,0,TEN,15705.0,15793.0
2022-10-10,1,TEN,15880.0,15789.0
2022-10-10,2,TEN,15454.0,15231.0
2022-10-10,3,TEN,14796.0,14359.0
2022-10-10,4,TEN,14072.0,13647.0
2022-10-10,5,TEN,13556.0,13187.0
2022-10-10,6,TEN,13287.0,12877.0
2022-10-10,7,TEN,13210.0,12786.0
2022-10-10,8,TEN,13270.0,12877.0
2022-10-10,9,TEN,13397.0,13036.0
2022-10-10,10,TEN,14249.0,14033.0
2022-10-10,11,TEN,15331.0,14617.0
2022-10-10,12,TEN,16457.0,15508.0
2022-10-10,13,TEN,17154.0,16117.0
2022-10-10,14,TEN,17039.0,16119.0
2022-10-10,15,TEN,16973.0,16001.0
2022-10-10,16,TEN,16766.0,15828.0
2022-10-10,17,TEN,16731.0,15778.0
2022-10-10,18,TEN,16630.0,15753.0
2022-10-10,19,TEN,16764.0,16126.0
2022-10-10,20,TEN,16857.0,16310.0
2022-10-10,21,TEN,16990.0,16608.0
2022-10-10,22,TEN,17115.0,16807.0
2022-10-10,23,TEN,17145.0,16794.0
2022-10-11,0,TEN,17232.0,16942.0
2022-10-11,1,TEN,17323.0,17029.0
2022-10-11,2,TEN,16673.0,16141.0
2022-10-11,3,TEN,15808.0,15250.0
2022-10-11,4,TEN,15049.0,14453.0
2022-10-11,5,TEN,14210.0,13608.0
2022-10-11,6,TEN,13798.0,13471.0
2022-10-11,7,TEN,13499.0,13234.0
2022-10-11,8,TEN,13384.0,13109.0
2022-10-11,9,TEN,13586.0,13287.0
2022-10-11,10,TEN,14036.0,13848.0
2022-10-11,11,TEN,15077.0,14840.0
2022-10-11,12,TEN,16307.0,16064.0
2022-10-11,13,TEN,16714.0,16423.0
2022-10-11,14,TEN,16686.0,16414.0
2022-10-11,15,TEN,16693.0,16450.0
2022-10-11,16,TEN,16645.0,16456.0
2022-10-11,17,TEN,16617.0,16378.0
2022-10-11,18,TEN,16958.0,16722.0
2022-10-11,19,TEN,17086.0,16898.0
2022-10-11,20,TEN,17172.0,16736.0
2022-10-11,21,TEN,17449.0,16819.0
2022-10-11,22,TEN,17591.0,17207.0
2022-10-11,23,TEN,17474.0,17137.0
2022-10-12,0,TEN,17577.0,17215.0
2022-10-12,1,TEN,17483.0,17053.0
2022-10-12,2,TEN,16795.0,16238.0
2022-10-12,3,TEN,16053.0,15509.0
2022-10-12,4,TEN,14988.0,14553.0
2022-10-12,5,TEN,14063.0,13593.0
2022-10-12,6,TEN,13458.0,13064.0
2022-10-12,7,TEN,13165.0,12893.0
2022-10-12,8,TEN,12939.0,12661.0
2022-10-12,9,TEN,13065.0,12788.0
2022-10-12,10,TEN,13428.0,13190.0
2022-10-12,11,TEN,14298.0,13926.0
2022-10-12,12,TEN,15407.0,15168.0
2022-10-12,13,TEN,15759.0,15749.0
2022-10-12,14,TEN,16186.0,16073.0
2022-10-12,15,TEN,16652.0,16554.0
2022-10-12,16,TEN,16864.0,16751.0
2022-10-12,17,TEN,17446.0,17064.0
2022-10-12,18,TEN,17921.0,17287.0
2022-10-12,19,TEN,18146.0,17560.0
2022-10-12,20,TEN,18056.0,17496.0
2022-10-12,21,TEN,17839.0,17136.0
2022-10-12,22,TEN,17673.0,17253.0
2022-10-12,23,TEN,17540.0,17151.0
2022-10-13,0,TEN,17658.0,17246.0
2022-10-13,1,TEN,17418.0,16792.0
2022-10-13,2,TEN,16935.0,16306.0
2022-10-13,3,TEN,16100.0,15504.0
2022-10-13,4,TEN,15159.0,14626.0
2022-10-13,5,TEN,14295.0,13713.0
2022-10-13,6,TEN,13667.0,13477.0
2022-10-13,7,TEN,13320.0,13142.0
2022-10-13,8,TEN,13013.0,12822.0
2022-10-13,9,TEN,12855.0,12664.0
2022-10-13,10,TEN,13182.0,13052.0
2022-10-13,11,TEN,14009.0,13951.0
2022-10-13,12,TEN,14963.0,14815.0
2022-10-13,13,TEN,15387.0,15218.0
2022-10-13,14,TEN,15706.0,15556.0
2022-10-13,15,TEN,15994.0,15569.0
2022-10-13,16,TEN,16273.0,15802.0
2022-10-13,17,TEN,16424.0,16019.0
2022-10-13,18,TEN,16525.0,16113.0
2022-10-13,19,TEN,16618.0,16414.0
2022-10-13,20,TEN,16641.0,16665.0
2022-10-13,21,TEN,16656.0,17037.0
2022-10-13,22,TEN,16544.0,17161.0
2022-10-13,23,TEN,16300.0,16867.0
2022-10-14,0,TEN,16474.0,17026.0
2022-10-14,1,TEN,16630.0,17021.0
2022-10-14,2,TEN,16200.0,16501.0
2022-10-14,3,TEN,15580.0,15827.0
2022-10-14,4,TEN,14708.0,14813.0
2022-10-14,5,TEN,14011.0,14099.0
2022-10-14,6,TEN,13573.0,13766.0
2022-10-14,7,TEN,13312.0,13483.0
2022-10-14,8,TEN,13270.0,13359.0
2022-10-14,9,TEN,13482.0,13571.0
2022-10-14,10,TEN,13978.0,14093.0
2022-10-14,11,TEN,14968.0,15453.0
2022-10-14,12,TEN,16170.0,16573.0
2022-10-14,13,TEN,16609.0,17074.0
2022-10-14,14,TEN,16649.0,16999.0
2022-10-14,15,TEN,16504.0,16769.0
2022-10-14,16,TEN,16273.0,16489.0
2022-10-14,17,TEN,15990.0,16291.0
2022-10-14,18,TEN,15903.0,16211.0
2022-10-14,19,TEN,15921.0,16215.0
2022-10-14,20,TEN,15980.0,16277.0
2022-10-14,21,TEN,16003.0,16257.0
2022-10-14,22,TEN,16099.0,16546.0
2022-10-14,23,TEN,16068.0,16683.0
2022-10-15,0,TEN,16116.0,16796.0
2022-10-15,1,TEN,16165.0,16832.0
2022-10-15,2,TEN,15721.0,16266.0
2022-10-15,3,TEN,15192.0,15741.0
2022-10-15,4,TEN,14531.0,14638.0
2022-10-15,5,TEN,13700.0,13739.0
2022-10-15,6,TEN,13056.0,13062.0
2022-10-15,7,TEN,13010.0,13023.0
2022-10-15,8,TEN,12830.0,12824.0
2022-10-15,9,TEN,12835.0,12854.0
2022-10-15,10,TEN,12966.0,13068.0
2022-10-15,11,TEN,13333.0,13404.0
2022-10-15,12,TEN,13928.0,14090.0
2022-10-15,13,TEN,14384.0,14509.0
2022-10-15,14,TEN,14904.0,14988.0
2022-10-15,15,TEN,15038.0,15193.0
2022-10-15,16,TEN,15129.0,15017.0
2022-10-15,17,TEN,15310.0,15199.0
2022-10-15,18,TEN,15361.0,15305.0
2022-10-15,19,TEN,15562.0,15439.0
2022-10-15,20,TEN,15729.0,15497.0
2022-10-15,21,TEN,15826.0,15522.0
2022-10-15,22,TEN,15975.0,15764.0
2022-10-15,23,TEN,15884.0,15629.0
2022-10-16,0,TEN,15912.0,15637.0
2022-10-16,1,TEN,15952.0,15600.0
2022-10-16,2,TEN,15442.0,15049.0
2022-10-16,3,TEN,14832.0,14508.0
2022-10-16,4,TEN,13996.0,13835.0
2022-10-16,5,TEN,13219.0,13281.0
2022-10-16,6,TEN,12807.0,12846.0
2022-10-16,7,TEN,12437.0,12511.0
2022-10-16,8,TEN,12300.0,12404.0
2022-10-16,9,TEN,12249.0,12303.0
2022-10-16,10,TEN,12258.0,12341.0
2022-10-16,11,TEN,12562.0,12651.0
2022-10-16,12,TEN,12910.0,13012.0
2022-10-16,13,TEN,13606.0,13597.0
2022-10-16,14,TEN,14178.0,14305.0
2022-10-16,15,TEN,14563.0,14677.0
2022-10-16,16,TEN,14914.0,15072.0
2022-10-16,17,TEN,15080.0,15229.0
2022-10-16,18,TEN,15389.0,15566.0
2022-10-16,19,TEN,15532.0,15671.0
2022-10-16,20,TEN,15659.0,15858.0
2022-10-16,21,TEN,15838.0,16048.0
2022-10-16,22,TEN,15979.0,16248.0
2022-10-16,23,TEN,16072.0,16346.0
2022-10-17,0,TEN,16479.0,16674.0
2022-10-17,1,TEN,16531.0,16694.0
2022-10-17,2,TEN,16033.0,16172.0
2022-10-17,3,TEN,15270.0,15435.0
2022-10-17,4,TEN,14417.0,14504.0
2022-10-17,5,TEN,13664.0,13723.0
2022-10-17,6,TEN,13117.0,13071.0
2022-10-17,7,TEN,12784.0,12836.0
2022-10-17,8,TEN,12606.0,12602.0
2022-10-17,9,TEN,12668.0,12691.0
2022-10-17,10,TEN,13175.0,13052.0
2022-10-17,11,TEN,14294.0,14368.0
2022-10-17,12,TEN,15585.0,15236.0
2022-10-17,13,TEN,15979.0,15627.0
2022-10-17,14,TEN,16186.0,15855.0
2022-10-17,15,TEN,16371.0,16007.0
2022-10-17,16,TEN,16475.0,16095.0
2022-10-17,17,TEN,16400.0,16048.0
2022-10-17,18,TEN,16390.0,16033.0
2022-10-17,19,TEN,16299.0,16124.0
2022-10-17,20,TEN,16204.0,15937.0
2022-10-17,21,TEN,16193.0,15737.0
2022-10-17,22,TEN,16180.0,15733.0
2022-10-17,23,TEN,16366.0,15921.0
2022-10-18,0,TEN,17098.0,16429.0
2022-10-18,1,TEN,17303.0,16466.0
2022-10-18,2,TEN,16864.0,15919.0
2022-10-18,3,TEN,16250.0,15278.0
2022-10-18,4,TEN,15540.0,14518.0
2022-10-18,5,TEN,15043.0,14054.0
2022-10-18,6,TEN,14673.0,13662.0
2022-10-18,7,TEN,14646.0,13644.0
2022-10-18,8,TEN,14829.0,13853.0
2022-10-18,9,TEN,15178.0,14191.0
2022-10-18,10,TEN,16084.0,15082.0
2022-10-18,11,TEN,17439.0,16459.0
2022-10-18,12,TEN,19125.0,17638.0
2022-10-18,13,TEN,19614.0,18105.0
2022-10-18,14,TEN,19361.0,17858.0
2022-10-18,15,TEN,18974.0,17433.0
2022-10-18,16,TEN,18483.0,16974.0
2022-10-18,17,TEN,18080.0,16603.0
2022-10-18,18,TEN,17758.0,16247.0
2022-10-18,19,TEN,17314.0,15814.0
2022-10-18,20,TEN,17097.0,15718.0
2022-10-18,21,TEN,17113.0,15891.0
2022-10-18,22,TEN,17295.0,16145.0
2022-10-18,23,TEN,17907.0,16765.0
2022-10-19,0,TEN,18865.0,17660.0
2022-10-19,1,TEN,19159.0,17772.0
2022-10-19,2,TEN,18912.0,17441.0
2022-10-19,3,TEN,18305.0,16862.0
2022-10-19,4,TEN,17480.0,16451.0
2022-10-19,5,TEN,16782.0,15739.0
2022-10-19,6,TEN,16480.0,15510.0
2022-10-19,7,TEN,16399.0,15406.0
2022-10-19,8,TEN,16557.0,15589.0
2022-10-19,9,TEN,16955.0,15995.0
2022-10-19,10,TEN,17687.0,16731.0
2022-10-19,11,TEN,19073.0,18083.0
2022-10-19,12,TEN,20478.0,19103.0
2022-10-19,13,TEN,20630.0,19189.0
2022-10-19,14,TEN,20057.0,18666.0
2022-10-19,15,TEN,19219.0,17862.0
2022-10-19,16,TEN,18417.0,17075.0
2022-10-19,17,TEN,17670.0,16390.0
2022-10-19,18,TEN,17069.0,15801.0
2022-10-19,19,TEN,16581.0,15355.0
2022-10-19,20,TEN,16265.0,15080.0
2022-10-19,21,TEN,16119.0,14983.0
2022-10-19,22,TEN,16178.0,14945.0
2022-10-19,23,TEN,16617.0,15409.0
2022-10-20,0,TEN,17596.0,16310.0
2022-10-20,1,TEN,18092.0,16611.0
2022-10-20,2,TEN,18135.0,16663.0
2022-10-20,3,TEN,17720.0,16219.0
2022-10-20,4,TEN,17286.0,16269.0
2022-10-20,5,TEN,16953.0,15902.0
2022-10-20,6,TEN,16951.0,15893.0
2022-10-20,7,TEN,17079.0,16058.0
2022-10-20,8,TEN,17257.0,16258.0
2022-10-20,9,TEN,17588.0,16568.0
2022-10-20,10,TEN,18574.0,17618.0
2022-10-20,11,TEN,19861.0,19053.0
2022-10-20,12,TEN,21555.0,20407.0
2022-10-20,13,TEN,21712.0,20376.0
2022-10-20,14,TEN,20751.0,19355.0
2022-10-20,15,TEN,19479.0,18276.0
2022-10-20,16,TEN,18455.0,17136.0
2022-10-20,17,TEN,17653.0,16745.0
2022-10-20,18,TEN,17081.0,16250.0
2022-10-20,19,TEN,16673.0,15822.0
2022-10-20,20,TEN,16214.0,15402.0
2022-10-20,21,TEN,16063.0,15273.0
2022-10-20,22,TEN,16125.0,15381.0
2022-10-20,23,TEN,16489.0,15647.0
2022-10-21,0,TEN,17281.0,16446.0
2022-10-21,1,TEN,17867.0,16994.0
2022-10-21,2,TEN,17630.0,16889.0
2022-10-21,3,TEN,17165.0,16371.0
2022-10-21,4,TEN,16577.0,15649.0
2022-10-21,5,TEN,16061.0,15129.0
2022-10-21,6,TEN,15870.0,14951.0
2022-10-21,7,TEN,15953.0,15046.0
2022-10-21,8,TEN,16169.0,15278.0
2022-10-21,9,TEN,16451.0,15530.0
2022-10-21,10,TEN,17218.0,16259.0
2022-10-21,11,TEN,18499.0,17807.0
2022-10-21,12,TEN,19874.0,19182.0
2022-10-21,13,TEN,20038.0,19403.0
2022-10-21,14,TEN,19303.0,18606.0
2022-10-21,15,TEN,18251.0,17414.0
2022-10-21,16,TEN,17403.0,16474.0
2022-10-21,17,TEN,16757.0,15821.0
2022-10-21,18,TEN,16364.0,15491.0
2022-10-21,19,TEN,16080.0,15229.0
2022-10-21,20,TEN,15943.0,15280.0
2022-10-21,21,TEN,15836.0,15252.0
2022-10-21,22,TEN,15958.0,15422.0
2022-10-21,23,TEN,15915.0,15375.0
2022-10-22,0,TEN,16186.0,15612.0
2022-10-22,1,TEN,16013.0,15447.0
2022-10-22,2,TEN,15880.0,15305.0
2022-10-22,3,TEN,15433.0,14795.0
2022-10-22,4,TEN,14775.0,14124.0
2022-10-22,5,TEN,14152.0,13498.0
2022-10-22,6,TEN,13679.0,13640.0
2022-10-22,7,TEN,13559.0,13632.0
2022-10-22,8,TEN,13467.0,13599.0
2022-10-22,9,TEN,13550.0,13628.0
2022-10-22,10,TEN,13891.0,14032.0
2022-10-22,11,TEN,14402.0,14450.0
2022-10-22,12,TEN,15107.0,14963.0
2022-10-22,13,TEN,15674.0,15505.0
2022-10-22,14,TEN,15840.0,15711.0
2022-10-22,15,TEN,15770.0,15612.0
2022-10-22,16,TEN,15662.0,15207.0
2022-10-22,17,TEN,15263.0,14635.0
2022-10-22,18,TEN,15270.0,14673.0
2022-10-22,19,TEN,15369.0,14765.0
2022-10-22,20,TEN,15240.0,14635.0
2022-10-22,21,TEN,15321.0,14696.0
2022-10-22,22,TEN,15328.0,14782.0
2022-10-22,23,TEN,15534.0,15185.0
2022-10-23,0,TEN,15820.0,15669.0
2022-10-23,1,TEN,15624.0,15439.0
2022-10-23,2,TEN,15366.0,15104.0
2022-10-23,3,TEN,14829.0,14573.0
2022-10-23,4,TEN,14221.0,14031.0
2022-10-23,5,TEN,13537.0,13355.0
2022-10-23,6,TEN,12986.0,12740.0
2022-10-23,7,TEN,12683.0,12773.0
2022-10-23,8,TEN,12631.0,12790.0
2022-10-23,9,TEN,12634.0,12781.0
2022-10-23,10,TEN,12770.0,12904.0
2022-10-23,11,TEN,13091.0,13148.0
2022-10-23,12,TEN,13680.0,13871.0
2022-10-23,13,TEN,14373.0,14558.0
2022-10-23,14,TEN,14926.0,15139.0
2022-10-23,15,TEN,14973.0,14975.0
2022-10-23,16,TEN,14887.0,14704.0
2022-10-23,17,TEN,15063.0,14843.0
2022-10-23,18,TEN,15392.0,14948.0
2022-10-23,19,TEN,15608.0,15181.0
2022-10-23,20,TEN,15861.0,15449.0
2022-10-23,21,TEN,15977.0,15608.0
2022-10-23,22,TEN,16262.0,15870.0
2022-10-23,23,TEN,16328.0,16250.0
2022-10-24,0,TEN,16689.0,16608.0
2022-10-24,1,TEN,16658.0,16541.0
2022-10-24,2,TEN,16021.0,15677.0
2022-10-24,3,TEN,15123.0,14753.0
2022-10-24,4,TEN,14320.0,13783.0
2022-10-24,5,TEN,13622.0,13368.0
2022-10-24,6,TEN,13052.0,12720.0
2022-10-24,7,TEN,12807.0,12407.0
2022-10-24,8,TEN,12837.0,12440.0
2022-10-24,9,TEN,12921.0,12512.0
2022-10-24,10,TEN,13482.0,13134.0
2022-10-24,11,TEN,14690.0,14291.0
2022-10-24,12,TEN,16230.0,15441.0
2022-10-24,13,TEN,16621.0,15632.0
2022-10-24,14,TEN,16573.0,15596.0
2022-10-24,15,TEN,16555.0,15657.0
2022-10-24,16,TEN,16441.0,15532.0
2022-10-24,17,TEN,16577.0,15666.0
2022-10-24,18,TEN,16740.0,15903.0
2022-10-24,19,TEN,16819.0,16057.0
2022-10-24,20,TEN,16965.0,16223.0
2022-10-24,21,TEN,17080.0,16345.0
2022-10-24,22,TEN,17258.0,16533.0
2022-10-24,23,TEN,17206.0,16521.0
2022-10-25,0,TEN,17505.0,16756.0
2022-10-25,1,TEN,17367.0,16588.0
2022-10-25,2,TEN,16755.0,15862.0
2022-10-25,3,TEN,15834.0,14755.0
2022-10-25,4,TEN,14861.0,13770.0
2022-10-25,5,TEN,14100.0,12998.0
2022-10-25,6,TEN,13542.0,12458.0
2022-10-25,7,TEN,13287.0,12214.0
2022-10-25,8,TEN,13200.0,12152.0
2022-10-25,9,TEN,13336.0,12264.0
2022-10-25,10,TEN,13796.0,12674.0
2022-10-25,11,TEN,14825.0,13739.0
2022-10-25,12,TEN,16031.0,15142.0
2022-10-25,13,TEN,16407.0,15564.0
2022-10-25,14,TEN,16530.0,15713.0
2022-10-25,15,TEN,16628.0,15662.0
2022-10-25,16,TEN,16635.0,15753.0
2022-10-25,17,TEN,16612.0,16027.0
2022-10-25,18,TEN,16764.0,16183.0
2022-10-25,19,TEN,16564.0,16050.0
2022-10-25,20,TEN,16405.0,15916.0
2022-10-25,21,TEN,16468.0,16257.0
2022-10-25,22,TEN,16478.0,16231.0
2022-10-25,23,TEN,16668.0,16424.0
2022-10-26,0,TEN,17102.0,16840.0
2022-10-26,1,TEN,17072.0,16780.0
2022-10-26,2,TEN,16616.0,16210.0
2022-10-26,3,TEN,15563.0,14536.0
2022-10-26,4,TEN,14592.0,13776.0
2022-10-26,5,TEN,13859.0,13283.0
2022-10-26,6,TEN,13299.0,13208.0
2022-10-26,7,TEN,12989.0,12898.0
2022-10-26,8,TEN,12730.0,12646.0
2022-10-26,9,TEN,12806.0,12718.0
2022-10-26,10,TEN,13338.0,13201.0
2022-10-26,11,TEN,14609.0,14506.0
2022-10-26,12,TEN,15831.0,15577.0
2022-10-26,13,TEN,16204.0,15981.0
2022-10-26,14,TEN,16469.0,16350.0
2022-10-26,15,TEN,16740.0,16605.0
2022-10-26,16,TEN,16766.0,16605.0
2022-10-26,17,TEN,16616.0,16499.0
2022-10-26,18,TEN,16459.0,16328.0
2022-10-26,19,TEN,16250.0,16139.0
2022-10-26,20,TEN,16024.0,15948.0
2022-10-26,21,TEN,16065.0,16089.0
2022-10-26,22,TEN,16183.0,16217.0
2022-10-26,23,TEN,16501.0,16498.0
2022-10-27,0,TEN,17222.0,17242.0
2022-10-27,1,TEN,17431.0,17441.0
2022-10-27,2,TEN,17193.0,17184.0
2022-10-27,3,TEN,16578.0,16300.0
2022-10-27,4,TEN,15599.0,15521.0
2022-10-27,5,TEN,15090.0,14983.0
2022-10-27,6,TEN,14660.0,14419.0
2022-10-27,7,TEN,14510.0,14025.0
2022-10-27,8,TEN,14501.0,14009.0
2022-10-27,9,TEN,14629.0,14169.0
2022-10-27,10,TEN,15171.0,14627.0
2022-10-27,11,TEN,16451.0,16002.0
2022-10-27,12,TEN,17914.0,17480.0
2022-10-27,13,TEN,18298.0,17938.0
2022-10-27,14,TEN,17969.0,17665.0
2022-10-27,15,TEN,17283.0,16944.0
2022-10-27,16,TEN,16822.0,16517.0
2022-10-27,17,TEN,16310.0,15950.0
2022-10-27,18,TEN,16028.0,15671.0
2022-10-27,19,TEN,15759.0,15424.0
2022-10-27,20,TEN,15568.0,15250.0
2022-10-27,21,TEN,15495.0,15169.0
2022-10-27,22,TEN,15564.0,15313.0
2022-10-27,23,TEN,15697.0,15366.0
2022-10-28,0,TEN,16436.0,16122.0
2022-10-28,1,TEN,16621.0,16299.0
2022-10-28,2,TEN,16416.0,16313.0
2022-10-28,3,TEN,15824.0,15552.0
2022-10-28,4,TEN,15124.0,14846.0
2022-10-28,5,TEN,14431.0,14488.0
2022-10-28,6,TEN,14098.0,14168.0
2022-10-28,7,TEN,14040.0,14029.0
2022-10-28,8,TEN,14047.0,14044.0
2022-10-28,9,TEN,14261.0,14212.0
2022-10-28,10,TEN,14774.0,14751.0
2022-10-28,11,TEN,15881.0,15915.0
2022-10-28,12,TEN,17266.0,17534.0
2022-10-28,13,TEN,17602.0,17906.0
2022-10-28,14,TEN,17359.0,17694.0
2022-10-28,15,TEN,17008.0,17325.0
2022-10-28,16,TEN,16640.0,16893.0
2022-10-28,17,TEN,16342.0,16519.0
2022-10-28,18,TEN,16193.0,16324.0
2022-10-28,19,TEN,16025.0,16364.0
2022-10-28,20,TEN,16022.0,16371.0
2022-10-28,21,TEN,16014.0,16434.0
2022-10-28,22,TEN,15964.0,16383.0
2022-10-28,23,TEN,15997.0,16419.0
2022-10-29,0,TEN,16143.0,16612.0
2022-10-29,1,TEN,16090.0,16517.0
2022-10-29,2,TEN,15768.0,16131.0
2022-10-29,3,TEN,15229.0,15436.0
2022-10-29,4,TEN,14566.0,14790.0
2022-10-29,5,TEN,13951.0,14034.0
2022-10-29,6,TEN,13386.0,13479.0
2022-10-29,7,TEN,13212.0,13235.0
2022-10-29,8,TEN,13176.0,13129.0
2022-10-29,9,TEN,13229.0,13202.0
2022-10-29,10,TEN,13449.0,13411.0
2022-10-29,11,TEN,13992.0,13975.0
2022-10-29,12,TEN,14649.0,14484.0
2022-10-29,13,TEN,15164.0,14989.0
2022-10-29,14,TEN,15569.0,15393.0
2022-10-29,15,TEN,15708.0,15649.0
2022-10-29,16,TEN,15586.0,15441.0
2022-10-29,17,TEN,15393.0,15143.0
2022-10-29,18,TEN,15061.0,14879.0
2022-10-29,19,TEN,15099.0,14871.0
2022-10-29,20,TEN,15194.0,15041.0
2022-10-29,21,TEN,15268.0,15188.0
2022-10-29,22,TEN,15363.0,15265.0
2022-10-29,23,TEN,15477.0,15599.0
2022-10-30,0,TEN,15728.0,16079.0
2022-10-30,1,TEN,15458.0,15811.0
2022-10-30,2,TEN,15171.0,15360.0
2022-10-30,3,TEN,14593.0,14666.0
2022-10-30,4,TEN,14092.0,14065.0
2022-10-30,5,TEN,13388.0,13584.0
2022-10-30,6,TEN,12961.0,12995.0
2022-10-30,7,TEN,12627.0,12672.0
2022-10-30,8,TEN,12403.0,12418.0
2022-10-30,9,TEN,12405.0,12429.0
2022-10-30,10,TEN,12550.0,12568.0
2022-10-30,11,TEN,12732.0,12821.0
2022-10-30,12,TEN,13080.0,13167.0
2022-10-30,13,TEN,13518.0,13526.0
2022-10-30,14,TEN,14348.0,14276.0
2022-10-30,15,TEN,14752.0,14664.0
2022-10-30,16,TEN,14928.0,14725.0
2022-10-30,17,TEN,15127.0,15137.0
2022-10-30,18,TEN,15195.0,15199.0
2022-10-30,19,TEN,15223.0,15235.0
2022-10-30,20,TEN,15198.0,15224.0
2022-10-30,21,TEN,15221.0,15355.0
2022-10-30,22,TEN,15273.0,15495.0
2022-10-30,23,TEN,15758.0,15880.0
2022-10-31,0,TEN,16321.0,16380.0
2022-10-31,1,TEN,16198.0,16239.0
2022-10-31,2,TEN,15725.0,15547.0
2022-10-31,3,TEN,14942.0,14740.0
2022-10-31,4,TEN,14246.0,14074.0
2022-10-31,5,TEN,13521.0,13446.0
2022-10-31,6,TEN,13080.0,12857.0
2022-10-31,7,TEN,12761.0,12592.0
2022-10-31,8,TEN,12652.0,12454.0
2022-10-31,9,TEN,12741.0,12578.0
2022-10-31,10,TEN,13113.0,12884.0
2022-10-31,11,TEN,14339.0,14229.0
2022-10-31,12,TEN,15682.0,15555.0
2022-10-31,13,TEN,16116.0,15724.0
2022-10-31,14,TEN,16318.0,15958.0
2022-10-31,15,TEN,16482.0,16103.0
2022-10-31,16,TEN,16538.0,16093.0
2022-10-31,17,TEN,16532.0,16117.0
2022-10-31,18,TEN,16506.0,16326.0
2022-10-31,19,TEN,16284.0,16099.0
2022-10-31,20,TEN,16199.0,16035.0
2022-10-31,21,TEN,16153.0,16024.0
2022-10-31,22,TEN,16206.0,16166.0
2022-10-31,23,TEN,16137.0,16117.0
2022-11-01,0,TEN,16297.0,16183.0
2022-11-01,1,TEN,16242.0,16065.0
2022-11-01,2,TEN,16275.0,16021.0
2022-11-01,3,TEN,15713.0,15455.0
2022-11-01,4,TEN,14812.0,14598.0
2022-11-01,5,TEN,13983.0,13757.0
2022-11-01,6,TEN,13490.0,13604.0
2022-11-01,7,TEN,13065.0,13242.0
2022-11-01,8,TEN,13128.0,13297.0
2022-11-01,9,TEN,13085.0,13174.0
2022-11-01,10,TEN,13635.0,13718.0
2022-11-01,11,TEN,14660.0,14863.0
2022-11-01,12,TEN,15927.0,16158.0
2022-11-01,13,TEN,16340.0,16590.0
2022-11-01,14,TEN,16429.0,16697.0
2022-11-01,15,TEN,16349.0,16666.0
2022-11-01,16,TEN,16441.0,16675.0
2022-11-01,17,TEN,16455.0,16723.0
2022-11-01,18,TEN,16529.0,16820.0
2022-11-01,19,TEN,16514.0,16830.0
2022-11-01,20,TEN,16571.0,16807.0
2022-11-01,21,TEN,16709.0,16928.0
2022-11-01,22,TEN,16858.0,17188.0
2022-11-01,23,TEN,16943.0,17301.0
2022-11-02,0,TEN,17587.0,17854.0
2022-11-02,1,TEN,17383.0,17660.0
2022-11-02,2,TEN,16798.0,17037.0
2022-11-02,3,TEN,15977.0,16071.0
2022-11-02,4,TEN,14967.0,15088.0
2022-11-02,5,TEN,14192.0,14164.0
2022-11-02,6,TEN,13662.0,13743.0
2022-11-02,7,TEN,13232.0,13265.0
2022-11-02,8,TEN,13139.0,13188.0
2022-11-02,9,TEN,13085.0,13136.0
2022-11-02,10,TEN,13373.0,13400.0
2022-11-02,11,TEN,14363.0,14354.0
2022-11-02,12,TEN,15634.0,15488.0
2022-11-02,13,TEN,16008.0,16055.0
2022-11-02,14,TEN,16058.0,16059.0
2022-11-02,15,TEN,16123.0,16081.0
2022-11-02,16,TEN,16317.0,16332.0
2022-11-02,17,TEN,16536.0,16382.0
2022-11-02,18,TEN,16697.0,16766.0
2022-11-02,19,TEN,16827.0,16925.0
2022-11-02,20,TEN,16758.0,16870.0
2022-11-02,21,TEN,16843.0,16956.0
2022-11-02,22,TEN,17059.0,17159.0
2022-11-02,23,TEN,17079.0,17147.0
2022-11-03,0,TEN,17454.0,17558.0
2022-11-03,1,TEN,17248.0,17307.0
2022-11-03,2,TEN,16736.0,16827.0
2022-11-03,3,TEN,15868.0,15956.0
2022-11-03,4,TEN,14986.0,15060.0
2022-11-03,5,TEN,14175.0,14190.0
2022-11-03,6,TEN,13679.0,13742.0
2022-11-03,7,TEN,13418.0,13492.0
2022-11-03,8,TEN,13257.0,13311.0
2022-11-03,9,TEN,13410.0,13435.0
2022-11-03,10,TEN,13719.0,13776.0
2022-11-03,11,TEN,14832.0,14889.0
2022-11-03,12,TEN,16152.0,16001.0
2022-11-03,13,TEN,16443.0,15929.0
2022-11-03,14,TEN,16439.0,15825.0
2022-11-03,15,TEN,16223.0,15585.0
2022-11-03,16,TEN,16404.0,15738.0
2022-11-03,17,TEN,16549.0,15900.0
2022-11-03,18,TEN,16762.0,16147.0
2022-11-03,19,TEN,16891.0,16461.0
2022-11-03,20,TEN,16935.0,16529.0
2022-11-03,21,TEN,17199.0,16728.0
2022-11-03,22,TEN,17483.0,17128.0
2022-11-03,23,TEN,17405.0,17018.0
2022-11-04,0,TEN,17740.0,17330.0
2022-11-04,1,TEN,17464.0,17040.0
2022-11-04,2,TEN,16973.0,16515.0
2022-11-04,3,TEN,16104.0,15863.0
2022-11-04,4,TEN,15114.0,15211.0
2022-11-04,5,TEN,14197.0,14272.0
2022-11-04,6,TEN,13586.0,13631.0
2022-11-04,7,TEN,13253.0,13348.0
2022-11-04,8,TEN,12853.0,12998.0
2022-11-04,9,TEN,12925.0,13027.0
2022-11-04,10,TEN,13221.0,13337.0
2022-11-04,11,TEN,14320.0,14410.0
2022-11-04,12,TEN,15619.0,15612.0
2022-11-04,13,TEN,15906.0,15979.0
2022-11-04,14,TEN,16025.0,16179.0
2022-11-04,15,TEN,16081.0,16291.0
2022-11-04,16,TEN,16275.0,16474.0
2022-11-04,17,TEN,16458.0,16620.0
2022-11-04,18,TEN,16825.0,16964.0
2022-11-04,19,TEN,17176.0,17313.0
2022-11-04,20,TEN,17321.0,17481.0
2022-11-04,21,TEN,17495.0,17637.0
2022-11-04,22,TEN,17505.0,17653.0
2022-11-04,23,TEN,17318.0,17421.0
2022-11-05,0,TEN,17425.0,17567.0
2022-11-05,1,TEN,16969.0,17333.0
2022-11-05,2,TEN,16487.0,16713.0
2022-11-05,3,TEN,15848.0,16243.0
2022-11-05,4,TEN,15087.0,15156.0
2022-11-05,5,TEN,14158.0,14230.0
2022-11-05,6,TEN,13666.0,14230.0
2022-11-05,7,TEN,13222.0,13348.0
2022-11-05,8,TEN,12941.0,12998.0
2022-11-05,9,TEN,12872.0,13027.0
2022-11-05,10,TEN,12879.0,13337.0
2022-11-05,11,TEN,13148.0,14410.0
2022-11-05,12,TEN,13725.0,15612.0
2022-11-05,13,TEN,14342.0,15979.0
2022-11-05,14,TEN,15018.0,16179.0
2022-11-05,15,TEN,15449.0,16291.0
2022-11-05,16,TEN,15693.0,16474.0
2022-11-05,17,TEN,15832.0,16620.0
2022-11-05,18,TEN,15857.0,16964.0
2022-11-05,19,TEN,15784.0,17313.0
2022-11-05,20,TEN,15751.0,17481.0
2022-11-05,21,TEN,15787.0,17637.0
2022-11-05,22,TEN,15887.0,17653.0
2022-11-05,23,TEN,15885.0,17421.0
2022-11-06,0,TEN,16139.0,17567.0
2022-11-06,1,TEN,15901.0,17333.0
2022-11-06,2,TEN,15464.0,16713.0
2022-11-06,3,TEN,14855.0,16243.0
2022-11-06,4,TEN,14252.0,15156.0
2022-11-06,5,TEN,13556.0,14230.0
2022-11-06,6,TEN,12977.0,13035.0
2022-11-06,7,TEN,12580.0,12742.0
2022-11-06,8,TEN,12243.0,12217.0
2022-11-06,9,TEN,12180.0,12240.0
2022-11-06,10,TEN,12241.0,12264.0
2022-11-06,11,TEN,12388.0,12449.0
2022-11-06,12,TEN,12739.0,12689.0
2022-11-06,13,TEN,13293.0,13298.0
2022-11-06,14,TEN,14121.0,14166.0
2022-11-06,15,TEN,14783.0,14868.0
2022-11-06,16,TEN,15196.0,15201.0
2022-11-06,17,TEN,15444.0,15499.0
2022-11-06,18,TEN,15679.0,15711.0
2022-11-06,19,TEN,15980.0,16066.0
2022-11-06,20,TEN,16107.0,16311.0
2022-11-06,21,TEN,16234.0,16470.0
2022-11-06,22,TEN,16344.0,16654.0
2022-11-06,23,TEN,16733.0,16954.0
2022-11-07,0,TEN,17424.0,17519.0
2022-11-07,1,TEN,17243.0,17519.0
2022-11-07,2,TEN,16761.0,16896.0
2022-11-07,3,TEN,16218.0,16222.0
2022-11-07,4,TEN,15467.0,15531.0
2022-11-07,5,TEN,14537.0,14607.0
2022-11-07,6,TEN,1371.0,1385.0
2022-11-07,7,TEN,13202.0,13301.0
2022-11-07,8,TEN,12728.0,12895.0
2022-11-07,9,TEN,12731.0,12861.0
2022-11-07,10,TEN,12781.0,12955.0
2022-11-07,11,TEN,13059.0,13246.0
2022-11-07,12,TEN,14212.0,14316.0
2022-11-07,13,TEN,15314.0,15395.0
2022-11-07,14,TEN,15881.0,15941.0
2022-11-07,15,TEN,16058.0,16109.0
2022-11-07,16,TEN,16840.0,16898.0
2022-11-07,17,TEN,17181.0,17162.0
2022-11-07,18,TEN,17611.0,17626.0
2022-11-07,19,TEN,17887.0,17915.0
2022-11-07,20,TEN,18158.0,18221.0
2022-11-07,21,TEN,18053.0,18206.0
2022-11-07,22,TEN,17998.0,18158.0
2022-11-07,23,TEN,18120.0,18334.0
2022-11-08,0,TEN,18543.0,18700.0
2022-11-08,1,TEN,18267.0,18371.0
2022-11-08,2,TEN,17664.0,17705.0
2022-11-08,3,TEN,17025.0,16813.0
2022-11-08,4,TEN,16108.0,15880.0
2022-11-08,5,TEN,15036.0,14943.0
2022-11-08,6,TEN,14060.0,14174.0
2022-11-08,7,TEN,13433.0,13549.0
2022-11-08,8,TEN,13163.0,13267.0
2022-11-08,9,TEN,12982.0,13102.0
2022-11-08,10,TEN,12843.0,13004.0
2022-11-08,11,TEN,13084.0,13269.0
2022-11-08,12,TEN,14027.0,14123.0
2022-11-08,13,TEN,15005.0,15077.0
2022-11-08,14,TEN,15489.0,15426.0
2022-11-08,15,TEN,15797.0,15654.0
2022-11-08,16,TEN,16127.0,16093.0
2022-11-08,17,TEN,16623.0,16515.0
2022-11-08,18,TEN,17145.0,17017.0
2022-11-08,19,TEN,17641.0,17497.0
2022-11-08,20,TEN,18088.0,18028.0
2022-11-08,21,TEN,18211.0,18292.0
2022-11-08,22,TEN,18138.0,18303.0
2022-11-08,23,TEN,17893.0,18093.0
2022-11-09,0,TEN,18267.0,18392.0
2022-11-09,1,TEN,17949.0,18183.0
2022-11-09,2,TEN,17457.0,17682.0
2022-11-09,3,TEN,16613.0,16563.0
2022-11-09,4,TEN,15880.0,15737.0
2022-11-09,5,TEN,14792.0,14816.0
2022-11-09,6,TEN,13886.0,13962.0
2022-11-09,7,TEN,13393.0,13331.0
2022-11-09,8,TEN,13088.0,13060.0
2022-11-09,9,TEN,12979.0,12962.0
2022-11-09,10,TEN,13011.0,12965.0
2022-11-09,11,TEN,13361.0,13483.0
2022-11-09,12,TEN,14498.0,14747.0
2022-11-09,13,TEN,15613.0,15210.0
2022-11-09,14,TEN,15920.0,15612.0
2022-11-09,15,TEN,15960.0,15642.0
2022-11-09,16,TEN,16034.0,15599.0
2022-11-09,17,TEN,16370.0,15951.0
2022-11-09,18,TEN,16605.0,16228.0
2022-11-09,19,TEN,16936.0,16556.0
2022-11-09,20,TEN,17234.0,16844.0
2022-11-09,21,TEN,17239.0,16860.0
2022-11-09,22,TEN,17383.0,17073.0
2022-11-09,23,TEN,17365.0,17010.0
2022-11-10,0,TEN,17757.0,17474.0
2022-11-10,1,TEN,17495.0,17218.0
2022-11-10,2,TEN,16787.0,16695.0
2022-11-10,3,TEN,16364.0,16203.0
2022-11-10,4,TEN,15588.0,15386.0
2022-11-10,5,TEN,14837.0,14954.0
2022-11-10,6,TEN,14049.0,14173.0
2022-11-10,7,TEN,13588.0,13691.0
2022-11-10,8,TEN,13304.0,13404.0
2022-11-10,9,TEN,13323.0,13382.0
2022-11-10,10,TEN,13345.0,13434.0
2022-11-10,11,TEN,13675.0,13846.0
2022-11-10,12,TEN,14858.0,14900.0
2022-11-10,13,TEN,15988.0,15587.0
2022-11-10,14,TEN,16266.0,15849.0
2022-11-10,15,TEN,16074.0,15798.0
2022-11-10,16,TEN,16031.0,15791.0
2022-11-10,17,TEN,16099.0,15920.0
2022-11-10,18,TEN,16257.0,15989.0
2022-11-10,19,TEN,16408.0,16089.0
2022-11-10,20,TEN,16618.0,16352.0
2022-11-10,21,TEN,16610.0,16382.0
2022-11-10,22,TEN,16612.0,16386.0
2022-11-10,23,TEN,16787.0,16582.0
2022-11-11,0,TEN,17123.0,17012.0
2022-11-11,1,TEN,17161.0,17046.0
2022-11-11,2,TEN,16776.0,16806.0
2022-11-11,3,TEN,16317.0,16208.0
2022-11-11,4,TEN,15637.0,15580.0
2022-11-11,5,TEN,14806.0,14870.0
2022-11-11,6,TEN,13965.0,14075.0
2022-11-11,7,TEN,13375.0,13458.0
2022-11-11,8,TEN,13013.0,13038.0
2022-11-11,9,TEN,12851.0,12931.0
2022-11-11,10,TEN,12826.0,12941.0
2022-11-11,11,TEN,12895.0,13000.0
2022-11-11,12,TEN,13787.0,13888.0
2022-11-11,13,TEN,14722.0,14766.0
2022-11-11,14,TEN,15298.0,15391.0
2022-11-11,15,TEN,15754.0,16095.0
2022-11-11,16,TEN,16011.0,16400.0
2022-11-11,17,TEN,16415.0,16811.0
2022-11-11,18,TEN,16550.0,17024.0
2022-11-11,19,TEN,16595.0,16997.0
2022-11-11,20,TEN,16510.0,16891.0
2022-11-11,21,TEN,16450.0,16794.0
2022-11-11,22,TEN,16288.0,16706.0
2022-11-11,23,TEN,16447.0,16770.0
2022-11-12,0,TEN,16817.0,17193.0
2022-11-12,1,TEN,16528.0,16887.0
2022-11-12,2,TEN,16080.0,16422.0
2022-11-12,3,TEN,15747.0,15923.0
2022-11-12,4,TEN,15165.0,15244.0
2022-11-12,5,TEN,14497.0,14509.0
2022-11-12,6,TEN,13848.0,13907.0
2022-11-12,7,TEN,13376.0,13421.0
2022-11-12,8,TEN,13197.0,13290.0
2022-11-12,9,TEN,13006.0,13097.0
2022-11-12,10,TEN,13077.0,13181.0
2022-11-12,11,TEN,13341.0,13422.0
2022-11-12,12,TEN,13707.0,13552.0
2022-11-12,13,TEN,14545.0,14191.0
2022-11-12,14,TEN,15522.0,14901.0
2022-11-12,15,TEN,16556.0,15954.0
2022-11-12,16,TEN,17147.0,16560.0
2022-11-12,17,TEN,17458.0,16815.0
2022-11-12,18,TEN,17521.0,16880.0
2022-11-12,19,TEN,17412.0,16757.0
2022-11-12,20,TEN,17513.0,16908.0
2022-11-12,21,TEN,17609.0,17178.0
2022-11-12,22,TEN,18089.0,17597.0
2022-11-12,23,TEN,18818.0,18086.0
2022-11-13,0,TEN,19453.0,18762.0
2022-11-13,1,TEN,19466.0,18730.0
2022-11-13,2,TEN,19302.0,18549.0
2022-11-13,3,TEN,19072.0,18345.0
2022-11-13,4,TEN,18691.0,17823.0
2022-11-13,5,TEN,18253.0,17234.0
2022-11-13,6,TEN,17649.0,16647.0
2022-11-13,7,TEN,17577.0,16567.0
2022-11-13,8,TEN,17471.0,16453.0
2022-11-13,9,TEN,17491.0,16500.0
2022-11-13,10,TEN,17612.0,16645.0
2022-11-13,11,TEN,17771.0,16831.0
2022-11-13,12,TEN,18082.0,17192.0
2022-11-13,13,TEN,18686.0,17722.0
2022-11-13,14,TEN,19527.0,18621.0
2022-11-13,15,TEN,20128.0,19208.0
2022-11-13,16,TEN,20100.0,19164.0
2022-11-13,17,TEN,19676.0,18796.0
2022-11-13,18,TEN,19303.0,18437.0
2022-11-13,19,TEN,18834.0,17940.0
2022-11-13,20,TEN,18414.0,17590.0
2022-11-13,21,TEN,18120.0,17313.0
2022-11-13,22,TEN,18358.0,17598.0
2022-11-13,23,TEN,19516.0,18699.0
2022-11-14,0,TEN,20724.0,20071.0
2022-11-14,1,TEN,21104.0,20417.0
2022-11-14,2,TEN,21128.0,20452.0
2022-11-14,3,TEN,20932.0,20091.0
2022-11-14,4,TEN,20498.0,19503.0
2022-11-14,5,TEN,20068.0,19022.0
2022-11-14,6,TEN,19745.0,18510.0
2022-11-14,7,TEN,19760.0,18602.0
2022-11-14,8,TEN,19887.0,18705.0
2022-11-14,9,TEN,20112.0,18868.0
2022-11-14,10,TEN,20401.0,19251.0
2022-11-14,11,TEN,21021.0,19227.0
2022-11-14,12,TEN,22428.0,20148.0
2022-11-14,13,TEN,23696.0,20573.0
2022-11-14,14,TEN,23612.0,20464.0
2022-11-14,15,TEN,22438.0,19962.0
2022-11-14,16,TEN,21025.0,19028.0
2022-11-14,17,TEN,20032.0,18326.0
2022-11-14,18,TEN,19117.0,17546.0
2022-11-14,19,TEN,18481.0,16846.0
2022-11-14,20,TEN,18010.0,16379.0
2022-11-14,21,TEN,17715.0,16093.0
2022-11-14,22,TEN,17791.0,16322.0
2022-11-14,23,TEN,18619.0,17197.0
2022-11-15,0,TEN,19876.0,18284.0
2022-11-15,1,TEN,20033.0,18482.0
2022-11-15,2,TEN,19966.0,18483.0
2022-11-15,3,TEN,19581.0,17972.0
2022-11-15,4,TEN,18940.0,17189.0
2022-11-15,5,TEN,18073.0,16790.0
2022-11-15,6,TEN,17273.0,16235.0
2022-11-15,7,TEN,16852.0,16045.0
2022-11-15,8,TEN,16626.0,15821.0
2022-11-15,9,TEN,16506.0,15705.0
2022-11-15,10,TEN,16526.0,15752.0
2022-11-15,11,TEN,16808.0,16055.0
2022-11-15,12,TEN,17821.0,17102.0
2022-11-15,13,TEN,18948.0,17836.0
2022-11-15,14,TEN,19076.0,17975.0
2022-11-15,15,TEN,19088.0,17994.0
2022-11-15,16,TEN,19070.0,17920.0
2022-11-15,17,TEN,19166.0,18014.0
2022-11-15,18,TEN,19092.0,17910.0
2022-11-15,19,TEN,19047.0,17868.0
2022-11-15,20,TEN,18950.0,17844.0
2022-11-15,21,TEN,18843.0,17798.0
2022-11-15,22,TEN,19028.0,18099.0
2022-11-15,23,TEN,19659.0,18831.0
2022-11-16,0,TEN,20201.0,19276.0
2022-11-16,1,TEN,20132.0,19194.0
2022-11-16,2,TEN,19881.0,18919.0
2022-11-16,3,TEN,19387.0,18211.0
2022-11-16,4,TEN,18726.0,17425.0
2022-11-16,5,TEN,17911.0,17130.0
2022-11-16,6,TEN,17271.0,16575.0
2022-11-16,7,TEN,16997.0,16382.0
2022-11-16,8,TEN,16797.0,16220.0
2022-11-16,9,TEN,16900.0,16315.0
2022-11-16,10,TEN,17126.0,16535.0
2022-11-16,11,TEN,17536.0,16954.0
2022-11-16,12,TEN,18848.0,18324.0
2022-11-16,13,TEN,20149.0,19069.0
2022-11-16,14,TEN,20400.0,19283.0
2022-11-16,15,TEN,20052.0,18906.0
2022-11-16,16,TEN,19581.0,18526.0
2022-11-16,17,TEN,19110.0,18116.0
2022-11-16,18,TEN,18588.0,17590.0
2022-11-16,19,TEN,18194.0,17151.0
2022-11-16,20,TEN,17906.0,16911.0
2022-11-16,21,TEN,17847.0,16888.0
2022-11-16,22,TEN,18248.0,17404.0
2022-11-16,23,TEN,19261.0,18435.0
2022-11-17,0,TEN,20494.0,19750.0
2022-11-17,1,TEN,20832.0,20005.0
2022-11-17,2,TEN,20990.0,20146.0
2022-11-17,3,TEN,20758.0,19806.0
2022-11-17,4,TEN,20206.0,19027.0
2022-11-17,5,TEN,19458.0,18725.0
2022-11-17,6,TEN,19140.0,18440.0
2022-11-17,7,TEN,19050.0,18263.0
2022-11-17,8,TEN,19145.0,18374.0
2022-11-17,9,TEN,19449.0,18686.0
2022-11-17,10,TEN,19871.0,19102.0
2022-11-17,11,TEN,20685.0,19299.0
2022-11-17,12,TEN,22328.0,20096.0
2022-11-17,13,TEN,23780.0,21585.0
2022-11-17,14,TEN,23615.0,21388.0
2022-11-17,15,TEN,22341.0,20809.0
2022-11-17,16,TEN,21376.0,20401.0
2022-11-17,17,TEN,20641.0,19618.0
2022-11-17,18,TEN,19972.0,18976.0
2022-11-17,19,TEN,19385.0,18378.0
2022-11-17,20,TEN,19014.0,18084.0
2022-11-17,21,TEN,18812.0,17737.0
2022-11-17,22,TEN,19085.0,18099.0
2022-11-17,23,TEN,20244.0,19219.0
2022-11-18,0,TEN,21654.0,20647.0
2022-11-18,1,TEN,22331.0,21301.0
2022-11-18,2,TEN,22598.0,21547.0
2022-11-18,3,TEN,22593.0,21596.0
2022-11-18,4,TEN,22253.0,21191.0
2022-11-18,5,TEN,21757.0,20842.0
2022-11-18,6,TEN,21469.0,20728.0
2022-11-18,7,TEN,21441.0,20623.0
2022-11-18,8,TEN,21580.0,20612.0
2022-11-18,9,TEN,21855.0,21083.0
2022-11-18,10,TEN,22149.0,21397.0
2022-11-18,11,TEN,22579.0,21772.0
2022-11-18,12,TEN,23818.0,22592.0
2022-11-18,13,TEN,24995.0,23134.0
2022-11-18,14,TEN,24600.0,23179.0
2022-11-18,15,TEN,23139.0,22234.0
2022-11-18,16,TEN,21778.0,20850.0
2022-11-18,17,TEN,20904.0,19847.0
2022-11-18,18,TEN,19978.0,18871.0
2022-11-18,19,TEN,19343.0,18216.0
2022-11-18,20,TEN,18881.0,17779.0
2022-11-18,21,TEN,18704.0,17624.0
2022-11-18,22,TEN,18944.0,17923.0
2022-11-18,23,TEN,19815.0,18753.0
2022-11-19,0,TEN,20867.0,19808.0
2022-11-19,1,TEN,21098.0,20028.0
2022-11-19,2,TEN,21127.0,20103.0
2022-11-19,3,TEN,21090.0,20012.0
2022-11-19,4,TEN,20701.0,19616.0
2022-11-19,5,TEN,20215.0,19530.0
2022-11-19,6,TEN,19895.0,19159.0
2022-11-19,7,TEN,19842.0,19092.0
2022-11-19,8,TEN,20050.0,19328.0
2022-11-19,9,TEN,20426.0,19681.0
2022-11-19,10,TEN,20788.0,20071.0
2022-11-19,11,TEN,21308.0,20760.0
2022-11-19,12,TEN,22040.0,21534.0
2022-11-19,13,TEN,22897.0,22310.0
2022-11-19,14,TEN,23149.0,22306.0
2022-11-19,15,TEN,22234.0,21420.0
2022-11-19,16,TEN,21091.0,20215.0
2022-11-19,17,TEN,20110.0,19161.0
2022-11-19,18,TEN,19240.0,18328.0
2022-11-19,19,TEN,18565.0,17648.0
2022-11-19,20,TEN,18182.0,17252.0
2022-11-19,21,TEN,18161.0,17248.0
2022-11-19,22,TEN,18591.0,17694.0
2022-11-19,23,TEN,19578.0,18645.0
2022-11-20,0,TEN,20519.0,19762.0
2022-11-20,1,TEN,20643.0,19874.0
2022-11-20,2,TEN,20658.0,19845.0
2022-11-20,3,TEN,20630.0,19711.0
2022-11-20,4,TEN,20370.0,19426.0
2022-11-20,5,TEN,20063.0,19104.0
2022-11-20,6,TEN,19809.0,18792.0
2022-11-20,7,TEN,19712.0,18854.0
2022-11-20,8,TEN,19883.0,18778.0
2022-11-20,9,TEN,20122.0,19078.0
2022-11-20,10,TEN,20492.0,19411.0
2022-11-20,11,TEN,20938.0,19927.0
2022-11-20,12,TEN,21735.0,20902.0
2022-11-20,13,TEN,22646.0,21826.0
2022-11-20,14,TEN,22966.0,22171.0
2022-11-20,15,TEN,22385.0,21587.0
2022-11-20,16,TEN,21397.0,20470.0
2022-11-20,17,TEN,20464.0,19484.0
2022-11-20,18,TEN,19674.0,18707.0
2022-11-20,19,TEN,19015.0,17960.0
2022-11-20,20,TEN,18388.0,17367.0
2022-11-20,21,TEN,18214.0,17067.0
2022-11-20,22,TEN,18525.0,17510.0
2022-11-20,23,TEN,19756.0,18859.0
2022-11-21,0,TEN,21409.0,20490.0
2022-11-21,1,TEN,22039.0,21233.0
2022-11-21,2,TEN,22355.0,21522.0
2022-11-21,3,TEN,22518.0,21640.0
2022-11-21,4,TEN,22160.0,21194.0
2022-11-21,5,TEN,21835.0,20752.0
2022-11-21,6,TEN,21757.0,20706.0
2022-11-21,7,TEN,21742.0,20715.0
2022-11-21,8,TEN,21992.0,20940.0
2022-11-21,9,TEN,22305.0,21270.0
2022-11-21,10,TEN,22861.0,21925.0
2022-11-21,11,TEN,23559.0,22806.0
2022-11-21,12,TEN,25046.0,24258.0
2022-11-21,13,TEN,26229.0,24905.0
2022-11-21,14,TEN,25855.0,24489.0
2022-11-21,15,TEN,24130.0,22857.0
2022-11-21,16,TEN,22295.0,21090.0
2022-11-21,17,TEN,21114.0,19855.0
2022-11-21,18,TEN,20031.0,18766.0
2022-11-21,19,TEN,19161.0,17894.0
2022-11-21,20,TEN,18606.0,17291.0
2022-11-21,21,TEN,18248.0,16970.0
2022-11-21,22,TEN,18372.0,17110.0
2022-11-21,23,TEN,19268.0,17847.0
2022-11-22,0,TEN,20667.0,19208.0
2022-11-22,1,TEN,21054.0,19666.0
2022-11-22,2,TEN,21068.0,19632.0
2022-11-22,3,TEN,20994.0,19531.0
2022-11-22,4,TEN,20607.0,19238.0
2022-11-22,5,TEN,20085.0,19065.0
2022-11-22,6,TEN,19677.0,18770.0
2022-11-22,7,TEN,19682.0,18613.0
2022-11-22,8,TEN,19818.0,18775.0
2022-11-22,9,TEN,20047.0,18971.0
2022-11-22,10,TEN,20558.0,19538.0
2022-11-22,11,TEN,21083.0,20191.0
2022-11-22,12,TEN,22343.0,21653.0
2022-11-22,13,TEN,23378.0,22733.0
2022-11-22,14,TEN,23254.0,22494.0
2022-11-22,15,TEN,22070.0,21342.0
2022-11-22,16,TEN,20587.0,19894.0
2022-11-22,17,TEN,19760.0,18949.0
2022-11-22,18,TEN,18850.0,18034.0
2022-11-22,19,TEN,18036.0,17151.0
2022-11-22,20,TEN,17506.0,16634.0
2022-11-22,21,TEN,17238.0,16457.0
2022-11-22,22,TEN,17287.0,16446.0
2022-11-22,23,TEN,17931.0,16987.0
2022-11-23,0,TEN,19034.0,18046.0
2022-11-23,1,TEN,19428.0,18538.0
2022-11-23,2,TEN,19496.0,18646.0
2022-11-23,3,TEN,19451.0,18501.0
2022-11-23,4,TEN,19252.0,18275.0
2022-11-23,5,TEN,18704.0,17967.0
2022-11-23,6,TEN,18367.0,17656.0
2022-11-23,7,TEN,18210.0,17514.0
2022-11-23,8,TEN,18326.0,17641.0
2022-11-23,9,TEN,18641.0,17723.0
2022-11-23,10,TEN,19101.0,18205.0
2022-11-23,11,TEN,19738.0,19022.0
2022-11-23,12,TEN,20889.0,20257.0
2022-11-23,13,TEN,22027.0,21336.0
2022-11-23,14,TEN,22212.0,21527.0
2022-11-23,15,TEN,20876.0,20086.0
2022-11-23,16,TEN,19577.0,18937.0
2022-11-23,17,TEN,18684.0,17851.0
2022-11-23,18,TEN,17898.0,16989.0
2022-11-23,19,TEN,17186.0,16332.0
2022-11-23,20,TEN,16767.0,15880.0
2022-11-23,21,TEN,16573.0,15729.0
2022-11-23,22,TEN,16377.0,15568.0
2022-11-23,23,TEN,16907.0,16065.0
2022-11-24,0,TEN,17797.0,16927.0
2022-11-24,1,TEN,17883.0,16998.0
2022-11-24,2,TEN,17845.0,16918.0
2022-11-24,3,TEN,17706.0,16721.0
2022-11-24,4,TEN,17522.0,16372.0
2022-11-24,5,TEN,16968.0,15918.0
2022-11-24,6,TEN,16337.0,15538.0
2022-11-24,7,TEN,15997.0,15317.0
2022-11-24,8,TEN,15880.0,15193.0
2022-11-24,9,TEN,15860.0,15159.0
2022-11-24,10,TEN,15900.0,15200.0
2022-11-24,11,TEN,16132.0,15492.0
2022-11-24,12,TEN,16458.0,16202.0
2022-11-24,13,TEN,16991.0,16871.0
2022-11-24,14,TEN,17542.0,17505.0
2022-11-24,15,TEN,17507.0,17471.0
2022-11-24,16,TEN,17258.0,17194.0
2022-11-24,17,TEN,16907.0,16657.0
2022-11-24,18,TEN,16358.0,16120.0
2022-11-24,19,TEN,15541.0,15612.0
2022-11-24,20,TEN,14917.0,15380.0
2022-11-24,21,TEN,14448.0,14957.0
2022-11-24,22,TEN,14251.0,14760.0
2022-11-24,23,TEN,14402.0,14982.0
2022-11-25,0,TEN,14585.0,15129.0
2022-11-25,1,TEN,14543.0,15019.0
2022-11-25,2,TEN,14506.0,14888.0
2022-11-25,3,TEN,14362.0,14642.0
2022-11-25,4,TEN,13997.0,14179.0
2022-11-25,5,TEN,13458.0,13484.0
2022-11-25,6,TEN,13051.0,12980.0
2022-11-25,7,TEN,12813.0,12737.0
2022-11-25,8,TEN,12601.0,12556.0
2022-11-25,9,TEN,12511.0,12466.0
2022-11-25,10,TEN,12525.0,12508.0
2022-11-25,11,TEN,12754.0,12738.0
2022-11-25,12,TEN,13230.0,13531.0
2022-11-25,13,TEN,13805.0,14198.0
2022-11-25,14,TEN,14247.0,14740.0
2022-11-25,15,TEN,14606.0,15104.0
2022-11-25,16,TEN,14792.0,15294.0
2022-11-25,17,TEN,14908.0,15321.0
2022-11-25,18,TEN,14750.0,15166.0
2022-11-25,19,TEN,14601.0,14963.0
2022-11-25,20,TEN,14395.0,14794.0
2022-11-25,21,TEN,14315.0,14772.0
2022-11-25,22,TEN,14370.0,14889.0
2022-11-25,23,TEN,14882.0,15365.0
2022-11-26,0,TEN,15590.0,16056.0
2022-11-26,1,TEN,15589.0,16217.0
2022-11-26,2,TEN,15585.0,16040.0
2022-11-26,3,TEN,15437.0,15565.0
2022-11-26,4,TEN,15207.0,15276.0
2022-11-26,5,TEN,14835.0,14855.0
2022-11-26,6,TEN,14426.0,14376.0
2022-11-26,7,TEN,14165.0,14211.0
2022-11-26,8,TEN,14169.0,14277.0
2022-11-26,9,TEN,14300.0,14369.0
2022-11-26,10,TEN,14592.0,14692.0
2022-11-26,11,TEN,14952.0,15085.0
2022-11-26,12,TEN,15589.0,15913.0
2022-11-26,13,TEN,16184.0,16529.0
2022-11-26,14,TEN,16744.0,17100.0
2022-11-26,15,TEN,16971.0,17248.0
2022-11-26,16,TEN,16651.0,16918.0
2022-11-26,17,TEN,16282.0,16551.0
2022-11-26,18,TEN,15905.0,16150.0
2022-11-26,19,TEN,15582.0,15853.0
2022-11-26,20,TEN,15298.0,15706.0
2022-11-26,21,TEN,15164.0,15588.0
2022-11-26,22,TEN,15335.0,15814.0
2022-11-26,23,TEN,15960.0,16481.0
2022-11-27,0,TEN,16220.0,16712.0
2022-11-27,1,TEN,16001.0,16501.0
2022-11-27,2,TEN,15825.0,16311.0
2022-11-27,3,TEN,15489.0,15755.0
2022-11-27,4,TEN,14881.0,15029.0
2022-11-27,5,TEN,14192.0,14338.0
2022-11-27,6,TEN,13502.0,13615.0
2022-11-27,7,TEN,12868.0,12910.0
2022-11-27,8,TEN,12679.0,12705.0
2022-11-27,9,TEN,12531.0,12589.0
2022-11-27,10,TEN,12519.0,12561.0
2022-11-27,11,TEN,12605.0,12667.0
2022-11-27,12,TEN,12970.0,13236.0
2022-11-27,13,TEN,13606.0,13975.0
2022-11-27,14,TEN,14199.0,14607.0
2022-11-27,15,TEN,14868.0,15176.0
2022-11-27,16,TEN,15206.0,15498.0
2022-11-27,17,TEN,15171.0,15478.0
2022-11-27,18,TEN,15373.0,15661.0
2022-11-27,19,TEN,15422.0,15729.0
2022-11-27,20,TEN,15403.0,15751.0
2022-11-27,21,TEN,15462.0,15946.0
2022-11-27,22,TEN,15786.0,16335.0
2022-11-27,23,TEN,16497.0,17034.0
2022-11-28,0,TEN,17081.0,17613.0
2022-11-28,1,TEN,17240.0,17719.0
2022-11-28,2,TEN,16958.0,17450.0
2022-11-28,3,TEN,16611.0,16870.0
2022-11-28,4,TEN,15985.0,16081.0
2022-11-28,5,TEN,15218.0,15273.0
2022-11-28,6,TEN,14547.0,14496.0
2022-11-28,7,TEN,14286.0,14035.0
2022-11-28,8,TEN,14058.0,13914.0
2022-11-28,9,TEN,13997.0,13874.0
2022-11-28,10,TEN,14232.0,14191.0
2022-11-28,11,TEN,14772.0,14848.0
2022-11-28,12,TEN,16137.0,15808.0
2022-11-28,13,TEN,17468.0,16718.0
2022-11-28,14,TEN,17884.0,17044.0
2022-11-28,15,TEN,17840.0,17044.0
2022-11-28,16,TEN,17538.0,16853.0
2022-11-28,17,TEN,17406.0,16704.0
2022-11-28,18,TEN,17247.0,16567.0
2022-11-28,19,TEN,17067.0,16339.0
2022-11-28,20,TEN,16818.0,16156.0
2022-11-28,21,TEN,16649.0,15985.0
2022-11-28,22,TEN,16658.0,16063.0
2022-11-28,23,TEN,17368.0,16715.0
2022-11-29,0,TEN,18341.0,17737.0
2022-11-29,1,TEN,18526.0,17976.0
2022-11-29,2,TEN,18436.0,17852.0
2022-11-29,3,TEN,18258.0,17455.0
2022-11-29,4,TEN,17583.0,16759.0
2022-11-29,5,TEN,16877.0,16072.0
2022-11-29,6,TEN,16352.0,15571.0
2022-11-29,7,TEN,16174.0,15725.0
2022-11-29,8,TEN,16020.0,15600.0
2022-11-29,9,TEN,16233.0,15739.0
2022-11-29,10,TEN,16478.0,16010.0
2022-11-29,11,TEN,16978.0,16716.0
2022-11-29,12,TEN,18310.0,18067.0
2022-11-29,13,TEN,19593.0,19090.0
2022-11-29,14,TEN,19464.0,19096.0
2022-11-29,15,TEN,18411.0,18120.0
2022-11-29,16,TEN,17623.0,17281.0
2022-11-29,17,TEN,17184.0,16970.0
2022-11-29,18,TEN,16899.0,16588.0
2022-11-29,19,TEN,16681.0,16332.0
2022-11-29,20,TEN,16693.0,16307.0
2022-11-29,21,TEN,16698.0,16323.0
2022-11-29,22,TEN,16895.0,16433.0
2022-11-29,23,TEN,17604.0,16543.0
2022-11-30,0,TEN,18187.0,17153.0
2022-11-30,1,TEN,17856.0,17131.0
2022-11-30,2,TEN,17368.0,16848.0
2022-11-30,3,TEN,16938.0,16706.0
2022-11-30,4,TEN,16162.0,15746.0
2022-11-30,5,TEN,15286.0,14776.0
2022-11-30,6,TEN,14533.0,14010.0
2022-11-30,7,TEN,14114.0,13799.0
2022-11-30,8,TEN,13834.0,13556.0
2022-11-30,9,TEN,13702.0,13421.0
2022-11-30,10,TEN,13768.0,13513.0
2022-11-30,11,TEN,14193.0,13987.0
2022-11-30,12,TEN,15475.0,15343.0
2022-11-30,13,TEN,16991.0,16469.0
2022-11-30,14,TEN,17658.0,17039.0
2022-11-30,15,TEN,17779.0,17051.0
2022-11-30,16,TEN,17780.0,16663.0
2022-11-30,17,TEN,17785.0,16943.0
2022-11-30,18,TEN,17614.0,16765.0
2022-11-30,19,TEN,17402.0,16570.0
2022-11-30,20,TEN,17219.0,16473.0
2022-11-30,21,TEN,17142.0,16641.0
2022-11-30,22,TEN,17496.0,17082.0
2022-11-30,23,TEN,18709.0,18331.0
2022-12-01,0,TEN,20345.0,19909.0
2022-12-01,1,TEN,20822.0,20159.0
2022-12-01,2,TEN,21159.0,20328.0
2022-12-01,3,TEN,21166.0,20482.0
2022-12-01,4,TEN,20814.0,20055.0
2022-12-01,5,TEN,20142.0,19198.0
2022-12-01,6,TEN,19711.0,18288.0
2022-12-01,7,TEN,19750.0,17978.0
2022-12-01,8,TEN,19917.0,18142.0
2022-12-01,9,TEN,20218.0,18440.0
2022-12-01,10,TEN,20516.0,18760.0
2022-12-01,11,TEN,21245.0,19591.0
2022-12-01,12,TEN,22752.0,20856.0
2022-12-01,13,TEN,24224.0,21905.0
2022-12-01,14,TEN,24079.0,21810.0
2022-12-01,15,TEN,22783.0,20830.0
2022-12-01,16,TEN,21640.0,19683.0
2022-12-01,17,TEN,20786.0,19168.0
2022-12-01,18,TEN,19829.0,18529.0
2022-12-01,19,TEN,19211.0,17913.0
2022-12-01,20,TEN,18676.0,17323.0
2022-12-01,21,TEN,18338.0,17081.0
2022-12-01,22,TEN,18401.0,17189.0
2022-12-01,23,TEN,19673.0,18546.0
2022-12-02,0,TEN,21096.0,19954.0
2022-12-02,1,TEN,21531.0,20477.0
2022-12-02,2,TEN,21824.0,20629.0
2022-12-02,3,TEN,21698.0,20454.0
2022-12-02,4,TEN,21462.0,20170.0
2022-12-02,5,TEN,20616.0,19278.0
2022-12-02,6,TEN,19980.0,18674.0
2022-12-02,7,TEN,19463.0,18181.0
2022-12-02,8,TEN,19112.0,17778.0
2022-12-02,9,TEN,18927.0,17574.0
2022-12-02,10,TEN,18896.0,17599.0
2022-12-02,11,TEN,18855.0,17726.0
2022-12-02,12,TEN,19804.0,18703.0
2022-12-02,13,TEN,20809.0,19263.0
2022-12-02,14,TEN,20666.0,19013.0
2022-12-02,15,TEN,20231.0,18561.0
2022-12-02,16,TEN,19722.0,18050.0
2022-12-02,17,TEN,19257.0,17587.0
2022-12-02,18,TEN,18734.0,17500.0
2022-12-02,19,TEN,18280.0,17003.0
2022-12-02,20,TEN,17878.0,16635.0
2022-12-02,21,TEN,17524.0,16281.0
2022-12-02,22,TEN,17507.0,16318.0
2022-12-02,23,TEN,18225.0,17050.0
2022-12-03,0,TEN,18610.0,17443.0
2022-12-03,1,TEN,18422.0,17242.0
2022-12-03,2,TEN,18215.0,17016.0
2022-12-03,3,TEN,17767.0,16595.0
2022-12-03,4,TEN,17233.0,15887.0
2022-12-03,5,TEN,16340.0,15038.0
2022-12-03,6,TEN,15316.0,14158.0
2022-12-03,7,TEN,14611.0,14293.0
2022-12-03,8,TEN,14288.0,13747.0
2022-12-03,9,TEN,14072.0,13512.0
2022-12-03,10,TEN,14069.0,13515.0
2022-12-03,11,TEN,14140.0,13694.0
2022-12-03,12,TEN,14460.0,14102.0
2022-12-03,13,TEN,14950.0,14626.0
2022-12-03,14,TEN,15512.0,15174.0
2022-12-03,15,TEN,16119.0,15771.0
2022-12-03,16,TEN,16428.0,16087.0
2022-12-03,17,TEN,16558.0,16193.0
2022-12-03,18,TEN,16491.0,16134.0
2022-12-03,19,TEN,16261.0,15459.0
2022-12-03,20,TEN,16060.0,15045.0
2022-12-03,21,TEN,15883.0,15029.0
2022-12-03,22,TEN,15998.0,15158.0
2022-12-03,23,TEN,16591.0,15821.0
2022-12-04,0,TEN,17445.0,16607.0
2022-12-04,1,TEN,17709.0,16890.0
2022-12-04,2,TEN,17737.0,16909.0
2022-12-04,3,TEN,17821.0,16936.0
2022-12-04,4,TEN,17748.0,16710.0
2022-12-04,5,TEN,17492.0,16439.0
2022-12-04,6,TEN,17241.0,16218.0
2022-12-04,7,TEN,17125.0,15887.0
2022-12-04,8,TEN,17237.0,16023.0
2022-12-04,9,TEN,17469.0,16018.0
2022-12-04,10,TEN,17870.0,16394.0
2022-12-04,11,TEN,18328.0,16913.0
2022-12-04,12,TEN,18973.0,17800.0
2022-12-04,13,TEN,19648.0,18399.0
2022-12-04,14,TEN,20265.0,18947.0
2022-12-04,15,TEN,20470.0,19115.0
2022-12-04,16,TEN,20031.0,18794.0
2022-12-04,17,TEN,19383.0,18088.0
2022-12-04,18,TEN,18965.0,17707.0
2022-12-04,19,TEN,18634.0,17386.0
2022-12-04,20,TEN,18168.0,16919.0
2022-12-04,21,TEN,18061.0,16824.0
2022-12-04,22,TEN,18298.0,16896.0
2022-12-04,23,TEN,19134.0,17473.0
2022-12-05,0,TEN,20160.0,18546.0
2022-12-05,1,TEN,20128.0,18521.0
2022-12-05,2,TEN,20252.0,18769.0
2022-12-05,3,TEN,19944.0,18538.0
2022-12-05,4,TEN,19732.0,18218.0
2022-12-05,5,TEN,19044.0,17554.0
2022-12-05,6,TEN,18589.0,17123.0
2022-12-05,7,TEN,18294.0,16854.0
2022-12-05,8,TEN,18276.0,16887.0
2022-12-05,9,TEN,18257.0,16992.0
2022-12-05,10,TEN,18253.0,16975.0
2022-12-05,11,TEN,18628.0,17470.0
2022-12-05,12,TEN,19769.0,18684.0
2022-12-05,13,TEN,20910.0,19800.0
2022-12-05,14,TEN,21005.0,19850.0
2022-12-05,15,TEN,20741.0,19640.0
2022-12-05,16,TEN,20480.0,19379.0
2022-12-05,17,TEN,20367.0,19207.0
2022-12-05,18,TEN,20322.0,19105.0
2022-12-05,19,TEN,20155.0,19007.0
2022-12-05,20,TEN,19792.0,18724.0
2022-12-05,21,TEN,19623.0,18490.0
2022-12-05,22,TEN,19667.0,18522.0
2022-12-05,23,TEN,20253.0,19089.0
2022-12-06,0,TEN,20466.0,19270.0
2022-12-06,1,TEN,20229.0,19044.0
2022-12-06,2,TEN,19817.0,18887.0
2022-12-06,3,TEN,19223.0,18337.0
2022-12-06,4,TEN,18241.0,17479.0
2022-12-06,5,TEN,17065.0,16649.0
2022-12-06,6,TEN,16184.0,16014.0
2022-12-06,7,TEN,15536.0,15567.0
2022-12-06,8,TEN,15139.0,15170.0
2022-12-06,9,TEN,14992.0,15057.0
2022-12-06,10,TEN,14899.0,14958.0
2022-12-06,11,TEN,15078.0,15084.0
2022-12-06,12,TEN,16153.0,16354.0
2022-12-06,13,TEN,17278.0,17393.0
2022-12-06,14,TEN,17462.0,17566.0
2022-12-06,15,TEN,17493.0,17876.0
2022-12-06,16,TEN,17526.0,17912.0
2022-12-06,17,TEN,17675.0,17849.0
2022-12-06,18,TEN,17806.0,18050.0
2022-12-06,19,TEN,17599.0,17736.0
2022-12-06,20,TEN,17531.0,17686.0
2022-12-06,21,TEN,17475.0,17314.0
2022-12-06,22,TEN,17449.0,17324.0
2022-12-06,23,TEN,17974.0,17948.0
2022-12-07,0,TEN,18437.0,18423.0
2022-12-07,1,TEN,18374.0,18361.0
2022-12-07,2,TEN,18064.0,18114.0
2022-12-07,3,TEN,17505.0,17430.0
2022-12-07,4,TEN,16768.0,16516.0
2022-12-07,5,TEN,15839.0,15722.0
2022-12-07,6,TEN,14913.0,15037.0
2022-12-07,7,TEN,14316.0,14259.0
2022-12-07,8,TEN,13979.0,13966.0
2022-12-07,9,TEN,13787.0,13642.0
2022-12-07,10,TEN,13746.0,13658.0
2022-12-07,11,TEN,13910.0,13778.0
2022-12-07,12,TEN,14921.0,15124.0
2022-12-07,13,TEN,16141.0,16457.0
2022-12-07,14,TEN,16518.0,16813.0
2022-12-07,15,TEN,16686.0,16817.0
2022-12-07,16,TEN,16828.0,16955.0
2022-12-07,17,TEN,17070.0,17084.0
2022-12-07,18,TEN,17137.0,17090.0
2022-12-07,19,TEN,17197.0,17350.0
2022-12-07,20,TEN,17157.0,17311.0
2022-12-07,21,TEN,16904.0,17097.0
2022-12-07,22,TEN,16925.0,17145.0
2022-12-07,23,TEN,17488.0,17683.0
2022-12-08,0,TEN,17990.0,18325.0
2022-12-08,1,TEN,17933.0,18396.0
2022-12-08,2,TEN,17684.0,18150.0
2022-12-08,3,TEN,17221.0,17675.0
2022-12-08,4,TEN,16501.0,16844.0
2022-12-08,5,TEN,15449.0,15620.0
2022-12-08,6,TEN,14586.0,14636.0
2022-12-08,7,TEN,14092.0,14097.0
2022-12-08,8,TEN,13680.0,13686.0
2022-12-08,9,TEN,13604.0,13604.0
2022-12-08,10,TEN,13581.0,13672.0
2022-12-08,11,TEN,13804.0,14097.0
2022-12-08,12,TEN,14886.0,15206.0
2022-12-08,13,TEN,16084.0,16400.0
2022-12-08,14,TEN,16514.0,16818.0
2022-12-08,15,TEN,16760.0,17045.0
2022-12-08,16,TEN,16926.0,17273.0
2022-12-08,17,TEN,17416.0,17643.0
2022-12-08,18,TEN,17379.0,17869.0
2022-12-08,19,TEN,17483.0,17815.0
2022-12-08,20,TEN,17388.0,17677.0
2022-12-08,21,TEN,17236.0,17594.0
2022-12-08,22,TEN,17428.0,17856.0
2022-12-08,23,TEN,17902.0,18483.0
2022-12-09,0,TEN,18314.0,18824.0
2022-12-09,1,TEN,18206.0,18772.0
2022-12-09,2,TEN,17982.0,18485.0
2022-12-09,3,TEN,17525.0,17887.0
2022-12-09,4,TEN,16786.0,17163.0
2022-12-09,5,TEN,15892.0,16024.0
2022-12-09,6,TEN,14975.0,14935.0
2022-12-09,7,TEN,14364.0,14353.0
2022-12-09,8,TEN,14045.0,13952.0
2022-12-09,9,TEN,13859.0,13798.0
2022-12-09,10,TEN,13872.0,13859.0
2022-12-09,11,TEN,14041.0,14330.0
2022-12-09,12,TEN,15069.0,15406.0
2022-12-09,13,TEN,16199.0,16527.0
2022-12-09,14,TEN,16554.0,16899.0
2022-12-09,15,TEN,16648.0,17019.0
2022-12-09,16,TEN,16787.0,17145.0
2022-12-09,17,TEN,16970.0,17303.0
2022-12-09,18,TEN,16998.0,17337.0
2022-12-09,19,TEN,16893.0,17271.0
2022-12-09,20,TEN,16217.0,16542.0
2022-12-09,21,TEN,16293.0,16709.0
2022-12-09,22,TEN,16499.0,16851.0
2022-12-09,23,TEN,17130.0,17503.0
2022-12-10,0,TEN,17650.0,18069.0
2022-12-10,1,TEN,17389.0,17809.0
2022-12-10,2,TEN,17132.0,17511.0
2022-12-10,3,TEN,16830.0,17243.0
2022-12-10,4,TEN,16278.0,16639.0
2022-12-10,5,TEN,15630.0,15836.0
2022-12-10,6,TEN,14955.0,14970.0
2022-12-10,7,TEN,14508.0,14430.0
2022-12-10,8,TEN,14223.0,14202.0
2022-12-10,9,TEN,14084.0,13997.0
2022-12-10,10,TEN,14083.0,14028.0
2022-12-10,11,TEN,14244.0,14249.0
2022-12-10,12,TEN,14759.0,14911.0
2022-12-10,13,TEN,15326.0,15741.0
2022-12-10,14,TEN,15908.0,16313.0
2022-12-10,15,TEN,16526.0,16943.0
2022-12-10,16,TEN,16808.0,17260.0
2022-12-10,17,TEN,16767.0,17197.0
2022-12-10,18,TEN,16601.0,17049.0
2022-12-10,19,TEN,16391.0,16837.0
2022-12-10,20,TEN,16280.0,16714.0
2022-12-10,21,TEN,16248.0,16719.0
2022-12-10,22,TEN,16467.0,16866.0
2022-12-10,23,TEN,17057.0,17500.0
2022-12-11,0,TEN,17367.0,17764.0
2022-12-11,1,TEN,17294.0,17710.0
2022-12-11,2,TEN,17087.0,17544.0
2022-12-11,3,TEN,16579.0,17013.0
2022-12-11,4,TEN,16103.0,16517.0
2022-12-11,5,TEN,15526.0,15807.0
2022-12-11,6,TEN,14765.0,14974.0
2022-12-11,7,TEN,14240.0,14494.0
2022-12-11,8,TEN,13938.0,14145.0
2022-12-11,9,TEN,13871.0,14031.0
2022-12-11,10,TEN,13798.0,14010.0
2022-12-11,11,TEN,13810.0,13951.0
2022-12-11,12,TEN,14254.0,14417.0
2022-12-11,13,TEN,14810.0,15187.0
2022-12-11,14,TEN,15479.0,15816.0
2022-12-11,15,TEN,16194.0,16593.0
2022-12-11,16,TEN,16525.0,16897.0
2022-12-11,17,TEN,16564.0,16935.0
2022-12-11,18,TEN,16740.0,17018.0
2022-12-11,19,TEN,16695.0,16838.0
2022-12-11,20,TEN,16682.0,16734.0
2022-12-11,21,TEN,16629.0,16928.0
2022-12-11,22,TEN,16889.0,17264.0
2022-12-11,23,TEN,17444.0,17899.0
2022-12-12,0,TEN,18227.0,18677.0
2022-12-12,1,TEN,18182.0,18594.0
2022-12-12,2,TEN,17977.0,18377.0
2022-12-12,3,TEN,17645.0,18029.0
2022-12-12,4,TEN,17021.0,17358.0
2022-12-12,5,TEN,16176.0,16343.0
2022-12-12,6,TEN,15532.0,15452.0
2022-12-12,7,TEN,15164.0,15157.0
2022-12-12,8,TEN,15047.0,14982.0
2022-12-12,9,TEN,15041.0,15008.0
2022-12-12,10,TEN,15189.0,15368.0
2022-12-12,11,TEN,15651.0,15945.0
2022-12-12,12,TEN,17095.0,17288.0
2022-12-12,13,TEN,18518.0,18761.0
2022-12-12,14,TEN,18920.0,19112.0
2022-12-12,15,TEN,18856.0,18879.0
2022-12-12,16,TEN,18556.0,18651.0
2022-12-12,17,TEN,18541.0,18670.0
2022-12-12,18,TEN,18224.0,18364.0
2022-12-12,19,TEN,17902.0,17949.0
2022-12-12,20,TEN,17545.0,17671.0
2022-12-12,21,TEN,17334.0,17811.0
2022-12-12,22,TEN,17451.0,17916.0
2022-12-12,23,TEN,18337.0,18676.0
2022-12-13,0,TEN,19529.0,19700.0
2022-12-13,1,TEN,19723.0,20069.0
2022-12-13,2,TEN,19749.0,20064.0
2022-12-13,3,TEN,19616.0,19758.0
2022-12-13,4,TEN,19196.0,19306.0
2022-12-13,5,TEN,18491.0,18800.0
2022-12-13,6,TEN,17838.0,17987.0
2022-12-13,7,TEN,17529.0,17567.0
2022-12-13,8,TEN,17318.0,17298.0
2022-12-13,9,TEN,17318.0,17345.0
2022-12-13,10,TEN,17461.0,17519.0
2022-12-13,11,TEN,17916.0,17932.0
2022-12-13,12,TEN,19133.0,19195.0
2022-12-13,13,TEN,20397.0,20430.0
2022-12-13,14,TEN,20437.0,20357.0
2022-12-13,15,TEN,19740.0,20058.0
2022-12-13,16,TEN,18932.0,19084.0
2022-12-13,17,TEN,18562.0,18694.0
2022-12-13,18,TEN,18155.0,18510.0
2022-12-13,19,TEN,17898.0,18244.0
2022-12-13,20,TEN,17772.0,18195.0
2022-12-13,21,TEN,17505.0,17972.0
2022-12-13,22,TEN,17797.0,18103.0
2022-12-13,23,TEN,18557.0,18823.0
2022-12-14,0,TEN,19239.0,19605.0
2022-12-14,1,TEN,19203.0,19619.0
2022-12-14,2,TEN,18966.0,19370.0
2022-12-14,3,TEN,18579.0,18916.0
2022-12-14,4,TEN,17766.0,17826.0
2022-12-14,5,TEN,16778.0,16967.0
2022-12-14,6,TEN,16045.0,16248.0
2022-12-14,7,TEN,15518.0,15753.0
2022-12-14,8,TEN,15272.0,15439.0
2022-12-14,9,TEN,15243.0,15415.0
2022-12-14,10,TEN,15187.0,15389.0
2022-12-14,11,TEN,15475.0,15765.0
2022-12-14,12,TEN,16406.0,16814.0
2022-12-14,13,TEN,17565.0,17911.0
2022-12-14,14,TEN,17929.0,18220.0
2022-12-14,15,TEN,17965.0,18366.0
2022-12-14,16,TEN,18167.0,18433.0
2022-12-14,17,TEN,18442.0,18820.0
2022-12-14,18,TEN,18460.0,18937.0
2022-12-14,19,TEN,18637.0,19308.0
2022-12-14,20,TEN,18614.0,19212.0
2022-12-14,21,TEN,18502.0,19072.0
2022-12-14,22,TEN,18609.0,19196.0
2022-12-14,23,TEN,19267.0,19843.0
2022-12-15,0,TEN,19664.0,20271.0
2022-12-15,1,TEN,19481.0,20047.0
2022-12-15,2,TEN,19246.0,19796.0
2022-12-15,3,TEN,18805.0,19374.0
2022-12-15,4,TEN,18000.0,18323.0
2022-12-15,5,TEN,17038.0,17272.0
2022-12-15,6,TEN,16251.0,16473.0
2022-12-15,7,TEN,15865.0,16191.0
2022-12-15,8,TEN,15757.0,16085.0
2022-12-15,9,TEN,15718.0,16043.0
2022-12-15,10,TEN,15687.0,15960.0
2022-12-15,11,TEN,16116.0,16530.0
2022-12-15,12,TEN,17367.0,17644.0
2022-12-15,13,TEN,18691.0,18872.0
2022-12-15,14,TEN,19092.0,19321.0
2022-12-15,15,TEN,18971.0,19231.0
2022-12-15,16,TEN,18749.0,19092.0
2022-12-15,17,TEN,18513.0,18666.0
2022-12-15,18,TEN,18024.0,18204.0
2022-12-15,19,TEN,17854.0,18082.0
2022-12-15,20,TEN,17699.0,17974.0
2022-12-15,21,TEN,17557.0,17812.0
2022-12-15,22,TEN,17852.0,18099.0
2022-12-15,23,TEN,18687.0,18956.0
2022-12-16,0,TEN,20045.0,20234.0
2022-12-16,1,TEN,20219.0,20478.0
2022-12-16,2,TEN,20606.0,20785.0
2022-12-16,3,TEN,20535.0,20626.0
2022-12-16,4,TEN,20193.0,20143.0
2022-12-16,5,TEN,19294.0,19141.0
2022-12-16,6,TEN,18822.0,18563.0
2022-12-16,7,TEN,18576.0,18378.0
2022-12-16,8,TEN,18555.0,18249.0
2022-12-16,9,TEN,18749.0,18505.0
2022-12-16,10,TEN,19091.0,18856.0
2022-12-16,11,TEN,19941.0,19593.0
2022-12-16,12,TEN,21364.0,20950.0
2022-12-16,13,TEN,22765.0,22253.0
2022-12-16,14,TEN,22891.0,22549.0
2022-12-16,15,TEN,22054.0,21754.0
2022-12-16,16,TEN,21028.0,20646.0
2022-12-16,17,TEN,20411.0,20047.0
2022-12-16,18,TEN,19650.0,19261.0
2022-12-16,19,TEN,19247.0,19051.0
2022-12-16,20,TEN,18954.0,18865.0
2022-12-16,21,TEN,18645.0,18756.0
2022-12-16,22,TEN,18846.0,19016.0
2022-12-16,23,TEN,19711.0,19870.0
2022-12-17,0,TEN,20940.0,21089.0
2022-12-17,1,TEN,20926.0,21120.0
2022-12-17,2,TEN,20880.0,21080.0
2022-12-17,3,TEN,20651.0,20780.0
2022-12-17,4,TEN,20274.0,20354.0
2022-12-17,5,TEN,19671.0,19647.0
2022-12-17,6,TEN,19006.0,18864.0
2022-12-17,7,TEN,18546.0,18477.0
2022-12-17,8,TEN,18401.0,18300.0
2022-12-17,9,TEN,18465.0,18386.0
2022-12-17,10,TEN,18546.0,18676.0
2022-12-17,11,TEN,19031.0,19092.0
2022-12-17,12,TEN,19811.0,19922.0
2022-12-17,13,TEN,20624.0,20817.0
2022-12-17,14,TEN,21273.0,21481.0
2022-12-17,15,TEN,21237.0,21445.0
2022-12-17,16,TEN,20849.0,21237.0
2022-12-17,17,TEN,20241.0,20612.0
2022-12-17,18,TEN,19589.0,19934.0
2022-12-17,19,TEN,18802.0,19059.0
2022-12-17,20,TEN,18318.0,18563.0
2022-12-17,21,TEN,18045.0,18270.0
2022-12-17,22,TEN,18436.0,18703.0
2022-12-17,23,TEN,19542.0,19953.0
2022-12-18,0,TEN,20692.0,20959.0
2022-12-18,1,TEN,21021.0,21233.0
2022-12-18,2,TEN,21183.0,21395.0
2022-12-18,3,TEN,21123.0,21357.0
2022-12-18,4,TEN,20904.0,21057.0
2022-12-18,5,TEN,20363.0,20392.0
2022-12-18,6,TEN,20059.0,19984.0
2022-12-18,7,TEN,19896.0,19946.0
2022-12-18,8,TEN,19838.0,19802.0
2022-12-18,9,TEN,19874.0,19862.0
2022-12-18,10,TEN,20164.0,19910.0
2022-12-18,11,TEN,20466.0,20291.0
2022-12-18,12,TEN,21174.0,21143.0
2022-12-18,13,TEN,22092.0,22074.0
2022-12-18,14,TEN,22876.0,22796.0
2022-12-18,15,TEN,22708.0,22592.0
2022-12-18,16,TEN,21799.0,21585.0
2022-12-18,17,TEN,20822.0,20576.0
2022-12-18,18,TEN,20078.0,19811.0
2022-12-18,19,TEN,19404.0,19230.0
2022-12-18,20,TEN,18932.0,18717.0
2022-12-18,21,TEN,18548.0,18419.0
2022-12-18,22,TEN,18787.0,18691.0
2022-12-18,23,TEN,20122.0,20098.0
2022-12-19,0,TEN,21622.0,21567.0
2022-12-19,1,TEN,22196.0,22221.0
2022-12-19,2,TEN,22603.0,22632.0
2022-12-19,3,TEN,22878.0,22859.0
2022-12-19,4,TEN,22741.0,22534.0
2022-12-19,5,TEN,22386.0,22205.0
2022-12-19,6,TEN,22219.0,22189.0
2022-12-19,7,TEN,22286.0,22159.0
2022-12-19,8,TEN,22377.0,22141.0
2022-12-19,9,TEN,22661.0,22080.0
2022-12-19,10,TEN,22955.0,22448.0
2022-12-19,11,TEN,23653.0,23262.0
2022-12-19,12,TEN,24624.0,24058.0
2022-12-19,13,TEN,25628.0,25018.0
2022-12-19,14,TEN,25737.0,25158.0
2022-12-19,15,TEN,25202.0,24687.0
2022-12-19,16,TEN,24252.0,23747.0
2022-12-19,17,TEN,23202.0,22569.0
2022-12-19,18,TEN,22145.0,21577.0
2022-12-19,19,TEN,21509.0,20827.0
2022-12-19,20,TEN,21152.0,20511.0
2022-12-19,21,TEN,20977.0,20295.0
2022-12-19,22,TEN,21172.0,20478.0
2022-12-19,23,TEN,21994.0,21424.0
2022-12-20,0,TEN,22759.0,22285.0
2022-12-20,1,TEN,23000.0,22432.0
2022-12-20,2,TEN,22781.0,22219.0
2022-12-20,3,TEN,22559.0,22029.0
2022-12-20,4,TEN,21991.0,21722.0
2022-12-20,5,TEN,21308.0,21226.0
2022-12-20,6,TEN,20547.0,20591.0
2022-12-20,7,TEN,20139.0,19809.0
2022-12-20,8,TEN,19854.0,19562.0
2022-12-20,9,TEN,19680.0,19380.0
2022-12-20,10,TEN,19676.0,19388.0
2022-12-20,11,TEN,19908.0,19831.0
2022-12-20,12,TEN,20765.0,20656.0
2022-12-20,13,TEN,21805.0,21684.0
2022-12-20,14,TEN,22125.0,22031.0
2022-12-20,15,TEN,22168.0,22048.0
2022-12-20,16,TEN,21549.0,21414.0
2022-12-20,17,TEN,21073.0,20832.0
2022-12-20,18,TEN,20456.0,20250.0
2022-12-20,19,TEN,19946.0,19699.0
2022-12-20,20,TEN,19704.0,19493.0
2022-12-20,21,TEN,19400.0,19234.0
2022-12-20,22,TEN,19439.0,19317.0
2022-12-20,23,TEN,20212.0,20184.0
2022-12-21,0,TEN,21194.0,21134.0
2022-12-21,1,TEN,21447.0,21500.0
2022-12-21,2,TEN,21544.0,21454.0
2022-12-21,3,TEN,21306.0,21268.0
2022-12-21,4,TEN,20899.0,20816.0
2022-12-21,5,TEN,20531.0,20360.0
2022-12-21,6,TEN,20070.0,19919.0
2022-12-21,7,TEN,19967.0,20343.0
2022-12-21,8,TEN,20017.0,20365.0
2022-12-21,9,TEN,20240.0,20632.0
2022-12-21,10,TEN,20568.0,20999.0
2022-12-21,11,TEN,21263.0,21773.0
2022-12-21,12,TEN,22623.0,23101.0
2022-12-21,13,TEN,23867.0,24297.0
2022-12-21,14,TEN,24297.0,24749.0
2022-12-21,15,TEN,23481.0,23989.0
2022-12-21,16,TEN,22030.0,22345.0
2022-12-21,17,TEN,20986.0,21385.0
2022-12-21,18,TEN,19964.0,20459.0
2022-12-21,19,TEN,19195.0,19664.0
2022-12-21,20,TEN,18708.0,19176.0
2022-12-21,21,TEN,18568.0,19101.0
2022-12-21,22,TEN,18667.0,19324.0
2022-12-21,23,TEN,19533.0,20073.0
2022-12-22,0,TEN,20396.0,20761.0
2022-12-22,1,TEN,20401.0,20747.0
2022-12-22,2,TEN,20109.0,20528.0
2022-12-22,3,TEN,19827.0,20214.0
2022-12-22,4,TEN,19205.0,19556.0
2022-12-22,5,TEN,18387.0,18608.0
2022-12-22,6,TEN,17727.0,17781.0
2022-12-22,7,TEN,17094.0,17200.0
2022-12-22,8,TEN,16786.0,16871.0
2022-12-22,9,TEN,16637.0,16837.0
2022-12-22,10,TEN,16712.0,16926.0
2022-12-22,11,TEN,17036.0,17374.0
2022-12-22,12,TEN,17943.0,18307.0
2022-12-22,13,TEN,18912.0,19284.0
2022-12-22,14,TEN,19485.0,20274.0
2022-12-22,15,TEN,19565.0,20544.0
2022-12-22,16,TEN,19717.0,20857.0
2022-12-22,17,TEN,19705.0,20514.0
2022-12-22,18,TEN,19505.0,19746.0
2022-12-22,19,TEN,19267.0,19838.0
2022-12-22,20,TEN,19113.0,20098.0
2022-12-22,21,TEN,18973.0,20036.0
2022-12-22,22,TEN,19143.0,20219.0
2022-12-22,23,TEN,19907.0,20902.0
2022-12-23,0,TEN,20718.0,21568.0
2022-12-23,1,TEN,21026.0,21922.0
2022-12-23,2,TEN,21387.0,22221.0
2022-12-23,3,TEN,22074.0,22453.0
2022-12-23,4,TEN,22773.0,22809.0
2022-12-23,5,TEN,23369.0,23414.0
2022-12-23,6,TEN,23840.0,23417.0
2022-12-23,7,TEN,24588.0,23314.0
2022-12-23,8,TEN,25604.0,24191.0
2022-12-23,9,TEN,27047.0,25021.0
2022-12-23,10,TEN,28269.0,25794.0
2022-12-23,11,TEN,29071.0,25933.0
2022-12-23,12,TEN,30298.0,26007.0
2022-12-23,13,TEN,31099.0,24816.0
2022-12-23,14,TEN,32015.0,25372.0
2022-12-23,15,TEN,32515.0,25751.0
2022-12-23,16,TEN,32501.0,26215.0
2022-12-23,17,TEN,31578.0,26042.0
2022-12-23,18,TEN,30772.0,23956.0
2022-12-23,19,TEN,30735.0,23647.0
2022-12-23,20,TEN,30285.0,23081.0
2022-12-23,21,TEN,30192.0,23003.0
2022-12-23,22,TEN,30878.0,23772.0
2022-12-23,23,TEN,31948.0,26589.0
2022-12-24,0,TEN,33245.0,27993.0
2022-12-24,1,TEN,33387.0,27986.0
2022-12-24,2,TEN,33425.0,27382.0
2022-12-24,3,TEN,33352.0,26800.0
2022-12-24,4,TEN,33017.0,26489.0
2022-12-24,5,TEN,32531.0,27082.0
2022-12-24,6,TEN,32037.0,27582.0
2022-12-24,7,TEN,31755.0,27390.0
2022-12-24,8,TEN,31524.0,26789.0
2022-12-24,9,TEN,31377.0,26559.0
2022-12-24,10,TEN,31504.0,26167.0
2022-12-24,11,TEN,31552.0,27732.0
2022-12-24,12,TEN,30454.0,28069.0
2022-12-24,13,TEN,29819.0,27504.0
2022-12-24,14,TEN,30040.0,26746.0
2022-12-24,15,TEN,30013.0,26826.0
2022-12-24,16,TEN,29569.0,25707.0
2022-12-24,17,TEN,29405.0,24769.0
2022-12-24,18,TEN,28158.0,23161.0
2022-12-24,19,TEN,27221.0,22998.0
2022-12-24,20,TEN,26010.0,22044.0
2022-12-24,21,TEN,25277.0,21532.0
2022-12-24,22,TEN,25200.0,21581.0
2022-12-24,23,TEN,26094.0,22352.0
2022-12-25,0,TEN,27140.0,23084.0
2022-12-25,1,TEN,27019.0,23239.0
2022-12-25,2,TEN,27493.0,23727.0
2022-12-25,3,TEN,27474.0,23741.0
2022-12-25,4,TEN,27349.0,23651.0
2022-12-25,5,TEN,27014.0,23284.0
2022-12-25,6,TEN,26790.0,23684.0
2022-12-25,7,TEN,26695.0,24501.0
2022-12-25,8,TEN,26791.0,24655.0
2022-12-25,9,TEN,26929.0,24841.0
2022-12-25,10,TEN,27162.0,25191.0
2022-12-25,11,TEN,27457.0,25485.0
2022-12-25,12,TEN,27934.0,25512.0
2022-12-25,13,TEN,28663.0,25615.0
2022-12-25,14,TEN,28935.0,25613.0
2022-12-25,15,TEN,27756.0,24406.0
2022-12-25,16,TEN,26227.0,23952.0
2022-12-25,17,TEN,24632.0,22932.0
2022-12-25,18,TEN,23349.0,22172.0
2022-12-25,19,TEN,22126.0,21107.0
2022-12-25,20,TEN,21122.0,19944.0
2022-12-25,21,TEN,20609.0,19487.0
2022-12-25,22,TEN,20835.0,19642.0
2022-12-25,23,TEN,22060.0,20817.0
2022-12-26,0,TEN,23450.0,22389.0
2022-12-26,1,TEN,24280.0,23257.0
2022-12-26,2,TEN,24940.0,23869.0
2022-12-26,3,TEN,25403.0,24289.0
2022-12-26,4,TEN,25645.0,24573.0
2022-12-26,5,TEN,25633.0,24502.0
2022-12-26,6,TEN,25553.0,24279.0
2022-12-26,7,TEN,25479.0,24090.0
2022-12-26,8,TEN,25566.0,24134.0
2022-12-26,9,TEN,25296.0,23794.0
2022-12-26,10,TEN,25216.0,23746.0
2022-12-26,11,TEN,25284.0,23615.0
2022-12-26,12,TEN,25582.0,23191.0
2022-12-26,13,TEN,25666.0,22509.0
2022-12-26,14,TEN,26217.0,22964.0
2022-12-26,15,TEN,26017.0,23293.0
2022-12-26,16,TEN,25559.0,23313.0
2022-12-26,17,TEN,25452.0,23597.0
2022-12-26,18,TEN,24620.0,22762.0
2022-12-26,19,TEN,24356.0,22532.0
2022-12-26,20,TEN,23374.0,21506.0
2022-12-26,21,TEN,23561.0,21763.0
2022-12-26,22,TEN,23365.0,21615.0
2022-12-26,23,TEN,24192.0,22522.0
2022-12-27,0,TEN,25147.0,22911.0
2022-12-27,1,TEN,24841.0,22607.0
2022-12-27,2,TEN,24827.0,22600.0
2022-12-27,3,TEN,24097.0,22366.0
2022-12-27,4,TEN,23642.0,21870.0
2022-12-27,5,TEN,23042.0,21602.0
2022-12-27,6,TEN,22376.0,20914.0
2022-12-27,7,TEN,22029.0,20608.0
2022-12-27,8,TEN,21882.0,20511.0
2022-12-27,9,TEN,21788.0,20410.0
2022-12-27,10,TEN,21825.0,20476.0
2022-12-27,11,TEN,22065.0,20868.0
2022-12-27,12,TEN,22816.0,21692.0
2022-12-27,13,TEN,23750.0,22151.0
2022-12-27,14,TEN,24246.0,22585.0
2022-12-27,15,TEN,23989.0,22241.0
2022-12-27,16,TEN,23262.0,21597.0
2022-12-27,17,TEN,22273.0,20467.0
2022-12-27,18,TEN,21361.0,19536.0
2022-12-27,19,TEN,20437.0,18805.0
2022-12-27,20,TEN,19830.0,18124.0
2022-12-27,21,TEN,19491.0,17822.0
2022-12-27,22,TEN,19474.0,17900.0
2022-12-27,23,TEN,20482.0,18805.0
2022-12-28,0,TEN,22087.0,20490.0
2022-12-28,1,TEN,22801.0,21205.0
2022-12-28,2,TEN,23054.0,21363.0
2022-12-28,3,TEN,23262.0,21565.0
2022-12-28,4,TEN,23143.0,21420.0
2022-12-28,5,TEN,22656.0,21389.0
2022-12-28,6,TEN,22429.0,21243.0
2022-12-28,7,TEN,22395.0,21241.0
2022-12-28,8,TEN,22366.0,21241.0
2022-12-28,9,TEN,22540.0,21414.0
2022-12-28,10,TEN,22879.0,21813.0
2022-12-28,11,TEN,23200.0,22243.0
2022-12-28,12,TEN,24019.0,23126.0
2022-12-28,13,TEN,24707.0,23782.0
2022-12-28,14,TEN,24896.0,23991.0
2022-12-28,15,TEN,23437.0,22484.0
2022-12-28,16,TEN,21948.0,21289.0
2022-12-28,17,TEN,20468.0,19933.0
2022-12-28,18,TEN,19438.0,18991.0
2022-12-28,19,TEN,18556.0,17989.0
2022-12-28,20,TEN,17853.0,17430.0
2022-12-28,21,TEN,17239.0,16882.0
2022-12-28,22,TEN,17242.0,16910.0
2022-12-28,23,TEN,17980.0,17644.0
2022-12-29,0,TEN,19321.0,18953.0
2022-12-29,1,TEN,19653.0,19279.0
2022-12-29,2,TEN,19711.0,19345.0
2022-12-29,3,TEN,19460.0,19103.0
2022-12-29,4,TEN,19002.0,18613.0
2022-12-29,5,TEN,18331.0,17929.0
2022-12-29,6,TEN,17683.0,17520.0
2022-12-29,7,TEN,17284.0,17522.0
2022-12-29,8,TEN,16823.0,17144.0
2022-12-29,9,TEN,16807.0,17145.0
2022-12-29,10,TEN,16793.0,17223.0
2022-12-29,11,TEN,16980.0,17416.0
2022-12-29,12,TEN,17575.0,17986.0
2022-12-29,13,TEN,18372.0,18797.0
2022-12-29,14,TEN,18799.0,19209.0
2022-12-29,15,TEN,18593.0,19049.0
2022-12-29,16,TEN,17951.0,18096.0
2022-12-29,17,TEN,17488.0,17605.0
2022-12-29,18,TEN,17005.0,17183.0
2022-12-29,19,TEN,16600.0,16881.0
2022-12-29,20,TEN,16308.0,16538.0
2022-12-29,21,TEN,16141.0,16437.0
2022-12-29,22,TEN,16050.0,16344.0
2022-12-29,23,TEN,16497.0,16818.0
2022-12-30,0,TEN,17217.0,17454.0
2022-12-30,1,TEN,17229.0,17513.0
2022-12-30,2,TEN,17115.0,17353.0
2022-12-30,3,TEN,16770.0,17042.0
2022-12-30,4,TEN,16333.0,16550.0
2022-12-30,5,TEN,15648.0,15878.0
2022-12-30,6,TEN,15043.0,15078.0
2022-12-30,7,TEN,14783.0,14745.0
2022-12-30,8,TEN,14558.0,14520.0
2022-12-30,9,TEN,14556.0,14535.0
2022-12-30,10,TEN,14590.0,14485.0
2022-12-30,11,TEN,14945.0,14861.0
2022-12-30,12,TEN,15683.0,15678.0
2022-12-30,13,TEN,16344.0,16279.0
2022-12-30,14,TEN,16928.0,16906.0
2022-12-30,15,TEN,16809.0,16815.0
2022-12-30,16,TEN,16549.0,16533.0
2022-12-30,17,TEN,16338.0,16314.0
2022-12-30,18,TEN,16109.0,16074.0
2022-12-30,19,TEN,15937.0,15902.0
2022-12-30,20,TEN,15737.0,15720.0
2022-12-30,21,TEN,15527.0,15521.0
2022-12-30,22,TEN,15572.0,15534.0
2022-12-30,23,TEN,16233.0,16237.0
2022-12-31,0,TEN,16755.0,16820.0
2022-12-31,1,TEN,16563.0,16599.0
2022-12-31,2,TEN,16196.0,16198.0
2022-12-31,3,TEN,15903.0,15865.0
2022-12-31,4,TEN,15461.0,15340.0
2022-12-31,5,TEN,14734.0,14497.0
2022-12-31,6,TEN,14010.0,13745.0
2022-12-31,7,TEN,13568.0,13480.0
2022-12-31,8,TEN,13213.0,13135.0
2022-12-31,9,TEN,12983.0,12841.0
2022-12-31,10,TEN,12897.0,12819.0
2022-12-31,11,TEN,13044.0,12958.0
2022-12-31,12,TEN,13191.0,13264.0
2022-12-31,13,TEN,13704.0,13815.0
2022-12-31,14,TEN,14154.0,14334.0
2022-12-31,15,TEN,14765.0,14927.0
2022-12-31,16,TEN,15433.0,15435.0
2022-12-31,17,TEN,15765.0,15838.0
2022-12-31,18,TEN,15611.0,15675.0
2022-12-31,19,TEN,15485.0,15745.0
2022-12-31,20,TEN,15242.0,15468.0
2022-12-31,21,TEN,15112.0,15340.0
2022-12-31,22,TEN,15145.0,15509.0
2022-12-31,23,TEN,15497.0,15896.0
2023-01-01,0,TEN,16352.0,16628.0
2023-01-01,1,TEN,16144.0,16492.0
2023-01-01,2,TEN,15890.0,16279.0
2023-01-01,3,TEN,15600.0,15783.0
2023-01-01,4,TEN,15298.0,15317.0
2023-01-01,5,TEN,14858.0,14841.0
2023-01-01,6,TEN,14479.0,14327.0
2023-01-01,7,TEN,14018.0,13749.0
2023-01-01,8,TEN,13699.0,13450.0
2023-01-01,9,TEN,13479.0,13220.0
2023-01-01,10,TEN,13334.0,13069.0
2023-01-01,11,TEN,13395.0,13118.0
2023-01-01,12,TEN,13623.0,13383.0
2023-01-01,13,TEN,14008.0,13792.0
2023-01-01,14,TEN,14331.0,14122.0
2023-01-01,15,TEN,14777.0,14688.0
2023-01-01,16,TEN,14841.0,14998.0
2023-01-01,17,TEN,14720.0,14965.0
2023-01-01,18,TEN,14514.0,14747.0
2023-01-01,19,TEN,14393.0,14659.0
2023-01-01,20,TEN,14332.0,14630.0
2023-01-01,21,TEN,14203.0,14587.0
2023-01-01,22,TEN,14186.0,14568.0
2023-01-01,23,TEN,14563.0,14954.0
2023-01-02,0,TEN,15412.0,15826.0
2023-01-02,1,TEN,15413.0,15814.0
2023-01-02,2,TEN,15177.0,15595.0
2023-01-02,3,TEN,14969.0,15226.0
2023-01-02,4,TEN,14561.0,14535.0
2023-01-02,5,TEN,13968.0,13720.0
2023-01-02,6,TEN,13578.0,13321.0
2023-01-02,7,TEN,13171.0,12900.0
2023-01-02,8,TEN,12948.0,12699.0
2023-01-02,9,TEN,12795.0,12612.0
2023-01-02,10,TEN,12897.0,12655.0
2023-01-02,11,TEN,13150.0,12938.0
2023-01-02,12,TEN,13557.0,13465.0
2023-01-02,13,TEN,14220.0,14358.0
2023-01-02,14,TEN,14532.0,14808.0
2023-01-02,15,TEN,15057.0,15454.0
2023-01-02,16,TEN,15382.0,15736.0
2023-01-02,17,TEN,15660.0,16021.0
2023-01-02,18,TEN,15719.0,16074.0
2023-01-02,19,TEN,15556.0,15918.0
2023-01-02,20,TEN,15521.0,15942.0
2023-01-02,21,TEN,15458.0,15954.0
2023-01-02,22,TEN,15562.0,16074.0
2023-01-02,23,TEN,16009.0,16511.0
2023-01-03,0,TEN,16831.0,17303.0
2023-01-03,1,TEN,16758.0,17177.0
2023-01-03,2,TEN,16508.0,16958.0
2023-01-03,3,TEN,15857.0,16326.0
2023-01-03,4,TEN,15258.0,15315.0
2023-01-03,5,TEN,14577.0,14426.0
2023-01-03,6,TEN,13780.0,13480.0
2023-01-03,7,TEN,13233.0,12964.0
2023-01-03,8,TEN,12893.0,12654.0
2023-01-03,9,TEN,12731.0,12448.0
2023-01-03,10,TEN,12787.0,12615.0
2023-01-03,11,TEN,13109.0,13255.0
2023-01-03,12,TEN,13999.0,14343.0
2023-01-03,13,TEN,15113.0,15452.0
2023-01-03,14,TEN,15570.0,15921.0
2023-01-03,15,TEN,15909.0,16293.0
2023-01-03,16,TEN,16122.0,16485.0
2023-01-03,17,TEN,16369.0,16745.0
2023-01-03,18,TEN,16497.0,16861.0
2023-01-03,19,TEN,16479.0,16868.0
2023-01-03,20,TEN,16542.0,17014.0
2023-01-03,21,TEN,16364.0,16795.0
2023-01-03,22,TEN,16291.0,16900.0
2023-01-03,23,TEN,16601.0,17090.0
2023-01-04,0,TEN,17385.0,18134.0
2023-01-04,1,TEN,17349.0,18036.0
2023-01-04,2,TEN,17058.0,17916.0
2023-01-04,3,TEN,16591.0,17345.0
2023-01-04,4,TEN,15787.0,16119.0
2023-01-04,5,TEN,15005.0,14983.0
2023-01-04,6,TEN,14169.0,13882.0
2023-01-04,7,TEN,13686.0,13211.0
2023-01-04,8,TEN,13295.0,12851.0
2023-01-04,9,TEN,13034.0,12598.0
2023-01-04,10,TEN,13222.0,12843.0
2023-01-04,11,TEN,13541.0,13289.0
2023-01-04,12,TEN,14396.0,14449.0
2023-01-04,13,TEN,15613.0,15860.0
2023-01-04,14,TEN,16123.0,16346.0
2023-01-04,15,TEN,16334.0,16579.0
2023-01-04,16,TEN,16332.0,16583.0
2023-01-04,17,TEN,16325.0,16593.0
2023-01-04,18,TEN,16195.0,16398.0
2023-01-04,19,TEN,16119.0,16343.0
2023-01-04,20,TEN,16021.0,16244.0
2023-01-04,21,TEN,16090.0,16324.0
2023-01-04,22,TEN,16046.0,16363.0
2023-01-04,23,TEN,16429.0,16720.0
2023-01-05,0,TEN,17449.0,17696.0
2023-01-05,1,TEN,17780.0,17976.0
2023-01-05,2,TEN,17763.0,18008.0
2023-01-05,3,TEN,17561.0,17752.0
2023-01-05,4,TEN,16952.0,16990.0
2023-01-05,5,TEN,16399.0,16036.0
2023-01-05,6,TEN,15922.0,15591.0
2023-01-05,7,TEN,15675.0,15492.0
2023-01-05,8,TEN,15611.0,15397.0
2023-01-05,9,TEN,15813.0,15610.0
2023-01-05,10,TEN,16236.0,15994.0
2023-01-05,11,TEN,17100.0,16991.0
2023-01-05,12,TEN,18523.0,18438.0
2023-01-05,13,TEN,20245.0,20308.0
2023-01-05,14,TEN,20411.0,20602.0
2023-01-05,15,TEN,19655.0,19780.0
2023-01-05,16,TEN,18820.0,18987.0
2023-01-05,17,TEN,18187.0,18283.0
2023-01-05,18,TEN,17859.0,17930.0
2023-01-05,19,TEN,17453.0,17554.0
2023-01-05,20,TEN,17290.0,17403.0
2023-01-05,21,TEN,17145.0,17301.0
2023-01-05,22,TEN,17152.0,17374.0
2023-01-05,23,TEN,17892.0,18106.0
2023-01-06,0,TEN,19190.0,19343.0
2023-01-06,1,TEN,19675.0,19772.0
2023-01-06,2,TEN,19701.0,19860.0
2023-01-06,3,TEN,19335.0,19430.0
2023-01-06,4,TEN,18842.0,18730.0
2023-01-06,5,TEN,17962.0,17737.0
2023-01-06,6,TEN,17551.0,17297.0
2023-01-06,7,TEN,17441.0,16728.0
2023-01-06,8,TEN,17390.0,16700.0
2023-01-06,9,TEN,17681.0,16974.0
2023-01-06,10,TEN,18160.0,17418.0
2023-01-06,11,TEN,19050.0,18433.0
2023-01-06,12,TEN,20584.0,19742.0
2023-01-06,13,TEN,22125.0,21248.0
2023-01-06,14,TEN,22539.0,21583.0
2023-01-06,15,TEN,21555.0,20584.0
2023-01-06,16,TEN,20104.0,19154.0
2023-01-06,17,TEN,19291.0,18303.0
2023-01-06,18,TEN,18685.0,18043.0
2023-01-06,19,TEN,18008.0,17503.0
2023-01-06,20,TEN,17568.0,17079.0
2023-01-06,21,TEN,17342.0,16928.0
2023-01-06,22,TEN,17341.0,17041.0
2023-01-06,23,TEN,17825.0,17531.0
2023-01-07,0,TEN,19103.0,18803.0
2023-01-07,1,TEN,19427.0,19306.0
2023-01-07,2,TEN,19635.0,19506.0
2023-01-07,3,TEN,19413.0,19265.0
2023-01-07,4,TEN,19150.0,18805.0
2023-01-07,5,TEN,18760.0,18062.0
2023-01-07,6,TEN,18276.0,17701.0
2023-01-07,7,TEN,17981.0,18046.0
2023-01-07,8,TEN,17773.0,17769.0
2023-01-07,9,TEN,17487.0,17592.0
2023-01-07,10,TEN,17423.0,17622.0
2023-01-07,11,TEN,17579.0,17819.0
2023-01-07,12,TEN,17696.0,18201.0
2023-01-07,13,TEN,18226.0,19004.0
2023-01-07,14,TEN,18693.0,19399.0
2023-01-07,15,TEN,19077.0,19645.0
2023-01-07,16,TEN,19212.0,19589.0
2023-01-07,17,TEN,19143.0,19402.0
2023-01-07,18,TEN,18789.0,19045.0
2023-01-07,19,TEN,18314.0,18536.0
2023-01-07,20,TEN,17987.0,18225.0
2023-01-07,21,TEN,17745.0,18041.0
2023-01-07,22,TEN,17950.0,18276.0
2023-01-07,23,TEN,18222.0,18693.0
2023-01-08,0,TEN,18707.0,19041.0
2023-01-08,1,TEN,18587.0,18912.0
2023-01-08,2,TEN,18365.0,18749.0
2023-01-08,3,TEN,17958.0,18388.0
2023-01-08,4,TEN,17250.0,17564.0
2023-01-08,5,TEN,16715.0,16825.0
2023-01-08,6,TEN,16008.0,16215.0
2023-01-08,7,TEN,15476.0,15585.0
2023-01-08,8,TEN,15248.0,15294.0
2023-01-08,9,TEN,14994.0,15091.0
2023-01-08,10,TEN,14898.0,15090.0
2023-01-08,11,TEN,15000.0,15213.0
2023-01-08,12,TEN,15412.0,15568.0
2023-01-08,13,TEN,15869.0,16089.0
2023-01-08,14,TEN,16448.0,16731.0
2023-01-08,15,TEN,17152.0,17495.0
2023-01-08,16,TEN,17374.0,17654.0
2023-01-08,17,TEN,17538.0,17807.0
2023-01-08,18,TEN,17570.0,17847.0
2023-01-08,19,TEN,17550.0,17823.0
2023-01-08,20,TEN,17452.0,17859.0
2023-01-08,21,TEN,17431.0,17857.0
2023-01-08,22,TEN,17528.0,17992.0
2023-01-08,23,TEN,17934.0,18374.0
2023-01-09,0,TEN,18652.0,19103.0
2023-01-09,1,TEN,18802.0,19218.0
2023-01-09,2,TEN,18751.0,19130.0
2023-01-09,3,TEN,18608.0,18935.0
2023-01-09,4,TEN,18104.0,18283.0
2023-01-09,5,TEN,17476.0,17664.0
2023-01-09,6,TEN,17000.0,17167.0
2023-01-09,7,TEN,16880.0,16945.0
2023-01-09,8,TEN,16891.0,16907.0
2023-01-09,9,TEN,17121.0,17104.0
2023-01-09,10,TEN,17562.0,17665.0
2023-01-09,11,TEN,18417.0,18714.0
2023-01-09,12,TEN,20132.0,20560.0
2023-01-09,13,TEN,21806.0,22149.0
2023-01-09,14,TEN,22429.0,22710.0
2023-01-09,15,TEN,21701.0,22096.0
2023-01-09,16,TEN,20879.0,21339.0
2023-01-09,17,TEN,20076.0,20471.0
2023-01-09,18,TEN,19380.0,19788.0
2023-01-09,19,TEN,18702.0,19008.0
2023-01-09,20,TEN,18327.0,18681.0
2023-01-09,21,TEN,18087.0,18405.0
2023-01-09,22,TEN,18004.0,18447.0
2023-01-09,23,TEN,18795.0,19208.0
2023-01-10,0,TEN,20303.0,20732.0
2023-01-10,1,TEN,20992.0,21469.0
2023-01-10,2,TEN,21186.0,21679.0
2023-01-10,3,TEN,21111.0,21613.0
2023-01-10,4,TEN,20872.0,21259.0
2023-01-10,5,TEN,20274.0,20563.0
2023-01-10,6,TEN,19805.0,19978.0
2023-01-10,7,TEN,19695.0,19816.0
2023-01-10,8,TEN,19758.0,19732.0
2023-01-10,9,TEN,20052.0,20034.0
2023-01-10,10,TEN,20412.0,20514.0
2023-01-10,11,TEN,21237.0,21474.0
2023-01-10,12,TEN,22674.0,22541.0
2023-01-10,13,TEN,24054.0,23645.0
2023-01-10,14,TEN,24057.0,23677.0
2023-01-10,15,TEN,23164.0,23184.0
2023-01-10,16,TEN,21650.0,21736.0
2023-01-10,17,TEN,20332.0,20539.0
2023-01-10,18,TEN,19316.0,19709.0
2023-01-10,19,TEN,18586.0,18991.0
2023-01-10,20,TEN,17769.0,18249.0
2023-01-10,21,TEN,17364.0,17906.0
2023-01-10,22,TEN,17101.0,17736.0
2023-01-10,23,TEN,17861.0,18561.0
2023-01-11,0,TEN,19104.0,19823.0
2023-01-11,1,TEN,19494.0,20266.0
2023-01-11,2,TEN,19364.0,20117.0
2023-01-11,3,TEN,19206.0,19905.0
2023-01-11,4,TEN,18576.0,19235.0
2023-01-11,5,TEN,17902.0,18279.0
2023-01-11,6,TEN,17161.0,17561.0
2023-01-11,7,TEN,16776.0,17196.0
2023-01-11,8,TEN,16611.0,17061.0
2023-01-11,9,TEN,16447.0,16921.0
2023-01-11,10,TEN,16465.0,16981.0
2023-01-11,11,TEN,16844.0,17353.0
2023-01-11,12,TEN,17707.0,18232.0
2023-01-11,13,TEN,18651.0,19201.0
2023-01-11,14,TEN,18731.0,19201.0
2023-01-11,15,TEN,18529.0,19029.0
2023-01-11,16,TEN,18171.0,18610.0
2023-01-11,17,TEN,17827.0,18354.0
2023-01-11,18,TEN,17499.0,17995.0
2023-01-11,19,TEN,17396.0,17762.0
2023-01-11,20,TEN,17188.0,17598.0
2023-01-11,21,TEN,16816.0,17249.0
2023-01-11,22,TEN,16787.0,17466.0
2023-01-11,23,TEN,17126.0,17757.0
2023-01-12,0,TEN,17983.0,18596.0
2023-01-12,1,TEN,18199.0,18825.0
2023-01-12,2,TEN,17972.0,18623.0
2023-01-12,3,TEN,17576.0,18090.0
2023-01-12,4,TEN,16830.0,17134.0
2023-01-12,5,TEN,15947.0,16289.0
2023-01-12,6,TEN,15119.0,15361.0
2023-01-12,7,TEN,14623.0,14918.0
2023-01-12,8,TEN,14290.0,14526.0
2023-01-12,9,TEN,14131.0,14384.0
2023-01-12,10,TEN,14112.0,14393.0
2023-01-12,11,TEN,14418.0,14705.0
2023-01-12,12,TEN,15502.0,15894.0
2023-01-12,13,TEN,16612.0,17083.0
2023-01-12,14,TEN,16761.0,17188.0
2023-01-12,15,TEN,16724.0,17163.0
2023-01-12,16,TEN,16715.0,17197.0
2023-01-12,17,TEN,16928.0,17409.0
2023-01-12,18,TEN,16823.0,17319.0
2023-01-12,19,TEN,16759.0,17188.0
2023-01-12,20,TEN,16703.0,17181.0
2023-01-12,21,TEN,16692.0,17165.0
2023-01-12,22,TEN,16988.0,17502.0
2023-01-12,23,TEN,17598.0,18148.0
2023-01-13,0,TEN,18340.0,18942.0
2023-01-13,1,TEN,18601.0,19140.0
2023-01-13,2,TEN,18616.0,19112.0
2023-01-13,3,TEN,18511.0,18931.0
2023-01-13,4,TEN,18175.0,18598.0
2023-01-13,5,TEN,17511.0,17929.0
2023-01-13,6,TEN,17084.0,17324.0
2023-01-13,7,TEN,17023.0,16929.0
2023-01-13,8,TEN,16967.0,16933.0
2023-01-13,9,TEN,16998.0,17001.0
2023-01-13,10,TEN,17422.0,17379.0
2023-01-13,11,TEN,18127.0,18107.0
2023-01-13,12,TEN,19658.0,19577.0
2023-01-13,13,TEN,21285.0,20873.0
2023-01-13,14,TEN,21967.0,21599.0
2023-01-13,15,TEN,22236.0,21890.0
2023-01-13,16,TEN,22352.0,22021.0
2023-01-13,17,TEN,22498.0,22129.0
2023-01-13,18,TEN,22541.0,22215.0
2023-01-13,19,TEN,22480.0,22085.0
2023-01-13,20,TEN,22434.0,22076.0
2023-01-13,21,TEN,22387.0,21792.0
2023-01-13,22,TEN,22534.0,22006.0
2023-01-13,23,TEN,23218.0,22505.0
2023-01-14,0,TEN,23888.0,23335.0
2023-01-14,1,TEN,23250.0,22763.0
2023-01-14,2,TEN,23342.0,22785.0
2023-01-14,3,TEN,23132.0,22622.0
2023-01-14,4,TEN,22587.0,22057.0
2023-01-14,5,TEN,21821.0,21333.0
2023-01-14,6,TEN,21119.0,20411.0
2023-01-14,7,TEN,20774.0,19817.0
2023-01-14,8,TEN,20573.0,19588.0
2023-01-14,9,TEN,20579.0,19497.0
2023-01-14,10,TEN,20583.0,19527.0
2023-01-14,11,TEN,20819.0,19931.0
2023-01-14,12,TEN,21233.0,20332.0
2023-01-14,13,TEN,21864.0,21049.0
2023-01-14,14,TEN,22433.0,21604.0
2023-01-14,15,TEN,22910.0,22077.0
2023-01-14,16,TEN,22866.0,22002.0
2023-01-14,17,TEN,22565.0,21644.0
2023-01-14,18,TEN,21853.0,20912.0
2023-01-14,19,TEN,21075.0,20108.0
2023-01-14,20,TEN,20434.0,19489.0
2023-01-14,21,TEN,19830.0,18973.0
2023-01-14,22,TEN,19784.0,18918.0
2023-01-14,23,TEN,20451.0,19524.0
2023-01-15,0,TEN,21886.0,20953.0
2023-01-15,1,TEN,22432.0,21533.0
2023-01-15,2,TEN,22721.0,21837.0
2023-01-15,3,TEN,22895.0,21984.0
2023-01-15,4,TEN,22776.0,21862.0
2023-01-15,5,TEN,22471.0,21349.0
2023-01-15,6,TEN,22320.0,21221.0
2023-01-15,7,TEN,22169.0,21043.0
2023-01-15,8,TEN,22209.0,21116.0
2023-01-15,9,TEN,22441.0,21321.0
2023-01-15,10,TEN,22701.0,21610.0
2023-01-15,11,TEN,23070.0,22002.0
2023-01-15,12,TEN,23611.0,22671.0
2023-01-15,13,TEN,24320.0,23328.0
2023-01-15,14,TEN,24796.0,23751.0
2023-01-15,15,TEN,24076.0,23076.0
2023-01-15,16,TEN,22476.0,21594.0
2023-01-15,17,TEN,20977.0,20345.0
2023-01-15,18,TEN,19710.0,19199.0
2023-01-15,19,TEN,18703.0,18415.0
2023-01-15,20,TEN,17912.0,17626.0
2023-01-15,21,TEN,17379.0,17152.0
2023-01-15,22,TEN,17311.0,17155.0
2023-01-15,23,TEN,18092.0,18012.0
2023-01-16,0,TEN,19630.0,19422.0
2023-01-16,1,TEN,20059.0,19913.0
2023-01-16,2,TEN,20322.0,20180.0
2023-01-16,3,TEN,20445.0,20184.0
2023-01-16,4,TEN,20207.0,19933.0
2023-01-16,5,TEN,19695.0,19399.0
2023-01-16,6,TEN,19570.0,19387.0
2023-01-16,7,TEN,19394.0,19167.0
2023-01-16,8,TEN,19359.0,19133.0
2023-01-16,9,TEN,19336.0,19040.0
2023-01-16,10,TEN,19312.0,19097.0
2023-01-16,11,TEN,19797.0,19645.0
2023-01-16,12,TEN,20770.0,20540.0
2023-01-16,13,TEN,21611.0,21678.0
2023-01-16,14,TEN,21934.0,22157.0
2023-01-16,15,TEN,21544.0,21534.0
2023-01-16,16,TEN,20942.0,20838.0
2023-01-16,17,TEN,20496.0,20103.0
2023-01-16,18,TEN,19983.0,19519.0
2023-01-16,19,TEN,19521.0,19075.0
2023-01-16,20,TEN,19108.0,18586.0
2023-01-16,21,TEN,18885.0,18416.0
2023-01-16,22,TEN,18849.0,18457.0
2023-01-16,23,TEN,19193.0,18881.0
2023-01-17,0,TEN,19770.0,19425.0
2023-01-17,1,TEN,19810.0,19436.0
2023-01-17,2,TEN,19436.0,19076.0
2023-01-17,3,TEN,18746.0,18350.0
2023-01-17,4,TEN,17856.0,17476.0
2023-01-17,5,TEN,16931.0,16579.0
2023-01-17,6,TEN,16128.0,15769.0
2023-01-17,7,TEN,15636.0,15291.0
2023-01-17,8,TEN,15271.0,14923.0
2023-01-17,9,TEN,15207.0,14869.0
2023-01-17,10,TEN,15244.0,14914.0
2023-01-17,11,TEN,15762.0,15540.0
2023-01-17,12,TEN,16861.0,16945.0
2023-01-17,13,TEN,18027.0,18035.0
2023-01-17,14,TEN,18210.0,18070.0
2023-01-17,15,TEN,18173.0,18126.0
2023-01-17,16,TEN,17981.0,18052.0
2023-01-17,17,TEN,17814.0,17913.0
2023-01-17,18,TEN,17745.0,17722.0
2023-01-17,19,TEN,17400.0,17503.0
2023-01-17,20,TEN,17132.0,17158.0
2023-01-17,21,TEN,16860.0,16926.0
2023-01-17,22,TEN,16715.0,16972.0
2023-01-17,23,TEN,16841.0,17066.0
2023-01-18,0,TEN,17793.0,17740.0
2023-01-18,1,TEN,18129.0,18021.0
2023-01-18,2,TEN,17845.0,17827.0
2023-01-18,3,TEN,17495.0,17400.0
2023-01-18,4,TEN,16889.0,16793.0
2023-01-18,5,TEN,16081.0,15890.0
2023-01-18,6,TEN,15425.0,15203.0
2023-01-18,7,TEN,15020.0,15359.0
2023-01-18,8,TEN,14855.0,15177.0
2023-01-18,9,TEN,14810.0,15084.0
2023-01-18,10,TEN,14926.0,15261.0
2023-01-18,11,TEN,15428.0,15874.0
2023-01-18,12,TEN,16577.0,17137.0
2023-01-18,13,TEN,17854.0,18359.0
2023-01-18,14,TEN,18074.0,18558.0
2023-01-18,15,TEN,18057.0,18541.0
2023-01-18,16,TEN,17848.0,18373.0
2023-01-18,17,TEN,17667.0,18250.0
2023-01-18,18,TEN,17450.0,17984.0
2023-01-18,19,TEN,17266.0,17842.0
2023-01-18,20,TEN,16999.0,17561.0
2023-01-18,21,TEN,16830.0,17361.0
2023-01-18,22,TEN,16825.0,17405.0
2023-01-18,23,TEN,17175.0,17656.0
2023-01-19,0,TEN,17974.0,18486.0
2023-01-19,1,TEN,18005.0,18496.0
2023-01-19,2,TEN,17648.0,18214.0
2023-01-19,3,TEN,17177.0,17717.0
2023-01-19,4,TEN,16492.0,16979.0
2023-01-19,5,TEN,15474.0,15876.0
2023-01-19,6,TEN,14550.0,14881.0
2023-01-19,7,TEN,13979.0,14392.0
2023-01-19,8,TEN,13683.0,14024.0
2023-01-19,9,TEN,13574.0,13898.0
2023-01-19,10,TEN,13649.0,14029.0
2023-01-19,11,TEN,13946.0,14512.0
2023-01-19,12,TEN,15063.0,15562.0
2023-01-19,13,TEN,16363.0,16920.0
2023-01-19,14,TEN,16694.0,17263.0
2023-01-19,15,TEN,16687.0,17281.0
2023-01-19,16,TEN,16583.0,17251.0
2023-01-19,17,TEN,16715.0,17358.0
2023-01-19,18,TEN,16581.0,17202.0
2023-01-19,19,TEN,16432.0,17062.0
2023-01-19,20,TEN,16240.0,16805.0
2023-01-19,21,TEN,16164.0,16779.0
2023-01-19,22,TEN,16246.0,16838.0
2023-01-19,23,TEN,16677.0,17284.0
2023-01-20,0,TEN,17730.0,18315.0
2023-01-20,1,TEN,18159.0,18727.0
2023-01-20,2,TEN,18143.0,18694.0
2023-01-20,3,TEN,18047.0,18584.0
2023-01-20,4,TEN,17626.0,18084.0
2023-01-20,5,TEN,16948.0,17348.0
2023-01-20,6,TEN,16501.0,16883.0
2023-01-20,7,TEN,16277.0,16725.0
2023-01-20,8,TEN,16332.0,16770.0
2023-01-20,9,TEN,16428.0,16872.0
2023-01-20,10,TEN,16866.0,17381.0
2023-01-20,11,TEN,17609.0,18274.0
2023-01-20,12,TEN,19096.0,19717.0
2023-01-20,13,TEN,20730.0,21254.0
2023-01-20,14,TEN,21097.0,21707.0
2023-01-20,15,TEN,20767.0,21392.0
2023-01-20,16,TEN,19976.0,20590.0
2023-01-20,17,TEN,19391.0,20098.0
2023-01-20,18,TEN,18663.0,19312.0
2023-01-20,19,TEN,18101.0,18712.0
2023-01-20,20,TEN,17652.0,18217.0
2023-01-20,21,TEN,17211.0,17853.0
2023-01-20,22,TEN,17313.0,17918.0
2023-01-20,23,TEN,17981.0,18569.0
2023-01-21,0,TEN,19150.0,19706.0
2023-01-21,1,TEN,19712.0,20204.0
2023-01-21,2,TEN,19771.0,20258.0
2023-01-21,3,TEN,19750.0,20242.0
2023-01-21,4,TEN,19607.0,20106.0
2023-01-21,5,TEN,19260.0,19758.0
2023-01-21,6,TEN,18978.0,19416.0
2023-01-21,7,TEN,18834.0,19248.0
2023-01-21,8,TEN,18878.0,19343.0
2023-01-21,9,TEN,19289.0,19762.0
2023-01-21,10,TEN,19625.0,20097.0
2023-01-21,11,TEN,20272.0,20836.0
2023-01-21,12,TEN,21059.0,21637.0
2023-01-21,13,TEN,22014.0,22545.0
2023-01-21,14,TEN,22622.0,23148.0
2023-01-21,15,TEN,22268.0,22894.0
2023-01-21,16,TEN,21197.0,21949.0
2023-01-21,17,TEN,19979.0,20697.0
2023-01-21,18,TEN,18888.0,19756.0
2023-01-21,19,TEN,17903.0,18543.0
2023-01-21,20,TEN,17175.0,17866.0
2023-01-21,21,TEN,16880.0,17598.0
2023-01-21,22,TEN,17078.0,17633.0
2023-01-21,23,TEN,17584.0,18174.0
2023-01-22,0,TEN,18743.0,19379.0
2023-01-22,1,TEN,19058.0,19628.0
2023-01-22,2,TEN,19018.0,19641.0
2023-01-22,3,TEN,18748.0,19329.0
2023-01-22,4,TEN,18380.0,18833.0
2023-01-22,5,TEN,17747.0,18158.0
2023-01-22,6,TEN,17189.0,17469.0
2023-01-22,7,TEN,16750.0,17161.0
2023-01-22,8,TEN,16451.0,16934.0
2023-01-22,9,TEN,16326.0,16835.0
2023-01-22,10,TEN,16353.0,16811.0
2023-01-22,11,TEN,16469.0,16977.0
2023-01-22,12,TEN,16754.0,17211.0
2023-01-22,13,TEN,17327.0,17852.0
2023-01-22,14,TEN,17896.0,18401.0
2023-01-22,15,TEN,18421.0,18929.0
2023-01-22,16,TEN,18538.0,19003.0
2023-01-22,17,TEN,18492.0,18950.0
2023-01-22,18,TEN,18341.0,18810.0
2023-01-22,19,TEN,18370.0,18838.0
2023-01-22,20,TEN,18344.0,18787.0
2023-01-22,21,TEN,18296.0,18804.0
2023-01-22,22,TEN,18631.0,19356.0
2023-01-22,23,TEN,19016.0,19772.0
2023-01-23,0,TEN,19726.0,20306.0
2023-01-23,1,TEN,19758.0,20316.0
2023-01-23,2,TEN,19634.0,20182.0
2023-01-23,3,TEN,19190.0,19879.0
2023-01-23,4,TEN,18647.0,19277.0
2023-01-23,5,TEN,17881.0,18392.0
2023-01-23,6,TEN,17369.0,17728.0
2023-01-23,7,TEN,17212.0,17439.0
2023-01-23,8,TEN,17100.0,17348.0
2023-01-23,9,TEN,17252.0,17512.0
2023-01-23,10,TEN,17731.0,17997.0
2023-01-23,11,TEN,18524.0,18924.0
2023-01-23,12,TEN,20068.0,20558.0
2023-01-23,13,TEN,21612.0,21514.0
2023-01-23,14,TEN,22129.0,21861.0
2023-01-23,15,TEN,21840.0,21417.0
2023-01-23,16,TEN,21463.0,21430.0
2023-01-23,17,TEN,21201.0,21353.0
2023-01-23,18,TEN,20823.0,20972.0
2023-01-23,19,TEN,20423.0,20554.0
2023-01-23,20,TEN,19878.0,20047.0
2023-01-23,21,TEN,19302.0,19445.0
2023-01-23,22,TEN,19141.0,19322.0
2023-01-23,23,TEN,19730.0,20019.0
2023-01-24,0,TEN,21215.0,21337.0
2023-01-24,1,TEN,22046.0,22005.0
2023-01-24,2,TEN,22331.0,22452.0
2023-01-24,3,TEN,22323.0,22455.0
2023-01-24,4,TEN,21930.0,22105.0
2023-01-24,5,TEN,21441.0,21591.0
2023-01-24,6,TEN,21348.0,21430.0
2023-01-24,7,TEN,21454.0,21669.0
2023-01-24,8,TEN,21552.0,21700.0
2023-01-24,9,TEN,21874.0,21995.0
2023-01-24,10,TEN,22331.0,22290.0
2023-01-24,11,TEN,22951.0,22705.0
2023-01-24,12,TEN,24727.0,24248.0
2023-01-24,13,TEN,26224.0,25254.0
2023-01-24,14,TEN,26208.0,25447.0
2023-01-24,15,TEN,24812.0,24096.0
2023-01-24,16,TEN,22771.0,22116.0
2023-01-24,17,TEN,21245.0,20506.0
2023-01-24,18,TEN,20106.0,19696.0
2023-01-24,19,TEN,19283.0,19020.0
2023-01-24,20,TEN,18754.0,18601.0
2023-01-24,21,TEN,18440.0,18418.0
2023-01-24,22,TEN,18716.0,18893.0
2023-01-24,23,TEN,19542.0,19716.0
2023-01-25,0,TEN,20639.0,20911.0
2023-01-25,1,TEN,20924.0,21290.0
2023-01-25,2,TEN,20760.0,21202.0
2023-01-25,3,TEN,20349.0,20637.0
2023-01-25,4,TEN,19563.0,20004.0
2023-01-25,5,TEN,18657.0,19194.0
2023-01-25,6,TEN,18029.0,18549.0
2023-01-25,7,TEN,17658.0,18166.0
2023-01-25,8,TEN,17498.0,18038.0
2023-01-25,9,TEN,17318.0,17889.0
2023-01-25,10,TEN,17137.0,17722.0
2023-01-25,11,TEN,17368.0,18208.0
2023-01-25,12,TEN,18320.0,19163.0
2023-01-25,13,TEN,19398.0,20260.0
2023-01-25,14,TEN,19436.0,20253.0
2023-01-25,15,TEN,19344.0,20336.0
2023-01-25,16,TEN,19298.0,20142.0
2023-01-25,17,TEN,19312.0,20127.0
2023-01-25,18,TEN,19234.0,20016.0
2023-01-25,19,TEN,19221.0,20002.0
2023-01-25,20,TEN,18948.0,19743.0
2023-01-25,21,TEN,19201.0,19972.0
2023-01-25,22,TEN,19285.0,20220.0
2023-01-25,23,TEN,20071.0,20956.0
2023-01-26,0,TEN,21134.0,21922.0
2023-01-26,1,TEN,21580.0,22485.0
2023-01-26,2,TEN,21274.0,22118.0
2023-01-26,3,TEN,21117.0,21933.0
2023-01-26,4,TEN,20417.0,21172.0
2023-01-26,5,TEN,19512.0,19832.0
2023-01-26,6,TEN,18929.0,19180.0
2023-01-26,7,TEN,18592.0,18768.0
2023-01-26,8,TEN,18437.0,18680.0
2023-01-26,9,TEN,18504.0,18710.0
2023-01-26,10,TEN,18728.0,18715.0
2023-01-26,11,TEN,19409.0,19387.0
2023-01-26,12,TEN,20857.0,20815.0
2023-01-26,13,TEN,22254.0,22113.0
2023-01-26,14,TEN,22696.0,22435.0
2023-01-26,15,TEN,22650.0,22423.0
2023-01-26,16,TEN,22604.0,22130.0
2023-01-26,17,TEN,22514.0,22233.0
2023-01-26,18,TEN,22321.0,22069.0
2023-01-26,19,TEN,22019.0,21750.0
2023-01-26,20,TEN,21710.0,21598.0
2023-01-26,21,TEN,21466.0,21212.0
2023-01-26,22,TEN,21500.0,21355.0
2023-01-26,23,TEN,21986.0,21940.0
2023-01-27,0,TEN,23028.0,23004.0
2023-01-27,1,TEN,23372.0,23265.0
2023-01-27,2,TEN,23313.0,23178.0
2023-01-27,3,TEN,23130.0,22924.0
2023-01-27,4,TEN,22499.0,22280.0
2023-01-27,5,TEN,21771.0,21457.0
2023-01-27,6,TEN,21446.0,21065.0
2023-01-27,7,TEN,21307.0,20750.0
2023-01-27,8,TEN,21439.0,20673.0
2023-01-27,9,TEN,21670.0,20848.0
2023-01-27,10,TEN,22119.0,21255.0
2023-01-27,11,TEN,22988.0,22060.0
2023-01-27,12,TEN,24305.0,23413.0
2023-01-27,13,TEN,25644.0,24727.0
2023-01-27,14,TEN,25664.0,24635.0
2023-01-27,15,TEN,24411.0,23630.0
2023-01-27,16,TEN,22746.0,22095.0
2023-01-27,17,TEN,21639.0,21465.0
2023-01-27,18,TEN,20488.0,20329.0
2023-01-27,19,TEN,19622.0,19915.0
2023-01-27,20,TEN,18953.0,19192.0
2023-01-27,21,TEN,18293.0,18571.0
2023-01-27,22,TEN,18131.0,18528.0
2023-01-27,23,TEN,18703.0,19296.0
2023-01-28,0,TEN,19720.0,20310.0
2023-01-28,1,TEN,20247.0,20772.0
2023-01-28,2,TEN,20288.0,20894.0
2023-01-28,3,TEN,20230.0,20798.0
2023-01-28,4,TEN,19844.0,20410.0
2023-01-28,5,TEN,19367.0,19819.0
2023-01-28,6,TEN,18814.0,19266.0
2023-01-28,7,TEN,18673.0,19347.0
2023-01-28,8,TEN,18721.0,19376.0
2023-01-28,9,TEN,18874.0,19484.0
2023-01-28,10,TEN,19041.0,19710.0
2023-01-28,11,TEN,19409.0,20181.0
2023-01-28,12,TEN,20205.0,21052.0
2023-01-28,13,TEN,21057.0,22041.0
2023-01-28,14,TEN,21501.0,22473.0
2023-01-28,15,TEN,20993.0,21734.0
2023-01-28,16,TEN,19925.0,20407.0
2023-01-28,17,TEN,18824.0,19304.0
2023-01-28,18,TEN,18106.0,18533.0
2023-01-28,19,TEN,17408.0,17886.0
2023-01-28,20,TEN,16895.0,17427.0
2023-01-28,21,TEN,16557.0,17138.0
2023-01-28,22,TEN,16613.0,17213.0
2023-01-28,23,TEN,17078.0,17702.0
2023-01-29,0,TEN,18034.0,18640.0
2023-01-29,1,TEN,18269.0,18894.0
2023-01-29,2,TEN,18053.0,18625.0
2023-01-29,3,TEN,17762.0,18259.0
2023-01-29,4,TEN,17430.0,17914.0
2023-01-29,5,TEN,16942.0,17325.0
2023-01-29,6,TEN,16261.0,16562.0
2023-01-29,7,TEN,15707.0,16022.0
2023-01-29,8,TEN,15451.0,15717.0
2023-01-29,9,TEN,15598.0,15863.0
2023-01-29,10,TEN,15569.0,16079.0
2023-01-29,11,TEN,15811.0,16433.0
2023-01-29,12,TEN,16135.0,16774.0
2023-01-29,13,TEN,16720.0,17277.0
2023-01-29,14,TEN,17614.0,18173.0
2023-01-29,15,TEN,18190.0,18741.0
2023-01-29,16,TEN,18385.0,18922.0
2023-01-29,17,TEN,18374.0,18893.0
2023-01-29,18,TEN,18442.0,18964.0
2023-01-29,19,TEN,18380.0,18915.0
2023-01-29,20,TEN,18240.0,18764.0
2023-01-29,21,TEN,18065.0,18582.0
2023-01-29,22,TEN,18043.0,18608.0
2023-01-29,23,TEN,18533.0,19162.0
2023-01-30,0,TEN,19097.0,19789.0
2023-01-30,1,TEN,19138.0,19801.0
2023-01-30,2,TEN,18883.0,19559.0
2023-01-30,3,TEN,18326.0,18979.0
2023-01-30,4,TEN,17668.0,18305.0
2023-01-30,5,TEN,16738.0,17144.0
2023-01-30,6,TEN,15931.0,16297.0
2023-01-30,7,TEN,15475.0,15912.0
2023-01-30,8,TEN,15307.0,15734.0
2023-01-30,9,TEN,15326.0,15801.0
2023-01-30,10,TEN,15575.0,16100.0
2023-01-30,11,TEN,16180.0,16723.0
2023-01-30,12,TEN,17348.0,17842.0
2023-01-30,13,TEN,18744.0,18816.0
2023-01-30,14,TEN,19201.0,19295.0
2023-01-30,15,TEN,19190.0,19326.0
2023-01-30,16,TEN,19154.0,19335.0
2023-01-30,17,TEN,19157.0,19734.0
2023-01-30,18,TEN,18969.0,19532.0
2023-01-30,19,TEN,18829.0,19397.0
2023-01-30,20,TEN,18699.0,19274.0
2023-01-30,21,TEN,18439.0,18970.0
2023-01-30,22,TEN,18625.0,19168.0
2023-01-30,23,TEN,19133.0,19724.0
2023-01-31,0,TEN,20260.0,20729.0
2023-01-31,1,TEN,20218.0,20765.0
2023-01-31,2,TEN,20132.0,20706.0
2023-01-31,3,TEN,19774.0,20326.0
2023-01-31,4,TEN,19093.0,19610.0
2023-01-31,5,TEN,18189.0,18671.0
2023-01-31,6,TEN,17662.0,17899.0
2023-01-31,7,TEN,17241.0,16921.0
2023-01-31,8,TEN,16979.0,16623.0
2023-01-31,9,TEN,17252.0,16922.0
2023-01-31,10,TEN,17547.0,17336.0
2023-01-31,11,TEN,18226.0,18061.0
2023-01-31,12,TEN,19453.0,19057.0
2023-01-31,13,TEN,20784.0,20089.0
2023-01-31,14,TEN,21304.0,20682.0
2023-01-31,15,TEN,21599.0,20648.0
2023-01-31,16,TEN,21751.0,20767.0
2023-01-31,17,TEN,21877.0,20998.0
2023-01-31,18,TEN,21881.0,21232.0
2023-01-31,19,TEN,21839.0,21287.0
2023-01-31,20,TEN,21828.0,21348.0
2023-01-31,21,TEN,21724.0,21261.0
2023-01-31,22,TEN,21887.0,21492.0
2023-01-31,23,TEN,22355.0,21928.0
2023-02-01,0,TEN,23134.0,22627.0
2023-02-01,1,TEN,23220.0,22697.0
2023-02-01,2,TEN,22837.0,22422.0
2023-02-01,3,TEN,22249.0,21831.0
2023-02-01,4,TEN,21589.0,21048.0
2023-02-01,5,TEN,20798.0,20193.0
2023-02-01,6,TEN,20269.0,19777.0
2023-02-01,7,TEN,20056.0,20047.0
2023-02-01,8,TEN,19816.0,19512.0
2023-02-01,9,TEN,19888.0,19584.0
2023-02-01,10,TEN,20257.0,19867.0
2023-02-01,11,TEN,20718.0,20249.0
2023-02-01,12,TEN,21912.0,21040.0
2023-02-01,13,TEN,23025.0,22365.0
2023-02-01,14,TEN,23524.0,22858.0
2023-02-01,15,TEN,23722.0,22992.0
2023-02-01,16,TEN,23586.0,22911.0
2023-02-01,17,TEN,23664.0,22904.0
2023-02-01,18,TEN,23493.0,22740.0
2023-02-01,19,TEN,23119.0,22027.0
2023-02-01,20,TEN,22958.0,21829.0
2023-02-01,21,TEN,22801.0,21726.0
2023-02-01,22,TEN,22937.0,21929.0
2023-02-01,23,TEN,23315.0,22356.0
2023-02-02,0,TEN,24085.0,23055.0
2023-02-02,1,TEN,24013.0,23208.0
2023-02-02,2,TEN,23712.0,23083.0
2023-02-02,3,TEN,23053.0,22496.0
2023-02-02,4,TEN,22204.0,21850.0
2023-02-02,5,TEN,21377.0,20776.0
2023-02-02,6,TEN,20695.0,20034.0
2023-02-02,7,TEN,20290.0,19729.0
2023-02-02,8,TEN,20092.0,19403.0
2023-02-02,9,TEN,19961.0,19309.0
2023-02-02,10,TEN,20102.0,19511.0
2023-02-02,11,TEN,20539.0,20086.0
2023-02-02,12,TEN,21700.0,21333.0
2023-02-02,13,TEN,22754.0,22371.0
2023-02-02,14,TEN,23071.0,22773.0
2023-02-02,15,TEN,23062.0,22763.0
2023-02-02,16,TEN,23024.0,22690.0
2023-02-02,17,TEN,23048.0,22637.0
2023-02-02,18,TEN,22825.0,21803.0
2023-02-02,19,TEN,22536.0,21526.0
2023-02-02,20,TEN,22403.0,21697.0
2023-02-02,21,TEN,22263.0,21914.0
2023-02-02,22,TEN,22288.0,21905.0
2023-02-02,23,TEN,22616.0,21961.0
2023-02-03,0,TEN,23241.0,22508.0
2023-02-03,1,TEN,23383.0,22624.0
2023-02-03,2,TEN,23150.0,22615.0
2023-02-03,3,TEN,22738.0,22681.0
2023-02-03,4,TEN,22081.0,22000.0
2023-02-03,5,TEN,21277.0,20979.0
2023-02-03,6,TEN,20772.0,20414.0
2023-02-03,7,TEN,20601.0,20497.0
2023-02-03,8,TEN,20711.0,20439.0
2023-02-03,9,TEN,20794.0,20501.0
2023-02-03,10,TEN,21264.0,20898.0
2023-02-03,11,TEN,22068.0,21657.0
2023-02-03,12,TEN,23639.0,23289.0
2023-02-03,13,TEN,25083.0,24496.0
2023-02-03,14,TEN,25358.0,24812.0
2023-02-03,15,TEN,24711.0,24352.0
2023-02-03,16,TEN,23800.0,23446.0
2023-02-03,17,TEN,22974.0,22560.0
2023-02-03,18,TEN,22220.0,21797.0
2023-02-03,19,TEN,21465.0,21217.0
2023-02-03,20,TEN,20812.0,20503.0
2023-02-03,21,TEN,20333.0,20177.0
2023-02-03,22,TEN,20353.0,20241.0
2023-02-03,23,TEN,21005.0,21030.0
2023-02-04,0,TEN,22678.0,22490.0
2023-02-04,1,TEN,23500.0,23411.0
2023-02-04,2,TEN,23783.0,23609.0
2023-02-04,3,TEN,23817.0,23626.0
2023-02-04,4,TEN,23752.0,23434.0
2023-02-04,5,TEN,23320.0,22878.0
2023-02-04,6,TEN,23086.0,22740.0
2023-02-04,7,TEN,23145.0,22561.0
2023-02-04,8,TEN,23258.0,22699.0
2023-02-04,9,TEN,23482.0,22860.0
2023-02-04,10,TEN,23799.0,23261.0
2023-02-04,11,TEN,24320.0,23774.0
2023-02-04,12,TEN,24971.0,24514.0
2023-02-04,13,TEN,25784.0,25323.0
2023-02-04,14,TEN,25899.0,25333.0
2023-02-04,15,TEN,24711.0,24184.0
2023-02-04,16,TEN,22958.0,22651.0
2023-02-04,17,TEN,21650.0,21723.0
2023-02-04,18,TEN,20398.0,21142.0
2023-02-04,19,TEN,19498.0,20245.0
2023-02-04,20,TEN,18802.0,19643.0
2023-02-04,21,TEN,18434.0,19413.0
2023-02-04,22,TEN,18544.0,19589.0
2023-02-04,23,TEN,18953.0,20056.0
2023-02-05,0,TEN,19907.0,20841.0
2023-02-05,1,TEN,20233.0,21065.0
2023-02-05,2,TEN,20419.0,21124.0
2023-02-05,3,TEN,20326.0,20937.0
2023-02-05,4,TEN,19919.0,20499.0
2023-02-05,5,TEN,19376.0,20256.0
2023-02-05,6,TEN,19045.0,19904.0
2023-02-05,7,TEN,18631.0,19478.0
2023-02-05,8,TEN,18446.0,19245.0
2023-02-05,9,TEN,18472.0,19315.0
2023-02-05,10,TEN,18598.0,19469.0
2023-02-05,11,TEN,18920.0,19856.0
2023-02-05,12,TEN,19478.0,20399.0
2023-02-05,13,TEN,20112.0,21190.0
2023-02-05,14,TEN,20663.0,21505.0
2023-02-05,15,TEN,20383.0,21200.0
2023-02-05,16,TEN,19401.0,20306.0
2023-02-05,17,TEN,18619.0,19506.0
2023-02-05,18,TEN,17909.0,18787.0
2023-02-05,19,TEN,17447.0,18256.0
2023-02-05,20,TEN,16793.0,17646.0
2023-02-05,21,TEN,16407.0,17300.0
2023-02-05,22,TEN,16311.0,17265.0
2023-02-05,23,TEN,16662.0,17752.0
2023-02-06,0,TEN,17750.0,18746.0
2023-02-06,1,TEN,18577.0,19814.0
2023-02-06,2,TEN,18684.0,19917.0
2023-02-06,3,TEN,18689.0,19726.0
2023-02-06,4,TEN,18094.0,19082.0
2023-02-06,5,TEN,17611.0,18282.0
2023-02-06,6,TEN,17179.0,17821.0
2023-02-06,7,TEN,17083.0,17713.0
2023-02-06,8,TEN,17219.0,17834.0
2023-02-06,9,TEN,17585.0,18198.0
2023-02-06,10,TEN,18231.0,18866.0
2023-02-06,11,TEN,19195.0,19879.0
2023-02-06,12,TEN,21040.0,21825.0
2023-02-06,13,TEN,22793.0,23442.0
2023-02-06,14,TEN,22984.0,23588.0
2023-02-06,15,TEN,21491.0,22128.0
2023-02-06,16,TEN,19770.0,20465.0
2023-02-06,17,TEN,18783.0,19440.0
2023-02-06,18,TEN,18032.0,18680.0
2023-02-06,19,TEN,17474.0,18138.0
2023-02-06,20,TEN,16959.0,17542.0
2023-02-06,21,TEN,16641.0,17269.0
2023-02-06,22,TEN,16393.0,17101.0
2023-02-06,23,TEN,16708.0,17422.0
2023-02-07,0,TEN,17870.0,18655.0
2023-02-07,1,TEN,18687.0,19327.0
2023-02-07,2,TEN,18675.0,19330.0
2023-02-07,3,TEN,18527.0,19125.0
2023-02-07,4,TEN,18061.0,18681.0
2023-02-07,5,TEN,17411.0,17980.0
2023-02-07,6,TEN,16835.0,17398.0
2023-02-07,7,TEN,16521.0,17071.0
2023-02-07,8,TEN,16527.0,16948.0
2023-02-07,9,TEN,16566.0,17000.0
2023-02-07,10,TEN,16776.0,17315.0
2023-02-07,11,TEN,17432.0,18062.0
2023-02-07,12,TEN,18894.0,19601.0
2023-02-07,13,TEN,20195.0,20868.0
2023-02-07,14,TEN,20256.0,20872.0
2023-02-07,15,TEN,19437.0,20054.0
2023-02-07,16,TEN,18337.0,18701.0
2023-02-07,17,TEN,17639.0,18141.0
2023-02-07,18,TEN,17091.0,17543.0
2023-02-07,19,TEN,16738.0,17115.0
2023-02-07,20,TEN,16518.0,16993.0
2023-02-07,21,TEN,16300.0,16728.0
2023-02-07,22,TEN,16232.0,16657.0
2023-02-07,23,TEN,16398.0,17031.0
2023-02-08,0,TEN,17259.0,17895.0
2023-02-08,1,TEN,17747.0,18340.0
2023-02-08,2,TEN,17508.0,18118.0
2023-02-08,3,TEN,17294.0,17805.0
2023-02-08,4,TEN,16675.0,17113.0
2023-02-08,5,TEN,15791.0,16293.0
2023-02-08,6,TEN,15056.0,15571.0
2023-02-08,7,TEN,14721.0,15325.0
2023-02-08,8,TEN,14367.0,15010.0
2023-02-08,9,TEN,14388.0,14975.0
2023-02-08,10,TEN,14507.0,15109.0
2023-02-08,11,TEN,14950.0,15484.0
2023-02-08,12,TEN,15992.0,16774.0
2023-02-08,13,TEN,17241.0,17891.0
2023-02-08,14,TEN,17512.0,17999.0
2023-02-08,15,TEN,17529.0,18052.0
2023-02-08,16,TEN,17415.0,17926.0
2023-02-08,17,TEN,17422.0,17906.0
2023-02-08,18,TEN,17356.0,17828.0
2023-02-08,19,TEN,17204.0,17725.0
2023-02-08,20,TEN,17025.0,17597.0
2023-02-08,21,TEN,16699.0,17267.0
2023-02-08,22,TEN,16588.0,17290.0
2023-02-08,23,TEN,16949.0,17927.0
2023-02-09,0,TEN,17472.0,18560.0
2023-02-09,1,TEN,17821.0,19060.0
2023-02-09,2,TEN,17712.0,18893.0
2023-02-09,3,TEN,17215.0,18112.0
2023-02-09,4,TEN,16422.0,17259.0
2023-02-09,5,TEN,15540.0,16291.0
2023-02-09,6,TEN,14893.0,15445.0
2023-02-09,7,TEN,14301.0,14809.0
2023-02-09,8,TEN,13941.0,14366.0
2023-02-09,9,TEN,13749.0,14205.0
2023-02-09,10,TEN,13738.0,14207.0
2023-02-09,11,TEN,13992.0,14467.0
2023-02-09,12,TEN,15149.0,15750.0
2023-02-09,13,TEN,16387.0,17028.0
2023-02-09,14,TEN,16706.0,17183.0
2023-02-09,15,TEN,16629.0,17159.0
2023-02-09,16,TEN,16665.0,17205.0
2023-02-09,17,TEN,16707.0,17186.0
2023-02-09,18,TEN,16624.0,17131.0
2023-02-09,19,TEN,16478.0,16975.0
2023-02-09,20,TEN,16320.0,16812.0
2023-02-09,21,TEN,15976.0,16452.0
2023-02-09,22,TEN,15981.0,16483.0
2023-02-09,23,TEN,16267.0,16764.0
2023-02-10,0,TEN,16976.0,17493.0
2023-02-10,1,TEN,17431.0,18169.0
2023-02-10,2,TEN,17455.0,18282.0
2023-02-10,3,TEN,17157.0,17726.0
2023-02-10,4,TEN,16633.0,17150.0
2023-02-10,5,TEN,15902.0,16409.0
2023-02-10,6,TEN,15299.0,15633.0
2023-02-10,7,TEN,15202.0,15644.0
2023-02-10,8,TEN,14964.0,15422.0
2023-02-10,9,TEN,15316.0,15736.0
2023-02-10,10,TEN,15680.0,16179.0
2023-02-10,11,TEN,16437.0,16954.0
2023-02-10,12,TEN,17815.0,18413.0
2023-02-10,13,TEN,19327.0,19905.0
2023-02-10,14,TEN,19626.0,20197.0
2023-02-10,15,TEN,19207.0,19854.0
2023-02-10,16,TEN,18593.0,19229.0
2023-02-10,17,TEN,18117.0,18688.0
2023-02-10,18,TEN,17435.0,18046.0
2023-02-10,19,TEN,17079.0,17719.0
2023-02-10,20,TEN,16746.0,17341.0
2023-02-10,21,TEN,16348.0,17032.0
2023-02-10,22,TEN,16469.0,17038.0
2023-02-10,23,TEN,17166.0,17739.0
2023-02-11,0,TEN,18022.0,18611.0
2023-02-11,1,TEN,18447.0,19044.0
2023-02-11,2,TEN,18336.0,18846.0
2023-02-11,3,TEN,18306.0,18862.0
2023-02-11,4,TEN,17938.0,18431.0
2023-02-11,5,TEN,17375.0,17758.0
2023-02-11,6,TEN,16671.0,17029.0
2023-02-11,7,TEN,16602.0,16899.0
2023-02-11,8,TEN,16572.0,16888.0
2023-02-11,9,TEN,16621.0,16955.0
2023-02-11,10,TEN,16897.0,17217.0
2023-02-11,11,TEN,17396.0,17835.0
2023-02-11,12,TEN,18078.0,18595.0
2023-02-11,13,TEN,18660.0,19199.0
2023-02-11,14,TEN,19471.0,20100.0
2023-02-11,15,TEN,19749.0,20321.0
2023-02-11,16,TEN,19626.0,20183.0
2023-02-11,17,TEN,19185.0,19730.0
2023-02-11,18,TEN,18656.0,19129.0
2023-02-11,19,TEN,18227.0,18722.0
2023-02-11,20,TEN,17865.0,18373.0
2023-02-11,21,TEN,17772.0,18293.0
2023-02-11,22,TEN,17790.0,18334.0
2023-02-11,23,TEN,18181.0,18740.0
2023-02-12,0,TEN,18772.0,19419.0
2023-02-12,1,TEN,19028.0,19688.0
2023-02-12,2,TEN,18931.0,19621.0
2023-02-12,3,TEN,18624.0,19297.0
2023-02-12,4,TEN,18287.0,18890.0
2023-02-12,5,TEN,17671.0,18177.0
2023-02-12,6,TEN,17317.0,17665.0
2023-02-12,7,TEN,17004.0,17389.0
2023-02-12,8,TEN,16723.0,17127.0
2023-02-12,9,TEN,16771.0,17151.0
2023-02-12,10,TEN,16870.0,17241.0
2023-02-12,11,TEN,17153.0,17557.0
2023-02-12,12,TEN,17582.0,18217.0
2023-02-12,13,TEN,18356.0,19045.0
2023-02-12,14,TEN,19187.0,19811.0
2023-02-12,15,TEN,19685.0,20317.0
2023-02-12,16,TEN,19539.0,20027.0
2023-02-12,17,TEN,19102.0,19510.0
2023-02-12,18,TEN,18516.0,19068.0
2023-02-12,19,TEN,18046.0,18483.0
2023-02-12,20,TEN,17761.0,18201.0
2023-02-12,21,TEN,17419.0,17904.0
2023-02-12,22,TEN,17317.0,17859.0
2023-02-12,23,TEN,17637.0,18320.0
2023-02-13,0,TEN,18198.0,18779.0
2023-02-13,1,TEN,18591.0,19412.0
2023-02-13,2,TEN,18852.0,19622.0
2023-02-13,3,TEN,19090.0,19841.0
2023-02-13,4,TEN,19079.0,19770.0
2023-02-13,5,TEN,18923.0,19510.0
2023-02-13,6,TEN,18472.0,18782.0
2023-02-13,7,TEN,18436.0,18716.0
2023-02-13,8,TEN,18628.0,18689.0
2023-02-13,9,TEN,19121.0,19196.0
2023-02-13,10,TEN,19536.0,19816.0
2023-02-13,11,TEN,20418.0,20933.0
2023-02-13,12,TEN,21895.0,22264.0
2023-02-13,13,TEN,23431.0,23633.0
2023-02-13,14,TEN,23256.0,23447.0
2023-02-13,15,TEN,21857.0,21972.0
2023-02-13,16,TEN,20254.0,20688.0
2023-02-13,17,TEN,19024.0,19320.0
2023-02-13,18,TEN,18203.0,18492.0
2023-02-13,19,TEN,17461.0,17795.0
2023-02-13,20,TEN,17087.0,17542.0
2023-02-13,21,TEN,16810.0,17330.0
2023-02-13,22,TEN,16614.0,17256.0
2023-02-13,23,TEN,16781.0,17481.0
2023-02-14,0,TEN,17694.0,18424.0
2023-02-14,1,TEN,18490.0,19026.0
2023-02-14,2,TEN,18622.0,19105.0
2023-02-14,3,TEN,18498.0,18900.0
2023-02-14,4,TEN,17950.0,18279.0
2023-02-14,5,TEN,17329.0,17644.0
2023-02-14,6,TEN,16853.0,17168.0
2023-02-14,7,TEN,16807.0,17127.0
2023-02-14,8,TEN,16961.0,17308.0
2023-02-14,9,TEN,17235.0,17586.0
2023-02-14,10,TEN,17614.0,18015.0
2023-02-14,11,TEN,18390.0,19088.0
2023-02-14,12,TEN,19829.0,20806.0
2023-02-14,13,TEN,21153.0,21840.0
2023-02-14,14,TEN,20844.0,21472.0
2023-02-14,15,TEN,19808.0,20502.0
2023-02-14,16,TEN,18861.0,19549.0
2023-02-14,17,TEN,18198.0,18898.0
2023-02-14,18,TEN,17593.0,18227.0
2023-02-14,19,TEN,17054.0,17640.0
2023-02-14,20,TEN,16607.0,17226.0
2023-02-14,21,TEN,16560.0,17173.0
2023-02-14,22,TEN,16548.0,17161.0
2023-02-14,23,TEN,16807.0,17427.0
2023-02-15,0,TEN,17569.0,18166.0
2023-02-15,1,TEN,17866.0,18444.0
2023-02-15,2,TEN,17686.0,18385.0
2023-02-15,3,TEN,17283.0,17767.0
2023-02-15,4,TEN,16636.0,17020.0
2023-02-15,5,TEN,15590.0,15974.0
2023-02-15,6,TEN,14842.0,15155.0
2023-02-15,7,TEN,14438.0,14611.0
2023-02-15,8,TEN,14121.0,14257.0
2023-02-15,9,TEN,14036.0,14156.0
2023-02-15,10,TEN,14051.0,14216.0
2023-02-15,11,TEN,14354.0,14632.0
2023-02-15,12,TEN,15513.0,16135.0
2023-02-15,13,TEN,16641.0,17379.0
2023-02-15,14,TEN,16857.0,17613.0
2023-02-15,15,TEN,16854.0,17663.0
2023-02-15,16,TEN,16652.0,17320.0
2023-02-15,17,TEN,16720.0,17020.0
2023-02-15,18,TEN,16578.0,17099.0
2023-02-15,19,TEN,16540.0,16841.0
2023-02-15,20,TEN,16485.0,16746.0
2023-02-15,21,TEN,16348.0,16603.0
2023-02-15,22,TEN,16400.0,16517.0
2023-02-15,23,TEN,16621.0,16858.0
2023-02-16,0,TEN,17265.0,17291.0
2023-02-16,1,TEN,17616.0,17617.0
2023-02-16,2,TEN,17356.0,17179.0
2023-02-16,3,TEN,16765.0,16592.0
2023-02-16,4,TEN,15961.0,15693.0
2023-02-16,5,TEN,15091.0,14712.0
2023-02-16,6,TEN,14259.0,13809.0
2023-02-16,7,TEN,13721.0,13773.0
2023-02-16,8,TEN,13530.0,13599.0
2023-02-16,9,TEN,13376.0,13434.0
2023-02-16,10,TEN,13260.0,13381.0
2023-02-16,11,TEN,13696.0,13932.0
2023-02-16,12,TEN,14741.0,15366.0
2023-02-16,13,TEN,15731.0,16341.0
2023-02-16,14,TEN,16139.0,16780.0
2023-02-16,15,TEN,16550.0,17024.0
2023-02-16,16,TEN,16512.0,17168.0
2023-02-16,17,TEN,16785.0,17369.0
2023-02-16,18,TEN,16763.0,17397.0
2023-02-16,19,TEN,16714.0,17307.0
2023-02-16,20,TEN,16620.0,17349.0
2023-02-16,21,TEN,16538.0,17266.0
2023-02-16,22,TEN,16535.0,17457.0
2023-02-16,23,TEN,16665.0,17690.0
2023-02-17,0,TEN,17374.0,18328.0
2023-02-17,1,TEN,17545.0,18362.0
2023-02-17,2,TEN,17291.0,17963.0
2023-02-17,3,TEN,16817.0,17493.0
2023-02-17,4,TEN,16156.0,16505.0
2023-02-17,5,TEN,15360.0,15801.0
2023-02-17,6,TEN,14798.0,14978.0
2023-02-17,7,TEN,14467.0,14596.0
2023-02-17,8,TEN,14406.0,14508.0
2023-02-17,9,TEN,14567.0,14687.0
2023-02-17,10,TEN,14865.0,15110.0
2023-02-17,11,TEN,15628.0,15997.0
2023-02-17,12,TEN,17232.0,17830.0
2023-02-17,13,TEN,18994.0,19609.0
2023-02-17,14,TEN,19995.0,20271.0
2023-02-17,15,TEN,20584.0,20702.0
2023-02-17,16,TEN,20834.0,21064.0
2023-02-17,17,TEN,20997.0,21377.0
2023-02-17,18,TEN,21035.0,21553.0
2023-02-17,19,TEN,20994.0,21585.0
2023-02-17,20,TEN,20887.0,21446.0
2023-02-17,21,TEN,20992.0,21614.0
2023-02-17,22,TEN,21045.0,21675.0
2023-02-17,23,TEN,21488.0,21500.0
2023-02-18,0,TEN,22211.0,22210.0
2023-02-18,1,TEN,22779.0,22607.0
2023-02-18,2,TEN,22844.0,22554.0
2023-02-18,3,TEN,22575.0,22589.0
2023-02-18,4,TEN,22209.0,22145.0
2023-02-18,5,TEN,21740.0,21723.0
2023-02-18,6,TEN,21279.0,21196.0
2023-02-18,7,TEN,21130.0,21048.0
2023-02-18,8,TEN,21105.0,20967.0
2023-02-18,9,TEN,21293.0,20907.0
2023-02-18,10,TEN,21746.0,21219.0
2023-02-18,11,TEN,22370.0,21710.0
2023-02-18,12,TEN,23139.0,22458.0
2023-02-18,13,TEN,23988.0,23209.0
2023-02-18,14,TEN,23904.0,23237.0
2023-02-18,15,TEN,22868.0,22188.0
2023-02-18,16,TEN,21518.0,20827.0
2023-02-18,17,TEN,20107.0,19542.0
2023-02-18,18,TEN,18920.0,18538.0
2023-02-18,19,TEN,17916.0,17839.0
2023-02-18,20,TEN,17111.0,17336.0
2023-02-18,21,TEN,16456.0,16737.0
2023-02-18,22,TEN,16314.0,16648.0
2023-02-18,23,TEN,16512.0,16921.0
2023-02-19,0,TEN,17543.0,17972.0
2023-02-19,1,TEN,18450.0,18783.0
2023-02-19,2,TEN,18575.0,18892.0
2023-02-19,3,TEN,18592.0,18865.0
2023-02-19,4,TEN,18367.0,18646.0
2023-02-19,5,TEN,17791.0,18113.0
2023-02-19,6,TEN,17210.0,17645.0
2023-02-19,7,TEN,16517.0,17046.0
2023-02-19,8,TEN,16226.0,16771.0
2023-02-19,9,TEN,16114.0,16613.0
2023-02-19,10,TEN,16185.0,16707.0
2023-02-19,11,TEN,16456.0,16985.0
2023-02-19,12,TEN,16919.0,17546.0
2023-02-19,13,TEN,17695.0,18349.0
2023-02-19,14,TEN,18166.0,18804.0
2023-02-19,15,TEN,17851.0,18469.0
2023-02-19,16,TEN,17232.0,17874.0
2023-02-19,17,TEN,16665.0,17314.0
2023-02-19,18,TEN,16069.0,16612.0
2023-02-19,19,TEN,15484.0,15983.0
2023-02-19,20,TEN,15130.0,15676.0
2023-02-19,21,TEN,14905.0,15533.0
2023-02-19,22,TEN,15217.0,15770.0
2023-02-19,23,TEN,15566.0,16116.0
2023-02-20,0,TEN,16376.0,16979.0
2023-02-20,1,TEN,17115.0,17740.0
2023-02-20,2,TEN,17184.0,17753.0
2023-02-20,3,TEN,16938.0,17503.0
2023-02-20,4,TEN,16469.0,16850.0
2023-02-20,5,TEN,15675.0,16088.0
2023-02-20,6,TEN,14995.0,15369.0
2023-02-20,7,TEN,14697.0,15002.0
2023-02-20,8,TEN,14496.0,14829.0
2023-02-20,9,TEN,14413.0,14707.0
2023-02-20,10,TEN,14565.0,14951.0
2023-02-20,11,TEN,15115.0,15437.0
2023-02-20,12,TEN,16105.0,16682.0
2023-02-20,13,TEN,17002.0,17647.0
2023-02-20,14,TEN,17558.0,18138.0
2023-02-20,15,TEN,17735.0,18297.0
2023-02-20,16,TEN,17621.0,18204.0
2023-02-20,17,TEN,17724.0,18284.0
2023-02-20,18,TEN,17642.0,18220.0
2023-02-20,19,TEN,17600.0,18213.0
2023-02-20,20,TEN,17268.0,17882.0
2023-02-20,21,TEN,16995.0,17593.0
2023-02-20,22,TEN,17021.0,17487.0
2023-02-20,23,TEN,17120.0,17715.0
2023-02-21,0,TEN,17647.0,18236.0
2023-02-21,1,TEN,18081.0,18681.0
2023-02-21,2,TEN,17829.0,18452.0
2023-02-21,3,TEN,17274.0,17806.0
2023-02-21,4,TEN,16453.0,16967.0
2023-02-21,5,TEN,15563.0,16047.0
2023-02-21,6,TEN,14787.0,15085.0
2023-02-21,7,TEN,14369.0,14680.0
2023-02-21,8,TEN,14153.0,14443.0
2023-02-21,9,TEN,14033.0,14374.0
2023-02-21,10,TEN,14227.0,14534.0
2023-02-21,11,TEN,14675.0,15132.0
2023-02-21,12,TEN,15877.0,16539.0
2023-02-21,13,TEN,17208.0,17827.0
2023-02-21,14,TEN,17368.0,17946.0
2023-02-21,15,TEN,17224.0,17742.0
2023-02-21,16,TEN,17038.0,17628.0
2023-02-21,17,TEN,16898.0,17447.0
2023-02-21,18,TEN,16668.0,17223.0
2023-02-21,19,TEN,16493.0,17002.0
2023-02-21,20,TEN,16368.0,16890.0
2023-02-21,21,TEN,16204.0,16760.0
2023-02-21,22,TEN,16254.0,16835.0
2023-02-21,23,TEN,16379.0,17016.0
2023-02-22,0,TEN,17023.0,17665.0
2023-02-22,1,TEN,17485.0,18038.0
2023-02-22,2,TEN,17418.0,17980.0
2023-02-22,3,TEN,16962.0,17535.0
2023-02-22,4,TEN,16240.0,16789.0
2023-02-22,5,TEN,15320.0,15850.0
2023-02-22,6,TEN,14535.0,14892.0
2023-02-22,7,TEN,14013.0,14302.0
2023-02-22,8,TEN,13692.0,13977.0
2023-02-22,9,TEN,13439.0,13786.0
2023-02-22,10,TEN,13363.0,13676.0
2023-02-22,11,TEN,13579.0,13982.0
2023-02-22,12,TEN,14527.0,15125.0
2023-02-22,13,TEN,15602.0,16111.0
2023-02-22,14,TEN,15786.0,16334.0
2023-02-22,15,TEN,15867.0,16379.0
2023-02-22,16,TEN,15987.0,16546.0
2023-02-22,17,TEN,16158.0,16741.0
2023-02-22,18,TEN,16261.0,16891.0
2023-02-22,19,TEN,16422.0,17034.0
2023-02-22,20,TEN,16548.0,17124.0
2023-02-22,21,TEN,16455.0,17071.0
2023-02-22,22,TEN,16464.0,17258.0
2023-02-22,23,TEN,16547.0,17134.0
2023-02-23,0,TEN,17034.0,17549.0
2023-02-23,1,TEN,17511.0,18077.0
2023-02-23,2,TEN,17257.0,17796.0
2023-02-23,3,TEN,16948.0,17477.0
2023-02-23,4,TEN,16153.0,16668.0
2023-02-23,5,TEN,15018.0,15485.0
2023-02-23,6,TEN,14159.0,14494.0
2023-02-23,7,TEN,13332.0,13649.0
2023-02-23,8,TEN,12949.0,13311.0
2023-02-23,9,TEN,12862.0,13323.0
2023-02-23,10,TEN,12835.0,13335.0
2023-02-23,11,TEN,13184.0,13645.0
2023-02-23,12,TEN,14274.0,14835.0
2023-02-23,13,TEN,15369.0,15922.0
2023-02-23,14,TEN,15791.0,16352.0
2023-02-23,15,TEN,16052.0,16654.0
2023-02-23,16,TEN,16454.0,17044.0
2023-02-23,17,TEN,16961.0,17565.0
2023-02-23,18,TEN,17325.0,18005.0
2023-02-23,19,TEN,17788.0,18433.0
2023-02-23,20,TEN,18001.0,18619.0
2023-02-23,21,TEN,18302.0,18927.0
2023-02-23,22,TEN,18295.0,18974.0
2023-02-23,23,TEN,18289.0,18919.0
2023-02-24,0,TEN,18244.0,18790.0
2023-02-24,1,TEN,18466.0,19115.0
2023-02-24,2,TEN,18005.0,18565.0
2023-02-24,3,TEN,17394.0,17901.0
2023-02-24,4,TEN,16378.0,16998.0
2023-02-24,5,TEN,15349.0,15972.0
2023-02-24,6,TEN,14218.0,14667.0
2023-02-24,7,TEN,13607.0,13891.0
2023-02-24,8,TEN,13234.0,13543.0
2023-02-24,9,TEN,13121.0,13397.0
2023-02-24,10,TEN,13078.0,13434.0
2023-02-24,11,TEN,13449.0,13782.0
2023-02-24,12,TEN,14581.0,15163.0
2023-02-24,13,TEN,15867.0,16451.0
2023-02-24,14,TEN,16445.0,17039.0
2023-02-24,15,TEN,16822.0,17440.0
2023-02-24,16,TEN,17148.0,17729.0
2023-02-24,17,TEN,17264.0,17861.0
2023-02-24,18,TEN,17228.0,17826.0
2023-02-24,19,TEN,17276.0,17863.0
2023-02-24,20,TEN,16925.0,17503.0
2023-02-24,21,TEN,16787.0,17447.0
2023-02-24,22,TEN,16887.0,17556.0
2023-02-24,23,TEN,17345.0,17947.0
2023-02-25,0,TEN,17795.0,18421.0
2023-02-25,1,TEN,18110.0,18629.0
2023-02-25,2,TEN,17790.0,18415.0
2023-02-25,3,TEN,17475.0,18082.0
2023-02-25,4,TEN,16895.0,17608.0
2023-02-25,5,TEN,16137.0,16703.0
2023-02-25,6,TEN,15458.0,15777.0
2023-02-25,7,TEN,14977.0,15341.0
2023-02-25,8,TEN,14623.0,15055.0
2023-02-25,9,TEN,14475.0,14821.0
2023-02-25,10,TEN,14363.0,14763.0
2023-02-25,11,TEN,14473.0,14950.0
2023-02-25,12,TEN,14803.0,15440.0
2023-02-25,13,TEN,15350.0,15976.0
2023-02-25,14,TEN,16048.0,16740.0
2023-02-25,15,TEN,16687.0,17404.0
2023-02-25,16,TEN,17181.0,17867.0
2023-02-25,17,TEN,17347.0,17909.0
2023-02-25,18,TEN,17355.0,17990.0
2023-02-25,19,TEN,17114.0,17750.0
2023-02-25,20,TEN,16856.0,17523.0
2023-02-25,21,TEN,16751.0,17401.0
2023-02-25,22,TEN,16545.0,17249.0
2023-02-25,23,TEN,16660.0,17357.0
2023-02-26,0,TEN,16931.0,17646.0
2023-02-26,1,TEN,17211.0,17843.0
2023-02-26,2,TEN,17042.0,17675.0
2023-02-26,3,TEN,16825.0,17493.0
2023-02-26,4,TEN,16333.0,16925.0
2023-02-26,5,TEN,15735.0,16230.0
2023-02-26,6,TEN,15027.0,15401.0
2023-02-26,7,TEN,14647.0,14936.0
2023-02-26,8,TEN,14307.0,14640.0
2023-02-26,9,TEN,14170.0,14519.0
2023-02-26,10,TEN,14104.0,14435.0
2023-02-26,11,TEN,14221.0,14705.0
2023-02-26,12,TEN,14579.0,15099.0
2023-02-26,13,TEN,15081.0,15661.0
2023-02-26,14,TEN,15660.0,16256.0
2023-02-26,15,TEN,16155.0,16715.0
2023-02-26,16,TEN,16292.0,16816.0
2023-02-26,17,TEN,16145.0,16715.0
2023-02-26,18,TEN,15986.0,16556.0
2023-02-26,19,TEN,15929.0,16543.0
2023-02-26,20,TEN,15577.0,16189.0
2023-02-26,21,TEN,15536.0,16094.0
2023-02-26,22,TEN,15377.0,16076.0
2023-02-26,23,TEN,15716.0,16417.0
2023-02-27,0,TEN,16387.0,17001.0
2023-02-27,1,TEN,16906.0,17492.0
2023-02-27,2,TEN,16789.0,17376.0
2023-02-27,3,TEN,16305.0,16875.0
2023-02-27,4,TEN,15618.0,16197.0
2023-02-27,5,TEN,14730.0,15410.0
2023-02-27,6,TEN,14099.0,14752.0
2023-02-27,7,TEN,13705.0,14444.0
2023-02-27,8,TEN,13456.0,14083.0
2023-02-27,9,TEN,13376.0,13986.0
2023-02-27,10,TEN,13524.0,14106.0
2023-02-27,11,TEN,14011.0,14699.0
2023-02-27,12,TEN,15081.0,15670.0
2023-02-27,13,TEN,16312.0,16791.0
2023-02-27,14,TEN,16601.0,17084.0
2023-02-27,15,TEN,16624.0,17139.0
2023-02-27,16,TEN,16618.0,17147.0
2023-02-27,17,TEN,16729.0,17297.0
2023-02-27,18,TEN,16799.0,17392.0
2023-02-27,19,TEN,16720.0,17327.0
2023-02-27,20,TEN,16743.0,17342.0
2023-02-27,21,TEN,16683.0,17389.0
2023-02-27,22,TEN,16715.0,17348.0
2023-02-27,23,TEN,16763.0,17248.0
2023-02-28,0,TEN,16981.0,17443.0
2023-02-28,1,TEN,17614.0,18034.0
2023-02-28,2,TEN,17407.0,17800.0
2023-02-28,3,TEN,16852.0,17315.0
2023-02-28,4,TEN,16062.0,16666.0
2023-02-28,5,TEN,14917.0,15490.0
2023-02-28,6,TEN,14128.0,14462.0
2023-02-28,7,TEN,13705.0,14117.0
2023-02-28,8,TEN,13655.0,14019.0
2023-02-28,9,TEN,13479.0,13862.0
2023-02-28,10,TEN,13671.0,14101.0
2023-02-28,11,TEN,14225.0,14769.0
2023-02-28,12,TEN,15514.0,15936.0
2023-02-28,13,TEN,16768.0,17334.0
2023-02-28,14,TEN,16889.0,17477.0
2023-02-28,15,TEN,16470.0,17006.0
2023-02-28,16,TEN,16179.0,16770.0
2023-02-28,17,TEN,16192.0,16754.0
2023-02-28,18,TEN,16256.0,16828.0
2023-02-28,19,TEN,16411.0,17113.0
2023-02-28,20,TEN,16426.0,17190.0
2023-02-28,21,TEN,16611.0,17283.0
2023-02-28,22,TEN,16842.0,17471.0
2023-02-28,23,TEN,16932.0,17701.0
2023-03-01,0,TEN,17076.0,17730.0
2023-03-01,1,TEN,17598.0,18221.0
2023-03-01,2,TEN,17179.0,17708.0
2023-03-01,3,TEN,16631.0,17213.0
2023-03-01,4,TEN,15858.0,16588.0
2023-03-01,5,TEN,14805.0,15571.0
2023-03-01,6,TEN,14095.0,14397.0
2023-03-01,7,TEN,13661.0,14122.0
2023-03-01,8,TEN,13360.0,13832.0
2023-03-01,9,TEN,13425.0,13882.0
2023-03-01,10,TEN,13625.0,14014.0
2023-03-01,11,TEN,14093.0,14494.0
2023-03-01,12,TEN,15263.0,15661.0
2023-03-01,13,TEN,16433.0,16872.0
2023-03-01,14,TEN,16557.0,17017.0
2023-03-01,15,TEN,16343.0,16850.0
2023-03-01,16,TEN,16216.0,16707.0
2023-03-01,17,TEN,16413.0,16986.0
2023-03-01,18,TEN,16629.0,17303.0
2023-03-01,19,TEN,16827.0,17477.0
2023-03-01,20,TEN,16593.0,17224.0
2023-03-01,21,TEN,16645.0,16964.0
2023-03-01,22,TEN,16679.0,16829.0
2023-03-01,23,TEN,16929.0,17026.0
2023-03-02,0,TEN,17432.0,17552.0
2023-03-02,1,TEN,17865.0,17973.0
2023-03-02,2,TEN,17521.0,17643.0
2023-03-02,3,TEN,16986.0,17020.0
2023-03-02,4,TEN,16088.0,16280.0
2023-03-02,5,TEN,15227.0,15496.0
2023-03-02,6,TEN,14091.0,14365.0
2023-03-02,7,TEN,13702.0,14041.0
2023-03-02,8,TEN,13305.0,13611.0
2023-03-02,9,TEN,13088.0,13434.0
2023-03-02,10,TEN,13130.0,13438.0
2023-03-02,11,TEN,13428.0,13788.0
2023-03-02,12,TEN,14363.0,14689.0
2023-03-02,13,TEN,15561.0,15952.0
2023-03-02,14,TEN,15914.0,16292.0
2023-03-02,15,TEN,15943.0,16362.0
2023-03-02,16,TEN,16228.0,16646.0
2023-03-02,17,TEN,16337.0,16629.0
2023-03-02,18,TEN,16562.0,16865.0
2023-03-02,19,TEN,16278.0,16596.0
2023-03-02,20,TEN,16071.0,16365.0
2023-03-02,21,TEN,16154.0,16442.0
2023-03-02,22,TEN,16261.0,16613.0
2023-03-02,23,TEN,16467.0,16934.0
2023-03-03,0,TEN,16949.0,17497.0
2023-03-03,1,TEN,17316.0,17808.0
2023-03-03,2,TEN,17132.0,17586.0
2023-03-03,3,TEN,16613.0,16997.0
2023-03-03,4,TEN,16052.0,16400.0
2023-03-03,5,TEN,15158.0,15594.0
2023-03-03,6,TEN,14365.0,14794.0
2023-03-03,7,TEN,13825.0,14360.0
2023-03-03,8,TEN,13610.0,14138.0
2023-03-03,9,TEN,13407.0,13909.0
2023-03-03,10,TEN,13498.0,13965.0
2023-03-03,11,TEN,13659.0,14246.0
2023-03-03,12,TEN,14460.0,15283.0
2023-03-03,13,TEN,15467.0,16280.0
2023-03-03,14,TEN,15639.0,16461.0
2023-03-03,15,TEN,16003.0,16773.0
2023-03-03,16,TEN,16133.0,16885.0
2023-03-03,17,TEN,16156.0,16947.0
2023-03-03,18,TEN,15708.0,16458.0
2023-03-03,19,TEN,15451.0,16191.0
2023-03-03,20,TEN,15032.0,15880.0
2023-03-03,21,TEN,14546.0,15585.0
2023-03-03,22,TEN,14423.0,15498.0
2023-03-03,23,TEN,14722.0,15723.0
2023-03-04,0,TEN,15122.0,16173.0
2023-03-04,1,TEN,15614.0,16898.0
2023-03-04,2,TEN,15476.0,16766.0
2023-03-04,3,TEN,15327.0,16218.0
2023-03-04,4,TEN,14799.0,15427.0
2023-03-04,5,TEN,14363.0,14888.0
2023-03-04,6,TEN,13734.0,14119.0
2023-03-04,7,TEN,13392.0,13512.0
2023-03-04,8,TEN,13187.0,13295.0
2023-03-04,9,TEN,13187.0,13289.0
2023-03-04,10,TEN,13244.0,13404.0
2023-03-04,11,TEN,13588.0,13964.0
2023-03-04,12,TEN,14194.0,14568.0
2023-03-04,13,TEN,14880.0,15240.0
2023-03-04,14,TEN,15560.0,15946.0
2023-03-04,15,TEN,15802.0,16217.0
2023-03-04,16,TEN,15649.0,15981.0
2023-03-04,17,TEN,15367.0,15635.0
2023-03-04,18,TEN,15206.0,15504.0
2023-03-04,19,TEN,14802.0,15099.0
2023-03-04,20,TEN,14618.0,14946.0
2023-03-04,21,TEN,14597.0,14896.0
2023-03-04,22,TEN,14639.0,15026.0
2023-03-04,23,TEN,14853.0,15168.0
2023-03-05,0,TEN,15081.0,15445.0
2023-03-05,1,TEN,15809.0,16117.0
2023-03-05,2,TEN,15686.0,15999.0
2023-03-05,3,TEN,15578.0,15811.0
2023-03-05,4,TEN,15344.0,15473.0
2023-03-05,5,TEN,14903.0,14929.0
2023-03-05,6,TEN,14523.0,14602.0
2023-03-05,7,TEN,14337.0,14431.0
2023-03-05,8,TEN,14376.0,14395.0
2023-03-05,9,TEN,14365.0,14451.0
2023-03-05,10,TEN,14527.0,14633.0
2023-03-05,11,TEN,14910.0,15261.0
2023-03-05,12,TEN,15589.0,15918.0
2023-03-05,13,TEN,16375.0,16717.0
2023-03-05,14,TEN,16576.0,16942.0
2023-03-05,15,TEN,16306.0,16682.0
2023-03-05,16,TEN,15668.0,15961.0
2023-03-05,17,TEN,15077.0,15413.0
2023-03-05,18,TEN,14815.0,15106.0
2023-03-05,19,TEN,14696.0,14959.0
2023-03-05,20,TEN,14773.0,15024.0
2023-03-05,21,TEN,14596.0,15005.0
2023-03-05,22,TEN,14808.0,15203.0
2023-03-05,23,TEN,15065.0,15435.0
2023-03-06,0,TEN,15426.0,15770.0
2023-03-06,1,TEN,16180.0,16464.0
2023-03-06,2,TEN,16127.0,16405.0
2023-03-06,3,TEN,15789.0,16077.0
2023-03-06,4,TEN,15156.0,15404.0
2023-03-06,5,TEN,14406.0,14598.0
2023-03-06,6,TEN,13849.0,14011.0
2023-03-06,7,TEN,13587.0,13796.0
2023-03-06,8,TEN,13522.0,13745.0
2023-03-06,9,TEN,13580.0,13804.0
2023-03-06,10,TEN,13761.0,14052.0
2023-03-06,11,TEN,14370.0,14800.0
2023-03-06,12,TEN,15952.0,16460.0
2023-03-06,13,TEN,17221.0,17507.0
2023-03-06,14,TEN,17095.0,17368.0
2023-03-06,15,TEN,16705.0,17073.0
2023-03-06,16,TEN,16340.0,16673.0
2023-03-06,17,TEN,16328.0,16651.0
2023-03-06,18,TEN,16552.0,16940.0
2023-03-06,19,TEN,16603.0,16935.0
2023-03-06,20,TEN,16582.0,16847.0
2023-03-06,21,TEN,16617.0,16956.0
2023-03-06,22,TEN,16633.0,17022.0
2023-03-06,23,TEN,16762.0,17126.0
2023-03-07,0,TEN,17167.0,17464.0
2023-03-07,1,TEN,17548.0,17910.0
2023-03-07,2,TEN,17349.0,17731.0
2023-03-07,3,TEN,16718.0,17132.0
2023-03-07,4,TEN,15926.0,16162.0
2023-03-07,5,TEN,14836.0,15199.0
2023-03-07,6,TEN,14135.0,14455.0
2023-03-07,7,TEN,13629.0,14359.0
2023-03-07,8,TEN,13390.0,14079.0
2023-03-07,9,TEN,13203.0,13853.0
2023-03-07,10,TEN,13373.0,14019.0
2023-03-07,11,TEN,13647.0,14384.0
2023-03-07,12,TEN,14779.0,15365.0
2023-03-07,13,TEN,15834.0,16218.0
2023-03-07,14,TEN,16086.0,16394.0
2023-03-07,15,TEN,16008.0,16395.0
2023-03-07,16,TEN,16016.0,16438.0
2023-03-07,17,TEN,16271.0,16668.0
2023-03-07,18,TEN,16299.0,16741.0
2023-03-07,19,TEN,16459.0,16806.0
2023-03-07,20,TEN,16497.0,16934.0
2023-03-07,21,TEN,16549.0,16949.0
2023-03-07,22,TEN,16491.0,16826.0
2023-03-07,23,TEN,16610.0,17003.0
2023-03-08,0,TEN,16851.0,17215.0
2023-03-08,1,TEN,17674.0,18019.0
2023-03-08,2,TEN,17415.0,17767.0
2023-03-08,3,TEN,16818.0,17231.0
2023-03-08,4,TEN,16257.0,16605.0
2023-03-08,5,TEN,15297.0,15659.0
2023-03-08,6,TEN,14646.0,15033.0
2023-03-08,7,TEN,14527.0,14865.0
2023-03-08,8,TEN,14356.0,14708.0
2023-03-08,9,TEN,14383.0,14683.0
2023-03-08,10,TEN,14597.0,14876.0
2023-03-08,11,TEN,15223.0,15606.0
2023-03-08,12,TEN,16378.0,16542.0
2023-03-08,13,TEN,17628.0,17204.0
2023-03-08,14,TEN,17890.0,17462.0
2023-03-08,15,TEN,17638.0,17252.0
2023-03-08,16,TEN,17256.0,16848.0
2023-03-08,17,TEN,17205.0,16748.0
2023-03-08,18,TEN,16959.0,16580.0
2023-03-08,19,TEN,16852.0,16436.0
2023-03-08,20,TEN,16704.0,16312.0
2023-03-08,21,TEN,16577.0,16180.0
2023-03-08,22,TEN,16647.0,16323.0
2023-03-08,23,TEN,16907.0,16521.0
2023-03-09,0,TEN,17614.0,17124.0
2023-03-09,1,TEN,18358.0,17926.0
2023-03-09,2,TEN,18133.0,17745.0
2023-03-09,3,TEN,17817.0,17474.0
2023-03-09,4,TEN,17257.0,17320.0
2023-03-09,5,TEN,16558.0,16932.0
2023-03-09,6,TEN,15858.0,16230.0
2023-03-09,7,TEN,15495.0,15819.0
2023-03-09,8,TEN,15357.0,15673.0
2023-03-09,9,TEN,15338.0,15623.0
2023-03-09,10,TEN,15405.0,15722.0
2023-03-09,11,TEN,15790.0,16209.0
2023-03-09,12,TEN,16827.0,16918.0
2023-03-09,13,TEN,17877.0,17660.0
2023-03-09,14,TEN,17998.0,17593.0
2023-03-09,15,TEN,17684.0,17270.0
2023-03-09,16,TEN,17595.0,17145.0
2023-03-09,17,TEN,17402.0,16986.0
2023-03-09,18,TEN,17145.0,16739.0
2023-03-09,19,TEN,17088.0,16663.0
2023-03-09,20,TEN,16986.0,16611.0
2023-03-09,21,TEN,16707.0,16305.0
2023-03-09,22,TEN,16653.0,16327.0
2023-03-09,23,TEN,16898.0,16595.0
2023-03-10,0,TEN,17531.0,17184.0
2023-03-10,1,TEN,18049.0,17657.0
2023-03-10,2,TEN,17804.0,17404.0
2023-03-10,3,TEN,17329.0,17010.0
2023-03-10,4,TEN,16597.0,16818.0
2023-03-10,5,TEN,15731.0,16009.0
2023-03-10,6,TEN,14962.0,15451.0
2023-03-10,7,TEN,14588.0,14857.0
2023-03-10,8,TEN,14231.0,14612.0
2023-03-10,9,TEN,14225.0,14451.0
2023-03-10,10,TEN,14439.0,14733.0
2023-03-10,11,TEN,14494.0,14824.0
2023-03-10,12,TEN,15770.0,16117.0
2023-03-10,13,TEN,16885.0,17163.0
2023-03-10,14,TEN,17287.0,17547.0
2023-03-10,15,TEN,17559.0,17910.0
2023-03-10,16,TEN,17513.0,17855.0
2023-03-10,17,TEN,17322.0,17641.0
2023-03-10,18,TEN,16980.0,17313.0
2023-03-10,19,TEN,16676.0,16975.0
2023-03-10,20,TEN,16368.0,16684.0
2023-03-10,21,TEN,15960.0,16350.0
2023-03-10,22,TEN,15731.0,16166.0
2023-03-10,23,TEN,15856.0,16316.0
2023-03-11,0,TEN,16457.0,16794.0
2023-03-11,1,TEN,17387.0,17686.0
2023-03-11,2,TEN,17573.0,17869.0
2023-03-11,3,TEN,17609.0,17910.0
2023-03-11,4,TEN,17300.0,17622.0
2023-03-11,5,TEN,16723.0,17025.0
2023-03-11,6,TEN,16225.0,16534.0
2023-03-11,7,TEN,16128.0,16404.0
2023-03-11,8,TEN,16015.0,16246.0
2023-03-11,9,TEN,16268.0,16294.0
2023-03-11,10,TEN,16498.0,16509.0
2023-03-11,11,TEN,16839.0,16857.0
2023-03-11,12,TEN,17459.0,17454.0
2023-03-11,13,TEN,18055.0,17981.0
2023-03-11,14,TEN,18239.0,18203.0
2023-03-11,15,TEN,18047.0,17955.0
2023-03-11,16,TEN,17773.0,17688.0
2023-03-11,17,TEN,17025.0,16959.0
2023-03-11,18,TEN,16425.0,16408.0
2023-03-11,19,TEN,16017.0,15950.0
2023-03-11,20,TEN,15723.0,15632.0
2023-03-11,21,TEN,15683.0,15815.0
2023-03-11,22,TEN,15710.0,16022.0
2023-03-11,23,TEN,16120.0,16430.0
2023-03-12,0,TEN,16670.0,16945.0
2023-03-12,1,TEN,17159.0,17449.0
2023-03-12,2,TEN,17104.0,17409.0
2023-03-12,3,TEN,16822.0,17241.0
2023-03-12,4,TEN,16404.0,16892.0
2023-03-12,5,TEN,15714.0,16033.0
2023-03-12,6,TEN,15152.0,15459.0
2023-03-12,7,TEN,14753.0,15080.0
2023-03-12,8,TEN,14640.0,15024.0
2023-03-12,9,TEN,14530.0,14853.0
2023-03-12,10,TEN,14622.0,14899.0
2023-03-12,11,TEN,14819.0,15179.0
2023-03-12,12,TEN,15184.0,15595.0
2023-03-12,13,TEN,15754.0,16121.0
2023-03-12,14,TEN,16342.0,16645.0
2023-03-12,15,TEN,16533.0,16826.0
2023-03-12,16,TEN,16775.0,17083.0
2023-03-12,17,TEN,16912.0,17171.0
2023-03-12,18,TEN,17111.0,17407.0
2023-03-12,19,TEN,17096.0,17381.0
2023-03-12,20,TEN,17067.0,17366.0
2023-03-12,21,TEN,17052.0,17412.0
2023-03-12,22,TEN,17275.0,17646.0
2023-03-12,23,TEN,17507.0,17958.0
2023-03-13,0,TEN,17844.0,18236.0
2023-03-13,1,TEN,18303.0,18688.0
2023-03-13,2,TEN,18131.0,18620.0
2023-03-13,3,TEN,17593.0,18065.0
2023-03-13,4,TEN,16937.0,17385.0
2023-03-13,5,TEN,16345.0,16664.0
2023-03-13,6,TEN,16033.0,16315.0
2023-03-13,7,TEN,16002.0,16298.0
2023-03-13,8,TEN,16026.0,16422.0
2023-03-13,9,TEN,16337.0,16652.0
2023-03-13,10,TEN,16930.0,17088.0
2023-03-13,11,TEN,18288.0,17968.0
2023-03-13,12,TEN,19722.0,19382.0
2023-03-13,13,TEN,20436.0,20151.0
2023-03-13,14,TEN,20370.0,20091.0
2023-03-13,15,TEN,20189.0,19880.0
2023-03-13,16,TEN,20151.0,19841.0
2023-03-13,17,TEN,19911.0,19616.0
2023-03-13,18,TEN,19605.0,19295.0
2023-03-13,19,TEN,19157.0,18830.0
2023-03-13,20,TEN,18783.0,18525.0
2023-03-13,21,TEN,18471.0,18154.0
2023-03-13,22,TEN,18571.0,18225.0
2023-03-13,23,TEN,18953.0,18644.0
2023-03-14,0,TEN,19923.0,19493.0
2023-03-14,1,TEN,21054.0,20510.0
2023-03-14,2,TEN,21135.0,20545.0
2023-03-14,3,TEN,20674.0,20040.0
2023-03-14,4,TEN,19972.0,19368.0
2023-03-14,5,TEN,19523.0,18881.0
2023-03-14,6,TEN,19242.0,18601.0
2023-03-14,7,TEN,19173.0,18498.0
2023-03-14,8,TEN,19248.0,18571.0
2023-03-14,9,TEN,19562.0,18864.0
2023-03-14,10,TEN,19983.0,19283.0
2023-03-14,11,TEN,21195.0,20466.0
2023-03-14,12,TEN,22550.0,21805.0
2023-03-14,13,TEN,22983.0,22207.0
2023-03-14,14,TEN,22800.0,22133.0
2023-03-14,15,TEN,22508.0,21766.0
2023-03-14,16,TEN,22087.0,21402.0
2023-03-14,17,TEN,21583.0,20822.0
2023-03-14,18,TEN,20924.0,20339.0
2023-03-14,19,TEN,20166.0,19687.0
2023-03-14,20,TEN,19413.0,18902.0
2023-03-14,21,TEN,18741.0,18169.0
2023-03-14,22,TEN,18564.0,17931.0
2023-03-14,23,TEN,18633.0,18021.0
2023-03-15,0,TEN,19575.0,19044.0
2023-03-15,1,TEN,21032.0,20337.0
2023-03-15,2,TEN,21252.0,20622.0
2023-03-15,3,TEN,21020.0,20594.0
2023-03-15,4,TEN,20611.0,20202.0
2023-03-15,5,TEN,20273.0,19824.0
2023-03-15,6,TEN,20067.0,19499.0
2023-03-15,7,TEN,20160.0,19588.0
2023-03-15,8,TEN,20490.0,19919.0
2023-03-15,9,TEN,20919.0,20277.0
2023-03-15,10,TEN,21663.0,21008.0
2023-03-15,11,TEN,23081.0,22297.0
2023-03-15,12,TEN,24512.0,23608.0
2023-03-15,13,TEN,24870.0,24138.0
2023-03-15,14,TEN,23486.0,22328.0
2023-03-15,15,TEN,21785.0,20924.0
2023-03-15,16,TEN,20665.0,20050.0
2023-03-15,17,TEN,19524.0,18965.0
2023-03-15,18,TEN,18637.0,18323.0
2023-03-15,19,TEN,17878.0,17704.0
2023-03-15,20,TEN,17188.0,17051.0
2023-03-15,21,TEN,16740.0,16723.0
2023-03-15,22,TEN,16574.0,16499.0
2023-03-15,23,TEN,16725.0,16657.0
